0.638191998004913 0.526713013648987
0.637295007705688 0.525838017463684
0.636399984359741 0.524963974952698
0.635506987571716 0.524092972278595
0.634616017341614 0.523222982883453
0.633726000785828 0.522354006767273
0.632838010787964 0.52148699760437
0.631951987743378 0.52062201499939
0.631067991256714 0.519757986068726
0.630185008049011 0.518895983695984
0.629303991794586 0.518036007881165
0.628425002098083 0.517176985740662
0.627547979354858 0.516319990158081
0.626672029495239 0.515464007854462
0.625796973705292 0.514608979225159
0.624925017356873 0.513756990432739
0.62405401468277 0.51290500164032
0.623184025287628 0.512054979801178
0.622317016124725 0.511206984519958
0.621451020240784 0.5103600025177
0.620585978031158 0.509514987468719
0.6197230219841 0.5086709856987
0.618861973285675 0.507829010486603
0.618001997470856 0.506987988948822
0.617143988609314 0.506148993968964
0.616288006305695 0.505311012268066
0.615432977676392 0.504473984241486
0.614579021930695 0.503638982772827
0.613727986812592 0.50280499458313
0.612877011299133 0.50197297334671
0.612028002738953 0.501142024993896
0.611181020736694 0.500312983989716
0.610334992408752 0.499484002590179
0.609490990638733 0.498658001422882
0.608648002147675 0.497832000255585
0.607806980609894 0.497007995843887
0.606966972351074 0.496185004711151
0.606128990650177 0.495364010334015
0.605292022228241 0.494543999433517
0.604456007480621 0.493725001811981
0.603622019290924 0.492908000946045
0.602789998054504 0.49209201335907
0.601957976818085 0.491277009248734
0.601128995418549 0.490462988615036
0.600300014019012 0.489650994539261
0.599472999572754 0.488840013742447
0.598648011684418 0.488029986619949
0.597823023796082 0.487221986055374
0.597001016139984 0.48641499876976
0.596179008483887 0.485608994960785
0.595359027385712 0.484804004430771
0.594539999961853 0.483999997377396
0.593722999095917 0.48319798707962
0.59290599822998 0.482396990060806
0.592091977596283 0.481597006320953
0.59127801656723 0.480798006057739
0.590466022491455 0.479999989271164
0.589654982089996 0.479203999042511
0.588845014572144 0.478408008813858
0.588037014007568 0.477613985538483
0.587230026721954 0.476821005344391
0.586423993110657 0.476029008626938
0.58561897277832 0.475237995386124
0.584815979003906 0.474447995424271
0.584012985229492 0.473659992218018
0.583212018013 0.472871989011765
0.582413017749786 0.472086012363434
0.581614017486572 0.471300005912781
0.580815970897675 0.470515996217728
0.580020010471344 0.469731986522675
0.57922500371933 0.468950003385544
0.578431010246277 0.468169003725052
0.57763797044754 0.46738800406456
0.576847016811371 0.466609001159668
0.576056003570557 0.465831011533737
0.575267016887665 0.465052992105484
0.574477970600128 0.464276999235153
0.573691010475159 0.463501989841461
0.572905004024506 0.462727010250092
0.572120010852814 0.461953997612
0.571335971355438 0.46118101477623
0.570553004741669 0.460408985614777
0.569770991802216 0.459639012813568
0.568989992141724 0.458869010210037
0.568210005760193 0.458099991083145
0.567430973052979 0.457331985235214
0.56665301322937 0.456564009189606
0.565876007080078 0.455798000097275
0.565100014209747 0.455031991004944
0.564324975013733 0.454268008470535
0.563551008701324 0.453503996133804
0.562777996063232 0.452740997076035
0.562005996704102 0.451977998018265
0.561235010623932 0.451216995716095
0.560464024543762 0.450455993413925
0.55969500541687 0.449696004390717
0.558925986289978 0.448936998844147
0.558158993721008 0.448177993297577
0.557392001152039 0.447420001029968
0.55662602186203 0.446662992238998
0.555860996246338 0.44590699672699
0.555095970630646 0.445151001214981
0.554332971572876 0.444395989179611
0.553569972515106 0.443641006946564
0.552807986736298 0.442887008190155
0.55204701423645 0.442133992910385
0.551286995410919 0.441381990909576
0.550526976585388 0.440629988908768
0.549767971038818 0.439877986907959
0.54900997877121 0.439126998186111
0.548251986503601 0.438376992940903
0.547495007514954 0.437626987695694
0.546738982200623 0.436877995729446
0.545983016490936 0.436129003763199
0.545229017734528 0.43538099527359
0.544474005699158 0.434632986783981
0.54372102022171 0.433885991573334
0.542967021465302 0.433138996362686
0.54221498966217 0.432393014431
0.541463017463684 0.431647002696991
0.540711998939514 0.430900990962982
0.539960980415344 0.430155992507935
0.539210021495819 0.429410994052887
0.53846001625061 0.428665995597839
0.537711024284363 0.427922010421753
0.53696197271347 0.427177995443344
0.536212980747223 0.426434010267258
0.535465002059937 0.425689995288849
0.53471702337265 0.424946993589401
0.53396999835968 0.424203991889954
0.53322297334671 0.423460990190506
0.532476007938385 0.42271900177002
0.531729996204376 0.421976000070572
0.530983984470367 0.421234011650085
0.530237972736359 0.420491009950638
0.529492974281311 0.419748991727829
0.528747022151947 0.419007003307343
0.528002023696899 0.418265014886856
0.527257025241852 0.417522013187408
0.526512026786804 0.4167799949646
0.525767982006073 0.416038006544113
0.525022983551025 0.415295004844666
0.524278998374939 0.414552986621857
0.523533999919891 0.413810014724731
0.522790014743805 0.413067996501923
0.522045016288757 0.412324994802475
0.521300971508026 0.411581009626389
0.520555973052979 0.410838007926941
0.519811987876892 0.410093992948532
0.519066989421844 0.409350007772446
0.518321990966797 0.408605992794037
0.517576992511749 0.407860994338989
0.51683098077774 0.407115012407303
0.516085028648376 0.406370013952255
0.515339016914368 0.405622988939285
0.514593005180359 0.404875993728638
0.513845980167389 0.40412899851799
0.513099014759064 0.403380990028381
0.512350976467133 0.402631998062134
0.511602997779846 0.401881992816925
0.510854005813599 0.401131987571716
0.510105013847351 0.400379985570908
0.509355008602142 0.399628013372421
0.508603990077972 0.398874998092651
0.507852971553802 0.398120999336243
0.507099986076355 0.397365987300873
0.506347000598907 0.396609991788864
0.505593001842499 0.395851999521255
0.504837989807129 0.395092993974686
0.504081010818481 0.394333004951477
0.503323972225189 0.393572002649307
0.502565026283264 0.392809003591537
0.501805007457733 0.392044007778168
0.501043975353241 0.391277998685837
0.500280976295471 0.390509992837906
0.499516993761063 0.389739990234375
0.498751014471054 0.388967990875244
0.497983992099762 0.388195008039474
0.497213989496231 0.387418985366821
0.496443003416061 0.386640995740891
0.495669990777969 0.385859996080399
0.494893997907639 0.385076999664307
0.494116008281708 0.384292006492615
0.493335992097855 0.383504003286362
0.492552995681763 0.382712990045547
0.491768002510071 0.381918013095856
0.490979999303818 0.381121009588242
0.490188986063004 0.380320012569427
0.489394992589951 0.379516005516052
0.488597005605698 0.378708004951477
0.487796008586884 0.377896010875702
0.486990988254547 0.377079993486404
0.486182004213333 0.376258999109268
0.485368996858597 0.375432997941971
0.484551012516022 0.374603003263474
0.483729004859924 0.373766988515854
0.482901006937027 0.372925996780396
0.482068002223969 0.372079014778137
0.481229990720749 0.371224999427795
0.480385005474091 0.370364993810654
0.47953400015831 0.369497001171112
0.478675007820129 0.368622004985809
0.477809011936188 0.367738991975784
0.476934999227524 0.366845995187759
0.47605299949646 0.365945011377335
0.475160986185074 0.365031987428665
0.474258005619049 0.364109009504318
0.473345011472702 0.363173991441727
0.472420006990433 0.362226009368896
0.471480995416641 0.361263990402222
0.470528990030289 0.360285997390747
0.469561010599136 0.35929200053215
0.468575000762939 0.35827898979187
0.46757099032402 0.357244998216629
0.466544985771179 0.356189012527466
0.465496987104416 0.355107009410858
0.464421987533569 0.353998005390167
0.463319003582001 0.352858006954193
0.462184011936188 0.351682990789413
0.461014002561569 0.350470989942551
0.459807008504868 0.349216997623444
0.458559989929199 0.347921013832092
0.457275986671448 0.346583992242813
0.455962985754013 0.345214992761612
0.454638987779617 0.34383100271225
0.453336000442505 0.34246701002121
0.452091991901398 0.341159999370575
0.450938999652863 0.339947998523712
0.44989600777626 0.338847994804382
0.44896399974823 0.337862998247147
0.448134988546371 0.336984992027283
0.447396993637085 0.336203008890152
0.446738004684448 0.33550301194191
0.446146994829178 0.334874004125595
0.445614010095596 0.334306001663208
0.445131987333298 0.333790987730026
0.444692999124527 0.333321988582611
0.444292992353439 0.332893013954163
0.443926990032196 0.332500010728836
0.443590998649597 0.332138985395432
0.44328099489212 0.331806987524033
0.442995995283127 0.331499993801117
0.442732989788055 0.331216990947723
0.442490011453629 0.330953985452652
0.44226598739624 0.330711990594864
0.442057996988297 0.330487012863159
0.441864997148514 0.330278009176254
0.441686987876892 0.330085009336472
0.441522002220154 0.329905986785889
0.441370010375977 0.32974100112915
0.441228985786438 0.329587996006012
0.441098988056183 0.329445987939835
0.44097900390625 0.329315006732941
0.440869003534317 0.329194992780685
0.440766990184784 0.329084008932114
0.440674990415573 0.328983008861542
0.440589994192123 0.328891009092331
0.440513014793396 0.328806012868881
0.440443992614746 0.32872998714447
0.440380990505219 0.328660994768143
0.440324991941452 0.328599989414215
0.440275996923447 0.32854500412941
0.440232008695602 0.328498005867004
0.440194010734558 0.32845601439476
0.440162003040314 0.328420996665955
0.44013500213623 0.32839098572731
0.440113991498947 0.328366994857788
0.440097004175186 0.328348994255066
0.440084993839264 0.328334987163544
0.440077990293503 0.328327000141144
0.440075010061264 0.328323990106583
0.440075010061264 0.328323990106583
0.440077006816864 0.328325986862183
0.440082997083664 0.328332990407944
0.440093010663986 0.328345000743866
0.440106987953186 0.328361004590988
0.440124988555908 0.328379988670349
0.440147012472153 0.328404009342194
0.440171986818314 0.328431993722916
0.440200001001358 0.32846400141716
0.440232008695602 0.328500002622604
0.440266996622086 0.32853901386261
0.440306007862091 0.328581005334854
0.440346986055374 0.32862800359726
0.440391004085541 0.328676998615265
0.440438002347946 0.32872998714447
0.440488010644913 0.328785985708237
0.440540999174118 0.328846007585526
0.440596997737885 0.328907996416092
0.440654993057251 0.328972995281219
0.440715998411179 0.329041987657547
0.440779000520706 0.329113006591797
0.440845012664795 0.329187005758286
0.440912991762161 0.329263985157013
0.440984010696411 0.329344004392624
0.441056996583939 0.329425990581512
0.441132009029388 0.329510986804962
0.441210001707077 0.329598993062973
0.441289991140366 0.329688996076584
0.441372007131577 0.329782009124756
0.441455990076065 0.329876989126205
0.441541999578476 0.329975008964539
0.441630005836487 0.330074995756149
0.441720008850098 0.330177009105682
0.441812008619308 0.330282002687454
0.441906005144119 0.330388993024826
0.44200199842453 0.33049800992012
0.442099988460541 0.330608993768692
0.442200005054474 0.330722987651825
0.442301005125046 0.33083900809288
0.442404985427856 0.330956995487213
0.442510008811951 0.331077009439468
0.442616999149323 0.331198990345001
0.442725002765656 0.331322997808456
0.442835003137589 0.331449002027512
0.442947000265121 0.331577003002167
0.443060994148254 0.331707000732422
0.443176001310349 0.331838995218277
0.443293005228043 0.331972986459732
0.443410992622375 0.332109004259109
0.443531006574631 0.332246989011765
0.443652987480164 0.332387000322342
0.44377601146698 0.332527995109558
0.443899989128113 0.332671999931335
0.444025993347168 0.332816988229752
0.444153994321823 0.33296400308609
0.444283008575439 0.333113014698029
0.444413006305695 0.333263009786606
0.44454500079155 0.333415001630783
0.444678008556366 0.33356899023056
0.444813013076782 0.33372500538826
0.444949001073837 0.333882004022598
0.445086002349854 0.334040999412537
0.44522500038147 0.334201991558075
0.445365011692047 0.334365010261536
0.445506006479263 0.334529012441635
0.445648998022079 0.334693998098373
0.445793002843857 0.334861993789673
0.445937991142273 0.335031002759933
0.446085005998611 0.335200995206833
0.446233004331589 0.335373014211655
0.446381986141205 0.335547000169754
0.446532011032104 0.335721999406815
0.446684002876282 0.335898995399475
0.446835994720459 0.336077004671097
0.446990013122559 0.336257010698318
0.447145998477936 0.336438000202179
0.447302013635635 0.336620986461639
0.447459995746613 0.336805999279022
0.447618991136551 0.336991995573044
0.447777986526489 0.337179005146027
0.447939991950989 0.337368011474609
0.448101997375488 0.337558001279831
0.448264986276627 0.337749987840652
0.448430001735687 0.337944000959396
0.448596000671387 0.33813801407814
0.448761999607086 0.338335007429123
0.448929995298386 0.338532000780106
0.449099004268646 0.338730990886688
0.449270009994507 0.338932007551193
0.449440985918045 0.339134007692337
0.449613004922867 0.33933699131012
0.449786990880966 0.339542001485825
0.449961006641388 0.339747995138168
0.450136989355087 0.339955985546112
0.450313001871109 0.340164989233017
0.450491011142731 0.340375006198883
0.450670003890991 0.340586990118027
0.450850009918213 0.340799987316132
0.451029986143112 0.341013997793198
0.451211988925934 0.341230005025864
0.451395004987717 0.341446995735168
0.451579004526138 0.341666013002396
0.451763987541199 0.341886013746262
0.451950013637543 0.342106997966766
0.452136993408203 0.342330008745193
0.452324986457825 0.342552989721298
0.452513992786407 0.342779010534286
0.452704012393951 0.343005001544952
0.452894985675812 0.343232989311218
0.453087985515594 0.343463003635406
0.453280985355377 0.343692988157272
0.453474998474121 0.343924999237061
0.453669995069504 0.344159007072449
0.453866004943848 0.344392985105515
0.45406299829483 0.344628989696503
0.454261004924774 0.344866007566452
0.454459011554718 0.345104992389679
0.454658985137939 0.345344990491867
0.454860001802444 0.345586001873016
0.455062001943588 0.345827996730804
0.455264985561371 0.346071988344193
0.455469012260437 0.346316993236542
0.455673009157181 0.346563011407852
0.455879002809525 0.34681099653244
0.456086009740829 0.347059994935989
0.456292986869812 0.3473100066185
0.456501990556717 0.347561985254288
0.456710994243622 0.347815006971359
0.456921011209488 0.34806901216507
0.457132995128632 0.348324000835419
0.457345008850098 0.348580986261368
0.457558006048203 0.3488390147686
0.457771986722946 0.34909799695015
0.457987010478973 0.349359005689621
0.458202987909317 0.349620014429092
0.458420008420944 0.349884003400803
0.45863801240921 0.350147992372513
0.458856999874115 0.350414007902145
0.45907598733902 0.350681006908417
0.459297001361847 0.350948989391327
0.459517985582352 0.351217985153198
0.459740996360779 0.351489007472992
0.459964007139206 0.351761013269424
0.460189014673233 0.352034986019135
0.460413992404938 0.352308988571167
0.460640013217926 0.352584987878799
0.460866987705231 0.352862000465393
0.461095005273819 0.353141009807587
0.461322993040085 0.353419989347458
0.461553007364273 0.353700995445251
0.4617840051651 0.353983998298645
0.462015002965927 0.354267001152039
0.462247997522354 0.354552000761032
0.462480992078781 0.354838013648987
0.462714999914169 0.355125993490219
0.462949991226196 0.355414986610413
0.463187009096146 0.355704993009567
0.463423013687134 0.355996012687683
0.4636609852314 0.356287986040115
0.463899999856949 0.35658198595047
0.464139997959137 0.356876999139786
0.464379996061325 0.357174009084702
0.464621990919113 0.357470989227295
0.464863985776901 0.357769995927811
0.465106993913651 0.358070999383926
0.465350985527039 0.358372002840042
0.465597003698349 0.358675003051758
0.465842008590698 0.358978986740112
0.466089010238647 0.359284996986389
0.466336995363235 0.359591007232666
0.466585993766785 0.359899014234543
0.466834992170334 0.360208988189697
0.467085987329483 0.360518991947174
0.467337012290955 0.360830992460251
0.467588990926743 0.361144006252289
0.467842012643814 0.361458986997604
0.468095988035202 0.361775010824203
0.468351006507874 0.362091988325119
0.468607008457184 0.362410008907318
0.468863993883133 0.362729996442795
0.469121009111404 0.363050997257233
0.469379991292953 0.363373994827271
0.469639003276825 0.363696992397308
0.469900012016296 0.364021986722946
0.470160990953445 0.364349007606506
0.470423012971878 0.364675998687744
0.470685988664627 0.365004986524582
0.47095000743866 0.365334987640381
0.471215009689331 0.36566698551178
0.471480995416641 0.36599999666214
0.471747010946274 0.366333991289139
0.472014993429184 0.36667001247406
0.472283005714417 0.367006987333298
0.472553014755249 0.367345005273819
0.472822993993759 0.367684990167618
0.47309398651123 0.368025988340378
0.473365992307663 0.368367999792099
0.473639011383057 0.36871200799942
0.473913013935089 0.36905699968338
0.47418799996376 0.369403004646301
0.474462985992432 0.369751006364822
0.474739998579025 0.370099991559982
0.475017994642258 0.370449990034103
0.47529599070549 0.370801985263824
0.475575000047684 0.371154993772507
0.475856006145477 0.371509999036789
0.476137012243271 0.37186598777771
0.476419001817703 0.372222989797592
0.476702004671097 0.372581988573074
0.476985991001129 0.372942000627518
0.477270990610123 0.3733029961586
0.477557003498077 0.373665988445282
0.477843999862671 0.374029994010925
0.478130996227264 0.374395996332169
0.478419989347458 0.374763011932373
0.478709012269974 0.375131011009216
0.479000002145767 0.37550100684166
0.479290992021561 0.375871986150742
0.479584008455276 0.376244992017746
0.47987699508667 0.376619011163712
0.480170994997025 0.376994013786316
0.48046600818634 0.37737101316452
0.480762004852295 0.377748996019363
0.481059014797211 0.378129005432129
0.481357008218765 0.378509998321533
0.481655985116959 0.378892987966537
0.481956005096436 0.379276990890503
0.482257008552551 0.37966200709343
0.482558012008667 0.380048990249634
0.482861012220383 0.38043799996376
0.483164995908737 0.380827009677887
0.483469009399414 0.381218999624252
0.483774989843369 0.381610989570618
0.484081000089645 0.382005989551544
0.484389007091522 0.382400989532471
0.484697014093399 0.382797986268997
0.485006988048553 0.383197009563446
0.48531699180603 0.383596986532211
0.485628008842468 0.383998990058899
0.485940992832184 0.384402006864548
0.486254006624222 0.384806007146835
0.486568003892899 0.385212004184723
0.486883014440536 0.38561999797821
0.487199991941452 0.386029005050659
0.48751699924469 0.386440008878708
0.487834990024567 0.386851996183395
0.488153994083405 0.387264996767044
0.488474011421204 0.387681007385254
0.488795012235641 0.388096988201141
0.489116996526718 0.388514995574951
0.489441007375717 0.388934999704361
0.489764988422394 0.38935598731041
0.490090012550354 0.38977900147438
0.490415990352631 0.390204012393951
0.490743011236191 0.390630006790161
0.491070985794067 0.391057014465332
0.491400003433228 0.391485989093781
0.491730004549026 0.391916990280151
0.492060989141464 0.392349004745483
0.492392987012863 0.392782986164093
0.492727011442184 0.393218010663986
0.493061006069183 0.393655002117157
0.493396013975143 0.394093990325928
0.493732005357742 0.39453399181366
0.494069010019302 0.394975990056992
0.494408011436462 0.395419001579285
0.494747012853622 0.395864009857178
0.495086997747421 0.396311014890671
0.495429009199142 0.396759003400803
0.495770990848541 0.397208988666534
0.496114999055862 0.397659987211227
0.496459007263184 0.398113995790482
0.496805012226105 0.398568004369736
0.497150987386703 0.399024993181229
0.497498989105225 0.399482995271683
0.497848004102707 0.399942994117737
0.498196989297867 0.400404006242752
0.498548001050949 0.400866985321045
0.49889999628067 0.40133199095726
0.499253004789352 0.401798993349075
0.499606996774673 0.402267009019852
0.499962002038956 0.402736991643906
0.500319004058838 0.403207987546921
0.500675976276398 0.403681993484497
0.501034021377563 0.404157012701035
0.501393973827362 0.40463399887085
0.501753985881805 0.405111998319626
0.502116024494171 0.405591994524002
0.502478003501892 0.406073987483978
0.502842009067535 0.406558007001877
0.50320702791214 0.407043993473053
0.503573000431061 0.40753099322319
0.503939986228943 0.408019989728928
0.504308998584747 0.408511012792587
0.504678010940552 0.409002989530563
0.505048990249634 0.409498006105423
0.505420029163361 0.409994006156921
0.50579297542572 0.41049200296402
0.506166994571686 0.410991996526718
0.506542026996613 0.411493003368378
0.506918013095856 0.411996990442276
0.50729501247406 0.412501990795135
0.507673978805542 0.413008987903595
0.508053004741669 0.413518011569977
0.508433997631073 0.414029002189636
0.508816003799438 0.414541006088257
0.509199023246765 0.415055990219116
0.509582996368408 0.415571987628937
0.509967982769012 0.41609001159668
0.510354995727539 0.4166100025177
0.510742008686066 0.417131990194321
0.51113098859787 0.417656004428864
0.511520981788635 0.418181985616684
0.511913001537323 0.418709993362427
0.512305021286011 0.419239014387131
0.512699007987976 0.419770985841751
0.513092994689941 0.420305013656616
0.513489007949829 0.420839995145798
0.513886988162994 0.421377003192902
0.514285027980804 0.421916991472244
0.514684975147247 0.422457993030548
0.515085995197296 0.423000991344452
0.515488028526306 0.423546999692917
0.515891015529633 0.424093991518021
0.516296029090881 0.424643009901047
0.516700983047485 0.42519399523735
0.517108023166656 0.425747990608215
0.51751697063446 0.426302999258041
0.517925977706909 0.426860004663467
0.51833701133728 0.427419990301132
0.518748998641968 0.427980989217758
0.519161999225616 0.428544998168945
0.519577026367188 0.429109990596771
0.519991993904114 0.429677993059158
0.520408987998962 0.430247992277145
0.520828008651733 0.430819004774094
0.521247029304504 0.431392997503281
0.521668016910553 0.431968986988068
0.522090017795563 0.432547003030777
0.52251398563385 0.433127999305725
0.522939026355743 0.433710008859634
0.523365020751953 0.434293985366821
0.523792028427124 0.434881001710892
0.524221003055573 0.435470014810562
0.524650990962982 0.43606099486351
0.525081992149353 0.43665400147438
0.525515019893646 0.437249004840851
0.525949001312256 0.43784698843956
0.526383996009827 0.438446998596191
0.52682101726532 0.439049005508423
0.527258992195129 0.439653009176254
0.5276979804039 0.440259009599686
0.528138995170593 0.440867990255356
0.528581023216248 0.441478997468948
0.529025018215179 0.442092001438141
0.529470026493073 0.442707985639572
0.529915988445282 0.443325012922287
0.530363976955414 0.443944990634918
0.530812978744507 0.444568008184433
0.531262993812561 0.445192009210587
0.531714975833893 0.445818990468979
0.532167971134186 0.446449011564255
0.532622992992401 0.447079986333847
0.533079028129578 0.447714000940323
0.533536016941071 0.448350995779037
0.533994972705841 0.448989987373352
0.534456014633179 0.449631005525589
0.534916996955872 0.450273990631104
0.535381019115448 0.450919985771179
0.53584498167038 0.451568990945816
0.536310970783234 0.452219009399414
0.53677898645401 0.45287299156189
0.537248015403748 0.453527987003326
0.537717998027802 0.454185992479324
0.538190007209778 0.454847007989883
0.538663983345032 0.45550999045372
0.539138972759247 0.45617601275444
0.539614975452423 0.456844002008438
0.540093004703522 0.457513988018036
0.540573000907898 0.458187997341156
0.541054010391235 0.458862990140915
0.541535973548889 0.459542006254196
0.542020976543427 0.460222005844116
0.542505979537964 0.460905998945236
0.542993009090424 0.461591988801956
0.543482005596161 0.462280005216599
0.543972015380859 0.462971985340118
0.544463992118835 0.463665008544922
0.544956982135773 0.464361995458603
0.545451998710632 0.465061008930206
0.54594898223877 0.465763002634048
0.546446979045868 0.466466993093491
0.546947002410889 0.467173993587494
0.547447979450226 0.467884004116058
0.547950983047485 0.468596994876862
0.548454999923706 0.469312012195587
0.548960983753204 0.470030009746552
0.549468994140625 0.470750987529755
0.549978971481323 0.47147399187088
0.550490021705627 0.472200006246567
0.551002025604248 0.472929000854492
0.551517009735107 0.473661005496979
0.552033007144928 0.474395990371704
0.55255001783371 0.475133001804352
0.55307000875473 0.475874006748199
0.553591012954712 0.476617008447647
0.55411297082901 0.477362990379333
0.554638028144836 0.478112012147903
0.555163979530334 0.478864014148712
0.5556920170784 0.47961899638176
0.556221008300781 0.480376988649368
0.556752979755402 0.481137007474899
0.557286024093628 0.481900990009308
0.557820022106171 0.482666999101639
0.558357000350952 0.48343700170517
0.558894991874695 0.484210014343262
0.55943500995636 0.484984993934631
0.559976994991302 0.485763996839523
0.560519993305206 0.486544996500015
0.561065971851349 0.487329989671707
0.561613023281097 0.48811799287796
0.562161982059479 0.488909006118774
0.562713027000427 0.489702999591827
0.563265025615692 0.490500003099442
0.563820004463196 0.491299986839294
0.564375996589661 0.492103010416031
0.564934015274048 0.492909997701645
0.565494000911713 0.49371999502182
0.5660560131073 0.494533002376556
0.566619992256165 0.495348989963531
0.56718498468399 0.496167987585068
0.5677530169487 0.496991008520126
0.568322002887726 0.497817009687424
0.568893015384674 0.49864599108696
0.569467008113861 0.499478995800018
0.570042014122009 0.500313997268677
0.570618987083435 0.501152992248535
0.571197986602783 0.501995980739594
0.571779012680054 0.502842009067535
0.572362005710602 0.503691017627716
0.572947025299072 0.504544019699097
0.573532998561859 0.505400002002716
0.57412201166153 0.506259024143219
0.574712991714478 0.507121980190277
0.575305998325348 0.50798898935318
0.575900971889496 0.508858025074005
0.576497972011566 0.509732007980347
0.577096998691559 0.510608971118927
0.577697992324829 0.511488974094391
0.578301012516022 0.512372970581055
0.578905999660492 0.513261020183563
0.579513013362885 0.514151990413666
0.580121994018555 0.515047013759613
0.580733001232147 0.515945017337799
0.581346988677979 0.516848027706146
0.581961989402771 0.517753005027771
0.582579970359802 0.518662989139557
0.583199977874756 0.519576013088226
0.583822011947632 0.520492970943451
0.584446012973785 0.52141398191452
0.585071980953217 0.522337973117828
0.585700988769531 0.523266971111298
0.586331009864807 0.52419900894165
0.586964011192322 0.525134980678558
0.587598979473114 0.526075005531311
0.58823698759079 0.527018010616302
0.588876008987427 0.527966022491455
0.589518010616302 0.528917014598846
0.590161979198456 0.529873013496399
0.590807974338531 0.53083199262619
0.591457009315491 0.531795978546143
0.592108011245728 0.532763004302979
0.592760980129242 0.533734023571014
0.593415975570679 0.534709990024567
0.594074010848999 0.535688996315002
0.594734013080597 0.536673009395599
0.595395982265472 0.537661015987396
0.596060991287231 0.538653016090393
0.596728026866913 0.53964900970459
0.597397983074188 0.540648996829987
0.598070025444031 0.541652977466583
0.598743975162506 0.542662024497986
0.59942102432251 0.543675005435944
0.600099980831146 0.544691979885101
0.600781977176666 0.545714020729065
0.601466000080109 0.546739995479584
0.602151989936829 0.547770023345947
0.602841019630432 0.548803985118866
0.603533029556274 0.549843013286591
0.604227006435394 0.550886988639832
0.604923009872437 0.551935017108917
0.605621993541718 0.552986979484558
0.606324017047882 0.554044008255005
0.607028007507324 0.555104970932007
0.607734978199005 0.556171000003815
0.608443975448608 0.557241022586823
0.609156012535095 0.558317005634308
0.609870970249176 0.559396028518677
0.610588014125824 0.560481011867523
0.611307978630066 0.56156998872757
0.612030029296875 0.562663018703461
0.612755000591278 0.563762009143829
0.613483011722565 0.564864993095398
0.61421400308609 0.565972983837128
0.614947021007538 0.567085981369019
0.615683019161224 0.568203985691071
0.616420984268188 0.569325983524323
0.617163002490997 0.570454001426697
0.617906987667084 0.571586012840271
0.618654012680054 0.572722971439362
0.619404017925262 0.573866009712219
0.620155990123749 0.575012981891632
0.62091201543808 0.576165974140167
0.621670007705688 0.577323019504547
0.622430980205536 0.578486025333405
0.623194992542267 0.579653024673462
0.623961985111237 0.580825984477997
0.62473201751709 0.582004010677338
0.625504970550537 0.583187997341156
0.626280009746552 0.584375977516174
0.627058982849121 0.585569977760315
0.627839982509613 0.586768984794617
0.628624975681305 0.587974011898041
0.62941300868988 0.589183986186981
0.630203008651733 0.590399026870728
0.630997002124786 0.591620028018951
0.631793022155762 0.592845976352692
0.632592976093292 0.594078004360199
0.633396029472351 0.595314979553223
0.634202003479004 0.596557974815369
0.63501101732254 0.597806990146637
0.635823011398315 0.599061012268066
0.636638998985291 0.600320994853973
0.637457013130188 0.601585984230042
0.638279020786285 0.602856993675232
0.639104008674622 0.604134023189545
0.639931976795197 0.605417013168335
0.640762984752655 0.606706023216248
0.641597986221313 0.608000993728638
0.642436027526855 0.609300971031189
0.643276989459991 0.610607981681824
0.644122004508972 0.61191999912262
0.644969999790192 0.613238990306854
0.64582097530365 0.614564001560211
0.646676003932953 0.615894019603729
0.647534012794495 0.617231011390686
0.648395001888275 0.618574023246765
0.649259984493256 0.619924008846283
0.650129020214081 0.621279001235962
0.651000022888184 0.622641026973724
0.651875972747803 0.624009013175964
0.65275502204895 0.625383973121643
0.653636991977692 0.626765012741089
0.654523015022278 0.628153026103973
0.655412971973419 0.629546999931335
0.656306028366089 0.63094699382782
0.657203018665314 0.632354021072388
0.658102989196777 0.633768022060394
0.659007012844086 0.63518899679184
0.659914970397949 0.636615991592407
0.660826027393341 0.638050019741058
0.661741971969604 0.639490008354187
0.662661015987396 0.640937983989716
0.663582980632782 0.642391979694366
0.664510011672974 0.643854022026062
0.665440022945404 0.645322024822235
0.666374027729034 0.646797001361847
0.667312979698181 0.648280024528503
0.668254971504211 0.649769008159637
0.669200003147125 0.651265978813171
0.670149981975555 0.652769982814789
0.67110401391983 0.65428102016449
0.67206197977066 0.655798971652985
0.673023998737335 0.657325029373169
0.67399001121521 0.658858001232147
0.674959003925323 0.660398006439209
0.675933003425598 0.661947011947632
0.676910996437073 0.663501977920532
0.677893996238708 0.665064990520477
0.678879976272583 0.666635990142822
0.679871022701263 0.668214023113251
0.680864989757538 0.669800996780396
0.681864023208618 0.671395003795624
0.682868003845215 0.672995984554291
0.683875024318695 0.674606025218964
0.684886991977692 0.676223993301392
0.685903012752533 0.677848994731903
0.686923980712891 0.679482996463776
0.687949001789093 0.681124985218048
0.688978016376495 0.682775020599365
0.690011978149414 0.684432983398438
0.691051006317139 0.686098992824554
0.692094027996063 0.687774002552032
0.693140983581543 0.68945699930191
0.694193005561829 0.691147983074188
0.695249974727631 0.692848026752472
0.696310997009277 0.694557011127472
0.697377026081085 0.696273982524872
0.698446989059448 0.698000013828278
0.699522018432617 0.699733972549438
0.700601994991302 0.701476991176605
0.701686978340149 0.703229010105133
0.702777028083801 0.704990029335022
0.703871011734009 0.706759989261627
0.704970002174377 0.708539009094238
0.706075012683868 0.71032702922821
0.707184016704559 0.71212500333786
0.708298027515411 0.713931024074554
0.70941698551178 0.715745985507965
0.710541009902954 0.717571020126343
0.711669981479645 0.719406008720398
0.712804019451141 0.721249997615814
0.713944017887115 0.723102986812592
0.71508800983429 0.724965989589691
0.716238021850586 0.726837992668152
0.717392981052399 0.728721022605896
0.718553006649017 0.730612993240356
0.719718992710114 0.732514977455139
0.720889985561371 0.734426975250244
0.722065985202789 0.736348986625671
0.723246991634369 0.738281011581421
0.724434971809387 0.740222990512848
0.72562700510025 0.742174983024597
0.726824998855591 0.74413800239563
0.728029012680054 0.74611097574234
0.729237973690033 0.748094022274017
0.730453014373779 0.750087976455688
0.731673002243042 0.752092003822327
0.732900023460388 0.754106998443604
0.73413097858429 0.756133019924164
0.735369026660919 0.758170008659363
0.736612975597382 0.760217010974884
0.73786199092865 0.762275993824005
0.739117026329041 0.764344990253448
0.740378975868225 0.766426026821136
0.741645991802216 0.768517971038818
0.742919027805328 0.770621001720428
0.744198024272919 0.772736012935638
0.745483994483948 0.774861991405487
0.746774971485138 0.776998996734619
0.748072981834412 0.779147982597351
0.749377012252808 0.781309008598328
0.750687003135681 0.783481001853943
0.752004027366638 0.785665988922119
0.753325998783112 0.787862002849579
0.75465601682663 0.7900710105896
0.755990982055664 0.792290985584259
0.757333993911743 0.794524013996124
0.758683025836945 0.796769022941589
0.760038018226624 0.799026012420654
0.761399984359741 0.80129599571228
0.762768983840942 0.803578972816467
0.764144003391266 0.805873990058899
0.765525996685028 0.808182001113892
0.766915023326874 0.810503005981445
0.768311023712158 0.81283700466156
0.769713997840881 0.815183997154236
0.771124005317688 0.817543983459473
0.772539973258972 0.819917023181915
0.773963987827301 0.822304010391235
0.775394976139069 0.824703991413116
0.77683299779892 0.827117025852203
0.778279006481171 0.829545021057129
0.779730975627899 0.831986010074615
0.781190991401672 0.834441006183624
0.782658994197845 0.836908996105194
0.784133017063141 0.839392006397247
0.785615980625153 0.841889023780823
0.787105023860931 0.844401001930237
0.788603007793427 0.846926987171173
0.790108025074005 0.849466979503632
0.791621029376984 0.852021992206573
0.793141007423401 0.854592025279999
0.794669985771179 0.857176005840302
0.796205997467041 0.859776020050049
0.797749996185303 0.862389981746674
0.799301981925964 0.865019977092743
0.800862014293671 0.867664992809296
0.802430987358093 0.870325982570648
0.804006993770599 0.873001992702484
0.805592000484467 0.875693023204803
0.807184994220734 0.878400981426239
0.808785974979401 0.881124019622803
0.810396015644073 0.883863985538483
0.812014997005463 0.886618971824646
0.813642024993896 0.889391005039215
0.815276980400085 0.892179012298584
0.81692099571228 0.894984006881714
0.818574011325836 0.897805988788605
0.820236027240753 0.90064400434494
0.821905970573425 0.903499007225037
0.823585987091064 0.906370997428894
0.825275003910065 0.909260988235474
0.826972007751465 0.912168025970459
0.828679025173187 0.915091991424561
0.830394983291626 0.918034017086029
0.832120001316071 0.920993983745575
0.833854973316193 0.923970997333527
0.835599005222321 0.926967024803162
0.837352991104126 0.929980993270874
0.839115977287292 0.933013021945953
0.840888977050781 0.936064004898071
0.842670977115631 0.939132988452911
0.844464004039764 0.942220985889435
0.846265971660614 0.945327997207642
0.848078012466431 0.948454022407532
0.849901020526886 0.951600015163422
0.851733028888702 0.954764008522034
0.853576004505157 0.957948982715607
0.855428993701935 0.961152970790863
0.857291996479034 0.964376986026764
0.859166026115417 0.967620015144348
0.861050009727478 0.97088497877121
0.862945020198822 0.974169015884399
0.864849984645844 0.977473974227905
0.866765975952148 0.980799973011017
0.868692994117737 0.984145998954773
0.870631992816925 0.987514019012451
0.872581005096436 0.99090301990509
0.874365985393524 0.994009017944336
0.875562012195587 0.996089994907379
0.876362025737762 0.997482001781464
0.876896023750305 0.998412013053894
0.877251982688904 0.999032974243164
0.877489984035492 0.999446988105774
0.877647995948792 0.999723970890045
0.87772798538208 0.999862015247345
0.877767980098724 0.99993097782135
0.877807021141052 1
0.877807021141052 1
0.877847015857697 1.00006997585297
0.877887010574341 1.00013995170593
0.877965986728668 1.00028002262115
0.878125011920929 1.00055003166199
0.878363013267517 1.00097000598907
0.878720998764038 1.00159001350403
0.879258990287781 1.00252997875214
0.880066990852356 1.00393998622894
0.881281971931458 1.00606000423431
0.883113980293274 1.00925004482269
0.885134994983673 1.01277995109558
0.887166976928711 1.0163300037384
0.889210999011993 1.01989996433258
0.891267001628876 1.0234899520874
0.893334984779358 1.02710998058319
0.895416021347046 1.03075003623962
0.897508025169373 1.03442001342773
0.89961302280426 1.03811001777649
0.901730000972748 1.04182004928589
0.90385901927948 1.04556000232697
0.906000971794128 1.04931998252869
0.908155977725983 1.05309998989105
0.910323977470398 1.05691003799438
0.912504017353058 1.06075000762939
0.914698004722595 1.06461000442505
0.916903972625732 1.06849002838135
0.919124007225037 1.07239997386932
0.921356976032257 1.07633996009827
0.923604011535645 1.08029997348785
0.925863981246948 1.08429002761841
0.928137004375458 1.08831000328064
0.930424988269806 1.09235000610352
0.93272602558136 1.09642004966736
0.935042023658752 1.10051000118256
0.937371015548706 1.10464000701904
0.939715027809143 1.10879004001617
0.942072987556458 1.11296999454498
0.9444460272789 1.11716997623444
0.94683301448822 1.12141001224518
0.949235022068024 1.12566995620728
0.951651990413666 1.12995994091034
0.954083979129791 1.13428997993469
0.9565309882164 1.13864004611969
0.958993017673492 1.14302003383636
0.961470007896423 1.14742994308472
0.963962972164154 1.15187001228333
0.966472029685974 1.15634000301361
0.968995988368988 1.16084003448486
0.971536993980408 1.16536998748779
0.974093019962311 1.16993999481201
0.976665019989014 1.17453002929688
0.979254007339478 1.17915999889374
0.981859028339386 1.18382000923157
0.984480977058411 1.18850994110107
0.987119972705841 1.19323003292084
0.989775002002716 1.19798994064331
0.992447018623352 1.20276999473572
0.995136976242065 1.20759999752045
0.997843980789185 1.21245002746582
1.00057005882263 1.21733999252319
1.00330996513367 1.22227001190186
1.00607001781464 1.22722995281219
1.00884997844696 1.23222005367279
1.01163995265961 1.2372499704361
1.01445996761322 1.24231994152069
1.01728999614716 1.24741995334625
1.02014005184174 1.25255000591278
1.02301001548767 1.25773000717163
1.02590000629425 1.26294004917145
1.02881002426147 1.26818001270294
1.03173005580902 1.27347004413605
1.03468000888824 1.27878999710083
1.03763997554779 1.2841500043869
1.0406299829483 1.28954994678497
1.04363000392914 1.29498994350433
1.04665994644165 1.30045998096466
1.04970002174377 1.30597996711731
1.05277001857758 1.31154000759125
1.05586004257202 1.31712996959686
1.0589599609375 1.32276999950409
1.06209003925323 1.32844996452332
1.06524002552032 1.33416998386383
1.06841003894806 1.33993005752563
1.07159996032715 1.34572994709015
1.07482004165649 1.35157001018524
1.07805001735687 1.35746002197266
1.08131003379822 1.36338996887207
1.08458995819092 1.3693699836731
1.08789002895355 1.37539005279541
1.09122002124786 1.38145005702972
1.09457004070282 1.38756000995636
1.09793996810913 1.39371001720428
1.10133004188538 1.39990997314453
1.1047500371933 1.40614998340607
1.10818994045258 1.41243994235992
1.11166000366211 1.41877996921539
1.115149974823 1.42516005039215
1.11865997314453 1.43159997463226
1.12220001220703 1.43807995319366
1.12575995922089 1.44459998607635
1.12934994697571 1.45117998123169
1.13295996189117 1.45781004428864
1.13660001754761 1.46448004245758
1.1402599811554 1.47121000289917
1.14394998550415 1.47799003124237
1.14767003059387 1.48480999469757
1.15140998363495 1.4916900396347
1.15517997741699 1.49863004684448
1.15898001194 1.50560998916626
1.16279995441437 1.51265001296997
1.16665005683899 1.519739985466
1.170529961586 1.52688002586365
1.17443001270294 1.53408002853394
1.17835998535156 1.54132997989655
1.18231999874115 1.54864001274109
1.1863100528717 1.55599999427795
1.19033002853394 1.56342005729675
1.19438004493713 1.57089996337891
1.19844996929169 1.57843005657196
1.20255994796753 1.58601999282837
1.20669996738434 1.59367001056671
1.21086001396179 1.6013799905777
1.21505999565125 1.60915005207062
1.21928000450134 1.61697995662689
1.22353994846344 1.62486004829407
1.22783005237579 1.63280999660492
1.23213994503021 1.64082002639771
1.23649001121521 1.64889001846313
1.24086999893188 1.65701997280121
1.24529004096985 1.66522002220154
1.24972999095917 1.67348003387451
1.25420999526978 1.68180000782013
1.25872004032135 1.69017994403839
1.26327002048492 1.69863998889923
1.26785004138947 1.70714998245239
1.27245998382568 1.71573996543884
1.27709996700287 1.7243800163269
1.28178000450134 1.73310005664825
1.28648996353149 1.74188005924225
1.29123997688293 1.75074005126953
1.29603004455566 1.75966000556946
1.30084002017975 1.76865005493164
1.30569994449615 1.7777099609375
1.31059002876282 1.78682994842529
1.31551003456116 1.79603004455566
1.32047998905182 1.80531001091003
1.32547998428345 1.81465005874634
1.33051002025604 1.82405996322632
1.33557999134064 1.83354997634888
1.34069001674652 1.84311997890472
1.3458399772644 1.85274994373322
1.35102999210358 1.86246001720428
1.35625004768372 1.87224996089935
1.36152005195618 1.88210999965668
1.36681997776031 1.89205002784729
1.37215995788574 1.90206003189087
1.37753999233246 1.91216003894806
1.38295996189117 1.92233002185822
1.38841998577118 1.93257999420166
1.39392995834351 1.94289994239807
1.3994699716568 1.95331001281738
1.40505003929138 1.96379995346069
1.41067004203796 1.97437000274658
1.41633999347687 1.98502004146576
1.42204999923706 1.99574995040894
1.42779004573822 2.00656008720398
1.43359005451202 2.01746010780334
1.4394199848175 2.02843999862671
1.4452999830246 2.03949999809265
1.45122003555298 2.05064988136292
1.45718002319336 2.06188011169434
1.46318995952606 2.0731999874115
1.46923995018005 2.08459997177124
1.47532999515533 2.09609007835388
1.48146998882294 2.10767006874084
1.48765003681183 2.11932992935181
1.49388003349304 2.13107991218567
1.50015997886658 2.14292001724243
1.5064799785614 2.15485000610352
1.51284003257751 2.1668701171875
1.51925003528595 2.17898011207581
1.52570998668671 2.19117999076843
1.53220999240875 2.20346999168396
1.53875994682312 2.21585011482239
1.5453599691391 2.22831988334656
1.55200004577637 2.24089002609253
1.55868995189667 2.2535400390625
1.56543004512787 2.26628994941711
1.5722199678421 2.27912998199463
1.57904994487762 2.29206991195679
1.58594000339508 2.30509996414185
1.59286999702454 2.31821990013123
1.5998500585556 2.33143997192383
1.6068799495697 2.34474992752075
1.61395001411438 2.3581600189209
1.6210800409317 2.37167000770569
1.62825000286102 2.38527011871338
1.63548004627228 2.39896011352539
1.64275002479553 2.41276001930237
1.65007996559143 2.42665004730225
1.65744996070862 2.44062995910645
1.66487002372742 2.45472002029419
1.67235004901886 2.46889996528625
1.6798700094223 2.48318004608154
1.68745005130768 2.49756002426147
1.69507002830505 2.51202988624573
1.70274996757507 2.5265998840332
1.71046996116638 2.54128003120422
1.71825003623962 2.55605006217957
1.7260799407959 2.57091999053955
1.73396003246307 2.58589005470276
1.74188995361328 2.60095000267029
1.7498699426651 2.61612010002136
1.75789999961853 2.63139009475708
1.7659900188446 2.64674997329712
1.77411997318268 2.66220998764038
1.78231000900269 2.67777991294861
1.79053997993469 2.69343996047974
1.79883003234863 2.70919990539551
1.8071700334549 2.7250599861145
1.81555998325348 2.74101996421814
1.824010014534 2.757080078125
1.83249998092651 2.7732400894165
1.84104001522064 2.78949999809265
1.84964001178741 2.8058500289917
1.85828995704651 2.82230997085571
1.86698997020721 2.83886003494263
1.87573003768921 2.85550999641418
1.88453996181488 2.87226009368896
1.89339005947113 2.88911008834839
1.90228998661041 2.90604996681213
1.91123998165131 2.92309999465942
1.92024004459381 2.94023990631104
1.92929995059967 2.95747995376587
1.93840003013611 2.97480988502502
1.9475599527359 2.9922399520874
1.95676004886627 3.00976991653442
1.96601998806 3.02739000320435
1.97531998157501 3.04510998725891
1.98468005657196 3.06292009353638
1.99407994747162 3.08083009719849
2.00353002548218 3.09882998466492
2.01304006576538 3.11693000793457
2.02258992195129 3.13511991500854
2.0321900844574 3.15339994430542
2.04184007644653 3.1717700958252
2.05152988433838 3.19023990631104
2.06128001213074 3.20880007743835
2.07106995582581 3.22744989395142
2.08091998100281 3.24619007110596
2.09080004692078 3.26501989364624
2.1007399559021 3.28395009040833
2.11071991920471 3.30295991897583
2.12074995040894 3.32205009460449
2.13083004951477 3.34123992919922
2.14094996452332 3.36051988601685
2.15111994743347 3.37987995147705
2.16133999824524 3.39932990074158
2.1716001033783 3.41885995864868
2.18190002441406 3.43847990036011
2.19225001335144 3.45817995071411
2.20265007019043 3.47796988487244
2.21307992935181 3.49783992767334
2.2235701084137 3.51779007911682
2.23409008979797 3.53783011436462
2.24465990066528 3.5579400062561
2.25528001785278 3.57814002037048
2.26592993736267 3.59840989112854
2.27662992477417 3.6187698841095
2.28736996650696 3.63920998573303
2.29816007614136 3.65971994400024
2.30897998809814 3.68031001091003
2.31983995437622 3.7009699344635
2.33074998855591 3.72171998023987
2.34170007705688 3.74253010749817
2.35268998146057 3.76343011856079
2.36370992660522 3.78438997268677
2.37477993965149 3.80542993545532
2.38587999343872 3.82653999328613
2.39703011512756 3.84771990776062
2.40821003913879 3.86897993087769
2.41943001747131 3.89030003547668
2.43069005012512 3.91170001029968
2.44198989868164 3.93316006660461
2.45333003997803 3.95468997955322
2.4646999835968 3.97628998756409
2.47610998153687 3.99795007705688
2.4875500202179 4.01968002319336
2.49903011322021 4.04148006439209
2.51055002212524 4.06334018707275
2.52209997177124 4.08525991439819
2.5336799621582 4.10725021362305
2.54530000686646 4.12930011749268
2.556960105896 4.15141010284424
2.56865000724792 4.17359018325806
2.58036994934082 4.19581985473633
2.592129945755 4.21811008453369
2.60391998291016 4.24045991897583
2.61574006080627 4.26287984848022
2.62758994102478 4.28533983230591
2.63948011398315 4.30786991119385
2.65140008926392 4.3304500579834
2.66335010528564 4.35308980941772
2.67532992362976 4.37578010559082
2.68734002113342 4.39853000640869
2.69937992095947 4.42132997512817
2.71145009994507 4.44418001174927
2.72356009483337 4.46709012985229
2.73569011688232 4.49004983901978
2.74784994125366 4.51306009292603
2.76004004478455 4.53611993789673
2.77225995063782 4.55922985076904
2.78450989723206 4.58238983154297
2.79678010940552 4.60559988021851
2.80908989906311 4.62884998321533
2.82141995429993 4.65216016769409
2.83378005027771 4.67550992965698
2.84615993499756 4.69891023635864
2.85858011245728 4.72235012054443
2.87102007865906 4.74584007263184
2.88348007202148 4.76937007904053
2.89597988128662 4.79295015335083
2.90848994255066 4.81656980514526
2.92104005813599 4.84024000167847
2.93360996246338 4.86393976211548
2.94619989395142 4.88769006729126
2.958820104599 4.91147994995117
2.97146010398865 4.9353199005127
2.98412990570068 4.95918989181519
2.99681997299194 4.98309993743896
3.00954008102417 5.00705003738403
3.02227997779846 5.03104019165039
3.0350399017334 5.05506992340088
3.04782009124756 5.07914018630981
3.06063008308411 5.10325002670288
3.0734601020813 5.12738990783691
3.08631992340088 5.15156984329224
3.09920001029968 5.17578983306885
3.11209011077881 5.20003986358643
3.12501001358032 5.22431993484497
3.1379599571228 5.24865007400513
3.15091991424561 5.27299976348877
3.16390991210938 5.29738998413086
3.17690992355347 5.32181978225708
3.18993997573853 5.3462700843811
3.20299005508423 5.37075996398926
3.216059923172 5.3952898979187
3.22915005683899 5.41983985900879
3.24225997924805 5.44442987442017
3.25538992881775 5.46903991699219
3.2685399055481 5.4936900138855
3.28170990943909 5.51837015151978
3.2948899269104 5.54307985305786
3.30809998512268 5.56782007217407
3.32133007049561 5.59258985519409
3.3345799446106 5.61739015579224
3.34784007072449 5.64221000671387
3.36112999916077 5.66706991195679
3.37442994117737 5.69194984436035
3.38774991035461 5.71685981750488
3.4010899066925 5.74179983139038
3.41444993019104 5.76676988601685
3.4278199672699 5.79175996780396
3.44122004508972 5.81678009033203
3.45462989807129 5.84181976318359
3.46806001663208 5.86688995361328
3.48150992393494 5.89199018478394
3.49497008323669 5.91710996627808
3.50845003128052 5.94225978851318
3.52195000648499 5.96743011474609
3.53545999526978 5.99263000488281
3.54900002479553 6.01784992218018
3.56255006790161 6.04309988021851
3.57610988616943 6.06835985183716
3.58968997001648 6.0936598777771
3.60329008102417 6.11896991729736
3.61690998077393 6.14430999755859
3.630539894104 6.16967010498047
3.64418005943298 6.19504976272583
3.65785002708435 6.22045993804932
3.67153000831604 6.24589014053345
3.68522000312805 6.27133989334106
3.69893002510071 6.29681015014648
3.71266007423401 6.32229995727539
3.72639989852905 6.34780979156494
3.740149974823 6.37335014343262
3.75392007827759 6.39890003204346
3.76770997047424 6.42447996139526
3.7815101146698 6.45007991790771
3.79533004760742 6.47568988800049
3.80915999412537 6.50132989883423
3.82300996780396 6.52697992324829
3.83686995506287 6.55265998840332
3.85074996948242 6.57835006713867
3.8646399974823 6.60407018661499
3.8785400390625 6.62979984283447
3.89246010780334 6.65555000305176
3.90638995170593 6.68132019042969
3.92034006118774 6.7071099281311
3.9342999458313 6.73291015625
3.94828009605408 6.75873994827271
3.9622700214386 6.78458023071289
3.97626996040344 6.81044006347656
3.99028992652893 6.83631992340088
4.00432014465332 6.86220979690552
4.01837015151978 6.88813018798828
4.03243017196655 6.91406011581421
4.04650020599365 6.94000005722046
4.06058979034424 6.96597003936768
4.0746898651123 6.99195003509521
4.08879995346069 7.01794004440308
4.10293006896973 7.0439600944519
4.11707019805908 7.06999015808105
4.1312198638916 7.09603023529053
4.14539003372192 7.12208986282349
4.15957021713257 7.14816999435425
4.17375993728638 7.17426013946533
4.18797016143799 7.2003698348999
4.20218992233276 7.22650003433228
4.21642017364502 7.25263977050781
4.23065996170044 7.27878999710083
4.2449197769165 7.30495977401733
4.25919008255005 7.33115005493164
4.27347993850708 7.35733985900879
4.28776979446411 7.38356018066406
4.30208015441895 7.4097900390625
4.31640005111694 7.43602991104126
4.33072996139526 7.46228981018066
4.34507989883423 7.48856019973755
4.35943984985352 7.51485013961792
4.37380981445313 7.54115009307861
4.38818979263306 7.56747007369995
4.40258979797363 7.59379005432129
4.41699981689453 7.62014007568359
4.43141984939575 7.6464900970459
4.44584989547729 7.67286014556885
4.46029996871948 7.69925022125244
4.47475004196167 7.7256498336792
4.4892201423645 7.75205993652344
4.50370979309082 7.778480052948
4.5181999206543 7.8049201965332
4.5327000617981 7.83136987686157
4.54722023010254 7.85783004760742
4.56174993515015 7.88430976867676
4.57629013061523 7.91079998016357
4.59084987640381 7.93730020523071
4.60541009902954 7.96380996704102
4.61998987197876 7.99034023284912
4.63458013534546 8.01688003540039
4.64917993545532 8.04343032836914
4.66379022598267 8.06999969482422
4.6784200668335 8.09657001495361
4.69304990768433 8.12316036224365
4.7076997756958 8.14976978302002
4.72236013412476 8.1763801574707
4.73703002929688 8.20300006866455
4.75170993804932 8.22964000701904
4.7664098739624 8.25629043579102
4.78110980987549 8.28295040130615
4.79582977294922 8.30963039398193
4.81056022644043 8.33631038665771
4.8253002166748 8.36301040649414
4.8400502204895 8.38971996307373
4.85481023788452 8.4164400100708
4.86958980560303 8.44316959381104
4.88436985015869 8.46990966796875
4.899169921875 8.49666976928711
4.91398000717163 8.52342987060547
4.92880010604858 8.55020999908447
4.94363021850586 8.57699966430664
4.95847988128662 8.60379981994629
4.97333002090454 8.63061046600342
4.98820018768311 8.65742969512939
5.00306987762451 8.68426036834717
5.01796007156372 8.71109962463379
5.03285980224609 8.73795986175537
5.04777002334595 8.76482009887695
5.06268978118896 8.79170036315918
5.07762002944946 8.81859016418457
5.09256982803345 8.84547996520996
5.10752010345459 8.872389793396
5.12248992919922 8.89931011199951
5.13746976852417 8.92623996734619
5.1524600982666 8.95318031311035
5.1674599647522 8.98013019561768
5.18246984481812 9.00708961486816
5.19749021530151 9.03405952453613
5.21252012252808 9.06105041503906
5.22757005691528 9.08804035186768
5.24261999130249 9.11503982543945
5.25768995285034 9.14204978942871
5.27276992797852 9.16907978057861
5.28784990310669 9.19610977172852
5.30294990539551 9.2231502532959
5.31805992126465 9.25020980834961
5.33317995071411 9.27727031707764
5.34832000732422 9.30434036254883
5.36346006393433 9.33143043518066
5.37861013412476 9.35851955413818
5.39378023147583 9.3856201171875
5.40895986557007 9.41273975372314
5.42413997650146 9.43986034393311
5.43934011459351 9.46699047088623
5.45454978942871 9.49413967132568
5.4697699546814 9.52128982543945
5.4850001335144 9.5484504699707
5.50023984909058 9.57563018798828
5.51550006866455 9.60280990600586
5.53075981140137 9.63000011444092
5.54603004455566 9.65719985961914
5.56131982803345 9.68441009521484
5.57662010192871 9.71162986755371
5.59191989898682 9.73886013031006
5.60724020004272 9.76609992980957
5.6225700378418 9.79335021972656
5.63790988922119 9.82061004638672
5.65326023101807 9.84788036346436
5.66862010955811 9.87514972686768
5.68399000167847 9.90244007110596
5.69937992095947 9.9297399520874
5.71476984024048 9.95703983306885
5.73016977310181 9.98435974121094
5.74559020996094 10.0116996765137
5.76102018356323 10.0389995574951
5.77645015716553 10.0663995742798
5.79190015792847 10.0937004089355
5.80736017227173 10.1211004257202
5.82283020019531 10.1484003067017
5.83830976486206 10.1758003234863
5.85379981994629 10.203200340271
5.86929988861084 10.2306003570557
5.88481998443604 10.2580003738403
5.90034008026123 10.285400390625
5.91588020324707 10.3128995895386
5.93141984939575 10.3402996063232
5.94697999954224 10.3676996231079
5.96254014968872 10.3951997756958
5.97811985015869 10.4225997924805
5.99371004104614 10.4500999450684
6.00930976867676 10.4776000976563
6.02491998672485 10.5051002502441
6.04054021835327 10.532600402832
6.05616998672485 10.5600996017456
6.07181978225708 10.5875997543335
6.08747005462646 10.6150999069214
6.10312986373901 10.6427001953125
6.11881017684937 10.6702003479004
6.13449001312256 10.697699546814
6.1501898765564 10.7252998352051
6.16590023040771 10.7529001235962
6.1816201210022 10.7804002761841
6.197350025177 10.8079996109009
6.21308994293213 10.835599899292
6.22883987426758 10.8632001876831
6.24459981918335 10.8908004760742
6.26036977767944 10.9184999465942
6.27615022659302 10.9461002349854
6.29195022583008 10.9736995697021
6.30775022506714 11.0013999938965
6.32356977462769 11.0290002822876
6.33938980102539 11.0566997528076
6.35522985458374 11.084400177002
6.37107992172241 11.1120004653931
6.38694000244141 11.1396999359131
6.40281009674072 11.1674003601074
6.41869020462036 11.1950998306274
6.43457984924316 11.222900390625
6.45047998428345 11.250599861145
6.46639013290405 11.2783002853394
6.48231983184814 11.3060998916626
6.49825000762939 11.3338003158569
6.51420021057129 11.3615999221802
6.53014993667603 11.3893003463745
6.54612016677856 11.4170999526978
6.56209993362427 11.444899559021
6.57809019088745 11.4727001190186
6.5940899848938 11.5004997253418
6.61009979248047 11.5283002853394
6.62612009048462 11.5560998916626
6.64214992523193 11.5839004516602
6.65819978713989 11.6118001937866
6.67425012588501 11.6395998001099
6.69031000137329 11.6674995422363
6.70638990402222 11.6953001022339
6.72247982025146 11.7231998443604
6.73857021331787 11.7510995864868
6.75468015670776 11.7789001464844
6.77080011367798 11.8067998886108
6.78693008422852 11.8346996307373
6.80307006835938 11.8626003265381
6.81923007965088 11.8906002044678
6.83539009094238 11.9184999465942
6.85156011581421 11.9463996887207
6.86775016784668 11.9743995666504
6.88395023345947 12.0023002624512
6.90014982223511 12.0303001403809
6.91636991500854 12.0581998825073
6.9326000213623 12.086199760437
6.94884014129639 12.1141996383667
6.96508979797363 12.1422004699707
6.98134994506836 12.1702003479004
6.99762010574341 12.1982002258301
7.01390981674194 12.2262001037598
7.03020000457764 12.2543001174927
7.04651021957397 12.2822999954224
7.06281995773315 12.3102998733521
7.07915019989014 12.338399887085
7.09548997879028 12.3663997650146
7.11183977127075 12.3944997787476
7.1282000541687 12.4225997924805
7.14456987380981 12.4506998062134
7.16095018386841 12.4787998199463
7.17735004425049 12.5068998336792
7.19374990463257 12.5349998474121
7.21016979217529 12.563099861145
7.22659015655518 12.5911998748779
7.24303007125854 12.6192998886108
7.25947999954224 12.647500038147
7.27593994140625 12.6756000518799
7.29240989685059 12.703800201416
7.30888986587524 12.7320003509521
7.32538986206055 12.7601003646851
7.34188985824585 12.7882995605469
7.3584098815918 12.816499710083
7.37492990493774 12.8446998596191
7.39146995544434 12.8729000091553
7.40802001953125 12.9011001586914
7.42458009719849 12.9293003082275
7.44115018844604 12.9575996398926
7.45772981643677 12.9857997894287
7.47432994842529 13.0141000747681
7.49093008041382 13.0423002243042
7.50754976272583 13.0705995559692
7.524169921875 13.0988998413086
7.54081010818481 13.1270999908447
7.55745983123779 13.1554002761841
7.57412004470825 13.1836996078491
7.59078979492188 13.2119998931885
7.6074800491333 13.2403001785278
7.62416982650757 13.2686996459961
7.64088010787964 13.2969999313354
7.65758991241455 13.3253002166748
7.67432022094727 13.3536996841431
7.69106006622314 13.3819999694824
7.70780992507935 13.410400390625
7.72456979751587 13.43869972229
7.74134016036987 13.4671001434326
7.75813007354736 13.4954996109009
7.77491998672485 13.5239000320435
7.79172992706299 13.552300453186
7.80854988098145 13.5806999206543
7.82537984848022 13.6091003417969
7.84221982955933 13.6375999450684
7.85906982421875 13.6660003662109
7.8759298324585 13.6943998336792
7.89280986785889 13.722900390625
7.90968990325928 13.7512998580933
7.92658996582031 13.7798004150391
7.94350004196167 13.8083000183105
7.96042013168335 13.836799621582
7.97735023498535 13.8652000427246
7.99428987503052 13.8936996459961
8.01124000549316 13.9223003387451
8.0282096862793 13.9507999420166
8.04518985748291 13.9792995452881
8.06217002868652 14.0078001022339
8.07917022705078 14.0363998413086
8.0961799621582 14.0649003982544
8.11320972442627 14.0935001373291
8.13024044036865 14.1219997406006
8.14729022979736 14.1506004333496
8.16434001922607 14.1792001724243
8.18140983581543 14.207799911499
8.19849014282227 14.2363996505737
8.21557998657227 14.2650003433228
8.23268032073975 14.2936000823975
8.24979972839355 14.3221998214722
8.26692008972168 14.3507995605469
8.28405952453613 14.3795003890991
8.30121040344238 14.4081001281738
8.31836986541748 14.4368000030518
8.33553981781006 14.4653997421265
8.35272979736328 14.4940996170044
8.3699197769165 14.5228004455566
8.38712978363037 14.5514001846313
8.40435028076172 14.5801000595093
8.42158031463623 14.6087999343872
8.43881988525391 14.6374998092651
8.45606994628906 14.6662998199463
8.47332954406738 14.6949996948242
8.49061012268066 14.7236995697021
8.50790023803711 14.7524995803833
8.52519989013672 14.7812004089355
8.54251003265381 14.8100004196167
8.55982971191406 14.8387002944946
8.57717037200928 14.8675003051758
8.59451007843018 14.8963003158569
8.61186981201172 14.9251003265381
8.62924003601074 14.9539003372192
8.64661979675293 14.9827003479004
8.6640100479126 15.0115003585815
8.68142032623291 15.0403003692627
8.69882965087891 15.0691003799438
8.71625995635986 15.0979995727539
8.73369979858398 15.1267995834351
8.75115013122559 15.1556997299194
8.76861953735352 15.1844997406006
8.78608989715576 15.213399887085
8.80358028411865 15.2423000335693
8.82108020782471 15.2712001800537
8.83858966827393 15.3001003265381
8.85610961914063 15.3290004730225
8.87364959716797 15.3578996658325
8.89118957519531 15.3867998123169
8.9087495803833 15.4156999588013
8.92632007598877 15.4446001052856
8.9439001083374 15.4736003875732
8.9614896774292 15.5024995803833
8.97910022735596 15.5314998626709
8.99672031402588 15.5605001449585
9.01434993743896 15.5894002914429
9.03199005126953 15.6183996200562
9.04963970184326 15.6473999023438
9.06731033325195 15.6764001846313
9.08498001098633 15.7054004669189
9.10266971588135 15.7343997955322
9.12036991119385 15.763500213623
9.13809013366699 15.7924995422363
9.15581035614014 15.8214998245239
9.17354965209961 15.8506002426147
9.19130039215088 15.879599571228
9.209059715271 15.9086999893188
9.22682952880859 15.9378004074097
9.24460983276367 15.9667997360229
9.26241016387939 15.9959001541138
9.28022003173828 16.0249996185303
9.29804039001465 16.0541000366211
9.31587028503418 16.0832004547119
9.33372020721436 16.1124000549316
9.3515796661377 16.1415004730225
9.36944961547852 16.1706008911133
9.38733005523682 16.199800491333
9.40522003173828 16.2289009094238
9.42313003540039 16.2581005096436
9.4410400390625 16.2873001098633
9.45897006988525 16.3164005279541
9.47692012786865 16.3456001281738
9.49487018585205 16.3747997283936
9.51284027099609 16.4039993286133
9.5308198928833 16.4332008361816
9.54881000518799 16.4624004364014
9.56680965423584 16.49169921875
9.58483028411865 16.5209007263184
9.60284996032715 16.5501003265381
9.62088966369629 16.5793991088867
9.63893985748291 16.608699798584
9.65701007843018 16.6378993988037
9.67508983612061 16.667200088501
9.69316959381104 16.6965007781982
9.71127986907959 16.7257995605469
9.72939014434814 16.7551002502441
9.74752044677734 16.7844009399414
9.76564979553223 16.81369972229
9.78380012512207 16.8430004119873
9.80196952819824 16.8722991943359
9.82013988494873 16.9016990661621
9.83833026885986 16.9309997558594
9.85653018951416 16.9603996276855
9.87473964691162 16.9897994995117
9.89297008514404 17.019100189209
9.91119956970215 17.0485000610352
9.92945003509521 17.0778999328613
9.94771957397461 17.1072998046875
9.96599006652832 17.1366996765137
9.98427963256836 17.1660995483398
10.0025997161865 17.195499420166
