0.541437983512878 0.45940300822258
0.540956020355225 0.45872500538826
0.540475010871887 0.458050012588501
0.539996027946472 0.457378000020981
0.539517998695374 0.456707000732422
0.539041996002197 0.456039994955063
0.538567006587982 0.455374985933304
0.538093984127045 0.454712003469467
0.537621974945068 0.454052001237869
0.537151992321014 0.453393995761871
0.536683022975922 0.452739000320435
0.536216020584106 0.452086985111237
0.535749971866608 0.451436012983322
0.535286009311676 0.450787991285324
0.534823000431061 0.45014300942421
0.534362018108368 0.449499994516373
0.533901989459991 0.448859006166458
0.533442974090576 0.448220998048782
0.532985985279083 0.447584986686707
0.532530009746552 0.446951001882553
0.532076001167297 0.446319997310638
0.531623005867004 0.445690989494324
0.531171023845673 0.44506499171257
0.530721008777618 0.444440990686417
0.530272006988525 0.443818986415863
0.52982497215271 0.443199008703232
0.5293790102005 0.442582011222839
0.528934001922607 0.441967010498047
0.528491020202637 0.441354006528854
0.528048992156982 0.440744012594223
0.52760899066925 0.440135985612869
0.52717000246048 0.439529985189438
0.52673202753067 0.438926011323929
0.526295006275177 0.438324004411697
0.525860011577606 0.437725007534027
0.525426983833313 0.437128007411957
0.524994015693665 0.436533004045486
0.524563014507294 0.435939997434616
0.524133026599884 0.435350000858307
0.523705005645752 0.434760987758636
0.523277997970581 0.43417501449585
0.522852003574371 0.43359100818634
0.522427022457123 0.433008998632431
0.522004008293152 0.432428985834122
0.521582007408142 0.431852012872696
0.52116197347641 0.431275993585587
0.520741999149323 0.430703014135361
0.520323991775513 0.430130988359451
0.519906997680664 0.429562002420425
0.519491970539093 0.428995013237
0.519078016281128 0.428429991006851
0.518665015697479 0.427866995334625
0.518253028392792 0.427305996417999
0.517841994762421 0.426746994256973
0.517432987689972 0.426189988851547
0.517024993896484 0.425635010004044
0.516618013381958 0.425081998109818
0.516212999820709 0.424531012773514
0.515808999538422 0.423981994390488
0.515406012535095 0.423435002565384
0.515003979206085 0.42289000749588
0.514603018760681 0.422347992658615
0.514204025268555 0.421806991100311
0.513805985450745 0.421267986297607
0.513409018516541 0.420731008052826
0.513013005256653 0.420195996761322
0.512618005275726 0.419661998748779
0.512224972248077 0.419131010770798
0.511833012104034 0.418601989746094
0.511442005634308 0.418074995279312
0.511052012443542 0.417549014091492
0.510662972927094 0.41702601313591
0.510276019573212 0.416503995656967
0.509890019893646 0.415984004735947
0.509504020214081 0.415466994047165
0.509121000766754 0.414950996637344
0.508737981319427 0.414436995983124
0.508355975151062 0.413924008607864
0.507975995540619 0.413414001464844
0.507596015930176 0.412905007600784
0.50721800327301 0.412398993968964
0.506841003894806 0.411893993616104
0.506465017795563 0.411390990018845
0.506089985370636 0.410890012979507
0.505716979503632 0.410389989614487
0.505343973636627 0.409893006086349
0.504972994327545 0.409397006034851
0.504603028297424 0.408903002738953
0.504233002662659 0.408410996198654
0.503865003585815 0.407920002937317
0.50349897146225 0.40743100643158
0.503132998943329 0.406944990158081
0.502767980098724 0.406459003686905
0.502403974533081 0.405975997447968
0.50204199552536 0.405494004487991
0.5016810297966 0.405014008283615
0.501320004463196 0.404536008834839
0.500961005687714 0.404060006141663
0.500603020191193 0.403584986925125
0.500245988368988 0.40311199426651
0.499889999628067 0.402640998363495
0.499534994363785 0.402170985937119
0.499181002378464 0.401703000068665
0.498827993869781 0.401237010955811
0.498477011919022 0.400772988796234
0.498126000165939 0.400310009717941
0.497776985168457 0.399848997592926
0.497427999973297 0.399388998746872
0.497081011533737 0.398932009935379
0.496733993291855 0.398474991321564
0.496389001607895 0.398021012544632
0.496044993400574 0.397567987442017
0.495700985193253 0.397116988897324
0.495359003543854 0.396667003631592
0.495018005371094 0.396218985319138
0.494677990674973 0.395772993564606
0.494338989257813 0.395328998565674
0.494001001119614 0.394885003566742
0.493663996458054 0.394443988800049
0.493328005075455 0.394003987312317
0.492992997169495 0.393566012382507
0.492659002542496 0.393128991127014
0.492325991392136 0.392693996429443
0.491993993520737 0.392260998487473
0.491663008928299 0.391829013824463
0.4913330078125 0.391398996114731
0.49100399017334 0.39096999168396
0.490675985813141 0.390543013811111
0.490348994731903 0.390116989612579
0.490022987127304 0.38969299197197
0.489699006080627 0.389270007610321
0.489374995231628 0.38884899020195
0.489051997661591 0.388429999351501
0.488730013370514 0.388011991977692
0.488409012556076 0.387596011161804
0.488088995218277 0.387181013822556
0.487769991159439 0.386768013238907
0.487452000379562 0.386355996131897
0.487134993076324 0.385946005582809
0.486818999052048 0.385536998510361
0.48650398850441 0.385129988193512
0.486189991235733 0.384723991155624
0.485877007246017 0.384319990873337
0.485565006732941 0.38391700387001
0.485253989696503 0.383515000343323
0.484943985939026 0.383116006851196
0.484634011983871 0.38271701335907
0.484326004981995 0.382321000099182
0.484019011259079 0.381924986839294
0.483713001012802 0.381531000137329
0.483406990766525 0.381139010190964
0.483103007078171 0.380748003721237
0.482798993587494 0.380358010530472
0.482497006654739 0.379970014095306
0.482194989919662 0.379584014415741
0.481894999742508 0.379198998212814
0.481595009565353 0.378814995288849
0.481296002864838 0.378432005643845
0.480998992919922 0.378051996231079
0.480702012777328 0.377671986818314
0.480405986309052 0.37729400396347
0.480111002922058 0.376917988061905
0.479817003011703 0.376542001962662
0.479523986577988 0.376168996095657
0.479232013225555 0.375795990228653
0.47894099354744 0.375425010919571
0.478650003671646 0.375055998563766
0.478361010551453 0.374687999486923
0.478073000907898 0.374321013689041
0.477784991264343 0.373955994844437
0.47749799489975 0.373591989278793
0.477212995290756 0.373228996992111
0.476927995681763 0.372868001461029
0.47664400935173 0.372507989406586
0.476361006498337 0.372150003910065
0.476080000400543 0.371793001890182
0.47579899430275 0.371437013149261
0.475517988204956 0.371082991361618
0.475239008665085 0.370730012655258
0.474961012601852 0.370379000902176
0.474684000015259 0.370029002428055
0.474406987428665 0.369679987430573
0.474132001399994 0.369331985712051
0.473856985569 0.368986010551453
0.47358301281929 0.368642002344131
0.473311007022858 0.36829799413681
0.473039001226425 0.367956012487411
0.472768008708954 0.367615014314651
0.472497999668121 0.367276012897491
0.472227990627289 0.36693799495697
0.471960008144379 0.36660099029541
0.471693009138107 0.366266012191772
0.471426010131836 0.365931987762451
0.471161007881165 0.365599006414413
0.470896005630493 0.365267992019653
0.470631986856461 0.364937990903854
0.47036999464035 0.364609003067017
0.47010800242424 0.364282011985779
0.469846993684769 0.36395600438118
0.46958601474762 0.363631010055542
0.469327002763748 0.363308012485504
0.469069004058838 0.362985998392105
0.468811005353928 0.362664997577667
0.468555003404617 0.362345010042191
0.468299001455307 0.362026989459991
0.468044996261597 0.361710011959076
0.467790991067886 0.361395001411438
0.467537999153137 0.3610799908638
0.467285990715027 0.360767990350723
0.467034995555878 0.360455989837646
0.466784000396729 0.36014598608017
0.466535001993179 0.359836012125015
0.46628600358963 0.359528988599777
0.466039001941681 0.359221994876862
0.465792000293732 0.358916997909546
0.465546995401382 0.358613014221191
0.465301990509033 0.358310997486115
0.465057998895645 0.35800901055336
0.464814990758896 0.357708990573883
0.464572012424469 0.357410997152328
0.46433100104332 0.357113003730774
0.464091002941132 0.356817007064819
0.463851004838943 0.356521993875504
0.463613003492355 0.35622900724411
0.463375002145767 0.355935990810394
0.46313801407814 0.355645000934601
0.462902009487152 0.355356007814407
0.462668001651764 0.355067014694214
0.462433010339737 0.354779988527298
0.462199985980988 0.354494005441666
0.461968004703522 0.354209005832672
0.461737006902695 0.353926002979279
0.461506009101868 0.353644013404846
0.461277008056641 0.353363007307053
0.461048007011414 0.353083997964859
0.460819989442825 0.352806001901627
0.460593998432159 0.352528989315033
0.460368007421494 0.352252990007401
0.460142999887466 0.351978987455368
0.459919005632401 0.351705998182297
0.459695011377335 0.351433992385864
0.459473013877869 0.351162999868393
0.459251999855042 0.350894004106522
0.459031999111176 0.350625991821289
0.45881199836731 0.350358992815018
0.458593994379044 0.350093990564346
0.458375990390778 0.349830001592636
0.458158999681473 0.349566996097565
0.457942992448807 0.349305003881454
0.457729011774063 0.349045008420944
0.457515001296997 0.348785996437073
0.457302004098892 0.348527997732162
0.457089990377426 0.348271995782852
0.456878006458282 0.348017007112503
0.456667989492416 0.347763001918793
0.456458985805511 0.347510010004044
0.456250995397568 0.347259014844894
0.456043004989624 0.347009003162384
0.45583701133728 0.346760004758835
0.455630987882614 0.346513003110886
0.45542699098587 0.346267014741898
0.455222994089127 0.346022009849548
0.455020993947983 0.345779001712799
0.454818993806839 0.34553599357605
0.454618990421295 0.345295995473862
0.454418987035751 0.345055997371674
0.454219996929169 0.344817996025085
0.454021990299225 0.344581007957458
0.453826010227203 0.34434500336647
0.453630000352859 0.344110995531082
0.453435003757477 0.343878000974655
0.453240990638733 0.343645989894867
0.45304799079895 0.343416005373001
0.452856004238129 0.343187004327774
0.452666014432907 0.342958986759186
0.452475994825363 0.34273299574852
0.45228698849678 0.342507988214493
0.452098995447159 0.342283993959427
0.451911985874176 0.342061996459961
0.451725989580154 0.341841012239456
0.451541990041733 0.34162101149559
0.451357990503311 0.341403007507324
0.451175004243851 0.341185986995697
0.450993001461029 0.340970009565353
0.450812995433807 0.340755999088287
0.450632989406586 0.340543001890182
0.450455009937286 0.340332001447678
0.450277000665665 0.340122014284134
0.450100988149643 0.339913010597229
0.449925005435944 0.339706003665924
0.449750989675522 0.33950001001358
0.449577987194061 0.339296013116837
0.449405997991562 0.33909198641777
0.449234992265701 0.338890999555588
0.449064999818802 0.338690996170044
0.448895990848541 0.338492006063461
0.448727995157242 0.338293999433517
0.448561996221542 0.338099002838135
0.448395997285843 0.337904006242752
0.448231995105743 0.337711006402969
0.448069006204605 0.337520003318787
0.447907000780106 0.337329000234604
0.447746008634567 0.337141007184982
0.447585999965668 0.336953997612
0.447427004575729 0.336768001317978
0.447270005941391 0.336584001779556
0.447113990783691 0.336400985717773
0.446958988904953 0.336219996213913
0.446805000305176 0.336041003465652
0.446653008460999 0.335862994194031
0.446500986814499 0.33568599820137
0.446350991725922 0.33551099896431
0.446202009916306 0.335337996482849
0.446054995059967 0.33516600728035
0.44590899348259 0.33499601483345
0.445762991905212 0.33482700586319
0.445620000362396 0.334659993648529
0.44547700881958 0.334495007991791
0.445336014032364 0.334331005811691
0.445196002721786 0.334169000387192
0.445057988166809 0.334008991718292
0.444920986890793 0.333849996328354
0.444784998893738 0.333692997694016
0.444651007652283 0.333537995815277
0.444517999887466 0.3333840072155
0.444386005401611 0.333231985569
0.444256007671356 0.333081990480423
0.444128006696701 0.332933992147446
0.444000005722046 0.33278700709343
0.443875014781952 0.332641988992691
0.443751007318497 0.332498997449875
0.443628013134003 0.332358002662659
0.443506985902786 0.332219004631042
0.443387001752853 0.332080990076065
0.443269014358521 0.331945985555649
0.443152010440826 0.331811994314194
0.443037986755371 0.3316810131073
0.442923992872238 0.331550985574722
0.442813009023666 0.33142301440239
0.442703008651733 0.331297010183334
0.4425950050354 0.331173986196518
0.442488014698029 0.331052005290985
0.442382991313934 0.330933004617691
0.442279994487762 0.330814987421036
0.442178994417191 0.330700010061264
0.442079991102219 0.33058699965477
0.441982001066208 0.330475986003876
0.441886991262436 0.330366998910904
0.441792994737625 0.330260008573532
0.441700994968414 0.330155998468399
0.441612005233765 0.330053985118866
0.441523998975754 0.329955011606216
0.441437989473343 0.329858005046844
0.441354990005493 0.329762995243073
0.441273003816605 0.329670995473862
0.441193997859955 0.329580992460251
0.441116988658905 0.329493999481201
0.441042006015778 0.329409003257751
0.440970003604889 0.329328000545502
0.440899014472961 0.329248011112213
0.440831989049911 0.329171985387802
0.440766006708145 0.329097986221313
0.440703004598618 0.329028010368347
0.440643012523651 0.328960001468658
0.440584987401962 0.328895002603531
0.440530002117157 0.328833013772964
0.44047799706459 0.328774988651276
0.440429002046585 0.328718990087509
0.44038200378418 0.328667014837265
0.440337985754013 0.328617990016937
0.440297991037369 0.328572005033493
0.440259993076324 0.328530013561249
0.44022598862648 0.328491985797882
0.440194010734558 0.328456997871399
0.440167009830475 0.328426003456116
0.440142005681992 0.328399002552032
0.440120995044708 0.328375995159149
0.440104007720947 0.328357011079788
0.440091013908386 0.328341990709305
0.440081000328064 0.328332006931305
0.440075993537903 0.328325986862183
0.440075010061264 0.328323990106583
0.440077990293503 0.328327000141144
0.440084993839264 0.328336000442505
0.440097004175186 0.328348994255066
0.440113991498947 0.328368008136749
0.440135985612869 0.328391999006271
0.440162986516953 0.328420996665955
0.440194994211197 0.328456997871399
0.440232992172241 0.328498989343643
0.440277010202408 0.32854700088501
0.440326005220413 0.328601002693176
0.44038200378418 0.328662991523743
0.440445005893707 0.328732013702393
0.440515011548996 0.328808009624481
0.440591990947723 0.328893005847931
0.440676987171173 0.328985005617142
0.440770000219345 0.329086989164352
0.440871000289917 0.329198002815247
0.44098100066185 0.329317986965179
0.441101998090744 0.329448997974396
0.441231995820999 0.329591006040573
0.441372990608215 0.329744011163712
0.441525995731354 0.329910010099411
0.441691011190414 0.330089002847672
0.441868990659714 0.330282986164093
0.442061990499496 0.330491006374359
0.442270010709763 0.330716997385025
0.442494988441467 0.330960005521774
0.442739009857178 0.331223011016846
0.443001985549927 0.331506997346878
0.443287998437881 0.331813991069794
0.443598002195358 0.332147002220154
0.443933993577957 0.332509011030197
0.444301009178162 0.332902014255524
0.444701999425888 0.333330988883972
0.44514200091362 0.333801001310349
0.445625007152557 0.33431801199913
0.4461590051651 0.334886997938156
0.44675201177597 0.33551698923111
0.447412014007568 0.336219012737274
0.448152005672455 0.337002992630005
0.448983013629913 0.337882995605469
0.449916988611221 0.338869988918304
0.450962990522385 0.339973002672195
0.452118009328842 0.341188013553619
0.453364014625549 0.342496007680893
0.454667985439301 0.343861013650894
0.455990999937057 0.345245003700256
0.457304000854492 0.346614003181458
0.458586990833282 0.347950011491776
0.45983299612999 0.349245011806488
0.461039990186691 0.350497007369995
0.462208986282349 0.351709008216858
0.463344007730484 0.352883011102676
0.464446008205414 0.354021996259689
0.465519994497299 0.35513100028038
0.466567993164063 0.356211990118027
0.467593014240265 0.357268005609512
0.468596994876862 0.358301013708115
0.469581991434097 0.359313011169434
0.470550000667572 0.360307991504669
0.471502006053925 0.361285001039505
0.472440004348755 0.362246990203857
0.473365008831024 0.36319500207901
0.474278002977371 0.36412900686264
0.475180000066757 0.36505201458931
0.476072013378143 0.365963995456696
0.476954013109207 0.366865992546082
0.477827996015549 0.367758005857468
0.47869399189949 0.36864098906517
0.479552000761032 0.369515985250473
0.480403006076813 0.370384007692337
0.481247991323471 0.371244013309479
0.482086002826691 0.372096985578537
0.482919007539749 0.372943997383118
0.483747005462646 0.373786002397537
0.484569013118744 0.374621003866196
0.48538601398468 0.375450998544693
0.486198991537094 0.37627699971199
0.48700800538063 0.377097010612488
0.487812995910645 0.377912998199463
0.488613992929459 0.378724992275238
0.489412009716034 0.379532992839813
0.490206003189087 0.38033801317215
0.490996986627579 0.381137996912003
0.491784989833832 0.381936013698578
0.492570996284485 0.382730007171631
0.493353009223938 0.383520990610123
0.494132995605469 0.384308993816376
0.4949109852314 0.385093986988068
0.495685994625092 0.385877013206482
0.496459990739822 0.386658012866974
0.497231006622314 0.387436002492905
0.497999995946884 0.388211995363235
0.498768001794815 0.388985008001328
0.499534010887146 0.389757007360458
0.500298023223877 0.390527009963989
0.501061022281647 0.391294002532959
0.501821994781494 0.392060995101929
0.502582013607025 0.39282500743866
0.503340005874634 0.393588006496429
0.504097998142242 0.394349992275238
0.504854023456573 0.395110011100769
0.505608975887299 0.395868003368378
0.506362974643707 0.396625995635986
0.507116973400116 0.397381991147995
0.507869005203247 0.398137003183365
0.508620977401733 0.398891985416412
0.509370982646942 0.399645000696182
0.510120987892151 0.400397002696991
0.51087099313736 0.401147991418839
0.511618971824646 0.401897996664047
0.512368023395538 0.402648001909256
0.513114988803864 0.403396993875504
0.513863027095795 0.404145002365112
0.514608979225159 0.40489199757576
0.515356004238129 0.405638992786407
0.516102015972137 0.406385987997055
0.516847014427185 0.407131999731064
0.517593026161194 0.407876998186111
0.518338024616241 0.408621996641159
0.519083023071289 0.409366011619568
0.519828021526337 0.410109996795654
0.520572006702423 0.410854011774063
0.521317005157471 0.41159799695015
0.522060990333557 0.412340998649597
0.522805988788605 0.413084000349045
0.523549973964691 0.413827002048492
0.524294972419739 0.414568990468979
0.52503901720047 0.415311992168427
0.525784015655518 0.416054010391235
0.526529014110565 0.416795998811722
0.527272999286652 0.417537987232208
0.528017997741699 0.418280988931656
0.528762996196747 0.419023007154465
0.529509007930756 0.419764995574951
0.530254006385803 0.42050701379776
0.531000018119812 0.421249985694885
0.531745970249176 0.421992003917694
0.532492995262146 0.422735005617142
0.533239006996155 0.423476994037628
0.53398597240448 0.424219995737076
0.534734010696411 0.424962997436523
0.535480976104736 0.425707012414932
0.536230027675629 0.42645001411438
0.536978006362915 0.427193999290466
0.537726998329163 0.427938014268875
0.538477003574371 0.428681999444962
0.539225995540619 0.429426997900009
0.539977014064789 0.430171996355057
0.540727972984314 0.430916994810104
0.541478991508484 0.431663006544113
0.542231023311615 0.4324089884758
0.542984008789063 0.433155000209808
0.54373699426651 0.433901995420456
0.544490993022919 0.434650003910065
0.545244991779327 0.435396999120712
0.546000003814697 0.43614599108696
0.546755015850067 0.436893999576569
0.547511994838715 0.437644004821777
0.548268020153046 0.438392996788025
0.549026012420654 0.439143985509872
0.549784004688263 0.439895004034042
0.550543010234833 0.44064599275589
0.551303029060364 0.441397994756699
0.55206298828125 0.442151010036469
0.552824974060059 0.442903995513916
0.553587019443512 0.443657994270325
0.554349005222321 0.444411993026733
0.555113017559052 0.445167005062103
0.555876970291138 0.445923000574112
0.55664199590683 0.446678996086121
0.557407975196838 0.447436988353729
0.558175027370453 0.448193997144699
0.558942973613739 0.448953002691269
0.559711992740631 0.449712008237839
0.560481011867523 0.450471997261047
0.561250984668732 0.451232999563217
0.562022984027863 0.451994985342026
0.562794983386993 0.452757000923157
0.563567996025085 0.453519999980927
0.564342021942139 0.454284012317657
0.565117001533508 0.455049008131027
0.565892994403839 0.455814987421036
0.566670000553131 0.456580996513367
0.567448019981384 0.457347989082336
0.568226993083954 0.458115994930267
0.569006979465485 0.458885014057159
0.569787979125977 0.459654986858368
0.57056999206543 0.46042600274086
0.571353018283844 0.461198002099991
0.572136998176575 0.461970001459122
0.572921991348267 0.462743997573853
0.57370799779892 0.463517993688583
0.574495017528534 0.464293986558914
0.575284004211426 0.465070009231567
0.576072990894318 0.465847998857498
0.576864004135132 0.466625988483429
0.577655017375946 0.467404991388321
0.578447997570038 0.468185991048813
0.579241991043091 0.468966990709305
0.580036997795105 0.469749003648758
0.580833971500397 0.470533013343811
0.581631004810333 0.471316993236542
0.582430005073547 0.472102999687195
0.583230018615723 0.472889006137848
0.584030985832214 0.473677009344101
0.584833025932312 0.474465012550354
0.585636019706726 0.475255012512207
0.586440980434418 0.476045995950699
0.587247014045715 0.476837992668152
0.588054001331329 0.477631002664566
0.588863015174866 0.478424996137619
0.589672029018402 0.479220986366272
0.590483009815216 0.480017006397247
0.591296017169952 0.4808149933815
0.592109024524689 0.481613993644714
0.592923998832703 0.48241400718689
0.593739986419678 0.483215004205704
0.594558000564575 0.484017997980118
0.595377027988434 0.484820991754532
0.596197009086609 0.485626012086868
0.597018003463745 0.486431986093521
0.597841024398804 0.487239003181458
0.59866601228714 0.488047987222672
0.599491000175476 0.488858014345169
0.600318014621735 0.489668995141983
0.601146996021271 0.490480989217758
0.601975977420807 0.491295009851456
0.602807998657227 0.492109000682831
0.603640019893646 0.492926001548767
0.604474008083344 0.493743002414703
0.605310022830963 0.49456200003624
0.606146991252899 0.495382010936737
0.606984972953796 0.496203005313873
0.607824981212616 0.497025996446609
0.608666002750397 0.497850000858307
0.609508991241455 0.498676002025604
0.610354006290436 0.499502003192902
0.611199021339417 0.500329971313477
0.612047016620636 0.501160025596619
0.612896025180817 0.501990973949432
0.613745987415314 0.502822995185852
0.614597976207733 0.503656983375549
0.615450978279114 0.504491984844208
0.616306006908417 0.505329012870789
0.617163002490997 0.506166994571686
0.618021011352539 0.507005989551544
0.618880987167358 0.507847011089325
0.619741976261139 0.508689999580383
0.620604991912842 0.509532988071442
0.621469020843506 0.510379016399384
0.622335970401764 0.511225998401642
0.623202979564667 0.512073993682861
0.624073028564453 0.512924015522003
0.624943971633911 0.513774991035461
0.625815987586975 0.514627993106842
0.626690983772278 0.515482008457184
0.627566993236542 0.516337990760803
0.628444015979767 0.517195999622345
0.62932300567627 0.518055021762848
0.630204021930695 0.518914997577667
0.631087005138397 0.519776999950409
0.631972014904022 0.520641028881073
0.632857978343964 0.521506011486053
0.633746027946472 0.522373020648956
0.634634971618652 0.523241996765137
0.6355260014534 0.524111986160278
0.636420011520386 0.524982988834381
0.637314021587372 0.525856971740723
0.638211011886597 0.52673202753067
0.639109015464783 0.527607977390289
0.640009999275208 0.528487026691437
0.640911996364594 0.529367029666901
0.641815006732941 0.530247986316681
0.642720997333527 0.531131982803345
0.643628001213074 0.53201699256897
0.64453798532486 0.532903015613556
0.645448982715607 0.533792018890381
0.646362006664276 0.534681975841522
0.647275984287262 0.535574018955231
0.648193001747131 0.536467015743256
0.649110972881317 0.537362992763519
0.650031983852386 0.538259983062744
0.650954008102417 0.539158999919891
0.651877999305725 0.540058970451355
0.652804017066956 0.540961980819702
0.653733015060425 0.54186600446701
0.654662013053894 0.542771995067596
0.655593991279602 0.543680012226105
0.656527996063232 0.544588983058929
0.657464027404785 0.545500993728638
0.658402025699615 0.546414017677307
0.659341990947723 0.547329008579254
0.660283029079437 0.548246026039124
0.661226987838745 0.549165010452271
0.662172973155975 0.55008602142334
0.663120985031128 0.551007986068726
0.664070010185242 0.551932990550995
0.665022015571594 0.552859008312225
0.665975987911224 0.553786993026733
0.666931986808777 0.554718017578125
0.667890012264252 0.555649995803833
0.668850004673004 0.556584000587463
0.669812023639679 0.557519972324371
0.670776009559631 0.558457970619202
0.671742022037506 0.559396982192993
0.67271101474762 0.560338973999023
0.673681020736694 0.561282992362976
0.674654006958008 0.562228977680206
0.675628006458282 0.563176989555359
0.676604986190796 0.564127027988434
0.677583992481232 0.565078020095825
0.678565979003906 0.566031992435455
0.679548978805542 0.566987991333008
0.680535018444061 0.567946016788483
0.681522011756897 0.568906009197235
0.682511985301971 0.56986802816391
0.683503985404968 0.570832014083862
0.684499025344849 0.571798026561737
0.685495972633362 0.572767019271851
0.686493992805481 0.573737025260925
0.6874960064888 0.574710011482239
0.688498973846436 0.575684010982513
0.689504981040955 0.576660990715027
0.690513014793396 0.577639997005463
0.691523015499115 0.578620970249176
0.692534983158112 0.579604029655457
0.693549990653992 0.580590009689331
0.694567024707794 0.581577003002167
0.695586979389191 0.582566976547241
0.696609020233154 0.583558976650238
0.697633028030396 0.584553003311157
0.698660016059875 0.585550010204315
0.699688017368317 0.58654797077179
0.700720012187958 0.587548971176147
0.701753973960876 0.588551998138428
0.702790021896362 0.589558005332947
0.703827977180481 0.590565025806427
0.704868972301483 0.591575026512146
0.705913007259369 0.592586994171143
0.706959009170532 0.593602001667023
0.708006978034973 0.59461897611618
0.709057986736298 0.59563797712326
0.710111021995544 0.596659004688263
0.711166977882385 0.597683012485504
0.712225019931793 0.598708987236023
0.713285982608795 0.599738001823425
0.714348971843719 0.600768983364105
0.715415000915527 0.601801991462708
0.716482996940613 0.602837979793549
0.717553973197937 0.603875994682312
0.718627989292145 0.604916989803314
0.71970397233963 0.605960011482239
0.720782995223999 0.607005000114441
0.721863985061646 0.608053028583527
0.722948014736176 0.60910302400589
0.724035024642944 0.610155999660492
0.725124001502991 0.611211001873016
0.726216018199921 0.61226898431778
0.727310001850128 0.613328993320465
0.728407025337219 0.614391982555389
0.729507029056549 0.615458011627197
0.730610013008118 0.616524994373322
0.731715023517609 0.617595970630646
0.732823014259338 0.618668973445892
0.733933985233307 0.619744002819061
0.735046982765198 0.62082302570343
0.736163020133972 0.621903002262115
0.737281978130341 0.622986972332001
0.738403975963593 0.624073028564453
0.739529013633728 0.625160992145538
0.740656018257141 0.626251995563507
0.741786003112793 0.627345979213715
0.742919027805328 0.628443002700806
0.744054973125458 0.629541993141174
0.745194017887115 0.630644023418427
0.746335029602051 0.631748974323273
0.747479975223541 0.632856011390686
0.748627007007599 0.633966028690338
0.749777019023895 0.635079026222229
0.750931024551392 0.636195003986359
0.752086997032166 0.637313008308411
0.753246009349823 0.638433992862701
0.754408001899719 0.639558017253876
0.755572974681854 0.640685021877289
0.756740987300873 0.641813993453979
0.75791198015213 0.642947018146515
0.759086012840271 0.644082009792328
0.760263025760651 0.64521998167038
0.761443018913269 0.646360993385315
0.762625992298126 0.647504985332489
0.763812005519867 0.648651003837585
0.765000998973846 0.649801015853882
0.766192972660065 0.650952994823456
0.767388999462128 0.652109026908875
0.768586993217468 0.653267025947571
0.769788980484009 0.654428005218506
0.770992994308472 0.655592978000641
0.772201001644135 0.656759977340698
0.773411989212036 0.657930016517639
0.774626970291138 0.659103989601135
0.775843977928162 0.660279989242554
0.777064979076385 0.661459028720856
0.778289020061493 0.662642002105713
0.779515981674194 0.663827002048492
0.780745983123779 0.665015995502472
0.781979978084564 0.666207015514374
0.783217012882233 0.667402029037476
0.78445702791214 0.668600022792816
0.785700976848602 0.669800996780396
0.786948025226593 0.671005010604858
0.788197994232178 0.67221200466156
0.789452016353607 0.673422992229462
0.790709018707275 0.674636006355286
0.791969001293182 0.67585301399231
0.793232977390289 0.677073001861572
0.79449999332428 0.678296983242035
0.79577100276947 0.67952299118042
0.797044992446899 0.680752992630005
0.798322021961212 0.681985974311829
0.79960298538208 0.683221995830536
0.800888001918793 0.684462010860443
0.802175998687744 0.685705006122589
0.803466975688934 0.686950981616974
0.804762005805969 0.688201010227203
0.806061029434204 0.689454019069672
0.807362973690033 0.69071102142334
0.808668971061707 0.691969990730286
0.809979021549225 0.693234026432037
0.811291992664337 0.694500029087067
0.812608003616333 0.695770978927612
0.81392902135849 0.697044014930725
0.815253019332886 0.698320984840393
0.81657999753952 0.699602007865906
0.817911982536316 0.700886011123657
0.819247007369995 0.702172994613647
0.820586025714874 0.703463971614838
0.821928024291992 0.704759001731873
0.823275029659271 0.706057012081146
0.824625015258789 0.70735901594162
0.825978994369507 0.708665013313293
0.827337026596069 0.709973990917206
0.828697979450226 0.711286008358002
0.830063998699188 0.712602972984314
0.831432998180389 0.71392297744751
0.832807004451752 0.715246975421906
0.834183990955353 0.716574013233185
0.835564970970154 0.717904984951019
0.8369500041008 0.719240009784698
0.838338971138 0.720579028129578
0.839731991291046 0.721921026706696
0.841129004955292 0.723267018795013
0.842530012130737 0.724617004394531
0.843935012817383 0.725970983505249
0.845345020294189 0.727329015731812
0.846758008003235 0.728690028190613
0.84817498922348 0.73005598783493
0.849596977233887 0.731424987316132
0.851022005081177 0.732797980308533
0.852451980113983 0.734175026416779
0.853886008262634 0.73555600643158
0.855323970317841 0.736940979957581
0.856765985488892 0.738331019878387
0.858213007450104 0.739723980426788
0.859663009643555 0.741120994091034
0.861118972301483 0.742522001266479
0.862577974796295 0.743927001953125
0.864041984081268 0.74533599615097
0.86550897359848 0.746749997138977
0.866981983184814 0.748166978359222
0.868457973003387 0.749589025974274
0.869939982891083 0.75101500749588
0.871424973011017 0.752444982528687
0.872915029525757 0.753879010677338
0.874409019947052 0.755316972732544
0.875908017158508 0.756760001182556
0.877412021160126 0.758207023143768
0.878919005393982 0.759657979011536
0.88043200969696 0.761114001274109
0.881949007511139 0.762574017047882
0.883469998836517 0.764038026332855
0.884995996952057 0.765506029129028
0.886527001857758 0.766978979110718
0.888063013553619 0.768455982208252
0.889603018760681 0.769937992095947
0.891147017478943 0.771423995494843
0.892696976661682 0.772915005683899
0.894250988960266 0.774410009384155
0.895810008049011 0.775910019874573
0.897373974323273 0.77741402387619
0.898941993713379 0.778922975063324
0.900515973567963 0.780435979366302
0.902094006538391 0.781953990459442
0.903676986694336 0.783475995063782
0.905264973640442 0.785003006458282
0.906858026981354 0.786535024642944
0.908455014228821 0.788071990013123
0.91005802154541 0.789613008499146
0.911665976047516 0.791158974170685
0.913278996944427 0.792708992958069
0.914896011352539 0.79426497220993
0.916518986225128 0.795825004577637
0.918147027492523 0.797389984130859
0.919780015945435 0.798959970474243
0.921419024467468 0.800535023212433
0.923062026500702 0.802114009857178
0.924709975719452 0.803699016571045
0.926364004611969 0.805288970470428
0.928022980690002 0.806882977485657
0.929687023162842 0.808483004570007
0.931357026100159 0.810087025165558
0.933031976222992 0.811697006225586
0.934711992740631 0.813310980796814
0.936397016048431 0.814930975437164
0.938087999820709 0.816555976867676
0.939785003662109 0.818185985088348
0.941486001014709 0.819821000099182
0.943193972110748 0.821461021900177
0.944905996322632 0.823105990886688
0.946624994277954 0.824756979942322
0.948347985744476 0.826412975788116
0.950078010559082 0.828073978424072
0.951812982559204 0.82974100112915
0.953553020954132 0.831412971019745
0.955299973487854 0.833090007305145
0.957051992416382 0.834773004055023
0.958809018135071 0.836461007595062
0.960573017597198 0.838154971599579
0.962342023849487 0.839854001998901
0.964116990566254 0.84155797958374
0.965897977352142 0.843267977237701
0.967683970928192 0.844983994960785
0.969476997852325 0.84670501947403
0.971274971961975 0.848432004451752
0.973079979419708 0.850165009498596
0.974889993667603 0.851903021335602
0.976706981658936 0.853646993637085
0.97852897644043 0.855395972728729
0.980358004570007 0.857151985168457
0.982191979885101 0.858913004398346
0.984032988548279 0.860679984092712
0.985880017280579 0.862452983856201
0.987733006477356 0.864230990409851
0.989592015743256 0.86601597070694
0.991457998752594 0.867806017398834
0.993330001831055 0.869602978229523
0.995208024978638 0.871405005455017
0.997092008590698 0.87321400642395
0.998983025550842 0.875028014183044
1.00088000297546 0.876848995685577
1.00277996063232 0.878675997257233
1.0046900510788 0.88050901889801
1.0066100358963 0.882348001003265
1.00853002071381 0.884193003177643
1.01046001911163 0.886044979095459
1.01240003108978 0.887902975082397
1.01434004306793 0.889766991138458
1.01628994941711 0.891637027263641
1.01824998855591 0.893513977527618
1.0202100276947 0.895397007465363
1.02217996120453 0.897287011146545
1.02416002750397 0.899182975292206
1.02613997459412 0.90108597278595
1.02813994884491 0.902994990348816
1.03013002872467 0.904910981655121
1.03214001655579 0.906834006309509
1.0341500043869 0.908762991428375
1.03617000579834 0.910697996616364
1.03819000720978 0.912640988826752
1.04023003578186 0.914590001106262
1.04226994514465 0.916545987129211
1.04430997371674 0.918509006500244
1.04637002944946 0.920478999614716
1.0484299659729 0.922455012798309
1.05050003528595 0.924439013004303
1.05256998538971 0.926428973674774
1.05465996265411 0.92842698097229
1.05675005912781 0.930431008338928
1.05885004997253 0.932443022727966
1.06095004081726 0.934460997581482
1.06307005882263 0.936487019062042
1.06518995761871 0.938520014286041
1.06731998920441 0.940559983253479
1.0694500207901 0.942607998847961
1.07159996032715 0.944662988185883
1.07375001907349 0.946725010871887
1.07590997219086 0.948794007301331
1.07807004451752 0.950870990753174
1.08025002479553 0.952956020832062
1.08243000507355 0.955048024654388
1.08461999893188 0.957147002220154
1.08682000637054 0.959254026412964
1.08903002738953 0.961368978023529
1.09124004840851 0.963491022586823
1.09346997737885 0.965620994567871
1.09570002555847 0.967759013175964
1.09793996810913 0.969904005527496
1.1001900434494 0.972057998180389
1.10243999958038 0.974219024181366
1.10470998287201 0.976387977600098
1.10697996616364 0.978564977645874
1.10925996303558 0.980750024318695
1.11154997348785 0.982942998409271
1.11384999752045 0.985144019126892
1.11616003513336 0.987353980541229
1.11846995353699 0.98957097530365
1.12080001831055 0.991796970367432
1.12312996387482 0.994031012058258
1.12525999546051 0.996074020862579
1.12669003009796 0.997439980506897
1.12764000892639 0.998351991176605
1.12828004360199 0.998960971832275
1.12870001792908 0.999366998672485
1.12898004055023 0.999638020992279
1.12916994094849 0.999818980693817
1.12926995754242 0.999909996986389
1.12931001186371 0.999954998493195
1.12935996055603 1
1.12935996055603 1
1.12941002845764 1.00004994869232
1.12945997714996 1.00009000301361
1.12954998016357 1.00018000602722
1.12973999977112 1.00036001205444
1.13002002239227 1.00063002109528
1.13045001029968 1.00103998184204
1.13109004497528 1.00164997577667
1.13205003738403 1.00257003307343
1.13348996639252 1.00394999980927
1.1356600522995 1.00602996349335
1.13804996013641 1.00831997394562
1.14043998718262 1.01060998439789
1.14285004138947 1.0129200220108
1.14526998996735 1.01522994041443
1.14769005775452 1.01754999160767
1.15013003349304 1.01988005638123
1.15257000923157 1.02222001552582
1.15501999855042 1.02456998825073
1.15749001502991 1.02692997455597
1.1599600315094 1.02928996086121
1.16243994235992 1.03166997432709
1.16492998600006 1.03404998779297
1.16743004322052 1.03645002841949
1.16993999481201 1.03884994983673
1.17245995998383 1.04126000404358
1.17499005794525 1.04367995262146
1.17753005027771 1.04611003398895
1.18008005619049 1.04855000972748
1.1826399564743 1.05099999904633
1.18520998954773 1.0534600019455
1.18779003620148 1.05593001842499
1.19037997722626 1.0584100484848
1.19298005104065 1.06089997291565
1.19559001922607 1.06339001655579
1.19821000099182 1.06589996814728
1.20083999633789 1.06842005252838
1.20348000526428 1.0709400177002
1.206130027771 1.07348001003265
1.20879995822906 1.07603001594543
1.21147000789642 1.07859003543854
1.21414995193481 1.08115005493164
1.21685004234314 1.0837299823761
1.21955001354218 1.08632004261017
1.22227001190186 1.08890998363495
1.22500002384186 1.09151995182037
1.22773003578186 1.09414005279541
1.23047995567322 1.09677004814148
1.23324000835419 1.09941005706787
1.23600995540619 1.1020599603653
1.2387900352478 1.10471999645233
1.24159002304077 1.10739004611969
1.24439001083374 1.11006999015808
1.24721002578735 1.11276996135712
1.25004005432129 1.11547005176544
1.25287997722626 1.11819005012512
1.25573003292084 1.1209100484848
1.25858998298645 1.12364995479584
1.26145994663239 1.12639999389648
1.26435005664825 1.12916004657745
1.26724994182587 1.13192999362946
1.27015995979309 1.13470995426178
1.27307999134064 1.13750004768372
1.27601003646851 1.14031004905701
1.27895998954773 1.1431200504303
1.28191995620728 1.14594995975494
1.28489005565643 1.1487900018692
1.28787004947662 1.15164005756378
1.29086995124817 1.15450000762939
1.293869972229 1.15737998485565
1.29689002037048 1.16025996208191
1.29992997646332 1.16315996646881
1.30297005176544 1.16606998443604
1.30603003501892 1.1690000295639
1.30910003185272 1.17192995548248
1.31219005584717 1.174880027771
1.31527996063232 1.17783999443054
1.31839001178741 1.18080997467041
1.32151997089386 1.18379998207092
1.32465004920959 1.18678998947144
1.32780003547668 1.18980002403259
1.33097004890442 1.1928299665451
1.33413994312286 1.19586002826691
1.33733999729156 1.19890999794006
1.34054005146027 1.20196998119354
1.34376001358032 1.20504999160767
1.3469899892807 1.20813000202179
1.35023999214172 1.21124005317688
1.35348999500275 1.21434998512268
1.35677003860474 1.21747994422913
1.36005997657776 1.22062003612518
1.36336004734039 1.22377002239227
1.36667001247406 1.22694003582001
1.37001001834869 1.23011994361877
1.37335002422333 1.23331999778748
1.37671005725861 1.23652005195618
1.38007998466492 1.23975002765656
1.38347005844116 1.24298000335693
1.38688004016876 1.24624001979828
1.39030003547668 1.24950003623962
1.39373004436493 1.25277996063232
1.39717996120453 1.25607001781464
1.40064001083374 1.2593799829483
1.40411996841431 1.26269996166229
1.40761995315552 1.26603996753693
1.41112995147705 1.26938998699188
1.41464996337891 1.27276003360748
1.41820001602173 1.27613997459412
1.42174994945526 1.27953994274139
1.42532002925873 1.28295004367828
1.42891001701355 1.28637003898621
1.43252003192902 1.28980994224548
1.43613994121552 1.29326999187469
1.43977999687195 1.29674005508423
1.44342994689941 1.30023002624512
1.44710004329681 1.30373001098633
1.45079004764557 1.30725002288818
1.45448994636536 1.31078994274139
1.45820999145508 1.31433999538422
1.46194005012512 1.31789994239807
1.46570003032684 1.32149004936218
1.46947002410889 1.325080037117
1.47325003147125 1.3286999464035
1.4770599603653 1.33232998847961
1.48088002204895 1.33598005771637
1.48471999168396 1.33964002132416
1.48857998847961 1.34332001209259
1.49244999885559 1.34702003002167
1.49634003639221 1.35072994232178
1.50024998188019 1.35446000099182
1.50417995452881 1.35820996761322
1.50812995433807 1.36196994781494
1.51208996772766 1.36575996875763
1.51607000827789 1.36956000328064
1.52006995677948 1.37337005138397
1.524090051651 1.37721002101898
1.52813005447388 1.38106000423431
1.53217995166779 1.38493001461029
1.53626000881195 1.38881003856659
1.54034996032715 1.39271998405457
1.54446005821228 1.39663994312286
1.5485999584198 1.4005800485611
1.55274999141693 1.40453994274139
1.55692005157471 1.40851998329163
1.56111001968384 1.4125200510025
1.56532001495361 1.41653001308441
1.56954002380371 1.42057001590729
1.57378995418549 1.42462003231049
1.57806003093719 1.42868995666504
1.58235001564026 1.43278002738953
1.58666002750397 1.43689000606537
1.59098994731903 1.44102001190186
1.59534001350403 1.44517004489899
1.59970998764038 1.44932997226715
1.60409998893738 1.45352005958557
1.60851001739502 1.45773005485535
1.61293995380402 1.46194994449615
1.61740005016327 1.46619999408722
1.62187004089355 1.47046005725861
1.62636995315552 1.47475004196167
1.63087999820709 1.47906005382538
1.63541996479034 1.48337996006012
1.63997995853424 1.48773002624512
1.64455997943878 1.49210000038147
1.64917004108429 1.49649000167847
1.65378999710083 1.50090003013611
1.65843999385834 1.5053299665451
1.66311001777649 1.50978004932404
1.667799949646 1.51425004005432
1.67252004146576 1.51874995231628
1.67726004123688 1.52325999736786
1.68201994895935 1.52779996395111
1.68680000305176 1.53235995769501
1.69160997867584 1.53693997859955
1.69643998146057 1.54154002666473
1.70129001140594 1.5461699962616
1.70615994930267 1.55080997943878
1.71106004714966 1.55548000335693
1.71598994731903 1.56017994880676
1.72092998027802 1.5648900270462
1.725909948349 1.56963002681732
1.73090004920959 1.57439005374908
1.73591995239258 1.5791699886322
1.7409600019455 1.58396995067596
1.74602997303009 1.58879995346069
1.75111997127533 1.59365999698639
1.75624001026154 1.59853005409241
1.7613799571991 1.6034300327301
1.76654994487762 1.60835003852844
1.7717399597168 1.61329996585846
1.77696001529694 1.61827003955841
1.78220999240875 1.62327003479004
1.78746998310089 1.62829005718231
1.79277002811432 1.63332998752594
1.7980899810791 1.63839995861053
1.80343997478485 1.64348995685577
1.80880999565125 1.64860999584198
1.81421005725861 1.65374994277954
1.81963002681732 1.65892004966736
1.825080037117 1.66410994529724
1.83055996894836 1.66933000087738
1.83606994152069 1.67456996440887
1.84159994125366 1.67983996868134
1.8471599817276 1.68513000011444
1.85274994373322 1.69044995307922
1.85836005210876 1.69579994678497
1.8639999628067 1.70116996765137
1.8696700334549 1.70657002925873
1.87537002563477 1.71198999881744
1.88109004497528 1.71744000911713
1.8868499994278 1.72291994094849
1.89262998104095 1.72842001914978
1.89844000339508 1.73395001888275
1.90427005290985 1.73951005935669
1.91014003753662 1.7451000213623
1.91603994369507 1.75071001052856
1.92195999622345 1.75635004043579
1.92790997028351 1.76201999187469
1.93389999866486 1.76770997047424
1.93991005420685 1.77344000339508
1.94595003128052 1.77918994426727
1.95202004909515 1.78497004508972
1.95811998844147 1.79077005386353
1.96424996852875 1.79660999774933
1.97040998935699 1.80246996879578
1.97660994529724 1.80835998058319
1.98283004760742 1.81428003311157
1.98907995223999 1.82023000717163
1.99536001682281 1.82621002197266
2.00167989730835 1.83221995830536
2.00801992416382 1.83826005458832
2.01438999176025 1.84432005882263
2.02080011367798 1.85041999816895
2.02724003791809 1.85654997825623
2.03371000289917 1.86269998550415
2.04021000862122 1.86889004707336
2.04674005508423 1.87510001659393
2.05330991744995 1.88135004043579
2.0599000453949 1.887619972229
2.06652998924255 1.89392995834351
2.07318997383118 1.90025997161865
2.07987999916077 1.90663003921509
2.08661007881165 1.9130300283432
2.09336996078491 1.91945004463196
2.10015988349915 1.92590999603271
2.10698008537292 1.93239998817444
2.11384010314941 1.93893003463745
2.12072992324829 1.94547998905182
2.12765002250671 1.95205998420715
2.13459992408752 1.95868003368378
2.1415901184082 1.96531999111176
2.14861989021301 1.97200000286102
2.15566992759705 1.97871005535126
2.16276001930237 1.98546004295349
2.1698899269104 1.99223005771637
2.17705011367798 1.99904000759125
2.18424010276794 2.00588011741638
2.19146990776062 2.01274991035461
2.19872999191284 2.01965999603271
2.20602989196777 2.02659010887146
2.21336007118225 2.03356003761292
2.22072005271912 2.04057002067566
2.22812008857727 2.04760003089905
2.23555994033813 2.05467009544373
2.24303007125854 2.06176996231079
2.25053000450134 2.06890988349915
2.25808000564575 2.07607007026672
2.26565003395081 2.08328008651733
2.27326011657715 2.09050989151001
2.2809100151062 2.09777998924255
2.28858995437622 2.10507988929749
2.29630994796753 2.11242008209229
2.30406999588013 2.11979007720947
2.31186008453369 2.12719011306763
2.31967997550964 2.13462996482849
2.32754993438721 2.1421000957489
2.33544993400574 2.14961004257202
2.34337997436523 2.15715003013611
2.35135006904602 2.16472005844116
2.35935997962952 2.17232990264893
2.36739993095398 2.17997002601624
2.37547993659973 2.18764996528625
2.38359999656677 2.19535994529724
2.3917601108551 2.20310997962952
2.39995002746582 2.21089005470276
2.40817999839783 2.21870994567871
2.4164400100708 2.22656011581421
2.42474007606506 2.23445010185242
2.43307995796204 2.24236989021301
2.4414598941803 2.25032997131348
2.44987010955811 2.25832009315491
2.45831990242004 2.26634001731873
2.46680998802185 2.27439999580383
2.47533011436462 2.28250002861023
2.48389005661011 2.29063010215759
2.49249005317688 2.29879999160767
2.50113010406494 2.30699992179871
2.50979995727539 2.31523990631104
2.51852011680603 2.32350993156433
2.52727007865906 2.33182001113892
2.53605008125305 2.34016990661621
2.54487991333008 2.34854006767273
2.55374002456665 2.35696005821228
2.56263995170593 2.3654100894928
2.5715799331665 2.3738899230957
2.58054995536804 2.3824200630188
2.58957004547119 2.39096999168396
2.59861993789673 2.39955997467041
2.60770010948181 2.40819001197815
2.61683011054993 2.41685009002686
2.62598991394043 2.42554998397827
2.63520002365112 2.43428993225098
2.64442992210388 2.44305992126465
2.65370988845825 2.45185995101929
2.66302990913391 2.46070003509521
2.67237997055054 2.46957993507385
2.68177008628845 2.47849011421204
2.69120001792908 2.48744010925293
2.70065999031067 2.49641990661621
2.71017003059387 2.50543999671936
2.71971011161804 2.5144898891449
2.7292799949646 2.5235800743103
2.73889994621277 2.53271007537842
2.7485499382019 2.5418701171875
2.75824999809265 2.55105996131897
2.76797008514404 2.56029009819031
2.77774000167847 2.56956005096436
2.78753995895386 2.57886004447937
2.79737997055054 2.58819007873535
2.80726003646851 2.59755992889404
2.81717991828918 2.6069700717926
2.82713007926941 2.61641001701355
2.83712005615234 2.62589001655579
2.84715008735657 2.63540005683899
2.85720992088318 2.64493989944458
2.86731004714966 2.65452003479004
2.87744998931885 2.66413998603821
2.88762998580933 2.67378997802734
2.89784002304077 2.68347001075745
2.90809011459351 2.69319009780884
2.91837000846863 2.70295000076294
2.92869997024536 2.71272993087769
2.93905997276306 2.72255992889404
2.94945001602173 2.73240995407104
2.95988011360168 2.74230003356934
2.97035002708435 2.75222992897034
2.98084998130798 2.76219010353088
2.99140000343323 2.77218008041382
3.00197005271912 2.78221011161804
3.01257991790771 2.79226994514465
3.02323007583618 2.80236005783081
3.03392004966736 2.81248998641968
3.0446400642395 2.82264995574951
3.05538988113403 2.83283996582031
3.06617999076843 2.8430700302124
3.07700991630554 2.85332989692688
3.08786988258362 2.86363005638123
3.09876990318298 2.87395000457764
3.10969996452332 2.88431000709534
3.12067008018494 2.89471006393433
3.13166999816895 2.90512990951538
3.14270997047424 2.9155900478363
3.15377998352051 2.92607998847961
3.16488003730774 2.93659996986389
3.176029920578 2.94716000556946
3.18720006942749 2.95774006843567
3.19841003417969 2.96835994720459
3.20965003967285 2.97901010513306
3.2209300994873 2.98970007896423
3.23223996162415 3.00041007995605
3.24358010292053 3.01115989685059
3.25496006011963 3.02192997932434
3.26637005805969 3.03274011611938
3.27782011032104 3.04358005523682
3.28929996490479 3.05445003509521
3.30081009864807 3.0653600692749
3.31235003471375 3.07628989219666
3.32393002510071 3.08724999427795
3.33554005622864 3.09823989868164
3.34717988967896 3.1092700958252
3.35886001586914 3.12032008171082
3.37055993080139 3.13140988349915
3.38229990005493 3.1425199508667
3.39407992362976 3.15367007255554
3.40587997436523 3.16483998298645
3.41771006584167 3.17604994773865
3.42957997322083 3.18727993965149
3.44147992134094 3.1985399723053
3.45340991020203 3.20983004570007
3.46536993980408 3.22115993499756
3.47736001014709 3.23251008987427
3.4893798828125 3.24388003349304
3.50144004821777 3.25529003143311
3.51352000236511 3.26673007011414
3.52562999725342 3.27818989753723
3.53778004646301 3.2896900177002
3.54994988441467 3.30120992660522
3.5621600151062 3.31275010108948
3.57438993453979 3.32433009147644
3.58665990829468 3.33593988418579
3.59894990921021 3.34756994247437
3.61127996444702 3.35923004150391
3.62363004684448 3.37090992927551
3.63600993156433 3.38263010978699
3.64842009544373 3.39437007904053
3.66086006164551 3.40614008903503
3.67333006858826 3.41792988777161
3.68583011627197 3.42974996566772
3.69835996627808 3.44160008430481
3.7109100818634 3.45348000526428
3.72350001335144 3.4653799533844
3.73610997200012 3.47729992866516
3.74874997138977 3.48924994468689
3.76140999794006 3.50123000144958
3.77411007881165 3.51324009895325
3.78682994842529 3.52526998519897
3.79958009719849 3.53731989860535
3.81235003471375 3.54940009117126
3.82516002655029 3.56151008605957
3.83799004554749 3.57364010810852
3.85085010528564 3.58578991889954
3.86372995376587 3.5979700088501
3.87664008140564 3.61016988754272
3.8895800113678 3.6224000453949
3.9025399684906 3.63466000556946
3.91552996635437 3.64692997932434
3.92855000495911 3.65924000740051
3.94159007072449 3.67156004905701
3.95464992523193 3.68390989303589
3.96775007247925 3.69628000259399
3.98087000846863 3.70867991447449
3.99400997161865 3.7211000919342
4.00718021392822 3.73354005813599
4.02037000656128 3.74601006507874
4.0335898399353 3.75850009918213
4.04683017730713 3.77100992202759
4.06010007858276 3.78354001045227
4.07339000701904 3.79609990119934
4.08670997619629 3.80868005752563
4.10004997253418 3.82128000259399
4.11342000961304 3.83390998840332
4.12681007385254 3.84656000137329
4.14022016525269 3.85922002792358
4.15365982055664 3.87192010879517
4.1671199798584 3.88462996482849
4.1806001663208 3.89736008644104
4.19410991668701 3.91012001037598
4.20764017105103 3.92289996147156
4.22119998931885 3.93569993972778
4.23476982116699 3.94851994514465
4.24837017059326 3.96135997772217
4.26200008392334 3.97422003746033
4.27564001083374 3.98709988594055
4.28930997848511 4.00001001358032
4.30299997329712 4.01292991638184
4.3167200088501 4.02587985992432
4.3304500579834 4.03883981704712
4.34421014785767 4.05182981491089
4.35798978805542 4.06482982635498
4.37178993225098 4.07785987854004
4.3856201171875 4.09090995788574
4.39945983886719 4.10397005081177
4.413330078125 4.11706018447876
4.4272198677063 4.13016986846924
4.4411301612854 4.1432900428772
4.45506000518799 4.15643978118896
4.46900987625122 4.16960000991821
4.48298978805542 4.18278980255127
4.4969801902771 4.19599008560181
4.51100015640259 4.20920991897583
4.5250301361084 4.2224497795105
4.53909015655518 4.23571014404297
4.5531702041626 4.24899005889893
4.56725978851318 4.26229000091553
4.58137989044189 4.27560997009277
4.59552001953125 4.28893995285034
4.60968017578125 4.30228996276855
4.62385988235474 4.31567001342773
4.63806009292603 4.32906007766724
4.6522798538208 4.34246015548706
4.66652011871338 4.35588979721069
4.68076992034912 4.36933994293213
4.69504976272583 4.38280010223389
4.70935010910034 4.39627981185913
4.72367000579834 4.40978002548218
4.73799991607666 4.42328977584839
4.75235986709595 4.43683004379272
4.76673984527588 4.45037984848022
4.78112983703613 4.46395015716553
4.79553985595703 4.47753000259399
4.8099799156189 4.49112987518311
4.82442998886108 4.50474977493286
4.83890008926392 4.51839017868042
4.85339021682739 4.53205013275146
4.86788988113403 4.54572010040283
4.8824200630188 4.55941009521484
4.89695978164673 4.57311010360718
4.91153001785278 4.58683013916016
4.926109790802 4.60057020187378
4.94071006774902 4.61432981491089
4.95532989501953 4.62809991836548
4.96996021270752 4.64189004898071
4.98462009429932 4.65569019317627
4.99928998947144 4.66950988769531
5.0139799118042 4.68335008621216
5.02868986129761 4.69719982147217
5.04340982437134 4.71107006072998
5.05815982818604 4.72495985031128
5.07291984558105 4.73886013031006
5.08769989013672 4.75277996063232
5.10248994827271 4.76670980453491
5.11731004714966 4.7806601524353
5.13214015960693 4.79462003707886
5.1469898223877 4.80859994888306
5.16184997558594 4.8225998878479
5.17673015594482 4.83660984039307
5.1916298866272 4.85063982009888
5.20655012130737 4.86467981338501
5.22148990631104 4.87873983383179
5.23644018173218 4.89280986785889
5.25139999389648 4.90689992904663
5.26638984680176 4.92101001739502
5.28139019012451 4.93513011932373
5.29641008377075 4.94926023483276
5.31143999099731 4.96340990066528
5.32649993896484 4.97757005691528
5.34155988693237 4.99174976348877
5.35664987564087 5.00594997406006
5.37174987792969 5.02015018463135
5.38686990737915 5.03437995910645
5.40199995040894 5.04862022399902
5.41715002059937 5.06287002563477
5.43232011795044 5.07713985443115
5.44750022888184 5.09142017364502
5.46269989013672 5.10572004318237
5.47791004180908 5.12002992630005
5.49315023422241 5.13434982299805
5.50838994979858 5.14869022369385
5.52366018295288 5.16305017471313
5.53892993927002 5.17742013931274
5.55423021316528 5.19180011749268
5.56954002380371 5.20620012283325
5.58486986160278 5.22061014175415
5.60021018981934 5.23503017425537
5.61557006835938 5.24947023391724
5.63093996047974 5.26392984390259
5.64632987976074 5.2783899307251
5.66172981262207 5.29288005828857
5.67714977264404 5.30737018585205
5.69259023666382 5.32187986373901
5.70804023742676 5.33640003204346
5.72350978851318 5.35094022750854
5.73898983001709 5.3654899597168
5.75448989868164 5.38006019592285
5.76999998092651 5.39462995529175
5.78553009033203 5.40923023223877
5.80107021331787 5.42383003234863
5.8166298866272 5.43844985961914
5.832200050354 5.45308017730713
5.8477897644043 5.4677300453186
5.86339998245239 5.4823899269104
5.87901020050049 5.49705982208252
5.89464998245239 5.51175022125244
5.91029977798462 5.52645015716553
5.92596006393433 5.54116010665894
5.94163990020752 5.55589008331299
5.95733022689819 5.57063007354736
5.97304010391235 5.58538007736206
5.98877000808716 5.6001501083374
6.00449991226196 5.61493015289307
6.02025985717773 5.62972021102905
6.03601980209351 5.64452981948853
6.05180978775024 5.65934991836548
6.06759977340698 5.67418003082275
6.08341979980469 5.68902015686035
6.09923982620239 5.70387983322144
6.11507987976074 5.71875
6.13093996047974 5.73364019393921
6.14681005477905 5.74852991104126
6.16269016265869 5.76344013214111
6.17858982086182 5.77836990356445
6.19450998306274 5.79330015182495
6.21043014526367 5.80824995040894
6.22637987136841 5.82320976257324
6.2423300743103 5.83819007873535
6.25829982757568 5.8531699180603
6.27429008483887 5.8681697845459
6.29028987884521 5.88318014144897
6.30630016326904 5.89821004867554
6.32232999801636 5.91324996948242
6.33837985992432 5.92829990386963
6.35443019866943 5.94335985183716
6.37050008773804 5.95843982696533
6.38659000396729 5.97351980209351
6.40268993377686 5.98862981796265
6.41879987716675 6.00373983383179
6.43492984771729 6.01885986328125
6.45106983184814 6.03399991989136
6.46722984313965 6.04914999008179
6.48339986801147 6.06432008743286
6.49957990646362 6.07949018478394
6.51577997207642 6.0946798324585
6.53199005126953 6.10987997055054
6.54822015762329 6.1250901222229
6.56445980072021 6.14031982421875
6.58070993423462 6.15556001663208
6.59698009490967 6.17081022262573
6.61325979232788 6.18606996536255
6.6295599937439 6.20134019851685
6.64587020874023 6.21662998199463
6.66218996047974 6.23192977905273
6.67853021621704 6.24724006652832
6.69488000869751 6.26255989074707
6.71124982833862 6.27790021896362
6.72763013839722 6.29325008392334
6.74401998519897 6.30860996246338
6.76042985916138 6.32397985458374
6.77685022354126 6.33936023712158
6.79328012466431 6.35476016998291
6.809730052948 6.37017011642456
6.82618999481201 6.38559007644653
6.84266996383667 6.40102005004883
6.85915994644165 6.41647005081177
6.87565994262695 6.43193006515503
6.8921799659729 6.44740009307861
6.90871000289917 6.46288013458252
6.92526006698608 6.47837018966675
6.941810131073 6.49387979507446
6.95838022232056 6.50938987731934
6.9749698638916 6.52491998672485
6.99156999588013 6.54046010971069
7.00818014144897 6.55601978302002
7.02480983734131 6.5715799331665
7.04145002365112 6.58716011047363
7.05810022354126 6.60274982452393
7.07476997375488 6.6183500289917
7.09145021438599 6.63395977020264
7.10813999176025 6.64959001541138
7.12484979629517 6.66521978378296
7.14157009124756 6.68087005615234
7.15830993652344 6.69652986526489
7.17505979537964 6.71221017837524
7.19182014465332 6.72789001464844
7.20859003067017 6.74358987808228
7.22537994384766 6.75930023193359
7.24217987060547 6.77502012252808
7.25899982452393 6.79075002670288
7.27582979202271 6.80648994445801
7.29266977310181 6.82224988937378
7.30952978134155 6.83800983428955
7.32639980316162 6.85378980636597
7.34327983856201 6.86957979202271
7.36017990112305 6.88538980484009
7.3770899772644 6.90119981765747
7.39401006698608 6.9170298576355
7.41095018386841 6.93285989761353
7.4278998374939 6.9487099647522
7.44485998153687 6.96458005905151
7.46184015274048 6.98045015335083
7.47882986068726 6.99632978439331
7.49584007263184 7.01222991943359
7.51284980773926 7.0281400680542
7.5298900604248 7.04406023025513
7.54692983627319 7.05998992919922
7.56399011611938 7.07593011856079
7.58105993270874 7.09188985824585
7.59813976287842 7.10786008834839
7.6152400970459 7.12383985519409
7.63234996795654 7.13983011245728
7.64947986602783 7.15582990646362
7.66661977767944 7.17184019088745
7.68377017974854 7.18787002563477
7.70093011856079 7.20389986038208
7.71811008453369 7.2199501991272
7.73531007766724 7.23601007461548
7.75251007080078 7.2520899772644
7.76973009109497 7.26816987991333
7.78696012496948 7.28425979614258
7.80421018600464 7.30037021636963
7.82146978378296 7.31649017333984
7.83873987197876 7.33262014389038
7.85601997375488 7.34876012802124
7.87332010269165 7.36492013931274
7.89062976837158 7.38108015060425
7.90795993804932 7.3972601890564
7.92530012130737 7.41344976425171
7.94264984130859 7.4296498298645
7.96002006530762 7.44585990905762
7.9773998260498 7.46208000183105
7.99479007720947 7.47832012176514
8.0121898651123 7.49455976486206
8.02960968017578 7.51081991195679
8.04705047607422 7.52709007263184
8.06449031829834 7.54336977005005
8.08195018768311 7.55966997146606
8.09941959381104 7.57597017288208
8.11690998077393 7.59228992462158
8.13440990447998 7.60861015319824
8.15192031860352 7.62494993209839
8.16944980621338 7.64131021499634
8.18698978424072 7.65767002105713
8.20454025268555 7.67403984069824
8.22210025787354 7.69043016433716
8.23968029022217 7.70683002471924
8.25728034973145 7.72323989868164
8.27488040924072 7.73965978622437
8.29249954223633 7.75609016418457
8.31013965606689 7.77253007888794
8.32777976989746 7.78899002075195
8.34543991088867 7.80544996261597
8.36312007904053 7.82192993164063
8.38080024719238 7.83841991424561
8.39850044250488 7.85492992401123
8.41621017456055 7.87143993377686
8.43393993377686 7.8879599571228
8.45168018341064 7.90450000762939
8.4694299697876 7.92105007171631
8.4871997833252 7.93761014938354
8.50498008728027 7.95417976379395
8.522780418396 7.97075986862183
8.5405797958374 7.98736000061035
8.55840015411377 8.0039701461792
8.57623958587646 8.02058029174805
8.59407997131348 8.03721046447754
8.61194038391113 8.0538501739502
8.62981986999512 8.0705099105835
8.64770984649658 8.0871696472168
8.66561031341553 8.10385036468506
8.68352031707764 8.120530128479
8.70145034790039 8.13722991943359
8.71938991546631 8.15394020080566
8.73735046386719 8.17066955566406
8.75531005859375 8.18739986419678
8.77330017089844 8.20415019989014
8.79129028320313 8.22089958190918
8.80930042266846 8.23766994476318
8.82732009887695 8.25444984436035
8.84535980224609 8.27124977111816
8.86340999603271 8.28804969787598
8.8814697265625 8.30486965179443
8.89953994750977 8.32168960571289
8.91763019561768 8.33852958679199
8.93574047088623 8.35538005828857
8.95384979248047 8.37224006652832
8.97198009490967 8.38912010192871
8.99013042449951 8.4060001373291
9.00827980041504 8.42290019989014
9.02645015716553 8.43980979919434
9.04463958740234 8.45672988891602
9.06284046173096 8.47366046905518
9.08104991912842 8.49061012268066
9.09926986694336 8.50755977630615
9.11750984191895 8.5245304107666
9.13576030731201 8.5415096282959
9.15402984619141 8.55850028991699
9.17230987548828 8.57549953460693
9.19060039520264 8.59251022338867
9.20890045166016 8.60953998565674
9.227219581604 8.62658023834229
9.24555969238281 8.64361953735352
9.26389980316162 8.66069030761719
9.28225994110107 8.67776012420654
9.30064010620117 8.69484043121338
9.31902980804443 8.71193981170654
9.33743000030518 8.72904014587402
9.35583972930908 8.74615955352783
9.37427043914795 8.76329040527344
9.39270973205566 8.78044033050537
9.41117000579834 8.7975902557373
9.42963981628418 8.81476020812988
9.4481201171875 8.83193969726563
9.46662044525146 8.84912967681885
9.48513031005859 8.86633014678955
9.50364971160889 8.88354015350342
9.52219009399414 8.90075969696045
9.54074001312256 8.91800022125244
9.55930995941162 8.9352502822876
9.57789039611816 8.95250988006592
9.59648036956787 8.96977996826172
9.61507987976074 8.98707008361816
9.63370037078857 9.00436019897461
9.65233993530273 9.0216703414917
9.67098999023438 9.03899002075195
9.68964958190918 9.05632019042969
9.70831966400146 9.07365989685059
9.72700977325439 9.09101963043213
9.7457103729248 9.10838031768799
9.76443004608154 9.12576007843018
9.78316020965576 9.14315032958984
9.80189990997314 9.16055011749268
9.82065963745117 9.17796993255615
9.83942985534668 9.19538974761963
9.85822010040283 9.21282958984375
9.87701988220215 9.23027992248535
9.89583015441895 9.24773979187012
9.91466045379639 9.26521015167236
9.93350028991699 9.28269958496094
9.95234966278076 9.30018997192383
9.97122001647949 9.31770038604736
9.99011039733887 9.33522033691406
10.0089998245239 9.35274982452393
