0.663707971572876 0.231334999203682
0.66311901807785 0.230989992618561
0.662531971931458 0.230646997690201
0.661947011947632 0.230305001139641
0.661363005638123 0.229964002966881
0.660781979560852 0.229625001549721
0.660202026367188 0.229286000132561
0.659623980522156 0.228949993848801
0.659048020839691 0.228614002466202
0.658474028110504 0.228279992938042
0.657902002334595 0.227945998311043
0.657330989837646 0.227614998817444
0.656763017177582 0.227283999323845
0.656195998191833 0.226954996585846
0.655631005764008 0.226627007126808
0.655067026615143 0.226300001144409
0.654506027698517 0.22597399353981
0.653945982456207 0.225648999214172
0.653388023376465 0.225326001644135
0.652831017971039 0.225004002451897
0.652276992797852 0.224683001637459
0.651723980903625 0.224363997578621
0.651171982288361 0.224044993519783
0.650623023509979 0.223728001117706
0.650075018405914 0.22341200709343
0.649528980255127 0.223096996545792
0.648985028266907 0.222782999277115
0.648441970348358 0.222470998764038
0.647900998592377 0.222158998250961
0.647361993789673 0.221848994493484
0.64682400226593 0.221540004014969
0.646287977695465 0.221231997013092
0.645753979682922 0.220925003290176
0.645220994949341 0.2206189930439
0.644689977169037 0.220314994454384
0.644160985946655 0.220010995864868
0.643633008003235 0.219708994030952
0.643106997013092 0.219408005475998
0.642583012580872 0.219108000397682
0.642059981822968 0.218808993697166
0.641538023948669 0.218511000275612
0.641018986701965 0.218214005231857
0.640501022338867 0.217917993664742
0.639984011650085 0.217622995376587
0.639469027519226 0.217329993844032
0.638956010341644 0.217037007212639
0.638444006443024 0.216746002435684
0.637934029102325 0.21645599603653
0.637426018714905 0.216166004538536
0.636919021606445 0.215877994894981
0.636412978172302 0.215590998530388
0.635909020900726 0.215305000543594
0.635406970977783 0.215020000934601
0.634905993938446 0.214735999703407
0.634406983852386 0.214452996850014
0.633908987045288 0.214171007275581
0.633413016796112 0.213890001177788
0.632918000221252 0.213609993457794
0.632425010204315 0.213330999016762
0.631932973861694 0.213054001331329
0.631443023681641 0.212777003645897
0.630954027175903 0.212501004338264
0.630466997623444 0.212226003408432
0.629980981349945 0.2119520008564
0.629496991634369 0.211678996682167
0.629014015197754 0.211408004164696
0.628533005714417 0.211136996746063
0.62805300951004 0.210867002606392
0.627574026584625 0.210598006844521
0.627097010612488 0.210329994559288
0.626622021198273 0.210062995553017
0.626147985458374 0.209796994924545
0.625675022602081 0.209531992673874
0.625204026699066 0.209268003702164
0.624733984470367 0.209004998207092
0.624266028404236 0.208743005990982
0.623799026012421 0.208481997251511
0.623332977294922 0.208222001791
0.62286901473999 0.20796300470829
0.622406005859375 0.207703992724419
0.621945023536682 0.20744700729847
0.621484994888306 0.207190006971359
0.621026992797852 0.206935003399849
0.620570003986359 0.206679999828339
0.620114028453827 0.206426993012428
0.619660019874573 0.206174001097679
0.61920702457428 0.205921992659569
0.618754982948303 0.20567099750042
0.618305027484894 0.20542100071907
0.617856025695801 0.205172002315521
0.617408990859985 0.204924002289772
0.616962015628815 0.204677000641823
0.616518020629883 0.204429998993874
0.616074025630951 0.204184994101524
0.615631997585297 0.203940004110336
0.615190982818604 0.203695997595787
0.614751994609833 0.203453004360199
0.614314019680023 0.20321099460125
0.61387699842453 0.202969998121262
0.613442003726959 0.202730000019073
0.613007009029388 0.202491000294685
0.612574994564056 0.202252000570297
0.612142980098724 0.202014997601509
0.611712992191315 0.201777994632721
0.611284017562866 0.201542004942894
0.610857009887695 0.201306998729706
0.610430002212524 0.201073005795479
0.610005021095276 0.200838997960091
0.609582006931305 0.200607001781464
0.609158992767334 0.200375005602837
0.608738005161285 0.200143992900848
0.608317971229553 0.199915006756783
0.607900023460388 0.199685007333755
0.607482016086578 0.199457004666328
0.607065975666046 0.199230000376701
0.606652021408081 0.199002996087074
0.606238007545471 0.198777005076408
0.605826020240784 0.198551997542381
0.605414986610413 0.198328003287315
0.605005025863647 0.198105007410049
0.604596972465515 0.197881996631622
0.604188978672028 0.197659999132156
0.603783011436462 0.19743900001049
0.603379011154175 0.197218999266624
0.602975010871887 0.196999996900558
0.602572977542877 0.196780994534492
0.602172017097473 0.196564003825188
0.601772010326385 0.196346998214722
0.601373016834259 0.196129992604256
0.60097599029541 0.195914998650551
0.600579977035522 0.195701003074646
0.600184977054596 0.19548699259758
0.599790990352631 0.195273995399475
0.599398970603943 0.19506199657917
0.5990070104599 0.194849997758865
0.598617017269135 0.19463899731636
0.598227977752686 0.194429993629456
0.597841024398804 0.194220006465912
0.597454011440277 0.194012001156807
0.597069025039673 0.193803995847702
0.596684992313385 0.193598002195358
0.596301972866058 0.193391993641853
0.595920026302338 0.19318599998951
0.595538973808289 0.192982003092766
0.595160007476807 0.192778006196022
0.594781994819641 0.192574992775917
0.594404995441437 0.192372992634773
0.594029009342194 0.192171007394791
0.593653976917267 0.191970005631447
0.593280971050262 0.191770002245903
0.592908024787903 0.191570997238159
0.592536985874176 0.191372007131577
0.592167019844055 0.191174998879433
0.591798007488251 0.19097800552845
0.591431021690369 0.190780997276306
0.591063976287842 0.190586000680923
0.590699017047882 0.190391004085541
0.590333998203278 0.190197005867958
0.589971005916595 0.190002992749214
0.589609026908875 0.189809992909431
0.589249014854431 0.18961800634861
0.588889002799988 0.189427003264427
0.588530004024506 0.189236998558044
0.588172972202301 0.189046993851662
0.587817013263702 0.18885800242424
0.58746200799942 0.188668996095657
0.587108016014099 0.188482001423836
0.586754977703094 0.188295006752014
0.586403012275696 0.188107997179031
0.586053013801575 0.18792299926281
0.585703015327454 0.187738001346588
0.58535498380661 0.187554001808167
0.585008025169373 0.187370002269745
0.584662020206451 0.187187999486923
0.584317028522491 0.187005996704102
0.583972990512848 0.18682399392128
0.58363002538681 0.186644002795219
0.58328902721405 0.186463996767998
0.58294802904129 0.186284005641937
0.582608997821808 0.186105996370316
0.58227002620697 0.185928001999855
0.58193302154541 0.185751006007195
0.581596970558167 0.185573995113373
0.581261992454529 0.185398995876312
0.580928027629852 0.185222998261452
0.580596029758453 0.185048997402191
0.58026397228241 0.184874996542931
0.579934000968933 0.18470199406147
0.579604029655457 0.184530004858971
0.579276025295258 0.18435800075531
0.578948974609375 0.184186995029449
0.578621983528137 0.18401700258255
0.578297019004822 0.183846995234489
0.577974021434784 0.18367800116539
0.577651023864746 0.183510005474091
0.577328979969025 0.18334199488163
0.577008008956909 0.18317499756813
0.576689004898071 0.183008000254631
0.576370000839233 0.182842999696732
0.576053023338318 0.182677999138832
0.575736999511719 0.182512998580933
0.575421988964081 0.182349994778633
0.575107991695404 0.182187005877495
0.574795007705688 0.182024002075195
0.574482977390289 0.181862995028496
0.574172019958496 0.181702002882957
0.573862016201019 0.181540995836258
0.573553025722504 0.18138200044632
0.573246002197266 0.181223005056381
0.572938978672028 0.181063994765282
0.572633981704712 0.180905997753143
0.572329998016357 0.180748999118805
0.572027027606964 0.180592998862267
0.571723997592926 0.180436998605728
0.57142299413681 0.18028199672699
0.571124017238617 0.180126994848251
0.570824980735779 0.179974004626274
0.570527017116547 0.179820001125336
0.570230007171631 0.179667994379997
0.569935023784637 0.17951600253582
0.569639980792999 0.179364994168282
0.569347023963928 0.179214000701904
0.569054007530212 0.179064005613327
0.568763017654419 0.178914994001389
0.568472981452942 0.178765997290611
0.568184018135071 0.178617998957634
0.567896008491516 0.178470999002457
0.567609012126923 0.178323999047279
0.56732302904129 0.178177997469902
0.567039012908936 0.178032994270325
0.566754996776581 0.177888005971909
0.566473007202148 0.177744001150131
0.566191017627716 0.177600994706154
0.565910995006561 0.177458003163338
0.565631985664368 0.17731599509716
0.565353989601135 0.177174001932144
0.565077006816864 0.177033007144928
0.564800977706909 0.176892995834351
0.56452602148056 0.176752999424934
0.564252018928528 0.176614001393318
0.563979983329773 0.176476001739502
0.563708007335663 0.176338002085686
0.56343799829483 0.176201000809669
0.563169002532959 0.176064997911453
0.562900006771088 0.175928995013237
0.562632977962494 0.175794005393982
0.562367022037506 0.175659999251366
0.562102973461151 0.175525993108749
0.561838984489441 0.175393000245094
0.561576008796692 0.175260007381439
0.56131500005722 0.175127997994423
0.561053991317749 0.174997001886368
0.5607950091362 0.174867004156113
0.560536980628967 0.174737006425858
0.560280025005341 0.174606993794441
0.56002402305603 0.174478992819786
0.559769988059998 0.174351006746292
0.55951601266861 0.174223005771637
0.559264004230499 0.174097001552582
0.559011995792389 0.173970997333527
0.558762013912201 0.173844993114471
0.558512985706329 0.173721000552177
0.558264970779419 0.173596993088722
0.558018982410431 0.173473000526428
0.557772994041443 0.173350006341934
0.557528972625732 0.173227995634079
0.557286024093628 0.173106998205185
0.55704402923584 0.172986000776291
0.556802988052368 0.172866001725197
0.556563019752502 0.172746002674103
0.556325018405914 0.172628000378609
0.556087017059326 0.172508999705315
0.555850982666016 0.172391995787621
0.555616021156311 0.172275006771088
0.555383026599884 0.172159001231194
0.555149972438812 0.172042995691299
0.554919004440308 0.171929001808167
0.554688990116119 0.171813994646072
0.554459989070892 0.171700999140739
0.554232001304626 0.171588003635406
0.554005980491638 0.171476006507874
0.553780019283295 0.171363994479179
0.553556025028229 0.171253994107246
0.55333399772644 0.171143993735313
0.553111970424652 0.17103399336338
0.552892029285431 0.170925006270409
0.552672982215881 0.170817002654076
0.552455008029938 0.170709997415543
0.552239000797272 0.170603007078171
0.552022993564606 0.170497000217438
0.551810026168823 0.170392006635666
0.551596999168396 0.170287996530533
0.551385998725891 0.170184001326561
0.551176011562347 0.170081004500389
0.55096697807312 0.169977992773056
0.550759971141815 0.169875994324684
0.550553023815155 0.169774994254112
0.550348997116089 0.16967499256134
0.550144970417023 0.16957600414753
0.549942970275879 0.169477000832558
0.549742996692657 0.169378995895386
0.549543023109436 0.169281005859375
0.549345016479492 0.169183999300003
0.549148976802826 0.169089004397392
0.548954010009766 0.16899299621582
0.548759996891022 0.16889899969101
0.5485680103302 0.168805003166199
0.548376977443695 0.168712005019188
0.548187017440796 0.168620005249977
0.547999024391174 0.168529003858566
0.54781299829483 0.168438002467155
0.547627985477448 0.168347999453545
0.547443985939026 0.168258994817734
0.547262012958527 0.168171003460884
0.547080993652344 0.168082997202873
0.546902000904083 0.167997002601624
0.5467249751091 0.167910993099213
0.546549022197723 0.167824998497963
0.546374022960663 0.167741000652313
0.54620099067688 0.167658001184464
0.546029984951019 0.167575001716614
0.545861005783081 0.167493000626564
0.545692026615143 0.167411997914314
0.545526027679443 0.167331993579865
0.54536098241806 0.167253002524376
0.545198023319244 0.167173996567726
0.545036971569061 0.167096003890038
0.544876992702484 0.167019993066788
0.544718980789185 0.166943997144699
0.544562995433807 0.16686899960041
0.544408023357391 0.166795000433922
0.544255018234253 0.166721999645233
0.544104993343353 0.166648998856544
0.543955028057098 0.166577994823456
0.543807983398438 0.166507005691528
0.543663024902344 0.16643799841404
0.543519020080566 0.166369006037712
0.543377995491028 0.166301995515823
0.54323798418045 0.166234999895096
0.543099999427795 0.166170001029968
0.542964994907379 0.166105002164841
0.542831003665924 0.166041001677513
0.542698979377747 0.165978997945786
0.542569994926453 0.165916994214058
0.54244202375412 0.165857002139091
0.542316973209381 0.165796995162964
0.542194008827209 0.165738999843597
0.542073011398315 0.165681004524231
0.541953980922699 0.165625005960464
0.541837990283966 0.165570005774498
0.541724026203156 0.165516003966331
0.541612029075623 0.165463000535965
0.541503012180328 0.165410995483398
0.541396021842957 0.165361002087593
0.541290998458862 0.165312007069588
0.541189014911652 0.165263995528221
0.54109001159668 0.165216997265816
0.540992975234985 0.16517099738121
0.540898978710175 0.165126994252205
0.540807008743286 0.165084004402161
0.540718972682953 0.165041998028755
0.540633022785187 0.165002003312111
0.540549993515015 0.164963006973267
0.540470004081726 0.164926007390022
0.540392994880676 0.164890006184578
0.54031902551651 0.164855003356934
0.540247976779938 0.164821997284889
0.540180027484894 0.164790004491806
0.540116012096405 0.164759993553162
0.540054976940155 0.164731994271278
0.53999799489975 0.164704993367195
0.539943993091583 0.164680004119873
0.539892971515656 0.16465599834919
0.539847016334534 0.164635002613068
0.539803981781006 0.164615005254745
0.539765000343323 0.164597004652023
0.53973001241684 0.164581000804901
0.539699018001556 0.164565995335579
0.53967297077179 0.164553999900818
0.539650976657867 0.164544001221657
0.539633989334106 0.164535999298096
0.539620995521545 0.164529994130135
0.539613008499146 0.164526000618935
0.539610028266907 0.164525002241135
0.539611995220184 0.164526000618935
0.539619028568268 0.164528995752335
0.539632022380829 0.164535000920296
0.539650976657867 0.164544001221657
0.539676010608673 0.164554998278618
0.539707005023956 0.16457000374794
0.539744019508362 0.164587005972862
0.539788007736206 0.164607003331184
0.539839029312134 0.164629995822906
0.539897978305817 0.16465699672699
0.539964020252228 0.164686992764473
0.540037989616394 0.164720997214317
0.540120005607605 0.164757996797562
0.540211021900177 0.164800003170967
0.540310978889465 0.164846003055573
0.540422022342682 0.164895996451378
0.540542006492615 0.164949998259544
0.540673017501831 0.165010005235672
0.540816009044647 0.1650750041008
0.540970981121063 0.165144994854927
0.541139006614685 0.165221005678177
0.541320979595184 0.165303006768227
0.541517972946167 0.165391996502876
0.541730999946594 0.165488004684448
0.541961014270782 0.16559199988842
0.542209029197693 0.165703997015953
0.542478024959564 0.165824994444847
0.542769014835358 0.165955007076263
0.543083012104034 0.16609600186348
0.543425023555756 0.166249006986618
0.543794989585876 0.166415005922318
0.544197022914886 0.166594997048378
0.544636011123657 0.166789993643761
0.545116007328033 0.167004004120827
0.545641005039215 0.167237997055054
0.546218991279602 0.167494997382164
0.546858012676239 0.167778000235558
0.547567009925842 0.168091997504234
0.548357009887695 0.168440997600555
0.549241006374359 0.168832004070282
0.550235986709595 0.169269993901253
0.551353991031647 0.169762000441551
0.552608013153076 0.170312002301216
0.553992986679077 0.170918002724648
0.555490970611572 0.171572998166084
0.55706000328064 0.172257006168365
0.558655023574829 0.172949999570847
0.560238003730774 0.173638001084328
0.561785995960236 0.174309000372887
0.563288986682892 0.174959003925323
0.564745008945465 0.175587996840477
0.566156029701233 0.176195994019508
0.567524015903473 0.176786005496979
0.568853974342346 0.177358001470566
0.570149004459381 0.177913993597031
0.571412980556488 0.178457006812096
0.572649002075195 0.178985998034477
0.573858976364136 0.179505005478859
0.575047016143799 0.180013000965118
0.576214015483856 0.180511996150017
0.57736200094223 0.181002005934715
0.578492999076843 0.181484997272491
0.579608023166656 0.181960001587868
0.580708026885986 0.182429000735283
0.581795990467072 0.182891994714737
0.58287101984024 0.183349996805191
0.583934009075165 0.183801993727684
0.584987998008728 0.184249997138977
0.586031019687653 0.184692993760109
0.587065994739532 0.185131996870041
0.588092029094696 0.185567006468773
0.589110016822815 0.185997992753983
0.590120017528534 0.186425998806953
0.591123998165131 0.186850994825363
0.592121005058289 0.187272995710373
0.593111991882324 0.187692001461983
0.594097971916199 0.188108995556831
0.595077991485596 0.18852299451828
0.596053004264832 0.188934996724129
0.597023010253906 0.189344003796577
0.59798800945282 0.189750999212265
0.598950028419495 0.190156996250153
0.599906980991364 0.19055999815464
0.600861012935638 0.190962001681328
0.601810991764069 0.191361993551254
0.602756977081299 0.191760003566742
0.60369998216629 0.192157000303268
0.604641020298004 0.192552000284195
0.605578005313873 0.192946001887321
0.606513023376465 0.193339005112648
0.607445001602173 0.193730995059013
0.608375012874603 0.19412100315094
0.60930198431015 0.194509997963905
0.610226988792419 0.194897994399071
0.611150026321411 0.195285007357597
0.612071990966797 0.195672005414963
0.612990975379944 0.196057006716728
0.613909006118774 0.196440994739532
0.614825010299683 0.196824997663498
0.615738987922668 0.197208002209663
0.616652011871338 0.197589993476868
0.617564022541046 0.197971001267433
0.618474006652832 0.198351994156837
0.619382977485657 0.198732003569603
0.620290994644165 0.199110999703407
0.621197998523712 0.199489995837212
0.622103989124298 0.199867993593216
0.623009026050568 0.200246006250381
0.623912990093231 0.200624004006386
0.62481701374054 0.20100100338459
0.625719010829926 0.201377004384995
0.626621007919312 0.201753005385399
0.627523005008698 0.202129006385803
0.628423988819122 0.202503994107246
0.629324018955231 0.202878996729851
0.630223989486694 0.203253999352455
0.631123006343842 0.20362900197506
0.632022023200989 0.204003006219864
0.632920980453491 0.204376995563507
0.633818984031677 0.204750001430511
0.634716987609863 0.205124005675316
0.635614991188049 0.205496996641159
0.636512994766235 0.205871000885963
0.637410998344421 0.206244006752968
0.638307988643646 0.206616997718811
0.639205992221832 0.206989005208015
0.640102982521057 0.207361996173859
0.641000986099243 0.207735002040863
0.641898989677429 0.208106994628906
0.642795979976654 0.208480000495911
0.64369398355484 0.208851993083954
0.644591987133026 0.209224998950958
0.645489990711212 0.209597006440163
0.646389007568359 0.209969997406006
0.647288024425507 0.21034200489521
0.648186028003693 0.210714995861053
0.649085998535156 0.211087003350258
0.649985015392303 0.211459994316101
0.650884985923767 0.211832001805305
0.651786029338837 0.212204992771149
0.6526859998703 0.212577998638153
0.653587996959686 0.212951004505157
0.654488980770111 0.213323995471001
0.655390977859497 0.213697001338005
0.656293988227844 0.214070007205009
0.657196998596191 0.214443996548653
0.6581010222435 0.214817002415657
0.659004986286163 0.215191006660461
0.659910023212433 0.215564996004105
0.660815000534058 0.215939000248909
0.661722004413605 0.216313004493713
0.662627995014191 0.216688007116318
0.663536012172699 0.217061996459961
0.664444029331207 0.217436999082565
0.665353000164032 0.21781200170517
0.666262984275818 0.218187004327774
0.667173027992249 0.218563005328178
0.668084025382996 0.218939006328583
0.668995976448059 0.219315007328987
0.669909000396729 0.21969099342823
0.670822978019714 0.220067992806435
0.671737015247345 0.2204450070858
0.672652006149292 0.220822006464005
0.6735680103302 0.221199005842209
0.674485981464386 0.221577003598213
0.675404012203217 0.221955001354218
0.676322996616364 0.222332999110222
0.67724198102951 0.222711995244026
0.67816299200058 0.223091006278992
0.67908501625061 0.223471000790596
0.680007994174957 0.2238499969244
0.680931985378265 0.224230006337166
0.681856989860535 0.22461099922657
0.682783007621765 0.224990993738174
0.683709979057312 0.22537299990654
0.684638023376465 0.225753992795944
0.685567021369934 0.22613599896431
0.68649697303772 0.226518005132675
0.687427997589111 0.226900994777679
0.688360989093781 0.227283999323845
0.68929398059845 0.22766800224781
0.690228998661041 0.228052005171776
0.691164970397949 0.22843599319458
0.692102015018463 0.228820994496346
0.693041026592255 0.229205995798111
0.693979978561401 0.229590997099876
0.694921016693115 0.229976996779442
0.695863008499146 0.230363994836807
0.696806013584137 0.230750992894173
0.697749972343445 0.231138005852699
0.69869601726532 0.231526002287865
0.699643015861511 0.23191399872303
0.70059198141098 0.232302993535995
0.701541006565094 0.232693001627922
0.702491998672485 0.233081996440887
0.703445017337799 0.233473002910614
0.704397976398468 0.233862996101379
0.705353021621704 0.234255000948906
0.706309974193573 0.234646007418633
0.707266986370087 0.235038995742798
0.708226978778839 0.235431000590324
0.709186971187592 0.235825002193451
0.710148990154266 0.236219003796577
0.711112976074219 0.236613005399704
0.712077975273132 0.23700800538063
0.713043987751007 0.237403005361557
0.714012026786804 0.237799003720284
0.714981019496918 0.23819600045681
0.715951979160309 0.238592997193336
0.716924011707306 0.238991007208824
0.717898011207581 0.239389002323151
0.718873023986816 0.239787995815277
0.71985000371933 0.240187004208565
0.720829010009766 0.240586996078491
0.721808016300201 0.240988001227379
0.722790002822876 0.241389006376266
0.723773002624512 0.241789996623993
0.72475802898407 0.242192998528481
0.725744009017944 0.242596000432968
0.726732015609741 0.242999002337456
0.727721989154816 0.243403002619743
0.728712975978851 0.243808001279831
0.729705989360809 0.244212999939919
0.730700016021729 0.244618996977806
0.731696009635925 0.245026007294655
0.7326939702034 0.245433002710342
0.733694016933441 0.24584099650383
0.734695017337799 0.246250003576279
0.735697984695435 0.246658995747566
0.736702024936676 0.247069001197815
0.737708985805511 0.247479006648064
0.738717019557953 0.247889995574951
0.739727020263672 0.2483019977808
0.740737974643707 0.248714998364449
0.741752028465271 0.249127998948097
0.742766976356506 0.249541997909546
0.743784010410309 0.249955996870995
0.744803011417389 0.250371009111404
0.74582302570343 0.250786989927292
0.74684602022171 0.251204013824463
0.747870028018951 0.251621007919312
0.74889600276947 0.252038985490799
0.749924004077911 0.25245800614357
0.75095397233963 0.252876996994019
0.751986026763916 0.25329801440239
0.753019988536835 0.253719002008438
0.754055023193359 0.254139989614487
0.755092024803162 0.254561990499496
0.756132006645203 0.254985988140106
0.757173001766205 0.255409002304077
0.758216023445129 0.255834013223648
0.759262025356293 0.256258994340897
0.760308980941772 0.256684988737106
0.761358022689819 0.257111996412277
0.762408971786499 0.257539987564087
0.763462007045746 0.257968008518219
0.76451700925827 0.25839701294899
0.765573978424072 0.2588270008564
0.766633987426758 0.25925800204277
0.767695009708405 0.259689003229141
0.768757998943329 0.260120987892151
0.769823014736176 0.260553985834122
0.770891010761261 0.260987997055054
0.771960020065308 0.261422991752625
0.773032009601593 0.261857986450195
0.77410501241684 0.262295007705688
0.775180995464325 0.262731999158859
0.776259005069733 0.263170003890991
0.777338981628418 0.263608008623123
0.778420984745026 0.264048010110855
0.779505014419556 0.264488011598587
0.780592024326324 0.264928996562958
0.781681001186371 0.26537099480629
0.782770991325378 0.265814006328583
0.78386402130127 0.266258001327515
0.784959971904755 0.266703009605408
0.786056995391846 0.267147988080978
0.787156999111176 0.267594009637833
0.788259029388428 0.268041014671326
0.789363026618958 0.268489003181458
0.790468990802765 0.268938004970551
0.791577994823456 0.269387990236282
0.792689025402069 0.269838988780975
0.79380202293396 0.270289987325668
0.79491800069809 0.270743012428284
0.796036005020142 0.271196007728577
0.797155976295471 0.27165099978447
0.798278987407684 0.272105991840363
0.79940402507782 0.272561997175217
0.800531029701233 0.27301898598671
0.801661014556885 0.273476988077164
0.802793025970459 0.273936003446579
0.803927004337311 0.274394989013672
0.805064022541046 0.274856001138687
0.806203007698059 0.275317996740341
0.807344973087311 0.275779992341995
0.80848902463913 0.276244014501572
0.809635996818542 0.276708006858826
0.810784995555878 0.27717399597168
0.811936020851135 0.277640014886856
0.813090026378632 0.278106987476349
0.814247012138367 0.278575986623764
0.815406024456024 0.279044985771179
0.816567003726959 0.279514998197556
0.817731022834778 0.279987007379532
0.818898022174835 0.280458986759186
0.82006698846817 0.280932009220123
0.821238994598389 0.281405985355377
0.82241302728653 0.281881988048553
0.823589980602264 0.28235799074173
0.824769020080566 0.282835006713867
0.825951993465424 0.283313006162643
0.827135980129242 0.28379300236702
0.828324019908905 0.284272998571396
0.829514026641846 0.284754008054733
0.830706000328064 0.285237014293671
0.831901013851166 0.285719990730286
0.833099007606506 0.286204993724823
0.834299981594086 0.28668999671936
0.835503995418549 0.287176996469498
0.836709976196289 0.287665009498596
0.837918996810913 0.288152992725372
0.839129984378815 0.288643002510071
0.8403440117836 0.289133995771408
0.84156197309494 0.289626002311707
0.842781007289886 0.290118992328644
0.844003975391388 0.290612995624542
0.845229983329773 0.291108012199402
0.84645801782608 0.291604995727539
0.847688972949982 0.292102009057999
0.848923027515411 0.292600989341736
0.850160002708435 0.293099999427795
0.851400017738342 0.293601006269455
0.852641999721527 0.294102996587753
0.853887975215912 0.294606000185013
0.855135977268219 0.295109987258911
0.85638701915741 0.295614987611771
0.857640981674194 0.296122014522552
0.858898997306824 0.296629011631012
0.860158979892731 0.297138005495071
0.861422002315521 0.297648012638092
0.862688004970551 0.298159003257751
0.863956987857819 0.298671007156372
0.86522901058197 0.299185007810593
0.866504013538361 0.299699008464813
0.86778199672699 0.300215005874634
0.869063019752502 0.300731986761093
0.87034797668457 0.301250010728836
0.871635019779205 0.301770001649857
0.872924983501434 0.302289992570877
0.874219000339508 0.30281201004982
0.875515997409821 0.303335011005402
0.876815021038055 0.303860008716583
0.878117978572845 0.304385006427765
0.879423975944519 0.304912000894547
0.880733013153076 0.305440008640289
0.882045984268188 0.305968999862671
0.883361995220184 0.306499987840652
0.884679973125458 0.307031005620956
0.886002004146576 0.307563990354538
0.887328028678894 0.308099001646042
0.88865602016449 0.308634012937546
0.889988005161285 0.309170991182327
0.89132297039032 0.309709012508392
0.892661988735199 0.310247987508774
0.894002974033356 0.310788989067078
0.895348012447357 0.311331003904343
0.896696984767914 0.311874985694885
0.898048996925354 0.31241899728775
0.899403989315033 0.312965005636215
0.900762021541595 0.313511997461319
0.902123987674713 0.314060986042023
0.903488993644714 0.314610987901688
0.904857993125916 0.315162003040314
0.906229972839355 0.315714985132217
0.90760600566864 0.316269010305405
0.908985018730164 0.316823989152908
0.910368025302887 0.317380994558334
0.911754012107849 0.317939013242722
0.913143992424011 0.318498998880386
0.914537012577057 0.319059997797012
0.915934026241302 0.319622009992599
0.917334020137787 0.320185989141464
0.918738007545471 0.320751011371613
0.920144975185394 0.321318000555038
0.921557009220123 0.321884989738464
0.92297101020813 0.322454988956451
0.924390017986298 0.3230260014534
0.925812005996704 0.323597997426987
0.927237987518311 0.324171990156174
0.928667008876801 0.324746996164322
0.93010002374649 0.325322985649109
0.931536972522736 0.325901001691818
0.932977974414825 0.326481014490128
0.934422016143799 0.327062010765076
0.935869991779327 0.327645003795624
0.937322020530701 0.328229010105133
0.938777983188629 0.328813999891281
0.940237998962402 0.329400986433029
0.941700994968414 0.3299899995327
0.943168997764587 0.330579996109009
0.944639980792999 0.331171005964279
0.946115016937256 0.33176401257515
0.947593986988068 0.332358986139297
0.949077010154724 0.332955002784729
0.950564026832581 0.333552986383438
0.952054977416992 0.334152013063431
0.953549981117249 0.334753006696701
0.955048978328705 0.335355997085571
0.956551015377045 0.335960000753403
0.958057999610901 0.336564987897873
0.959568977355957 0.337172001600266
0.961084008216858 0.337781012058258
0.962603986263275 0.338391989469528
0.964127004146576 0.339004009962082
0.965654015541077 0.339617013931274
0.967185974121094 0.340232998132706
0.968721985816956 0.340849995613098
0.970260977745056 0.341468006372452
0.971805989742279 0.342088013887405
0.973353981971741 0.342709988355637
0.974906027317047 0.34333398938179
0.97646301984787 0.343959003686905
0.978024005889893 0.34458601474762
0.979589998722076 0.345214992761612
0.98115998506546 0.345845013856888
0.982734024524689 0.346477001905441
0.984311997890472 0.347110986709595
0.985894978046417 0.347746014595032
0.987482011318207 0.348383992910385
0.989073991775513 0.349022001028061
0.990670025348663 0.349662989377975
0.992269992828369 0.350306004285812
0.993875026702881 0.350950002670288
0.995485007762909 0.351595997810364
0.997098982334137 0.352243989706039
0.99871701002121 0.352892994880676
1.0003399848938 0.353545010089874
1.00197005271912 0.354198008775711
1.00360000133514 0.354853004217148
1.00523996353149 0.355509012937546
1.00688004493713 0.356168001890182
1.00853002071381 0.35682800412178
1.01017999649048 0.357490986585617
1.01182997226715 0.358155012130737
1.01348996162415 0.358821004629135
1.01515996456146 0.359488993883133
1.01682996749878 0.360159009695053
1.0184999704361 0.360830008983612
1.02017998695374 0.36150398850441
1.0218700170517 0.362179011106491
1.02355003356934 0.362857013940811
1.02524995803833 0.36353600025177
1.02695000171661 0.364217013120651
1.0286500453949 0.36489999294281
1.03035998344421 0.365584999322891
1.03207004070282 0.366272985935211
1.03378999233246 0.366961985826492
1.03551995754242 0.367653012275696
1.03725004196167 0.368346005678177
1.03898000717163 0.369040995836258
1.04071998596191 0.369738012552261
1.0424599647522 0.370436996221542
1.0442099571228 0.371138006448746
1.04596996307373 0.371841013431549
1.04772996902466 0.37254598736763
1.04948997497559 0.373252987861633
1.05125999450684 0.373962998390198
1.05304002761841 0.374673992395401
1.05481994152069 0.375387012958527
1.05659997463226 0.376103013753891
1.05839002132416 0.376819998025894
1.06018996238708 0.377539992332458
1.0619900226593 0.378262013196945
1.06379997730255 0.378986001014709
1.06561005115509 0.379711985588074
1.06743001937866 0.38043999671936
1.06926000118256 0.381170988082886
1.07107996940613 0.381902992725372
1.07291996479034 0.38263800740242
1.07475996017456 0.383374989032745
1.0766099691391 0.384113997220993
1.07845997810364 0.384855985641479
1.08030998706818 0.385600000619888
1.08218002319336 0.386344999074936
1.08405005931854 0.387093991041183
1.08591997623444 0.387843996286392
1.08780002593994 0.388597011566162
1.08968997001648 0.389351010322571
1.09158003330231 0.390109002590179
1.09347999095917 0.390868008136749
1.09537994861603 0.391629993915558
1.0972900390625 0.392394006252289
1.09920001029968 0.393160998821259
1.10111999511719 0.393929004669189
1.10304999351501 0.39470100402832
1.10497999191284 0.39547398686409
1.10692000389099 0.396250009536743
1.10887002944946 0.397029012441635
1.11082005500793 0.397808998823166
1.11277997493744 0.398591995239258
1.11474001407623 0.399378001689911
1.11670994758606 0.400166004896164
1.1186900138855 0.400956004858017
1.12066996097565 0.401749014854431
1.12266004085541 0.402545005083084
1.12465000152588 0.403342992067337
1.12664997577667 0.404143005609512
1.12865996360779 0.404945999383926
1.1306699514389 0.40575098991394
1.13268995285034 0.406558990478516
1.1347199678421 0.407370001077652
1.13674998283386 0.408183008432388
1.13879001140594 0.408998996019363
1.14084005355835 0.409817010164261
1.14288997650146 0.410638004541397
1.14495003223419 0.411460995674133
1.14701998233795 0.412286996841431
1.149090051651 0.413116008043289
1.15117001533508 0.413946986198425
1.15325999259949 0.414781004190445
1.15534996986389 0.415618002414703
1.15744996070862 0.416456997394562
1.15955996513367 0.417299002408981
1.16166996955872 0.41814398765564
1.16378998756409 0.418992012739182
1.16592001914978 0.419842004776001
1.16805005073547 0.420695006847382
1.1701899766922 0.421550989151001
1.17234003543854 0.422408998012543
1.17449998855591 0.423271000385284
1.17665994167328 0.424134999513626
1.17883002758026 0.425002008676529
1.18101000785828 0.425871998071671
1.18318998813629 0.426744014024734
1.18537998199463 0.427619993686676
1.18757998943329 0.42849799990654
1.18979001045227 0.429379999637604
1.19200003147125 0.430263996124268
1.19421994686127 0.431151002645493
1.19644999504089 0.432040989398956
1.19869005680084 0.432934999465942
1.2009299993515 0.433831006288528
1.20317995548248 0.434729993343353
1.20544004440308 0.435631990432739
1.2077100276947 0.436536997556686
1.20998001098633 0.437445014715195
1.21226000785828 0.438356012105942
1.21455001831055 0.439271003007889
1.21685004234314 0.440187990665436
1.21915996074677 0.441107988357544
1.22146999835968 0.442032009363174
1.22379004955292 0.442959010601044
1.22611999511719 0.443888008594513
1.22845995426178 0.444821000099182
1.23080003261566 0.445757985115051
1.23315000534058 0.446696996688843
1.23552000522614 0.447638988494873
1.23787999153137 0.448585003614426
1.24026000499725 0.449533998966217
1.24265003204346 0.450486987829208
1.24504005908966 0.451442003250122
1.24744999408722 0.452401012182236
1.24986004829407 0.453363001346588
1.25227999687195 0.454329013824463
1.25469994544983 0.455298006534576
1.25714004039764 0.456270009279251
1.25958001613617 0.457246005535126
1.26204001903534 0.458225011825562
1.26450002193451 0.459206998348236
1.266970038414 0.460193008184433
1.26944994926453 0.461181998252869
1.27193999290466 0.462175011634827
1.27444005012512 0.463171005249023
1.27693998813629 0.46417099237442
1.27945995330811 0.465173989534378
1.28198003768921 0.466181010007858
1.28451001644135 0.467191994190216
1.28706002235413 0.468205988407135
1.28961002826691 0.469222992658615
1.29217004776001 0.470245003700256
1.29473996162415 0.471269994974136
1.29732000827789 0.472297996282578
1.29990994930267 0.473329991102219
1.30250000953674 0.474366009235382
1.30510997772217 0.475405991077423
1.30772995948792 0.476449012756348
1.31034994125366 0.47749599814415
1.31298995018005 0.478547006845474
1.31562995910645 0.479602009057999
1.31828999519348 0.480661004781723
1.32095003128052 0.481723010540009
1.32362997531891 0.482789009809494
1.32631003856659 0.483859002590179
1.32901000976563 0.484932988882065
1.33170998096466 0.486010998487473
1.33441996574402 0.48709300160408
1.33714997768402 0.488178998231888
1.33987998962402 0.489268988370895
1.34263002872467 0.490363001823425
1.34537994861603 0.491461008787155
1.34815001487732 0.492563009262085
1.35091996192932 0.493669003248215
1.35371005535126 0.494778990745544
1.3565000295639 0.495893001556396
1.35931003093719 0.497011989355087
1.36187994480133 0.49803501367569
1.36359000205994 0.498717993497849
1.36474001407623 0.499175012111664
1.36549997329712 0.499480009078979
1.36600995063782 0.499682992696762
1.36635005474091 0.49981901049614
1.36658000946045 0.49990901350975
1.36670005321503 0.499954998493195
1.36675000190735 0.499976992607117
1.36680996417999 0.5
1.36680996417999 0.5
1.36687004566193 0.500023007392883
1.36691999435425 0.500045001506805
1.36704003810883 0.500091016292572
1.36725997924805 0.500181019306183
1.36759996414185 0.500316977500916
1.36811995506287 0.500521004199982
1.36889004707336 0.500827014446259
1.37004005908966 0.50128698348999
1.37177002429962 0.501977980136871
1.37437999248505 0.503018021583557
1.3772599697113 0.504163026809692
1.38013994693756 0.505312979221344
1.38303995132446 0.506465971469879
1.38594996929169 0.507623970508575
1.38885998725891 0.508786976337433
1.39179003238678 0.50995397567749
1.39472997188568 0.511125028133392
1.39769005775452 0.512301027774811
1.40065002441406 0.513481020927429
1.40362000465393 0.514666020870209
1.40661001205444 0.515855014324188
1.40961003303528 0.517049014568329
1.41261994838715 0.518248021602631
1.41563999652863 0.519451022148132
1.41867005825043 0.520658016204834
1.42171001434326 0.521870970726013
1.42476999759674 0.523087978363037
1.42783999443054 0.524308979511261
1.43092000484467 0.525536000728607
1.43401002883911 0.526767015457153
1.43711996078491 0.528002977371216
1.44023001194 0.529244005680084
1.44335997104645 0.530489981174469
1.44649994373322 0.53174102306366
1.44965994358063 0.532995998859406
1.45281994342804 0.534256994724274
1.4559999704361 0.535521984100342
1.45919001102448 0.536791980266571
1.46239995956421 0.538067996501923
1.46561002731323 0.539348006248474
1.46884000301361 0.540633976459503
1.47209000587463 0.541923999786377
1.47534000873566 0.543219983577728
1.47861003875732 0.544520974159241
1.48188996315002 0.545826971530914
1.48519003391266 0.54713898897171
1.48849999904633 0.548454999923706
1.49181997776031 0.549776971340179
1.49514997005463 0.551104009151459
1.49849998950958 0.552437007427216
1.50186002254486 0.553775012493134
1.50523996353149 0.555118024349213
1.50863003730774 0.556466996669769
1.51203000545502 0.557820975780487
1.51545000076294 0.559180974960327
1.51888000965118 0.560545980930328
1.52233004570007 0.561917006969452
1.52578997612 0.563292980194092
1.52926003932953 0.564674973487854
1.53275001049042 0.566062986850739
1.53624999523163 0.567456007003784
1.53977000713348 0.568854987621307
1.54330003261566 0.570259988307953
1.54684996604919 0.571671009063721
1.55041003227234 0.573086977005005
1.55399000644684 0.574509978294373
1.55757999420166 0.575937986373901
1.5611799955368 0.577372014522552
1.56480002403259 0.578812003135681
1.56843996047974 0.580258011817932
1.57209002971649 0.581709980964661
1.5757600069046 0.583168029785156
1.57943999767303 0.584632992744446
1.58314001560211 0.586103022098541
1.58685004711151 0.587580025196075
1.59057998657227 0.589062988758087
1.59432995319366 0.590551972389221
1.59809005260468 0.592046976089478
1.60186994075775 0.593549013137817
1.60565996170044 0.595057010650635
1.60947000980377 0.596571028232574
1.61328995227814 0.598092019557953
1.61714005470276 0.599618971347809
1.62100005149841 0.601153016090393
1.6248699426651 0.602693974971771
1.62875998020172 0.604241013526917
1.63267004489899 0.605794012546539
1.63660001754761 0.607354998588562
1.64054000377655 0.608922004699707
1.64450001716614 0.61049497127533
1.64848005771637 0.612075984477997
1.65246999263763 0.613663017749786
1.65647995471954 0.615257024765015
1.6605099439621 0.616858005523682
1.6645599603653 0.618466019630432
1.66861999034882 0.620082020759583
1.67270004749298 0.62170398235321
1.6768000125885 0.623332977294922
1.68092000484467 0.624969005584717
1.68506002426147 0.62661200761795
1.68921005725861 0.628262996673584
1.69339001178741 0.629921019077301
1.69757997989655 0.631586015224457
1.70178997516632 0.633258998394012
1.70601999759674 0.63493800163269
1.71026003360748 0.636626005172729
1.7145299911499 0.638320028781891
1.71881997585297 0.640022993087769
1.72311997413635 0.641731977462769
1.72743999958038 0.643450021743774
1.73178994655609 0.645174980163574
1.73615002632141 0.646907985210419
1.74053001403809 0.648648023605347
1.74493002891541 0.65039598941803
1.7493599653244 0.652152001857758
1.75380003452301 0.653916001319885
1.75826001167297 0.655687987804413
1.76274001598358 0.657468020915985
1.76724004745483 0.659255981445313
1.77177000045776 0.661051988601685
1.77630996704102 0.662855982780457
1.78086996078491 0.664668023586273
1.78545999526978 0.666487991809845
1.79007005691528 0.668317019939423
1.79469001293182 0.670153975486755
1.79934000968933 0.671998977661133
1.80401003360748 0.673852980136871
1.80869996547699 0.675715029239655
1.81341004371643 0.677586019039154
1.81815004348755 0.679464995861053
1.82290005683899 0.681352972984314
1.82767999172211 0.68325001001358
1.83247995376587 0.685154974460602
1.83729994297028 0.687068998813629
1.84214997291565 0.688992023468018
1.84702003002167 0.690923988819122
1.85189998149872 0.692864000797272
1.85681998729706 0.694814026355743
1.86175000667572 0.696772992610931
1.86670994758606 0.698740005493164
1.87169003486633 0.700716972351074
1.87670004367828 0.70270299911499
1.88172996044159 0.704698979854584
1.88678002357483 0.706704020500183
1.89184999465942 0.708718001842499
1.89695000648499 0.710740983486176
1.90208005905151 0.712773978710175
1.9072300195694 0.714815974235535
1.91240000724792 0.716867983341217
1.91760003566742 0.718930006027222
1.92281997203827 0.721001982688904
1.92806005477905 0.723083019256592
1.93333005905151 0.725174009799957
1.93862998485565 0.727275013923645
1.94395005702972 0.729385018348694
1.94930005073547 0.731505990028381
1.95466995239258 0.733636975288391
1.96007001399994 0.735777974128723
1.96548998355865 0.737928986549377
1.97093999385834 0.740090012550354
1.97642004489899 0.742262005805969
1.98192000389099 0.744444012641907
1.98745000362396 0.746635973453522
1.99300003051758 0.748839020729065
1.99857997894287 0.751052975654602
2.00418996810913 0.753277003765106
2.00982999801636 0.755510985851288
2.01549005508423 0.757757008075714
2.02117991447449 0.760012984275818
2.02690005302429 0.762279987335205
2.03263998031616 0.764558017253876
2.03841996192932 0.766847014427185
2.04421997070313 0.769146978855133
2.0500500202179 0.771458029747009
2.05591011047363 0.773779988288879
2.06178998947144 0.776112973690033
2.06770992279053 0.778457999229431
2.07364988327026 0.780813992023468
2.07961988449097 0.78318202495575
2.08562994003296 0.78556102514267
2.0916600227356 0.787950992584229
2.09771990776062 0.790353000164032
2.10381007194519 0.792766988277435
2.10993003845215 0.795193016529083
2.11608004570007 0.79763001203537
2.12226009368896 0.800078988075256
2.12846994400024 0.802541017532349
2.13471007347107 0.80501401424408
2.14098000526428 0.80749899148941
2.14728999137878 0.809997022151947
2.15362000465393 0.812506020069122
2.15998005867004 0.815028011798859
2.16637992858887 0.817562997341156
2.17281007766724 0.820109009742737
2.17927002906799 0.82266902923584
2.18576002120972 0.825240015983582
2.19228005409241 0.827825009822845
2.19883990287781 0.830421984195709
2.20543003082275 0.833032011985779
2.21204996109009 0.835654973983765
2.21869993209839 0.838289976119995
2.22538995742798 0.840938985347748
2.23211002349854 0.8435999751091
2.23885989189148 0.846274971961975
2.24565005302429 0.848963022232056
2.25247001647949 0.851664006710052
2.25932002067566 0.85437798500061
2.26621007919312 0.85710597038269
2.27312994003296 0.859847009181976
2.28009009361267 0.86260199546814
2.28708004951477 0.865370988845825
2.29411005973816 0.868152976036072
2.30117011070251 0.870948970317841
2.30825996398926 0.873758018016815
2.31539011001587 0.876582026481628
2.32256007194519 0.879419028759003
2.32976007461548 0.882269978523254
2.33699989318848 0.885136008262634
2.34426999092102 0.888015985488892
2.35157990455627 0.890909016132355
2.3589301109314 0.893818020820618
2.36630988121033 0.896740019321442
2.37372994422913 0.899676978588104
2.38119006156921 0.902628004550934
2.38867998123169 0.905593991279602
2.39620995521545 0.908574998378754
2.40377998352051 0.911570012569427
2.41139006614685 0.914581000804901
2.41902995109558 0.917604982852936
2.4267098903656 0.920644998550415
2.43442988395691 0.923699975013733
2.44218993186951 0.926769971847534
2.44998002052307 0.929854989051819
2.45781993865967 0.932955026626587
2.46568989753723 0.93607097864151
2.47359991073608 0.939202010631561
2.48155999183655 0.942348003387451
2.48955011367798 0.945509016513824
2.49758005142212 0.948686003684998
2.50565004348755 0.951879024505615
2.51376008987427 0.955088019371033
2.5219099521637 0.958311975002289
2.53010010719299 0.961552023887634
2.538330078125 0.964806973934174
2.5466001033783 0.968078970909119
2.5549099445343 0.971365988254547
2.56326007843018 0.974669992923737
2.57166004180908 0.977989971637726
2.58009004592896 0.98132598400116
2.58857011795044 0.984677970409393
2.59709000587463 0.988045990467072
2.60563993453979 0.991430997848511
2.61424994468689 0.99483197927475
2.62288999557495 0.998250007629395
2.6315701007843 1.00168001651764
2.64030003547668 1.00513994693756
2.64907002449036 1.00859999656677
2.65788006782532 1.01208996772766
2.66673994064331 1.01558995246887
2.67564010620117 1.01910996437073
2.68458008766174 1.02263998985291
2.69355988502502 1.02619004249573
2.7025899887085 1.0297600030899
2.71165990829468 1.03334999084473
2.72076988220215 1.03694999217987
2.72992992401123 1.04057002067566
2.7391300201416 1.0442099571228
2.748379945755 1.04786002635956
2.7576699256897 1.05153000354767
2.76699995994568 1.05522000789642
2.77638006210327 1.05893003940582
2.78579998016357 1.06264996528625
2.79526996612549 1.06639003753662
2.80478000640869 1.07015001773834
2.81434011459351 1.07393002510071
2.82394003868103 1.0777200460434
2.83359003067017 1.08152997493744
2.84329009056091 1.08536005020142
2.85301995277405 1.08921003341675
2.86280989646912 1.09308004379272
2.87263989448547 1.09695994853973
2.88250994682312 1.10085999965668
2.89243006706238 1.10477995872498
2.90240001678467 1.10871994495392
2.91241002082825 1.11266994476318
2.92247009277344 1.11663997173309
2.93256998062134 1.12064003944397
2.94272994995117 1.12463998794556
2.95291996002197 1.12866997718811
2.96317005157471 1.13271999359131
2.97345995903015 1.13678002357483
2.98378992080688 1.1408599615097
2.99417996406555 1.14496004581451
3.00461006164551 1.14908003807068
3.0150899887085 1.15322005748749
3.02560997009277 1.15736997127533
3.03618001937866 1.16155004501343
3.04679989814758 1.16574001312256
3.05746006965637 1.16995000839233
3.06818008422852 1.17418003082275
3.07893991470337 1.17842996120453
3.08974003791809 1.18269002437592
3.10060000419617 1.18698000907898
3.11150002479553 1.19128000736237
3.12245011329651 1.1956000328064
3.1334400177002 1.19993996620178
3.14449000358582 1.2043000459671
3.15558004379272 1.20868003368378
3.16671991348267 1.21307003498077
3.17790007591248 1.21748995780945
3.18914008140564 1.22192001342773
3.20041990280151 1.22636997699738
3.21175003051758 1.23083996772766
3.22311997413635 1.23532998561859
3.23454999923706 1.23984003067017
3.24602007865906 1.24435997009277
3.25753998756409 1.24890995025635
3.26909995079041 1.25346994400024
3.28071999549866 1.25804996490479
3.2923800945282 1.26265001296997
3.30409002304077 1.26726996898651
3.31585001945496 1.2719099521637
3.32765007019043 1.27656996250153
3.33950996398926 1.28123998641968
3.35140991210938 1.28593003749847
3.36334991455078 1.29065001010895
3.37534999847412 1.29537999629974
3.38738989830017 1.30011999607086
3.39948010444641 1.30489003658295
3.4116199016571 1.30967998504639
3.42381000518799 1.31447994709015
3.43603992462158 1.31930994987488
3.44831991195679 1.32414996623993
3.4606499671936 1.32901000976563
3.47302007675171 1.33388996124268
3.48544001579285 1.33878004550934
3.4979100227356 1.34370005130768
3.51042008399963 1.34862995147705
3.52298998832703 1.35357999801636
3.53559994697571 1.35854995250702
3.54824995994568 1.36354005336761
3.56096005439758 1.36854994297028
3.5737099647522 1.37356996536255
3.5864999294281 1.37861001491547
3.59933996200562 1.38366997241974
3.61223006248474 1.38874995708466
3.6251699924469 1.39384996891022
3.63814997673035 1.3989599943161
3.65118002891541 1.40409994125366
3.66424989700317 1.40925002098083
3.67737007141113 1.41442000865936
3.69054007530212 1.41960000991821
3.70374989509583 1.42481005191803
3.71701002120972 1.43002998828888
3.73030996322632 1.43526995182037
3.74365997314453 1.44052994251251
3.75706005096436 1.44579994678497
3.77049994468689 1.4510999917984
3.78397989273071 1.45641005039215
3.79750990867615 1.46173000335693
3.81107997894287 1.46707999706268
3.82470011711121 1.47244000434875
3.83837008476257 1.47782003879547
3.85208010673523 1.48321998119354
3.8658299446106 1.48863005638123
3.87963008880615 1.49407005310059
3.89347004890442 1.49951004981995
3.90735006332397 1.50497996807098
3.92127990722656 1.51046001911163
3.93526005744934 1.51595997810364
3.94927000999451 1.52147996425629
3.96333003044128 1.52700996398926
3.97744011878967 1.5325700044632
3.99158000946045 1.53813004493713
4.00577020645142 1.54372000694275
4.01999998092651 1.54931998252869
4.03427982330322 1.55492997169495
4.04860019683838 1.56057000160217
4.06296014785767 1.56622004508972
4.07736015319824 1.57188999652863
4.09181022644043 1.57756996154785
4.10628986358643 1.58326995372772
4.12082004547119 1.58897995948792
4.13538980484009 1.59470999240875
4.15001010894775 1.60046005249023
4.16465997695923 1.60623002052307
4.17935991287231 1.61201000213623
4.19408988952637 1.61779999732971
4.20886993408203 1.62361001968384
4.22369003295898 1.62943994998932
4.23855018615723 1.63528001308441
4.25343990325928 1.64113998413086
4.2683801651001 1.64701998233795
4.28336000442505 1.65289998054504
4.29837989807129 1.6588100194931
4.31343984603882 1.66472995281219
4.32853984832764 1.67067003250122
4.34367990493774 1.67662000656128
4.35886001586914 1.68257999420166
4.3740701675415 1.68856000900269
4.38932991027832 1.69456005096436
4.40462017059326 1.70056998729706
4.41996002197266 1.70659995079041
4.43532991409302 1.71264004707336
4.45073986053467 1.71869003772736
4.46618986129761 1.72476005554199
4.48166990280151 1.73084998130798
4.49720001220703 1.73695003986359
4.51276016235352 1.74305999279022
4.52835988998413 1.7491899728775
4.54400014877319 1.7553299665451
4.55966997146606 1.76148998737335
4.57537984848022 1.76766002178192
4.59112977981567 1.77384996414185
4.60691022872925 1.78005003929138
4.62272977828979 1.78626000881195
4.63858985900879 1.79249000549316
4.65447998046875 1.7987300157547
4.67041015625 1.80499005317688
4.68637990951538 1.81125998497009
4.70238018035889 1.81754004955292
4.71842002868652 1.82383000850677
4.73448991775513 1.8301500082016
4.75059986114502 1.83647000789642
4.76673984527588 1.84281003475189
4.78291988372803 1.84915995597839
4.79912996292114 1.85552000999451
4.81538009643555 1.86189997196198
4.83165979385376 1.86828994750977
4.8479700088501 1.87469005584717
4.86431980133057 1.88110995292664
4.88071012496948 1.88753998279572
4.89711999893188 1.89398002624512
4.91356992721558 1.90042996406555
4.93005990982056 1.90690004825592
4.9465799331665 1.91338002681732
4.96312999725342 1.91988003253937
4.9797101020813 1.92638003826141
4.99632978439331 1.93289995193481
5.01297998428345 1.93942999839783
5.02966022491455 1.94597995281219
5.04638004302979 1.95253002643585
5.06311988830566 1.95910000801086
5.07989978790283 1.9656800031662
5.09672021865845 1.97228002548218
5.11356019973755 1.97888004779816
5.13044023513794 1.98549997806549
5.14733982086182 1.99213004112244
5.16427993774414 1.99876999855042
5.18125009536743 2.00541996955872
5.19824981689453 2.01208996772766
5.21528005599976 2.01876997947693
5.23234987258911 2.0254499912262
5.24944019317627 2.03215003013611
5.26657009124756 2.03887009620667
5.28372001647949 2.04558992385864
5.30090999603271 2.05233001708984
5.31812000274658 2.05907011032104
5.33537006378174 2.06582999229431
5.35264015197754 2.0725998878479
5.36994981765747 2.07938003540039
5.38729000091553 2.08616995811462
5.40465021133423 2.0929799079895
5.42204999923706 2.09979009628296
5.43946981430054 2.10662007331848
5.45692014694214 2.11346006393433
5.47441005706787 2.12030005455017
5.49191999435425 2.12716007232666
5.50945997238159 2.13403010368347
5.5270299911499 2.14090991020203
5.54463005065918 2.1478099822998
5.5622501373291 2.15471005439758
5.57990980148315 2.1616199016571
5.59758996963501 2.16855001449585
5.61530017852783 2.17547988891602
5.63303995132446 2.18243002891541
5.65080976486206 2.18937993049622
5.66861009597778 2.19635009765625
5.68642997741699 2.20333003997803
5.70427989959717 2.2103099822998
5.72215986251831 2.21730995178223
5.7400598526001 2.22431993484497
5.75799989700317 2.23133993148804
5.77595996856689 2.23836994171143
5.79395008087158 2.24540996551514
5.81196022033691 2.25246000289917
5.82999992370605 2.25952005386353
5.84807014465332 2.2665901184082
5.86616992950439 2.27366995811462
5.88429021835327 2.28076004981995
5.90244007110596 2.28784990310669
5.92060995101929 2.29496002197266
5.93881988525391 2.30207991600037
5.95703983306885 2.30921006202698
5.97529983520508 2.31634998321533
5.99357986450195 2.32349991798401
6.01188993453979 2.33066010475159
6.03022003173828 2.33783006668091
6.04858016967773 2.34501004219055
6.06695985794067 2.35220003128052
6.08537006378174 2.35939002037048
6.10380983352661 2.36660003662109
6.12227010726929 2.37382006645203
6.14074993133545 2.38105010986328
6.15925979614258 2.38827991485596
6.17780017852783 2.39552998542786
6.19636011123657 2.40278005599976
6.21495008468628 2.41004991531372
6.23356008529663 2.41732001304626
6.25220012664795 2.42459988594055
6.27086019515991 2.43190002441406
6.28954982757568 2.43919992446899
6.30825996398926 2.44651007652283
6.3270001411438 2.4538300037384
6.34575986862183 2.4611599445343
6.36455011367798 2.46849989891052
6.38335990905762 2.47584009170532
6.40219020843506 2.48320007324219
6.42105007171631 2.49057006835938
6.4399299621582 2.49794006347656
6.45883989334106 2.50532007217407
6.47776985168457 2.51272010803223
6.49672985076904 2.5201199054718
6.51570987701416 2.52752995491028
6.53470993041992 2.53495001792908
6.55374002456665 2.5423800945282
6.57279014587402 2.54981994628906
6.59185981750488 2.55726003646851
6.61096000671387 2.56471991539001
6.63009023666382 2.5721800327301
6.64923000335693 2.57964992523193
6.66839981079102 2.58714008331299
6.6875901222229 2.59463000297546
6.70680999755859 2.60212993621826
6.72604990005493 2.60963010787964
6.74530982971191 2.61715006828308
6.76459980010986 2.62467002868652
6.78390979766846 2.63221001625061
6.8032398223877 2.6397500038147
6.8225998878479 2.64730000495911
6.84197998046875 2.65486001968384
6.86138010025024 2.66243004798889
6.88080978393555 2.67000007629395
6.90024995803833 2.67758989334106
6.91972017288208 2.68517994880676
6.93921995162964 2.69278001785278
6.95873022079468 2.70039010047913
6.97827005386353 2.70800995826721
6.99783992767334 2.7156400680542
7.01741981506348 2.72327995300293
7.03703022003174 2.73092007637024
7.05666017532349 2.73856997489929
7.07631015777588 2.74622988700867
7.09598016738892 2.75390005111694
7.11568021774292 2.76157999038696
7.13539981842041 2.76925992965698
7.1551399230957 2.77695989608765
7.17491006851196 2.78466010093689
7.19469022750854 2.79237008094788
7.21449995040894 2.80009007453918
7.23433017730713 2.80781006813049
7.25418996810913 2.81555008888245
7.27405977249146 2.8232901096344
7.2939600944519 2.8310399055481
7.31387996673584 2.83879995346069
7.33381986618042 2.84657001495361
7.35378980636597 2.85434007644653
7.37377023696899 2.86212992668152
7.39378023147583 2.86992001533508
7.41380977630615 2.87772011756897
7.43385982513428 2.88551998138428
7.45393991470337 2.89334011077881
7.47403001785278 2.90116000175476
7.49415016174316 2.90899991989136
7.51428985595703 2.91684007644653
7.5344500541687 2.92467999458313
7.55462980270386 2.93253993988037
7.57483005523682 2.94039988517761
7.59505987167358 2.94827008247375
7.61531019210815 2.95615005493164
7.63558006286621 2.96404004096985
7.65586996078491 2.97194004058838
7.67617988586426 2.97984004020691
7.69650983810425 2.98775005340576
7.71686983108521 2.99567008018494
7.73724985122681 3.00359988212585
7.75763988494873 3.01152992248535
7.77805995941162 3.01946997642517
7.79851007461548 3.02742004394531
7.81897020339966 3.0353798866272
7.83944988250732 3.04334998130798
7.85996007919312 3.05132007598877
7.88047981262207 3.05930995941162
7.90103006362915 3.06729006767273
7.92159986495972 3.0752899646759
7.94219017028809 3.08330011367798
7.96280002593994 3.09131002426147
7.98343992233276 3.09932994842529
8.00409030914307 3.10735988616943
8.02476978302002 3.11540007591248
8.04547023773193 3.12344002723694
8.06618022918701 3.13148999214172
8.0869197845459 3.13954997062683
8.10768032073975 3.14761996269226
8.1284704208374 3.15568995475769
8.14927005767822 3.16377997398376
8.17008972167969 3.17186999320984
8.19093990325928 3.17996001243591
8.21181011199951 3.18807005882263
8.23268985748291 3.19618010520935
8.25360012054443 3.20429992675781
8.2745304107666 3.21243000030518
8.2954797744751 3.22057008743286
8.31645011901855 3.22870993614197
8.33745002746582 3.2368700504303
8.35846042633057 3.24502992630005
8.37950038909912 3.25319004058838
8.40054988861084 3.26136994361877
8.42162990570068 3.26955008506775
8.44272994995117 3.27774000167847
8.4638500213623 3.28593993186951
8.48499011993408 3.29414010047913
8.5061502456665 3.30236005783081
8.52733039855957 3.3105800151825
8.54852962493896 3.31879997253418
8.5697603225708 3.32703995704651
8.59099960327148 3.33527994155884
8.61227035522461 3.34352993965149
8.63354969024658 3.35178995132446
8.65485954284668 3.36005997657776
8.67619037628174 3.36833000183105
8.69754028320313 3.37661004066467
8.71891021728516 3.38490009307861
8.74030017852783 3.3931999206543
8.76171016693115 3.40149998664856
8.78314018249512 3.40981006622314
8.80459976196289 3.41812992095947
8.82606983184814 3.4264600276947
8.84757041931152 3.43478989601135
8.86907958984375 3.4431300163269
8.89062023162842 3.4514799118042
8.91217994689941 3.4598400592804
8.93375968933105 3.46820998191833
8.95536041259766 3.47657990455627
8.97698020935059 3.48496007919312
8.99862003326416 3.49334001541138
9.02029037475586 3.50173997879028
9.04197025299072 3.51013994216919
9.06367015838623 3.51854991912842
9.08539962768555 3.52696990966797
9.10713958740234 3.53538990020752
9.12891006469727 3.54381990432739
9.15069961547852 3.55225992202759
9.17251014709473 3.56070995330811
9.19433975219727 3.56916999816895
9.21619033813477 3.57763004302979
9.23805999755859 3.58610010147095
9.25994968414307 3.59457993507385
9.28186988830566 3.60306000709534
9.30379962921143 3.61155009269714
9.32575035095215 3.62004995346069
9.34772968292236 3.62856006622314
9.36972999572754 3.63707995414734
9.39173984527588 3.64560008049011
9.41378021240234 3.65412998199463
9.43583965301514 3.66266989707947
9.45792007446289 3.67121005058289
9.48001956939697 3.67975997924805
9.50214958190918 3.68831992149353
9.52429008483887 3.69689011573792
9.54644966125488 3.70547008514404
9.56863975524902 3.71405005455017
9.59084033966064 3.72264003753662
9.61306953430176 3.73124003410339
9.63531970977783 3.73984003067017
9.65758991241455 3.74846005439758
9.67988014221191 3.757080078125
9.70219039916992 3.76570010185242
9.72451972961426 3.7743399143219
9.74687004089355 3.78297996520996
9.7692403793335 3.79163002967834
9.79164028167725 3.80029010772705
9.81404972076416 3.8089599609375
9.8364896774292 3.81763005256653
9.85894966125488 3.8263099193573
9.88142967224121 3.83500003814697
9.90392971038818 3.84368991851807
9.9264497756958 3.85240006446838
9.94898986816406 3.86110997200012
9.97154998779297 3.86982011795044
9.99413013458252 3.87855005264282
10.0166997909546 3.88727998733521
