0.497298002243042 0.261754006147385
0.496587991714478 0.261319994926453
0.495878994464874 0.260886996984482
0.495171993970871 0.260455012321472
0.494466006755829 0.26002299785614
0.493761003017426 0.259591996669769
0.493057012557983 0.259162992238998
0.492354989051819 0.258733004331589
0.491654008626938 0.258305013179779
0.490954995155334 0.257878005504608
0.490256994962692 0.257450997829437
0.489560008049011 0.257025003433228
0.488864988088608 0.256599992513657
0.488171011209488 0.256175011396408
0.487477988004684 0.255751013755798
0.486786007881165 0.255327999591827
0.486095994710922 0.254905998706818
0.485406994819641 0.254485011100769
0.484719008207321 0.254063993692398
0.484032988548279 0.253643989562988
0.48334801197052 0.25322499871254
0.482663989067078 0.252806007862091
0.481981009244919 0.252388000488281
0.481299996376038 0.251971006393433
0.480619996786118 0.251554995775223
0.479941010475159 0.251138985157013
0.479263007640839 0.250723987817764
0.478587001562119 0.250308990478516
0.477910995483398 0.249896004796028
0.477236986160278 0.249483004212379
0.476563990116119 0.249071002006531
0.47589299082756 0.248658999800682
0.475221991539001 0.248247995972633
0.474552989006042 0.247838005423546
0.473884999752045 0.247427999973297
0.473217993974686 0.247018992900848
0.472552001476288 0.246610999107361
0.471886992454529 0.246203005313873
0.471222996711731 0.245795994997025
0.470560997724533 0.245389997959137
0.469900012016296 0.244984000921249
0.469238996505737 0.244579002261162
0.468580007553101 0.244175001978874
0.467922002077103 0.243771001696587
0.467265009880066 0.243367999792099
0.466609001159668 0.242964997887611
0.46595498919487 0.242563992738724
0.465301007032394 0.242162004113197
0.464648008346558 0.24176199734211
0.463997006416321 0.241361007094383
0.463346004486084 0.240961998701096
0.462696999311447 0.240563005208969
0.462049007415771 0.240164995193481
0.461400985717773 0.239767000079155
0.460754990577698 0.239370003342628
0.460108995437622 0.238973006606102
0.459464997053146 0.238576993346214
0.458822011947632 0.238180994987488
0.458178997039795 0.237786993384361
0.45753800868988 0.237391993403435
0.456898003816605 0.236998006701469
0.456257998943329 0.236605003476143
0.455619990825653 0.236212000250816
0.4549820125103 0.23581999540329
0.454346001148224 0.235428005456924
0.453709989786148 0.235036998987198
0.453076004981995 0.234647005796432
0.452441990375519 0.234255999326706
0.451808989048004 0.233867004513741
0.451177000999451 0.233477994799614
0.450545996427536 0.233088999986649
0.449916005134583 0.232701003551483
0.449286997318268 0.232313007116318
0.448659002780914 0.231925994157791
0.448031008243561 0.231539994478226
0.447405010461807 0.23115299642086
0.446779012680054 0.230767995119095
0.446153998374939 0.230381995439529
0.445529997348785 0.229998007416725
0.444907009601593 0.22961300611496
0.444283992052078 0.229229003190994
0.443663001060486 0.228845998644829
0.443042010068893 0.228462994098663
0.44242200255394 0.228080004453659
0.441803008317947 0.227697998285294
0.441184014081955 0.227316007018089
0.440566003322601 0.226934999227524
0.439949989318848 0.22655400633812
0.439332991838455 0.226173996925354
0.438717991113663 0.22579300403595
0.43810299038887 0.225413993000984
0.437489002943039 0.22503399848938
0.436875998973846 0.224655002355576
0.436264008283615 0.224277004599571
0.435651987791061 0.223897993564606
0.43503999710083 0.223520994186401
0.434430003166199 0.223142996430397
0.433820009231567 0.222765997052193
0.433210998773575 0.222388997673988
0.432601988315582 0.222011998295784
0.431995004415512 0.22163599729538
0.431387007236481 0.221259996294975
0.430781006813049 0.220884993672371
0.430175006389618 0.220510005950928
0.429569005966187 0.220135003328323
0.428963989019394 0.219760000705719
0.428359985351563 0.219385996460915
0.427756011486053 0.21901099383831
0.427152991294861 0.218638002872467
0.426550000905991 0.218263998627663
0.425947993993759 0.217890992760658
0.425347000360489 0.217518001794815
0.424746006727219 0.217144995927811
0.424145013093948 0.216772004961967
0.423545002937317 0.216399997472763
0.422944992780685 0.21602800488472
0.422345995903015 0.215655997395515
0.421746999025345 0.215284004807472
0.421148985624313 0.214911997318268
0.420551002025604 0.214541003108025
0.419952988624573 0.21416999399662
0.419355988502502 0.213798999786377
0.418758988380432 0.213428005576134
0.418161988258362 0.213056996464729
0.417566001415253 0.212686002254486
0.416970014572144 0.212316006422043
0.416375011205673 0.211944997310638
0.415780007839203 0.211575001478195
0.415185004472733 0.211205005645752
0.414590001106262 0.210833996534348
0.413996011018753 0.210464000701904
0.413401007652283 0.210094004869461
0.412806987762451 0.209723994135857
0.412212997674942 0.209353998303413
0.411619991064072 0.20898400247097
0.411026000976563 0.208614006638527
0.410432994365692 0.208243995904922
0.409839004278183 0.207874000072479
0.409245997667313 0.207504004240036
0.408652991056442 0.207133993506432
0.408060014247894 0.206763997673988
0.407467007637024 0.206394001841545
0.406874001026154 0.206024006009102
0.406280994415283 0.205652996897697
0.405687004327774 0.205283001065254
0.405093997716904 0.204912006855011
0.404500991106033 0.204540997743607
0.403908014297485 0.204170003533363
0.403313994407654 0.203798994421959
0.402720004320145 0.203428000211716
0.402126014232635 0.203055992722511
0.401531994342804 0.202684000134468
0.400938004255295 0.202311992645264
0.400343000888824 0.20193900167942
0.399747997522354 0.201566994190216
0.399152010679245 0.201193004846573
0.398555994033813 0.200819998979568
0.397960007190704 0.200445994734764
0.397363007068634 0.200072005391121
0.396766006946564 0.199697002768517
0.396167993545532 0.199322000145912
0.395570009946823 0.198945999145508
0.394971013069153 0.198569998145103
0.394371002912521 0.198192998766899
0.393770009279251 0.197815999388695
0.393168985843658 0.19743800163269
0.392567008733749 0.197060003876686
0.391963988542557 0.196679994463921
0.391360014677048 0.196300998330116
0.390756011009216 0.195920005440712
0.390150010585785 0.195537999272346
0.389542996883392 0.195155993103981
0.3889339864254 0.194773003458977
0.38832500576973 0.194389000535011
0.387713998556137 0.194003000855446
0.387102007865906 0.19361700117588
0.386487990617752 0.193230003118515
0.38587298989296 0.19284200668335
0.385255992412567 0.192451998591423
0.384638011455536 0.192061007022858
0.384016990661621 0.191669002175331
0.383394986391068 0.191275998950005
0.382770001888275 0.190880998969078
0.382144004106522 0.190484002232552
0.381514996290207 0.190086007118225
0.380883008241653 0.189686000347137
0.380248993635178 0.18928399682045
0.379613012075424 0.188879996538162
0.378973007202148 0.188474997878075
0.378331005573273 0.188067004084587
0.377685010433197 0.187656998634338
0.377034991979599 0.18724399805069
0.376381993293762 0.186829000711441
0.375726014375687 0.186412006616592
0.375064998865128 0.185991004109383
0.37439900636673 0.185567006468773
0.37372899055481 0.185140997171402
0.373053997755051 0.184709995985031
0.372373998165131 0.18427599966526
0.371688008308411 0.183837994933128
0.370994985103607 0.183395996689796
0.370296001434326 0.182950004935265
0.369590014219284 0.18249799311161
0.36887601017952 0.182041004300117
0.368153989315033 0.181578993797302
0.367422997951508 0.181109994649887
0.36668199300766 0.180635005235672
0.365929991006851 0.180151998996735
0.365166991949081 0.179662004113197
0.364389985799789 0.179162994027138
0.363599985837936 0.178654000163078
0.362794011831284 0.178134992718697
0.361970007419586 0.177604004740715
0.361128002405167 0.17705999314785
0.360264003276825 0.176501005887985
0.359376013278961 0.175926998257637
0.358462005853653 0.175335004925728
0.357520014047623 0.174722999334335
0.356546998023987 0.174090996384621
0.355542987585068 0.173437997698784
0.354510009288788 0.172765001654625
0.353459000587463 0.172077998518944
0.3524070084095 0.171389997005463
0.351381003856659 0.170717000961304
0.350412011146545 0.170078992843628
0.34952101111412 0.16949200630188
0.348717987537384 0.168963000178337
0.348003000020981 0.168488994240761
0.347366988658905 0.168066993355751
0.346798986196518 0.167691007256508
0.346291989088058 0.167353004217148
0.345836013555527 0.167049005627632
0.345423996448517 0.1667740046978
0.345050007104874 0.16652500629425
0.344709992408752 0.166297003626823
0.344399988651276 0.166088998317719
0.344114989042282 0.165896996855736
0.343852996826172 0.165720999240875
0.343611985445023 0.165558993816376
0.343389987945557 0.165409997105598
0.343185007572174 0.165270999073982
0.34299498796463 0.165142998099327
0.34281998872757 0.165023997426033
0.342656999826431 0.1649139970541
0.342507004737854 0.164811998605728
0.342366993427277 0.164718002080917
0.342238992452621 0.164629995822906
0.342119008302689 0.164548993110657
0.342009007930756 0.164473995566368
0.341906994581223 0.164405003190041
0.341812998056412 0.164341002702713
0.341726988554001 0.164281994104385
0.341648012399673 0.164226993918419
0.341574996709824 0.164177998900414
0.341509014368057 0.164131999015808
0.341448992490768 0.164091005921364
0.341394007205963 0.16405400633812
0.341345995664597 0.164020001888275
0.341302007436752 0.163990005850792
0.341262996196747 0.163964003324509
0.341228991746902 0.163939997553825
0.341199994087219 0.163920000195503
0.341174989938736 0.163902997970581
0.341154009103775 0.16388800740242
0.341136991977692 0.163876995444298
0.341123998165131 0.163867995142937
0.34111499786377 0.163862004876137
0.341109991073608 0.163857996463776
0.341107994318008 0.163856998085976
0.341107994318008 0.163856998085976
0.341109991073608 0.163857996463776
0.34111499786377 0.163861006498337
0.341123014688492 0.163866996765137
0.341134011745453 0.163874998688698
0.341149002313614 0.163884997367859
0.341165989637375 0.16389699280262
0.341185986995697 0.163910999894142
0.341208010911942 0.163926005363464
0.341233998537064 0.163944005966187
0.341260999441147 0.163964003324509
0.34129199385643 0.163984999060631
0.341324001550674 0.164008006453514
0.341360002756119 0.164031997323036
0.341396987438202 0.164058998227119
0.341437011957169 0.164086997509003
0.341479003429413 0.164115995168686
0.341522991657257 0.16414700448513
0.341569006443024 0.164178997278214
0.341616988182068 0.164213001728058
0.341668009757996 0.164249002933502
0.341720014810562 0.164286002516747
0.341773986816406 0.164324000477791
0.341829985380173 0.164363995194435
0.341888010501862 0.164404004812241
0.341948002576828 0.164446994662285
0.342009007930756 0.16448999941349
0.342072010040283 0.164535000920296
0.342137008905411 0.164581000804901
0.342204004526138 0.164627999067307
0.342272013425827 0.164676994085312
0.342341989278793 0.164726004004478
0.342413991689682 0.164776995778084
0.342487007379532 0.16482900083065
0.342561990022659 0.164882004261017
0.342637985944748 0.164937004446983
0.342714995145798 0.16499200463295
0.342795014381409 0.165048003196716
0.342875003814697 0.165105998516083
0.342956990003586 0.165163993835449
0.343039989471436 0.165224000811577
0.343124985694885 0.165285006165504
0.343210995197296 0.165345996618271
0.343299001455307 0.165408998727798
0.343387991189957 0.165472999215126
0.343477994203568 0.165536999702454
0.34356901049614 0.165602996945381
0.343661993741989 0.165668994188309
0.3437559902668 0.165737003087997
0.343851000070572 0.165804997086525
0.343946993350983 0.165875002741814
0.344045013189316 0.165944993495941
0.344143986701965 0.16601599752903
0.344244003295898 0.166087999939919
0.34434500336647 0.166161000728607
0.344446986913681 0.166234999895096
0.344550997018814 0.166309997439384
0.344655007123947 0.166385993361473
0.34476101398468 0.166462004184723
0.344868004322052 0.166539996862411
0.344976007938385 0.166618004441261
0.345084995031357 0.16669699549675
0.34519499540329 0.1667769998312
0.345306009054184 0.166857004165649
0.345418006181717 0.166939005255699
0.34553200006485 0.167021006345749
0.345645993947983 0.167104005813599
0.345761001110077 0.167188003659248
0.34587699174881 0.167272999882698
0.345995008945465 0.167357996106148
0.346112996339798 0.167445003986359
0.346231997013092 0.167531996965408
0.346352994441986 0.167620003223419
0.34647399187088 0.167707994580269
0.346596002578735 0.16779799759388
0.346718996763229 0.167888000607491
0.346843987703323 0.167979001998901
0.34696900844574 0.168070003390312
0.347095012664795 0.168163001537323
0.347222000360489 0.168255999684334
0.347350001335144 0.168349996209145
0.347478002309799 0.168443992733955
0.347608000040054 0.168540000915527
0.347739011049271 0.168635994195938
0.347869992256165 0.16873200237751
0.348003000020981 0.168830007314682
0.348136007785797 0.168927997350693
0.348269999027252 0.169027000665665
0.348405003547668 0.169127002358437
0.348540991544724 0.169227004051208
0.34867799282074 0.16932800412178
0.348816007375717 0.169430002570152
0.348953992128372 0.169532001018524
0.349092990159988 0.169634997844696
0.349234014749527 0.169738993048668
0.349375009536743 0.169844001531601
0.349516987800598 0.169948995113373
0.349658995866776 0.170055001974106
0.349803000688553 0.170160993933678
0.34994700551033 0.170268997550011
0.350091993808746 0.170377001166344
0.350237995386124 0.170485004782677
0.350385010242462 0.17059400677681
0.350533008575439 0.170704007148743
0.350681006908417 0.170815005898476
0.350831001996994 0.170926004648209
0.350980997085571 0.171038001775742
0.35113200545311 0.171150997281075
0.351283013820648 0.171263992786407
0.351435989141464 0.171378001570702
0.351588994264603 0.171492993831635
0.351743012666702 0.171608000993729
0.351898014545441 0.171724006533623
0.352052986621857 0.171840995550156
0.352209985256195 0.17195799946785
0.352367013692856 0.172076001763344
0.352524995803833 0.172194004058838
0.352683007717133 0.172313004732132
0.35284298658371 0.172433003783226
0.353002995252609 0.17255400121212
0.353163987398148 0.172674998641014
0.353325992822647 0.172796994447708
0.353487998247147 0.172919005155563
0.353652000427246 0.173041999340057
0.353816002607346 0.173166006803513
0.353980004787445 0.173289999365807
0.354146003723145 0.173415005207062
0.354312002658844 0.173540994524956
0.354479014873505 0.173666998744011
0.354647010564804 0.173794001340866
0.354815006256104 0.173922002315521
0.354983985424042 0.174050003290176
0.355154007673264 0.174179002642632
0.355325013399124 0.174308001995087
0.355497002601624 0.174437999725342
0.355668991804123 0.174568995833397
0.355841994285583 0.174700006842613
0.356014996767044 0.174832001328468
0.356189996004105 0.174964994192123
0.356364995241165 0.17509800195694
0.356541007757187 0.175231993198395
0.356716990470886 0.175366997718811
0.356893986463547 0.175502002239227
0.357071995735168 0.175638005137444
0.357250988483429 0.17577500641346
0.357430994510651 0.175911992788315
0.357611000537872 0.176048994064331
0.357791990041733 0.176188006997108
0.357973009347916 0.176327005028725
0.358155995607376 0.176467001438141
0.358339011669159 0.176606997847557
0.358521997928619 0.176747992634773
0.358707010746002 0.176889002323151
0.358891993761063 0.177031993865967
0.359077990055084 0.177174001932144
0.359264999628067 0.177318006753922
0.35945200920105 0.177461996674538
0.359640002250671 0.177606999874115
0.359829008579254 0.177752003073692
0.360018998384476 0.17789800465107
0.360208988189697 0.178045004606247
0.36039999127388 0.178192004561424
0.360590994358063 0.178340002894402
0.360783994197845 0.178488999605179
0.360976994037628 0.178637996315956
0.361171007156372 0.178788006305695
0.361364990472794 0.178938001394272
0.361559987068176 0.179088994860649
0.36175599694252 0.179241001605988
0.361952990293503 0.179394006729126
0.362150013446808 0.179546996951103
0.362347990274429 0.179700002074242
0.362547010183334 0.17985500395298
0.362747013568878 0.180010005831718
0.3629469871521 0.180164992809296
0.363148003816605 0.180322006344795
0.363348990678787 0.180479004979134
0.363552004098892 0.180636003613472
0.363754987716675 0.18079499900341
0.363959014415741 0.180953994393349
0.364163011312485 0.181113004684448
0.364367991685867 0.181272998452187
0.364573985338211 0.181434005498886
0.364780992269516 0.181595996022224
0.364987999200821 0.181758001446724
0.365195989608765 0.181921005249023
0.36540499329567 0.182083994150162
0.365613996982574 0.182247996330261
0.365824997425079 0.182412996888161
0.366035014390945 0.18257899582386
0.366246998310089 0.18274499475956
0.366459012031555 0.182910993695259
0.36667200922966 0.18307900428772
0.366885989904404 0.183246999979019
0.367101013660431 0.183415994048119
0.367316007614136 0.183585003018379
0.367532014846802 0.183754995465279
0.367749005556107 0.183926001191139
0.367965996265411 0.1840980052948
0.368184000253677 0.184269994497299
0.368402987718582 0.18444199860096
0.368622004985809 0.18461599946022
0.368842989206314 0.184790000319481
0.369064003229141 0.184964999556541
0.369284987449646 0.185139998793602
0.369507998228073 0.185316994786263
0.3697310090065 0.185493007302284
0.369955003261566 0.185671001672745
0.370180010795593 0.185848996043205
0.370404988527298 0.186028003692627
0.370631009340286 0.186207994818687
0.370858013629913 0.186388000845909
0.371084988117218 0.186569005250931
0.371313989162445 0.186750993132591
0.371542990207672 0.186932995915413
0.37177300453186 0.187115997076035
0.372002989053726 0.187299996614456
0.372233986854553 0.187483996152878
0.372465997934341 0.187670007348061
0.372698992490768 0.187855005264282
0.372933000326157 0.188041999936104
0.373167008161545 0.188228994607925
0.373401999473572 0.188417002558708
0.373636990785599 0.18860599398613
0.373874008655548 0.188795000314713
0.374110996723175 0.188985005021095
0.374348998069763 0.189175993204117
0.374588012695313 0.1893679946661
0.374826997518539 0.189559996128082
0.375066995620728 0.189752995967865
0.375308007001877 0.189946994185448
0.375550001859665 0.190141007304192
0.375793009996414 0.190336003899574
0.376035988330841 0.190531998872757
0.376280009746552 0.190729007124901
0.37652400135994 0.190926000475883
0.376769989728928 0.191124007105827
0.377016007900238 0.19132299721241
0.377263009548187 0.191523000597954
0.377510994672775 0.191723003983498
0.377759993076324 0.191924005746841
0.378008991479874 0.192126005887985
0.378259003162384 0.192328006029129
0.378509998321533 0.192531004548073
0.378762006759644 0.192735001444817
0.379013985395432 0.19293999671936
0.379267007112503 0.193146005272865
0.379521012306213 0.193351998925209
0.379776000976563 0.193559005856514
0.380032002925873 0.193766996264458
0.380288004875183 0.193975001573563
0.380544990301132 0.194185003638268
0.380802989006042 0.194395005702972
0.381062000989914 0.194606006145477
0.381321996450424 0.194817006587982
0.381581991910934 0.195030003786087
0.381843000650406 0.195243000984192
0.382104992866516 0.195456996560097
0.382367998361588 0.195672005414963
0.382631003856659 0.195886999368668
0.38289600610733 0.196103006601334
0.383161008358002 0.196319997310638
0.383426994085312 0.196538001298904
0.383693009614944 0.19675700366497
0.383960992097855 0.196977004408836
0.384229004383087 0.197197005152702
0.38449901342392 0.197418004274368
0.38476899266243 0.197640001773834
0.385039001703262 0.1978629976511
0.385311007499695 0.198085993528366
0.385583996772766 0.198310002684593
0.385856986045837 0.198535993695259
0.38613098859787 0.198761001229286
0.386406004428864 0.198988005518913
0.386682003736496 0.199215993285179
0.386958003044128 0.199443995952606
0.387235999107361 0.199673995375633
0.387513995170593 0.19990399479866
0.387793004512787 0.200134992599487
0.388072997331619 0.200366005301476
0.388354003429413 0.200598999857903
0.388635993003845 0.20083199441433
0.388918995857239 0.201067000627518
0.389201998710632 0.201302006840706
0.389486014842987 0.201537996530533
0.389771014451981 0.201774999499321
0.390056997537613 0.202012002468109
0.390343993902206 0.202251002192497
0.390632003545761 0.202490001916885
0.390920996665955 0.202730998396873
0.391209989786148 0.202971994876862
0.391499996185303 0.203214004635811
0.391791999340057 0.203456997871399
0.392084002494812 0.203701004385948
0.392376989126205 0.203944995999336
0.39267098903656 0.204190999269485
0.392964988946915 0.204437002539635
0.393260985612869 0.204685002565384
0.393557995557785 0.204933002591133
0.393855005502701 0.205182000994682
0.394152998924255 0.205431997776031
0.39445298910141 0.205682992935181
0.394753009080887 0.205935001373291
0.395054012537003 0.20618799328804
0.395355999469757 0.20644199848175
0.395658999681473 0.206696003675461
0.39596301317215 0.206952005624771
0.396266996860504 0.20720799267292
0.396573007106781 0.207466006278992
0.396878987550735 0.207724004983902
0.397186994552612 0.207983002066612
0.397495001554489 0.208243995904922
0.397805005311966 0.208505004644394
0.398115009069443 0.208766996860504
0.398425996303558 0.209030002355576
0.398737996816635 0.209294006228447
0.399051994085312 0.209558993577957
0.399365991353989 0.209824994206429
0.399681001901627 0.2100919932127
0.399996995925903 0.210360005497932
0.400314003229141 0.210629001259804
0.400631010532379 0.210897997021675
0.400950014591217 0.211169004440308
0.401270002126694 0.211440995335579
0.401591002941132 0.211713999509811
0.401912987232208 0.211988002061844
0.402235001325607 0.212263002991676
0.402559012174606 0.212538003921509
0.402884006500244 0.212815001606941
0.403210014104843 0.213092997670174
0.40353599190712 0.213372007012367
0.403863996267319 0.2136519998312
0.404193013906479 0.213931992650032
0.404522001743317 0.214213997125626
0.404852986335754 0.214496999979019
0.405185014009476 0.214781001210213
0.405517995357513 0.215066000819206
0.405851006507874 0.215351998806
0.406186014413834 0.215638995170593
0.406522005796432 0.215928003191948
0.406859010457993 0.216216996312141
0.407196998596191 0.216507002711296
0.40753498673439 0.21679799258709
0.407875001430511 0.217090994119644
0.408215999603271 0.217383995652199
0.408558011054993 0.217678993940353
0.408901005983353 0.217975005507469
0.409245997667313 0.218271002173424
0.409590989351273 0.218568995594978
0.409936994314194 0.218868002295494
0.410284012556076 0.21916800737381
0.410632997751236 0.219468995928764
0.410982012748718 0.21977099776268
0.411332994699478 0.220074996352196
0.41168400645256 0.220378994941711
0.41203698515892 0.220685005187988
0.412391006946564 0.220991998910904
0.412746012210846 0.221300005912781
0.413100987672806 0.221608996391296
0.413459002971649 0.221919000148773
0.41381698846817 0.22223000228405
0.414175987243652 0.222543001174927
0.414535999298096 0.222856000065804
0.414898008108139 0.22317099571228
0.415261000394821 0.223487004637718
0.415623992681503 0.223803997039795
0.415989011526108 0.224122002720833
0.416355013847351 0.224442005157471
0.416723012924194 0.224763005971909
0.417091012001038 0.225085005164146
0.41745999455452 0.225408002734184
0.417831003665924 0.225731998682022
0.418202996253967 0.226058006286621
0.418576002120972 0.226383998990059
0.418949991464615 0.226712003350258
0.419324994087219 0.227042004466057
0.419701993465424 0.227372005581856
0.420078992843628 0.227704003453255
0.420457988977432 0.228036999702454
0.420837998390198 0.228370994329453
0.421220004558563 0.228706002235413
0.421602010726929 0.229043006896973
0.421986013650894 0.229380995035172
0.422371000051498 0.229719996452332
0.422756999731064 0.230060994625092
0.42314401268959 0.230403006076813
0.423532009124756 0.230746001005173
0.423922002315521 0.231089994311333
0.424313008785248 0.231435999274254
0.424704998731613 0.231783002614975
0.425098985433578 0.232131004333496
0.425493985414505 0.232481002807617
0.425889998674393 0.232831999659538
0.426286995410919 0.233183994889259
0.426685005426407 0.233538001775742
0.427085012197495 0.233893007040024
0.427486002445221 0.234249994158745
0.427888989448547 0.234606996178627
0.428292006254196 0.234965994954109
0.428696990013123 0.235327005386353
0.429104000329971 0.235688999295235
0.42951101064682 0.236052006483078
0.429919987916946 0.23641699552536
0.430330008268356 0.236782997846603
0.430741995573044 0.237149998545647
0.431154996156693 0.23751899600029
0.431569010019302 0.237890005111694
0.431984007358551 0.238260999321938
0.4324010014534 0.238635003566742
0.432819008827209 0.239008992910385
0.433239012956619 0.239384993910789
0.433660000562668 0.239763006567955
0.434082001447678 0.240142002701759
0.434505999088287 0.240521997213364
0.434931010007858 0.240904003381729
0.435357004404068 0.241288006305695
0.435784995555878 0.241672992706299
0.436213999986649 0.242059007287025
0.436645001173019 0.242447003722191
0.437076985836029 0.242835998535156
0.437510013580322 0.243227005004883
0.437945008277893 0.243619993329048
0.438381999731064 0.244013994932175
0.438818991184235 0.244408994913101
0.439258992671967 0.244806006550789
0.439698994159698 0.245205000042915
0.44014099240303 0.245605006814003
0.440584987401962 0.246006995439529
0.441029995679855 0.246410995721817
0.441477000713348 0.246815994381905
0.44192498922348 0.247222006320953
0.442373991012573 0.247630998492241
0.442824989557266 0.24804000556469
0.443278014659882 0.248451992869377
0.443731993436813 0.248864993453026
0.444186985492706 0.249280005693436
0.444644004106522 0.249696001410484
0.445102989673615 0.250113993883133
0.445562988519669 0.250533998012543
0.446025013923645 0.250954985618591
0.446487993001938 0.251377999782562
0.446952998638153 0.251803010702133
0.447418987751007 0.252229005098343
0.447887003421783 0.252658009529114
0.448356002569199 0.253087013959885
0.448828011751175 0.253518998622894
0.449299991130829 0.253951996564865
0.449775010347366 0.254386991262436
0.450251013040543 0.254824012517929
0.450727999210358 0.2552630007267
0.451207011938095 0.255703002214432
0.45168799161911 0.256145000457764
0.452170014381409 0.256588995456696
0.452654987573624 0.257034987211227
0.453139990568161 0.257483005523682
0.45362800359726 0.257932007312775
0.454117000102997 0.258383005857468
0.454607993364334 0.258836001157761
0.455099999904633 0.259290993213654
0.455594003200531 0.259748011827469
0.456090003252029 0.260206013917923
0.456588000059128 0.260666996240616
0.457087010145187 0.26112899184227
0.457587987184525 0.261593997478485
0.458090990781784 0.262059986591339
0.458595991134644 0.262528002262115
0.459102004766464 0.262998014688492
0.459609985351563 0.263469994068146
0.460119992494583 0.263944000005722
0.460631012916565 0.264420002698898
0.461145013570786 0.264898002147675
0.461659997701645 0.265377014875412
0.462177008390427 0.265859007835388
0.462695986032486 0.266342997550964
0.463216990232468 0.266829013824463
0.463739007711411 0.267316997051239
0.464264005422592 0.267807006835938
0.464789986610413 0.268299013376236
0.465317994356155 0.268792986869812
0.465847998857498 0.26928898692131
0.466380000114441 0.269787013530731
0.466913014650345 0.27028700709343
0.467449009418488 0.270790010690689
0.46798700094223 0.271293997764587
0.468526005744934 0.271800994873047
0.469067990779877 0.272309005260468
0.469610989093781 0.272819995880127
0.470156013965607 0.273333013057709
0.470703989267349 0.273849010467529
0.471253007650375 0.274365991353989
0.471803992986679 0.274886012077332
0.472357004880905 0.275406986474991
0.47291299700737 0.275931000709534
0.473470002412796 0.276457995176315
0.474029004573822 0.276986002922058
0.474590986967087 0.27751699090004
0.475154012441635 0.278050005435944
0.475719004869461 0.278586000204086
0.476287007331848 0.27912300825119
0.476855993270874 0.279662996530533
0.477427989244461 0.280205994844437
0.47800201177597 0.280750006437302
0.478578001260757 0.281296998262405
0.479155987501144 0.28184700012207
0.479736000299454 0.282397985458374
0.480318009853363 0.2829529941082
0.480902999639511 0.283508986234665
0.48148900270462 0.284067988395691
0.482077986001968 0.284628987312317
0.482668995857239 0.285192996263504
0.483262002468109 0.28575998544693
0.483857989311218 0.286327987909317
0.484454989433289 0.286900013685226
0.48505499958992 0.287474006414413
0.485657006502151 0.2880499958992
0.486261993646622 0.288628995418549
0.486867994070053 0.289209991693497
0.487477004528046 0.289793998003006
0.488088011741638 0.290381014347076
0.488701999187469 0.290969997644424
0.489318013191223 0.291561990976334
0.489935994148254 0.292156010866165
0.490556985139847 0.292753010988235
0.491180002689362 0.293352991342545
0.491804987192154 0.293954998254776
0.49243301153183 0.294560998678207
0.493063002824783 0.2951680123806
0.493694990873337 0.29577898979187
0.494329988956451 0.296391993761063
0.494967997074127 0.297008007764816
0.495606988668442 0.297627002000809
0.496250003576279 0.298247992992401
0.496894985437393 0.298873007297516
0.49754199385643 0.299499988555908
0.498192012310028 0.300130009651184
0.498843997716904 0.300763010978699
0.49949899315834 0.301398992538452
0.500155985355377 0.302038013935089
0.500815987586975 0.302679002285004
0.501479029655457 0.303324013948441
0.502143979072571 0.303970992565155
0.502812027931213 0.304621994495392
0.503481984138489 0.305274993181229
0.504154980182648 0.305931001901627
0.50483101606369 0.306591004133224
0.505509972572327 0.307253003120422
0.50619101524353 0.30791899561882
0.506874978542328 0.30858701467514
0.507561028003693 0.309258997440338
0.508249998092651 0.309933990240097
0.508942008018494 0.310611993074417
0.509636998176575 0.311293005943298
0.510335028171539 0.311976999044418
0.511035025119781 0.312664985656738
0.511738002300262 0.313354998826981
0.512444019317627 0.314049005508423
0.51315301656723 0.314745992422104
0.513864994049072 0.315447002649307
0.514578998088837 0.316150009632111
0.515296995639801 0.316857010126114
0.516017019748688 0.317568004131317
0.51674097776413 0.318282008171082
0.517467021942139 0.318998992443085
0.518195986747742 0.319718986749649
0.518929004669189 0.320443004369736
0.519663989543915 0.321170002222061
0.520402014255524 0.321900993585587
0.521143972873688 0.322634994983673
0.521888017654419 0.32337298989296
0.522635996341705 0.324115008115768
0.523386001586914 0.324860006570816
0.524140000343323 0.325607985258102
0.52489697933197 0.326359987258911
0.525656998157501 0.327116012573242
0.526419997215271 0.32787498831749
0.52718597650528 0.328637987375259
0.527956008911133 0.329405009746552
0.528728008270264 0.330175012350082
0.529504001140594 0.330949008464813
0.530283987522125 0.331726998090744
0.531066000461578 0.332509011030197
0.531852006912231 0.333294987678528
0.532640993595123 0.334084004163742
0.533433973789215 0.334877014160156
0.53422999382019 0.335673987865448
0.535028994083405 0.336475014686584
0.535831987857819 0.337280005216599
0.536638021469116 0.338088989257813
0.537447988986969 0.338901996612549
0.538260996341705 0.339718997478485
0.539077997207642 0.340539991855621
0.539897978305817 0.34136500954628
0.540722012519836 0.342195004224777
0.541549026966095 0.343028008937836
0.542379975318909 0.343865007162094
0.543214023113251 0.344707012176514
0.544052004814148 0.345553010702133
0.544893980026245 0.346403002738953
0.545738995075226 0.347256988286972
0.546588003635406 0.348116010427475
0.547441005706787 0.348978996276855
0.548298001289368 0.349846988916397
0.549157977104187 0.3507179915905
0.550022006034851 0.351594001054764
0.550890028476715 0.352474987506866
0.551761984825134 0.353359997272491
0.552637994289398 0.354250013828278
0.553516983985901 0.355143994092941
0.554400980472565 0.356043010950089
0.555288016796112 0.356945991516113
0.556180000305176 0.357854008674622
0.557075023651123 0.358767002820969
0.557974994182587 0.359683990478516
0.558878004550934 0.360606014728546
0.559786021709442 0.361532986164093
0.560697972774506 0.362464010715485
0.561613023281097 0.363400995731354
0.562533020973206 0.364342004060745
0.563458025455475 0.365287989377975
0.564386010169983 0.366239994764328
0.565319001674652 0.36719599366188
0.566255986690521 0.368156999349594
0.567197024822235 0.369123011827469
0.568141996860504 0.370094001293182
0.569091975688934 0.371069997549057
0.570046007633209 0.372052013874054
0.571004986763 0.373037993907928
0.571968019008636 0.374029994010925
0.572935998439789 0.375027000904083
0.573907971382141 0.376029998064041
0.574885010719299 0.37703800201416
0.575865983963013 0.37805101275444
0.576852023601532 0.379069000482559
0.577841997146606 0.3800930082798
0.578836977481842 0.38112199306488
0.579837024211884 0.382156997919083
0.58084100484848 0.383197993040085
0.581849992275238 0.384243994951248
0.582864999771118 0.385295987129211
0.583882987499237 0.386352986097336
0.584906995296478 0.387416005134583
0.585936009883881 0.388485014438629
0.586969017982483 0.389560014009476
0.588007986545563 0.390639990568161
0.589051008224487 0.39172700047493
0.590098977088928 0.392818987369537
0.591153025627136 0.393916994333267
0.592212021350861 0.395022004842758
0.593275010585785 0.396131992340088
0.594344019889832 0.397249013185501
0.595417976379395 0.398371011018753
0.596498012542725 0.399500012397766
0.59758198261261 0.400635004043579
0.598671972751617 0.401776999235153
0.599767029285431 0.40292501449585
0.600867986679077 0.404078990221024
0.601974010467529 0.40523898601532
0.603085994720459 0.406405985355377
0.60420298576355 0.407579988241196
0.605324983596802 0.408760011196136
0.606453001499176 0.409947007894516
0.607586979866028 0.411139994859695
0.608726978302002 0.412340998649597
0.609871983528137 0.413547992706299
0.611023008823395 0.414761006832123
0.612178981304169 0.415982007980347
0.613341987133026 0.417210012674332
0.614509999752045 0.418444007635117
0.615683972835541 0.419685989618301
0.61686497926712 0.42093500494957
0.618050992488861 0.422190994024277
0.619243025779724 0.423453986644745
0.620441019535065 0.424724012613297
0.621645987033844 0.426001995801926
0.622856020927429 0.427287012338638
0.624073028564453 0.42857900261879
0.625295996665955 0.429879009723663
0.62652599811554 0.431185990571976
0.627761006355286 0.43250098824501
0.629004001617432 0.433824002742767
0.630252003669739 0.435155004262924
0.631506979465485 0.436493009328842
0.632768988609314 0.43783900141716
0.634037017822266 0.4391930103302
0.635312020778656 0.44055500626564
0.636593997478485 0.441924005746841
0.637881994247437 0.443302005529404
0.639177024364471 0.444687992334366
0.640479028224945 0.446083009243011
0.641788005828857 0.447484999895096
0.643104016780853 0.448895990848541
0.644427001476288 0.45031601190567
0.645757019519806 0.451743006706238
0.647094011306763 0.453179985284805
0.648437976837158 0.454625010490417
0.649788975715637 0.456077992916107
0.651148021221161 0.457540988922119
0.652513980865479 0.459012001752853
0.65388697385788 0.460492014884949
0.655268013477325 0.461980998516083
0.65665602684021 0.4634790122509
0.658052027225494 0.464985996484756
0.659455001354218 0.466502010822296
0.660866975784302 0.468028008937836
0.662284970283508 0.469563007354736
0.663712024688721 0.471107006072998
0.665147006511688 0.47266098856926
0.666589021682739 0.474224001169205
0.66803902387619 0.47579699754715
0.669498026371002 0.477378994226456
0.670964002609253 0.478971987962723
0.672438979148865 0.480574011802673
0.673922002315521 0.482185989618301
0.675413012504578 0.483808010816574
0.676913022994995 0.485439985990524
0.678421020507813 0.487082988023758
0.67993700504303 0.488736003637314
0.681461989879608 0.49039900302887
0.682995975017548 0.492071986198425
0.684538006782532 0.493755996227264
0.686089992523193 0.495451003313065
0.687511026859283 0.497004002332687
0.688462018966675 0.49804499745369
0.689099013805389 0.498741000890732
0.689522981643677 0.499206006526947
0.689806997776031 0.499516010284424
0.689996004104614 0.499724000692368
0.690123021602631 0.499861985445023
0.690186023712158 0.499931007623672
0.690217018127441 0.499965012073517
0.690249025821686 0.5
0.690249025821686 0.5
0.690280973911285 0.500034987926483
0.690312027931213 0.50006902217865
0.690374970436096 0.500137984752655
0.690501987934113 0.500276982784271
0.690690994262695 0.500483989715576
0.690976023674011 0.500796020030975
0.691403985023499 0.501264989376068
0.692046999931335 0.50196897983551
0.693014979362488 0.503028988838196
0.694472014904022 0.504625976085663
0.696080029010773 0.506389975547791
0.69769698381424 0.508165001869202
0.699324011802673 0.509950995445251
0.700959980487823 0.511749029159546
0.702606022357941 0.513557970523834
0.704261004924774 0.515379011631012
0.70592600107193 0.517211973667145
0.707601010799408 0.519056022167206
0.709285020828247 0.520913004875183
0.710979998111725 0.522781014442444
0.712683975696564 0.524662017822266
0.714398980140686 0.526555001735687
0.716122984886169 0.528460025787354
0.717858016490936 0.530377984046936
0.719603002071381 0.532307982444763
0.721359014511108 0.534250974655151
0.723124980926514 0.536207020282745
0.724901974201202 0.538174986839294
0.726688981056213 0.54015702009201
0.728487014770508 0.542151987552643
0.730297029018402 0.544160008430481
0.732115983963013 0.54618102312088
0.733946979045868 0.548215985298157
0.735790014266968 0.550264000892639
0.737643003463745 0.552326023578644
0.739507019519806 0.554401993751526
0.741384029388428 0.55649197101593
0.743270993232727 0.558596014976501
0.745169997215271 0.56071400642395
0.747080981731415 0.562846004962921
0.749004006385803 0.564993023872375
0.75093799829483 0.567153990268707
0.752884984016418 0.569329977035522
0.75484299659729 0.571520984172821
0.756814002990723 0.573725998401642
0.758796989917755 0.575946986675262
0.760792970657349 0.578182995319366
0.762800991535187 0.580434024333954
0.764820992946625 0.582701027393341
0.766855001449585 0.584982991218567
0.768900990486145 0.587280988693237
0.770959973335266 0.589594006538391
0.773032009601593 0.591924011707306
0.775117993354797 0.594269990921021
0.777216017246246 0.59663200378418
0.779327988624573 0.5990110039711
0.781454026699066 0.60140597820282
0.783592998981476 0.603817999362946
0.785745978355408 0.606247007846832
0.787913024425507 0.60869300365448
0.790094017982483 0.611154973506927
0.79228800535202 0.613636016845703
0.794498026371002 0.616132974624634
0.7967209815979 0.618649005889893
0.798959016799927 0.621182024478912
0.801212012767792 0.62373298406601
0.803479015827179 0.626302003860474
0.805760979652405 0.62888902425766
0.808058023452759 0.631494998931885
0.810370028018951 0.634119987487793
0.812698006629944 0.636762976646423
0.81504100561142 0.639424979686737
0.817399024963379 0.642105996608734
0.819773018360138 0.644806981086731
0.822162985801697 0.647526025772095
0.824567973613739 0.650265991687775
0.826990008354187 0.653024971485138
0.829428017139435 0.655803978443146
0.831883013248444 0.658604025840759
0.834353029727936 0.661423027515411
0.836840987205505 0.664263010025024
0.83934497833252 0.667123973369598
0.841866016387939 0.670005977153778
0.844404995441437 0.672908008098602
0.846960008144379 0.675831973552704
0.849533021450043 0.678777992725372
0.852123022079468 0.681744992733002
0.854731976985931 0.684732973575592
0.857357025146484 0.68774402141571
0.860001027584076 0.690777003765106
0.862663984298706 0.693832993507385
0.865343987941742 0.696910977363586
0.868043005466461 0.700012028217316
0.870760023593903 0.703135013580322
0.873497009277344 0.706282019615173
0.876251995563507 0.709452986717224
0.879027009010315 0.712647020816803
0.881820023059845 0.715865015983582
0.884634017944336 0.71910697221756
0.88746702671051 0.722373008728027
0.890318989753723 0.725664019584656
0.893191993236542 0.728980004787445
0.896085023880005 0.732320010662079
0.898998022079468 0.735686004161835
0.901932001113892 0.739076972007751
0.90488600730896 0.742492973804474
0.90786200761795 0.745935022830963
0.910857975482941 0.749404013156891
0.913875997066498 0.752898991107941
0.916914999485016 0.756420016288757
0.919975996017456 0.759967982769012
0.923058986663818 0.763543009757996
0.926163017749786 0.767144978046417
0.929289996623993 0.770775020122528
0.932439029216766 0.774432003498077
0.935611009597778 0.778117001056671
0.938805997371674 0.781831026077271
0.942022979259491 0.78557300567627
0.945263981819153 0.789342999458313
0.948527991771698 0.793142974376678
0.951816022396088 0.79697197675705
0.955127000808716 0.800830006599426
0.958461999893188 0.804718017578125
0.961821973323822 0.808634996414185
0.965206027030945 0.812583029270172
0.968614995479584 0.816561996936798
0.972047984600067 0.820571005344391
0.975506007671356 0.824611008167267
0.978990018367767 0.828683018684387
0.982499003410339 0.832786023616791
0.986033976078033 0.836920976638794
0.989594995975494 0.841086983680725
0.993180990219116 0.845287024974823
0.996793985366821 0.849518001079559
1.00042998790741 0.853783011436462
1.00409996509552 0.858080983161926
1.00778996944427 0.862411975860596
1.011510014534 0.866777002811432
1.0152599811554 0.871174991130829
1.01903998851776 0.875608026981354
1.02284002304077 0.880075991153717
1.02666997909546 0.884577989578247
1.03052997589111 0.88911497592926
1.03442001342773 0.893688023090363
1.03833997249603 0.898295998573303
1.04227995872498 0.902940988540649
1.04625999927521 0.907621026039124
1.05025994777679 0.912338018417358
1.05429995059967 0.917092025279999
1.05835998058319 0.921881973743439
1.06245005130768 0.92671000957489
1.06658005714417 0.931576013565063
1.07072997093201 0.936479985713959
1.07492005825043 0.94142097234726
1.07913994789124 0.946401000022888
1.08337998390198 0.9514200091362
1.08765995502472 0.956477999687195
1.09196996688843 0.961574971675873
1.09632003307343 0.96671199798584
1.10069000720978 0.971889019012451
1.10510003566742 0.977105975151062
1.10953998565674 0.982362985610962
1.11400997638702 0.987661004066467
1.1185200214386 0.992999970912933
1.12305998802185 0.998381018638611
1.12762999534607 1.00380003452301
1.13224005699158 1.00926995277405
1.13688004016876 1.01477003097534
1.14155995845795 1.02032005786896
1.14626002311707 1.02591001987457
1.15101003646851 1.03154003620148
1.15578997135162 1.0372200012207
1.16059994697571 1.04294002056122
1.16544997692108 1.04870998859406
1.17033994197845 1.05450999736786
1.17525994777679 1.06036996841431
1.1802099943161 1.06625998020172
1.18519997596741 1.07219994068146
1.19023001194 1.07818996906281
1.1952999830246 1.08422005176544
1.20039999485016 1.09029996395111
1.20553994178772 1.09642004966736
1.21071994304657 1.10258996486664
1.21592998504639 1.10880994796753
1.2211799621582 1.11506998538971
1.22646999359131 1.12137997150421
1.23178994655609 1.12773001194
1.23715996742249 1.13413000106812
1.24256002902985 1.14058005809784
1.24800002574921 1.1470799446106
1.25347995758057 1.15362000465393
1.25899994373322 1.16022002696991
1.26455998420715 1.16685998439789
1.27014994621277 1.17355000972748
1.27578997612 1.18027997016907
1.28146004676819 1.18707001209259
1.28717994689941 1.19389998912811
1.2929300069809 1.20079004764557
1.29872000217438 1.20772004127502
1.30455994606018 1.2146999835968
1.31043004989624 1.22172999382019
1.31634998321533 1.2288099527359
1.32229995727539 1.23593997955322
1.32828998565674 1.24312996864319
1.33432996273041 1.25036001205444
1.34039998054504 1.25764000415802
1.346519947052 1.26496994495392
1.35267996788025 1.27234995365143
1.35887002944946 1.27978003025055
1.365110039711 1.28726005554199
1.37138998508453 1.29479002952576
1.37770998477936 1.30237996578217
1.38407003879547 1.31000995635986
1.39047002792358 1.31769001483917
1.39691996574402 1.32543003559113
1.40339994430542 1.33320999145508
1.40992999076843 1.34105002880096
1.41649997234344 1.34894001483917
1.42309999465942 1.35687005519867
1.42974996566772 1.36486005783081
1.43645000457764 1.37290000915527
1.44317996501923 1.38099002838135
1.4499499797821 1.38912999629974
1.4567699432373 1.39732003211975
1.46361994743347 1.4055700302124
1.47052001953125 1.41385996341705
1.47746002674103 1.42219996452332
1.48443996906281 1.43060004711151
1.49145996570587 1.43903994560242
1.49852001667023 1.44754004478455
1.50562000274658 1.45607995986938
1.51277005672455 1.46467995643616
1.51995003223419 1.47332000732422
1.52717995643616 1.48202002048492
1.53444004058838 1.49075996875763
1.54174995422363 1.49954998493195
1.54910004138947 1.50839996337891
1.55648994445801 1.51728999614716
1.56391000747681 1.52622997760773
1.57138001918793 1.53522002696991
1.57888996601105 1.54426002502441
1.58643996715546 1.55334997177124
1.59402000904083 1.56248998641968
1.60164999961853 1.5716700553894
1.60932004451752 1.58090996742249
1.61702001094818 1.59019005298615
1.62477004528046 1.59951996803284
1.63255000114441 1.60889005661011
1.64037001132965 1.61830997467041
1.64822995662689 1.62777996063232
1.65612995624542 1.63730001449585
1.66407001018524 1.64686000347137
1.67203998565674 1.65646994113922
1.68005001544952 1.66612005233765
1.68810999393463 1.6758199930191
1.69618999958038 1.68557000160217
1.70431995391846 1.69535994529724
1.7124799489975 1.7051899433136
1.72067999839783 1.71507000923157
1.72890996932983 1.72499001026154
1.73717999458313 1.73495995998383
1.74548995494843 1.7449699640274
1.75382995605469 1.75502002239227
1.76221001148224 1.76512002944946
1.77061998844147 1.77525997161865
1.77907001972198 1.78543996810913
1.7875599861145 1.7956600189209
1.79606997966766 1.80592000484467
1.80463004112244 1.81622004508972
1.81321001052856 1.8265700340271
1.82183003425598 1.83694994449615
1.83047997951508 1.84738004207611
1.83916997909546 1.85783994197845
1.84789001941681 1.8683500289917
1.85663998126984 1.87889003753662
1.86542999744415 1.88946998119354
1.87424004077911 1.90008997917175
1.88309001922607 1.91075003147125
1.891970038414 1.92144000530243
1.90087997913361 1.9321700334549
1.90981996059418 1.94293999671936
1.91879999637604 1.95375001430511
1.92780005931854 1.96458995342255
1.93683004379272 1.97546994686127
1.94589996337891 1.98637998104095
1.95499002933502 1.99732005596161
1.96411001682281 2.00831007957458
1.97326004505157 2.01932001113892
1.98243999481201 2.03036999702454
1.99164998531342 2.04145002365112
2.00089001655579 2.052570104599
2.01014995574951 2.06371998786926
2.0194399356842 2.07489991188049
2.02875995635986 2.08611011505127
2.03811001777649 2.09735989570618
2.0474898815155 2.10862994194031
2.05689001083374 2.11994004249573
2.06630992889404 2.13127994537354
2.07576990127563 2.14264011383057
2.08523988723755 2.15404009819031
2.09474992752075 2.16546988487244
2.1042799949646 2.17691993713379
2.11383008956909 2.18841004371643
2.12340998649597 2.19991993904114
2.13301992416382 2.21146011352539
2.14264011383057 2.22303009033203
2.15229988098145 2.23463010787964
2.16196990013123 2.24624991416931
2.17166996002197 2.25789999961853
2.18139004707336 2.26957988739014
2.19113993644714 2.28128004074097
2.20091009140015 2.29300999641418
2.21070003509521 2.30476999282837
2.22051000595093 2.3165500164032
2.23035001754761 2.32835006713867
2.24021005630493 2.34017992019653
2.25008988380432 2.35203003883362
2.25998997688293 2.36390995979309
2.26991009712219 2.37580990791321
2.27985000610352 2.38773989677429
2.28980994224548 2.3996798992157
2.29979991912842 2.41164994239807
2.30979990959167 2.42365002632141
2.31981992721558 2.43565988540649
2.32986998558044 2.44770002365112
2.33993005752563 2.45975995063782
2.35000991821289 2.47183990478516
2.36012005805969 2.48393988609314
2.37023997306824 2.49605989456177
2.38037991523743 2.50819993019104
2.39053010940552 2.52035999298096
2.400710105896 2.53255009651184
2.41090989112854 2.54474997520447
2.42111992835999 2.55696988105774
2.43134999275208 2.56921005249023
2.44160008430481 2.58147001266479
2.45186996459961 2.59375
2.46215009689331 2.60605001449585
2.47245001792908 2.61836004257202
2.48276996612549 2.63070011138916
2.49309992790222 2.64304995536804
2.5034499168396 2.65542006492615
2.51381993293762 2.66780996322632
2.52420997619629 2.68021011352539
2.53461003303528 2.69263005256653
2.54502010345459 2.70507001876831
2.55545997619629 2.71751999855042
2.56590008735657 2.73000001907349
2.57637000083923 2.74248003959656
2.58684992790222 2.7549901008606
2.59734010696411 2.76749992370605
2.60785007476807 2.78004002571106
2.61837005615234 2.79258990287781
2.62891006469727 2.80515003204346
2.63947010040283 2.81772994995117
2.65002989768982 2.83032989501953
2.66061997413635 2.84294009208679
2.67121005058289 2.8555600643158
2.68181991577148 2.86820006370544
2.69245004653931 2.88085007667542
2.70308995246887 2.89352011680603
2.71374011039734 2.90619993209839
2.72441005706787 2.91888999938965
2.73509001731873 2.93160009384155
2.7457799911499 2.9443199634552
2.75648999214172 2.95705008506775
2.76721000671387 2.96979999542236
2.77794003486633 2.9825599193573
2.78869009017944 2.99533009529114
2.7994499206543 3.00812005996704
2.81022000312805 3.02091002464294
2.82100009918213 3.03372001647949
2.83179998397827 3.04654002189636
2.84260988235474 3.05938005447388
2.8534300327301 3.07222008705139
2.86425995826721 3.08507990837097
2.87510991096497 3.09794998168945
2.88597011566162 3.11083006858826
2.89684009552002 3.1237199306488
2.90772008895874 3.13662004470825
2.91861009597778 3.14952993392944
2.92951989173889 3.16246008872986
2.94042992591858 3.17539000511169
2.95135998725891 3.18833994865417
2.96230006217957 3.20128989219666
2.97324991226196 3.21426010131836
2.98422002792358 3.22724008560181
2.99518990516663 3.24023008346558
3.00618004798889 3.25322008132935
3.01716995239258 3.26623010635376
3.02817988395691 3.27924990653992
3.03920006752014 3.29227995872498
3.05023002624512 3.30531001091003
3.06125998497009 3.31836009025574
3.07231998443604 3.33141994476318
3.08337998390198 3.34448003768921
3.09444999694824 3.3575599193573
3.10553002357483 3.37064003944397
3.11662006378174 3.38372993469238
3.12772011756897 3.39684009552002
3.13883996009827 3.40995001792908
3.14996004104614 3.42306995391846
3.16108989715576 3.43619990348816
3.1722400188446 3.44934010505676
3.18338990211487 3.46248006820679
3.19455003738403 3.47564005851746
3.20572996139526 3.48880004882813
3.21690988540649 3.50197005271912
3.22810006141663 3.51515007019043
3.23931002616882 3.52834010124207
3.25051999092102 3.54153990745544
3.26173996925354 3.5547399520874
3.27296996116638 3.56795001029968
3.28420996665955 3.58118009567261
3.29545998573303 3.59439992904663
3.30672001838684 3.60764002799988
3.31799006462097 3.62087988853455
3.32926988601685 3.63414001464844
3.34055995941162 3.64738988876343
3.35186004638672 3.66066002845764
3.36316990852356 3.6739399433136
3.37448000907898 3.68722009658813
3.38580989837646 3.70051002502441
3.39714002609253 3.71379995346069
3.40848994255066 3.72710990905762
3.41984009742737 3.74042010307312
3.43120002746582 3.75374007225037
3.44256997108459 3.76706004142761
3.45394992828369 3.78039002418518
3.46533989906311 3.79373002052307
3.47673988342285 3.80708003044128
3.48814010620117 3.8204300403595
3.49956011772156 3.83379006385803
3.51097989082336 3.84716010093689
3.52240991592407 3.86052989959717
3.5338499546051 3.87390995025635
3.54530000686646 3.88729000091553
3.55676007270813 3.90069007873535
3.56822991371155 3.9140899181366
3.57969999313354 3.92748999595642
3.59119009971619 3.94090008735657
3.60267996788025 3.95431995391846
3.61418008804321 3.96775007247925
3.62568998336792 3.98117995262146
3.63720989227295 3.99461007118225
3.64873003959656 4.00805997848511
3.66026997566223 4.02151012420654
3.67180991172791 4.03495979309082
3.68336009979248 4.04841995239258
3.6949200630188 4.06189012527466
3.70649003982544 4.0753698348999
3.71806001663208 4.0888500213623
3.72965002059937 4.10233020782471
3.74124002456665 4.11581993103027
3.75284004211426 4.12932014465332
3.76445007324219 4.14281988143921
3.77606010437012 4.15633010864258
3.78768992424011 4.16984987258911
3.79931998252869 4.1833701133728
3.81096005439758 4.19688987731934
3.82260990142822 4.21042013168335
3.83427000045776 4.22395992279053
3.8459300994873 4.23750019073486
3.85759997367859 4.25104999542236
3.86928009986877 4.26459980010986
3.8809700012207 4.27816009521484
3.89266991615295 4.29172992706299
3.90437006950378 4.30530023574829
3.91607999801636 4.31887006759644
3.92779994010925 4.3324499130249
3.93952989578247 4.34603977203369
3.95127010345459 4.35963010787964
3.96301007270813 4.37322998046875
3.97476005554199 4.38682985305786
3.98652005195618 4.40044021606445
3.99829006195068 4.41405010223389
4.01005983352661 4.42765998840332
4.02184009552002 4.4412899017334
4.03362989425659 4.45490980148315
4.04543018341064 4.46855020523071
4.05722999572754 4.48218011856079
4.06904983520508 4.49583005905151
4.08087015151978 4.50946998596191
4.09268999099731 4.52312994003296
4.1045298576355 4.536789894104
4.11637020111084 4.55044984817505
4.12822008132935 4.56411981582642
4.14007997512817 4.57778978347778
4.15194988250732 4.59146976470947
4.16381978988647 4.60515022277832
4.17570018768311 4.61883020401001
4.1875901222229 4.63253021240234
4.19949007034302 4.64622020721436
4.21139001846313 4.65992021560669
4.22329998016357 4.67363023757935
4.23521995544434 4.68733978271484
4.24714994430542 4.70105981826782
4.2590799331665 4.7147798538208
4.27101993560791 4.72849988937378
4.28296995162964 4.74222993850708
4.29492998123169 4.7559700012207
4.30689001083374 4.769700050354
4.31886005401611 4.78345012664795
4.33084011077881 4.79720020294189
4.34283018112183 4.81094980239868
4.35481977462769 4.82470989227295
4.36681985855103 4.83846998214722
4.37882995605469 4.85223007202148
4.39084005355835 4.8660101890564
4.40287017822266 4.87977981567383
4.4148998260498 4.89355993270874
4.42692995071411 4.90735006332397
4.43898010253906 4.92113018035889
4.45102977752686 4.93492984771729
4.46308994293213 4.94872999191284
4.47516012191772 4.9625301361084
4.48722982406616 4.9763298034668
4.49931001663208 4.99013996124268
4.51140022277832 5.00396013259888
4.52349996566772 5.01777982711792
4.53560018539429 5.03159999847412
4.54770994186401 5.04543018341064
4.55983018875122 5.05925989151001
4.57195997238159 5.07310009002686
4.58409023284912 5.08693981170654
4.59623003005981 5.10079002380371
4.60837984085083 5.11464023590088
4.620530128479 5.12848997116089
4.63268995285034 5.14235019683838
4.644859790802 5.15620994567871
4.65704011917114 5.17008018493652
4.66921997070313 5.18394994735718
4.68140983581543 5.19783020019531
4.69361019134521 5.21170997619629
4.70582008361816 5.22559022903442
4.71802997589111 5.23948001861572
4.73024988174438 5.25336980819702
4.74247980117798 5.26726007461548
4.75471019744873 5.2811598777771
4.76695013046265 5.2950701713562
4.77920007705688 5.30897998809814
4.79146003723145 5.32288980484009
4.80371999740601 5.33681011199951
4.81598997116089 5.35072994232178
4.82826995849609 5.36464977264404
4.84055995941162 5.37858009338379
4.85284996032715 5.39250993728638
4.865149974823 5.40644979476929
4.87746000289917 5.42039012908936
4.88977003097534 5.43434000015259
4.90209007263184 5.44828987121582
4.91442012786865 5.46224021911621
4.92676019668579 5.47620010375977
4.93909978866577 5.49015998840332
4.95144987106323 5.50411987304688
4.96380996704102 5.51808977127075
4.9761700630188 5.53207015991211
4.9885401725769 5.54604005813599
5.00091981887817 5.56002998352051
5.01330995559692 5.57400989532471
5.02570009231567 5.58799982070923
5.03809976577759 5.60199022293091
5.05050992965698 5.61599016189575
5.06292009353638 5.6299901008606
5.07534980773926 5.64400005340576
5.0877799987793 5.65801000595093
5.10021018981934 5.67201995849609
5.11265993118286 5.68603992462158
5.12511014938354 5.70005989074707
5.13756990432739 5.71407985687256
5.1500301361084 5.72810983657837
5.16249990463257 5.74213981628418
5.17498016357422 5.75617980957031
5.18746995925903 5.77021980285645
5.19996023178101 5.78425979614258
5.21247005462646 5.79830980300903
5.2249698638916 5.81235980987549
5.23749017715454 5.82641983032227
5.25001001358032 5.84047985076904
5.26253986358643 5.85453987121582
5.27508020401001 5.86860990524292
5.28763008117676 5.88267993927002
5.30017995834351 5.89674997329712
5.31273984909058 5.91083002090454
5.3253002166748 5.92492008209229
5.33788013458252 5.93900012969971
5.35046005249023 5.95309019088745
5.36304998397827 5.96718978881836
5.37563991546631 5.9812798500061
5.38823986053467 5.99538993835449
5.40084981918335 6.00949001312256
5.41346979141235 6.02360010147095
5.42608976364136 6.03771018981934
5.43872976303101 6.05182981491089
5.45136022567749 6.0659499168396
5.4640097618103 6.08008003234863
5.47665977478027 6.09420013427734
5.48931980133057 6.10833978652954
5.50198984146118 6.12246990203857
5.5146598815918 6.13661003112793
5.52734994888306 6.15075016021729
5.54004001617432 6.1648998260498
5.55273008346558 6.17904996871948
5.56544017791748 6.19321012496948
5.57814979553223 6.207359790802
5.59085988998413 6.22152996063232
5.60359001159668 6.23569011688232
5.61632013320923 6.24985980987549
5.62905979156494 6.26402997970581
5.64180994033813 6.27821016311646
5.65456008911133 6.29238986968994
5.66731977462769 6.30658006668091
5.68008995056152 6.32075977325439
5.69287014007568 6.33495998382568
5.70564985275269 6.34915018081665
5.71844005584717 6.36334991455078
5.73123979568481 6.37755012512207
5.74405002593994 6.39175987243652
5.75685977935791 6.40597009658813
5.76968002319336 6.42017984390259
5.78250980377197 6.43440008163452
5.79534006118774 6.4486198425293
5.80817985534668 6.46285009384155
5.8210301399231 6.47707986831665
5.83388996124268 6.49131011962891
5.84674978256226 6.50554990768433
5.85962009429932 6.5197901725769
5.87249994277954 6.53402996063232
5.88537979125977 6.54827976226807
5.89828014373779 6.56253004074097
5.91118001937866 6.57677984237671
5.92407989501953 6.59104013442993
5.93699979782104 6.605299949646
5.94992017745972 6.61956977844238
5.96285009384155 6.63384008407593
5.97579002380371 6.64810991287231
5.98872995376587 6.66239023208618
6.00167989730835 6.67667007446289
6.01463985443115 6.6909499168396
6.02760982513428 6.70523977279663
6.0405797958374 6.71953010559082
6.05355978012085 6.73382997512817
6.06654977798462 6.74812984466553
6.07953977584839 6.76243019104004
6.0925498008728 6.77673006057739
6.10555982589722 6.79103994369507
6.11856985092163 6.80535984039307
6.13159990310669 6.8196702003479
6.14462995529175 6.8339900970459
6.15767002105713 6.84832000732422
6.17072010040283 6.86264991760254
6.18377017974854 6.87697982788086
6.1968297958374 6.89131021499634
6.20989990234375 6.90565013885498
6.22298002243042 6.91999006271362
6.23606014251709 6.93434000015259
6.24914979934692 6.94868993759155
6.26224994659424 6.96303987503052
6.27536010742188 6.9773998260498
6.28846979141235 6.99175977706909
6.30158996582031 7.00613021850586
6.31472015380859 7.02049016952515
6.32785987854004 7.03487014770508
6.34100008010864 7.04924011230469
6.35414981842041 7.06362009048462
6.36731004714966 7.07800006866455
6.38047981262207 7.0923900604248
6.39365005493164 7.10678005218506
6.40682983398438 7.12117004394531
6.42002010345459 7.13557004928589
6.43320989608765 7.14997005462646
6.44641017913818 7.16437005996704
6.45961999893188 7.17878007888794
6.47283983230591 7.19319009780884
6.48607015609741 7.20761013031006
6.49930000305176 7.22203016281128
6.51253986358643 7.2364501953125
6.52579021453857 7.25087022781372
6.53904008865356 7.26529979705811
6.5523099899292 7.27973985671997
6.56557989120483 7.29416990280151
6.57884979248047 7.30860996246338
6.59214019775391 7.32306003570557
6.60543012619019 7.33751010894775
6.61873006820679 7.35196018218994
6.63204002380371 7.36640977859497
6.64535999298096 7.38086986541748
6.6586799621582 7.39532995223999
6.67200994491577 7.40980005264282
6.68534994125366 7.42427015304565
6.69868993759155 7.43873977661133
6.71203994750977 7.45321989059448
6.72540998458862 7.46770000457764
6.73877000808716 7.48218011856079
6.75215005874634 7.49666976928711
6.76553010940552 7.51115989685059
6.77892017364502 7.52566003799438
6.79231977462769 7.54015016555786
6.80572986602783 7.55465984344482
6.81913995742798 7.56915998458862
6.83256006240845 7.58367013931274
6.84599018096924 7.59817981719971
6.85942983627319 7.61269998550415
6.87286996841431 7.62722015380859
6.88632011413574 7.64173984527588
6.89977979660034 7.65627002716064
6.91324996948242 7.67080020904541
6.9267201423645 7.68533992767334
6.94020986557007 7.69987010955811
6.95370006561279 7.71441984176636
6.96718978881836 7.72896003723145
6.98070001602173 7.7435097694397
6.99420976638794 7.75805997848511
7.00773000717163 7.77262020111084
7.02125978469849 7.78717994689941
7.03480005264282 7.80174016952515
7.04833984375 7.81630992889404
7.06189012527466 7.8308801651001
7.07544994354248 7.84544992446899
7.08901977539063 7.86003017425537
7.10259008407593 7.87460994720459
7.11616992950439 7.88920021057129
7.12975978851318 7.90378999710083
7.14336013793945 7.91837978363037
7.15696001052856 7.93298006057739
7.17057991027832 7.94757986068726
7.18419981002808 7.96218013763428
7.19783020019531 7.97678995132446
7.21146011352539 7.99139976501465
7.22511005401611 8.00601005554199
7.23875999450684 8.0206298828125
7.25241994857788 8.03524971008301
7.26607990264893 8.049880027771
7.27975988388062 8.0644998550415
7.2934398651123 8.07913970947266
7.30712985992432 8.09377002716064
7.32082986831665 8.1084098815918
7.33453989028931 8.12304973602295
7.34824991226196 8.13770008087158
7.36196994781494 8.15235042572021
7.37569999694824 8.16701030731201
7.38944005966187 8.18165969848633
7.40318012237549 8.19631958007813
7.41693019866943 8.2109899520874
7.43069982528687 8.22566032409668
7.44445991516113 8.24032974243164
7.45824003219604 8.25500965118408
7.47202014923096 8.26968955993652
7.48581981658936 8.28437042236328
7.49961996078491 8.29905986785889
7.51342010498047 8.31375026702881
7.52723979949951 8.32843971252441
7.54105997085571 8.3431396484375
7.55489015579224 8.35783958435059
7.56872987747192 8.37254047393799
7.58258008956909 8.38724994659424
7.5964298248291 8.4019603729248
7.61030006408691 8.41668033599854
7.62416982650757 8.43140029907227
7.6380500793457 8.446120262146
7.65192985534668 8.46084976196289
7.66583013534546 8.4755802154541
7.67972993850708 8.490309715271
7.69364023208618 8.50504970550537
7.70756006240845 8.51978969573975
7.72148990631104 8.5345401763916
7.73542022705078 8.54928970336914
7.74936008453369 8.564040184021
7.76330995559692 8.57880020141602
7.77726984024048 8.59356021881104
7.79124021530151 8.60832023620605
7.80521011352539 8.62308979034424
7.81919002532959 8.63786029815674
7.83317995071411 8.65262985229492
7.84717988967896 8.66740989685059
7.86118984222412 8.68218994140625
7.87519979476929 8.69696998596191
7.88922023773193 8.71175956726074
7.90325021743774 8.72655963897705
7.91729021072388 8.7413501739502
7.93134021759033 8.7561502456665
7.94539022445679 8.77095985412598
7.95944976806641 8.78575992584229
7.97351980209351 8.80056953430176
7.98759984970093 8.81538963317871
8.00168991088867 8.83020973205566
8.01578044891357 8.84502983093262
8.0298900604248 8.85984992980957
8.04399967193604 8.87467956542969
8.05811977386475 8.88951969146729
8.07223987579346 8.90435028076172
8.08638000488281 8.91919040679932
8.10052013397217 8.93404006958008
8.11466979980469 8.94888019561768
8.12882995605469 8.96372985839844
8.14299964904785 8.97859001159668
8.15717029571533 8.99345016479492
8.17136001586914 9.00831031799316
8.18554973602295 9.02318000793457
8.19974994659424 9.03804969787598
8.21395969390869 9.0529203414917
8.22817993164063 9.06779956817627
8.24240016937256 9.08267974853516
8.25662994384766 9.09755992889404
8.27087020874023 9.11244964599609
8.28512001037598 9.12734031677246
8.2993803024292 9.14223957061768
8.31365013122559 9.15713977813721
8.32791996002197 9.17203998565674
8.34220027923584 9.18694019317627
8.35649013519287 9.20184993743896
8.37078952789307 9.21677017211914
8.38510036468506 9.23169040679932
8.39941024780273 9.24660968780518
8.41372966766357 9.26152992248535
8.42807006835938 9.27645969390869
8.4423999786377 9.29139041900635
8.45674991607666 9.30632972717285
8.47111034393311 9.32126998901367
8.48546981811523 9.33621025085449
8.49985027313232 9.35116004943848
8.5142297744751 9.36610984802246
8.52861976623535 9.38107013702393
8.54300975799561 9.39601993560791
8.5574197769165 9.41098976135254
8.5718297958374 9.425950050354
8.58625984191895 9.44091987609863
8.60068988800049 9.45588970184326
8.61513042449951 9.47087001800537
8.62957000732422 9.48585033416748
8.64402961730957 9.50084018707275
8.65849018096924 9.51581954956055
8.67296981811523 9.5308198928833
8.68745040893555 9.54580974578857
8.70193958282471 9.56081008911133
8.71642971038818 9.57581043243408
8.7309398651123 9.5908203125
8.74545955657959 9.60583019256592
8.75998020172119 9.62084007263184
8.77451038360596 9.63586044311523
8.78905010223389 9.65087985992432
8.8036003112793 9.66590976715088
8.81814956665039 9.68093967437744
8.83271980285645 9.695969581604
8.8472900390625 9.71100997924805
8.86186981201172 9.72605037689209
8.87646961212158 9.74108982086182
8.89105987548828 9.75613975524902
8.90567016601563 9.77118968963623
8.92028999328613 9.78625011444092
8.93490982055664 9.80130958557129
8.94954013824463 9.81637001037598
8.96418952941895 9.83143997192383
8.97883987426758 9.84650993347168
8.99349021911621 9.86157989501953
9.00815963745117 9.87666034698486
9.02283954620361 9.89173984527588
9.03752040863037 9.90682029724121
9.05220985412598 9.92191028594971
9.06690979003906 9.93700981140137
9.08162021636963 9.95209980010986
9.09634017944336 9.96720027923584
9.11106967926025 9.98231029510498
9.12580013275146 9.99742031097412
9.140549659729 10.0124998092651
9.15530014038086 10.0276002883911
9.17006015777588 10.042799949646
9.18482971191406 10.057900428772
9.19960975646973 10.0729999542236
9.21438980102539 10.0881004333496
9.2291898727417 10.1033000946045
9.24398994445801 10.1183996200562
9.25881004333496 10.1336002349854
9.27363014221191 10.148699760437
9.28845977783203 10.1639003753662
9.30329990386963 10.1789999008179
9.31814002990723 10.1941995620728
9.33300018310547 10.2093000411987
9.34786033630371 10.2244997024536
9.36273956298828 10.2397003173828
9.37761974334717 10.2547998428345
9.39251041412354 10.2700004577637
9.40740966796875 10.2852001190186
9.42232036590576 10.3003997802734
9.43723011016846 10.3156003952026
9.4521598815918 10.3306999206543
9.46708965301514 10.3458995819092
9.48204040527344 10.3611001968384
9.49699020385742 10.3762998580933
9.51194953918457 10.3915004730225
9.52692031860352 10.4068002700806
9.54189968109131 10.4219999313354
9.55687999725342 10.4371995925903
9.57188034057617 10.4524002075195
9.58687973022461 10.4675998687744
9.60190010070801 10.4828996658325
9.61692047119141 10.4981002807617
9.63195037841797 10.5132999420166
9.6469898223877 10.5285997390747
9.6620397567749 10.5438003540039
9.67708969116211 10.559100151062
9.69215965270996 10.5742998123169
9.70722961425781 10.589599609375
9.72231960296631 10.6048002243042
9.7374095916748 10.6201000213623
9.75251007080078 10.6353998184204
9.76762008666992 10.6506004333496
9.78273963928223 10.6659002304077
9.79786968231201 10.6812000274658
9.81301021575928 10.6964998245239
9.82814979553223 10.711799621582
9.84331035614014 10.7271003723145
9.85846996307373 10.7424001693726
9.8736400604248 10.7576999664307
9.88881969451904 10.7729997634888
9.90402030944824 10.7882995605469
9.91921043395996 10.8036003112793
9.93441963195801 10.8189001083374
9.94964027404785 10.8341999053955
9.96487045288086 10.8494997024536
9.98009967803955 10.864800453186
9.9953498840332 10.8802003860474
10.0106000900269 10.8955001831055
