0.420424997806549 0.22800800204277
0.420046985149384 0.227675005793571
0.41966900229454 0.227342993021011
0.419292986392975 0.227013006806374
0.418917000293732 0.226684004068375
0.418543010950089 0.226355999708176
0.418170988559723 0.226028993725777
0.41779899597168 0.225703999400139
0.417427986860275 0.225380003452301
0.417059004306793 0.225057005882263
0.41669100522995 0.224735006690025
0.416323989629745 0.224414005875587
0.415957987308502 0.22409500181675
0.41559299826622 0.223776996135712
0.415228992700577 0.223460003733635
0.414867013692856 0.223143994808197
0.414505004882813 0.22282899916172
0.414144992828369 0.222515001893044
0.413785994052887 0.222203001379967
0.413428008556366 0.22189199924469
0.413071006536484 0.221581995487213
0.41271498799324 0.221273005008698
0.412360012531281 0.220964998006821
0.412005990743637 0.220658004283905
0.411653995513916 0.220353007316589
0.411302000284195 0.220047995448112
0.410952001810074 0.219744995236397
0.410602003335953 0.219442993402481
0.410254001617432 0.219142004847527
0.409907013177872 0.218841999769211
0.409561008214951 0.218542993068695
0.409215986728668 0.21824599802494
0.408872008323669 0.217949002981186
0.408529013395309 0.217653006315231
0.408187001943588 0.217359006404877
0.407846003770828 0.217065006494522
0.407505989074707 0.216773003339767
0.407166987657547 0.216481998562813
0.406828999519348 0.216192007064819
0.406493008136749 0.215902999043465
0.406156986951828 0.215615004301071
0.40582200884819 0.215327993035316
0.40548899769783 0.215041995048523
0.40515598654747 0.214756995439529
0.404823988676071 0.214472994208336
0.404493987560272 0.214190006256104
0.404163986444473 0.21390800178051
0.403836011886597 0.213626995682716
0.403508007526398 0.213348001241684
0.403180986642838 0.213069006800652
0.4028559923172 0.212790995836258
0.402530997991562 0.212513998150826
0.402206987142563 0.212238997220993
0.401885002851486 0.211963996291161
0.401562988758087 0.211689993739128
0.401241987943649 0.211418002843857
0.400923013687134 0.211145997047424
0.400604009628296 0.210875004529953
0.400285989046097 0.21060499548912
0.399969011545181 0.210336998105049
0.399652987718582 0.210069000720978
0.399338006973267 0.209802001714706
0.39902400970459 0.209536001086235
0.398710995912552 0.209270998835564
0.398398995399475 0.209006994962692
0.398088008165359 0.208744004368782
0.397778004407883 0.208481997251511
0.397469013929367 0.2082210034132
0.397159993648529 0.207960993051529
0.396852999925613 0.207701995968819
0.396546006202698 0.207442998886108
0.396241009235382 0.207185998558998
0.395936012268066 0.206929996609688
0.39563199877739 0.206673994660378
0.395330011844635 0.206420004367828
0.395027995109558 0.206165999174118
0.394726991653442 0.205913007259369
0.394427001476288 0.205661997199059
0.394127994775772 0.205411002039909
0.393828988075256 0.20516100525856
0.393532007932663 0.204912006855011
0.393234997987747 0.204662993550301
0.392940014600754 0.204416006803513
0.392645001411438 0.204170003533363
0.392351001501083 0.203924000263214
0.39205801486969 0.203679993748665
0.391766011714935 0.203436002135277
0.391474992036819 0.203192993998528
0.391184985637665 0.202950999140739
0.390895992517471 0.202710002660751
0.390606999397278 0.202470004558563
0.390318989753723 0.202230006456375
0.390033006668091 0.201992005109787
0.389746993780136 0.201754003763199
0.389461994171143 0.201517000794411
0.389176994562149 0.201280996203423
0.388893991708755 0.201046004891396
0.388612002134323 0.200811997056007
0.388330012559891 0.20057900249958
0.388049006462097 0.200345993041992
0.387769013643265 0.200114995241165
0.387490004301071 0.199883997440338
0.387212008237839 0.199653998017311
0.386934012174606 0.199424996972084
0.386658012866974 0.199195995926857
0.386382013559341 0.198969006538391
0.386106997728348 0.198742002248764
0.385832995176315 0.198515996336937
0.385560005903244 0.198291003704071
0.385288000106812 0.198066994547844
0.385015994310379 0.197843000292778
0.384745001792908 0.197621002793312
0.384474992752075 0.197399005293846
0.384205996990204 0.19717800617218
0.383938014507294 0.196958005428314
0.383670002222061 0.196738004684448
0.383403986692429 0.196519002318382
0.383138000965118 0.196301996707916
0.382872998714447 0.196085005998611
0.382607996463776 0.195868000388145
0.382344990968704 0.195653006434441
0.382081985473633 0.195437997579575
0.381819993257523 0.19522400200367
0.381559014320374 0.195011004805565
0.381298989057541 0.19479900598526
0.381040006875992 0.194587007164955
0.38078099489212 0.19437700510025
0.38052299618721 0.194167003035545
0.380266010761261 0.19395700097084
0.380010008811951 0.193748995661736
0.37975400686264 0.193541005253792
0.379498988389969 0.193333998322487
0.37924599647522 0.193128004670143
0.378991991281509 0.192921996116638
0.378740012645721 0.192717999219894
0.378488004207611 0.192514002323151
0.378237992525101 0.192311003804207
0.377986997365952 0.192108005285263
0.377737998962402 0.191906005144119
0.377490013837814 0.191705003380775
0.377241998910904 0.191504999995232
0.376994997262955 0.191305994987488
0.376749008893967 0.191107004880905
0.376502990722656 0.190908998250961
0.376258999109268 0.190712004899979
0.37601500749588 0.190514996647835
0.37577098608017 0.190319001674652
0.375528991222382 0.190124005079269
0.375286996364594 0.189930006861687
0.375046998262405 0.189735993742943
0.374805986881256 0.18954299390316
0.374567002058029 0.189351007342339
0.37432798743248 0.189160004258156
0.374090999364853 0.188969001173973
0.373852998018265 0.18877899646759
0.373616993427277 0.188590005040169
0.373380988836288 0.188400998711586
0.373145997524261 0.188213005661964
0.372911989688873 0.188025996088982
0.372678995132446 0.18783900141716
0.372446000576019 0.187654003500938
0.372213989496231 0.187468007206917
0.371982991695404 0.187283992767334
0.371753007173538 0.187099993228912
0.37152299284935 0.186917006969452
0.371293991804123 0.18673500418663
0.371066004037857 0.186553001403809
0.370837986469269 0.186371996998787
0.370611011981964 0.186192005872726
0.370384991168976 0.186012998223305
0.370160013437271 0.185834005475044
0.369935989379883 0.185655996203423
0.369711995124817 0.185478001832962
0.369489014148712 0.185301005840302
0.369266003370285 0.18512499332428
0.369044989347458 0.184949994087219
0.368824005126953 0.184774994850159
0.368602991104126 0.184600993990898
0.368384003639221 0.184426993131638
0.368164986371994 0.184255003929138
0.36794701218605 0.184082999825478
0.367729991674423 0.183910995721817
0.367513000965118 0.183741003274918
0.367296993732452 0.183570995926857
0.367081999778748 0.183401003479958
0.366867989301682 0.183231994509697
0.366654008626938 0.183063998818398
0.366441011428833 0.182897001504898
0.366228997707367 0.182730004191399
0.366017013788223 0.182564005255699
0.365806013345718 0.1823990046978
0.365595996379852 0.1822340041399
0.365386992692947 0.182070001959801
0.365177989006042 0.181906998157501
0.364969998598099 0.181743994355202
0.364762991666794 0.181582003831863
0.364556014537811 0.181419998407364
0.364349991083145 0.181259006261826
0.364145010709763 0.181098997592926
0.363941013813019 0.180940002202988
0.363736987113953 0.180781006813049
0.36353400349617 0.18062299489975
0.363332003355026 0.180464997887611
0.363130003213882 0.180307999253273
0.362928986549377 0.180151998996735
0.362729012966156 0.179995998740196
0.362529993057251 0.179840996861458
0.362331002950668 0.179686993360519
0.362132996320724 0.179533004760742
0.361936002969742 0.179379999637604
0.361739009618759 0.179227992892265
0.361542999744415 0.179076001048088
0.361348003149033 0.17892499268055
0.361153990030289 0.178774997591972
0.360960006713867 0.178625002503395
0.360767006874084 0.178476005792618
0.360574990510941 0.178326994180679
0.360383003950119 0.178178995847702
0.360192000865936 0.178031995892525
0.360002011060715 0.177884995937347
0.359813004732132 0.17773899435997
0.359623998403549 0.177594006061554
0.359436005353928 0.177449002861977
0.359248995780945 0.177304998040199
0.359061986207962 0.177162006497383
0.35887598991394 0.177019000053406
0.35869100689888 0.17687700688839
0.358507007360458 0.176735997200012
0.358323007822037 0.176595002412796
0.358139991760254 0.176453992724419
0.357957988977432 0.176314994692802
0.357775986194611 0.176175996661186
0.35759499669075 0.17603699862957
0.357414990663528 0.175899997353554
0.357235997915268 0.175762996077538
0.357057005167007 0.175625994801521
0.356878995895386 0.175490006804466
0.356701999902725 0.17535500228405
0.356525003910065 0.175220996141434
0.356350004673004 0.175087004899979
0.356173992156982 0.174953997135162
0.356000006198883 0.174821004271507
0.355827003717422 0.174688994884491
0.355654001235962 0.174557998776436
0.355482012033463 0.174427002668381
0.355309993028641 0.174297004938126
0.355140000581741 0.17416800558567
0.354970008134842 0.174039006233215
0.354800999164581 0.17391100525856
0.354631990194321 0.173783004283905
0.354465007781982 0.17365600168705
0.354297995567322 0.173529997467995
0.354131013154984 0.17340399324894
0.353965997695923 0.173279002308846
0.353801012039185 0.17315499484539
0.353637009859085 0.173031002283096
0.353473991155624 0.172907993197441
0.353311985731125 0.172785997390747
0.353150010108948 0.172664001584053
0.352988988161087 0.172543004155159
0.35282900929451 0.172423005104065
0.352670013904572 0.172303006052971
0.352510988712311 0.172184005379677
0.352353006601334 0.172065004706383
0.352196007966995 0.171948000788689
0.352039992809296 0.171829998493195
0.351884007453918 0.1717139929533
0.351729989051819 0.171598002314568
0.351576000452042 0.171482995152473
0.351422011852264 0.171368002891541
0.351269990205765 0.171253994107246
0.351119011640549 0.171140998601913
0.35096800327301 0.17102900147438
0.350818008184433 0.170917004346848
0.350668996572495 0.170805007219315
0.350520014762878 0.170695006847382
0.35037299990654 0.170585006475449
0.350226014852524 0.170476004481316
0.350080013275146 0.170367002487183
0.349934995174408 0.17025899887085
0.349790006875992 0.170151993632317
0.349646985530853 0.170046001672745
0.349503993988037 0.169939994812012
0.34936198592186 0.16983500123024
0.349220991134644 0.169729992747307
0.349081009626389 0.169625997543335
0.348942011594772 0.169523000717163
0.348803997039795 0.169421002268791
0.34866601228714 0.169319003820419
0.348529011011124 0.169218003749847
0.348392993211746 0.169118002057076
0.34825798869133 0.169018000364304
0.348123997449875 0.168919995427132
0.347990989685059 0.168821007013321
0.347858995199203 0.168724000453949
0.347727000713348 0.168626993894577
0.347597002983093 0.168531000614166
0.347467005252838 0.168436005711555
0.347337990999222 0.168340995907784
0.347211003303528 0.168247997760773
0.347083985805511 0.168154999613762
0.346958011388779 0.168062001466751
0.346832990646362 0.16797100007534
0.346709012985229 0.167879998683929
0.346585988998413 0.167789995670319
0.346462994813919 0.167699992656708
0.346341997385025 0.167612001299858
0.346222013235092 0.167523995041847
0.346103012561798 0.167437002062798
0.345984995365143 0.167350992560387
0.34586700797081 0.167265996336937
0.345750987529755 0.167181000113487
0.345636010169983 0.167097002267838
0.345521986484528 0.167014002799988
0.345409005880356 0.166932001709938
0.345295995473862 0.166850000619888
0.34518501162529 0.166769996285439
0.345075011253357 0.16669000685215
0.344965994358063 0.1666110008955
0.344859004020691 0.16653299331665
0.344752013683319 0.166455999016762
0.344646006822586 0.166379004716873
0.344541996717453 0.166304007172585
0.34443798661232 0.166228994727135
0.344336003065109 0.166154995560646
0.344235002994537 0.166081994771957
0.344134986400604 0.16601000726223
0.344036996364594 0.165939003229141
0.343939006328583 0.165868997573853
0.343843013048172 0.165799006819725
0.3437480032444 0.165730997920036
0.343654006719589 0.165664002299309
0.343560993671417 0.165597006678581
0.343470007181168 0.165531992912292
0.343380004167557 0.165466994047165
0.343291014432907 0.165404006838799
0.343203991651535 0.165341004729271
0.343118011951447 0.165279000997543
0.343032985925674 0.165218994021416
0.342949986457825 0.165159001946449
0.342868000268936 0.165101006627083
0.342788010835648 0.165042996406555
0.342709004878998 0.164986997842789
0.342631012201309 0.164931997656822
0.342554986476898 0.164877995848656
0.34248098731041 0.16482500731945
0.342408001422882 0.164773002266884
0.342335999011993 0.164721995592117
0.342265993356705 0.164673000574112
0.342198014259338 0.164624005556107
0.34213200211525 0.164577007293701
0.342067003250122 0.164531007409096
0.342004001140594 0.16448600590229
0.341942012310028 0.164443001151085
0.3418830037117 0.164400994777679
0.341825008392334 0.164360001683235
0.341769009828568 0.164321005344391
0.341715008020401 0.164281994104385
0.341663002967834 0.164245992898941
0.341612994670868 0.164210006594658
0.341565012931824 0.164177000522614
0.341518998146057 0.164143994450569
0.341475009918213 0.164113000035286
0.341432988643646 0.164084002375603
0.341394007205963 0.164056003093719
0.341356009244919 0.164030000567436
0.341322004795074 0.164005994796753
0.341289013624191 0.163983002305031
0.341259002685547 0.163962006568909
0.341230988502502 0.163941994309425
0.341206014156342 0.163925006985664
0.341183990240097 0.163909003138542
0.341163992881775 0.16389599442482
0.341147005558014 0.163883998990059
0.341132998466492 0.163874000310898
0.341122001409531 0.163865998387337
0.341114014387131 0.163861006498337
0.341109991073608 0.163857996463776
0.341107994318008 0.163856998085976
0.341107994318008 0.163856998085976
0.341109991073608 0.163857996463776
0.341116011142731 0.163862004876137
0.341125011444092 0.163868993520737
0.341138005256653 0.163877993822098
0.341154992580414 0.16388900578022
0.341176003217697 0.163903996348381
0.341201990842819 0.163920998573303
0.341230988502502 0.163941994309425
0.341266006231308 0.163965001702309
0.341304987668991 0.163992002606392
0.341349005699158 0.164022997021675
0.341398000717163 0.164057001471519
0.341452986001968 0.164094001054764
0.341513991355896 0.164136007428169
0.341580003499985 0.164180994033813
0.341652989387512 0.16423100233078
0.341733008623123 0.164286002516747
0.341820001602173 0.164344996213913
0.341913998126984 0.164409995079041
0.342016994953156 0.164479002356529
0.34212800860405 0.164554998278618
0.342247992753983 0.164636000990868
0.342377007007599 0.164724007248878
0.342516988515854 0.164820000529289
0.342669010162354 0.164921998977661
0.342831999063492 0.165032997727394
0.343008995056152 0.165151998400688
0.343199998140335 0.165280997753143
0.343405991792679 0.16541999578476
0.343629002571106 0.165571004152298
0.343872010707855 0.165733993053436
0.344134986400604 0.165911003947258
0.34442201256752 0.166103005409241
0.344734013080597 0.166312992572784
0.345077008008957 0.166541993618011
0.3454529941082 0.166794002056122
0.345867991447449 0.167070999741554
0.346327990293503 0.16737699508667
0.346839010715485 0.16771699488163
0.347411006689072 0.168097004294395
0.348053008317947 0.168522000312805
0.348774999380112 0.168999999761581
0.349582999944687 0.169533997774124
0.350481003522873 0.170124992728233
0.351455986499786 0.170764997601509
0.352483987808228 0.171440005302429
0.353536993265152 0.17212900519371
0.354586988687515 0.17281499505043
0.355618000030518 0.173486992716789
0.356619000434875 0.174138993024826
0.357589989900589 0.174768999218941
0.358530014753342 0.175378993153572
0.359441995620728 0.175970003008842
0.360327988862991 0.176542997360229
0.361189991235733 0.177100002765656
0.362031996250153 0.177643001079559
0.36285400390625 0.178173005580902
0.363658994436264 0.178691998124123
0.364448010921478 0.179199993610382
0.365222990512848 0.179698005318642
0.365985989570618 0.180188000202179
0.366737008094788 0.180669993162155
0.367476999759674 0.181144997477531
0.368207991123199 0.181612998247147
0.368928998708725 0.182074993848801
0.369641989469528 0.182530999183655
0.370348006486893 0.182982996106148
0.371046006679535 0.183429002761841
0.371737986803055 0.183871001005173
0.372424006462097 0.184308007359505
0.373104006052017 0.184742003679276
0.373778998851776 0.185172006487846
0.374449014663696 0.185598999261856
0.375113993883133 0.186021998524666
0.375773996114731 0.186442002654076
0.376430988311768 0.186859995126724
0.377083003520966 0.187275007367134
0.377732008695602 0.187686994671822
0.378378003835678 0.18809700012207
0.379020005464554 0.188504993915558
0.37966001033783 0.188909992575645
0.380295991897583 0.189313992857933
0.380930006504059 0.189714998006821
0.381561011075974 0.190115004777908
0.382189989089966 0.190512999892235
0.382815986871719 0.190909996628761
0.383441001176834 0.191304996609688
0.384063005447388 0.191697999835014
0.384683012962341 0.192090004682541
0.385302007198334 0.192480996251106
0.385919004678726 0.192870005965233
0.386534005403519 0.193259000778198
0.387147009372711 0.193645998835564
0.387759000062943 0.194031998515129
0.388370007276535 0.194416999816895
0.388978987932205 0.19480100274086
0.389586985111237 0.195184007287025
0.390193998813629 0.19556599855423
0.390799999237061 0.195948004722595
0.391404986381531 0.196328997612
0.392008990049362 0.196707993745804
0.392612010240555 0.197088003158569
0.393213987350464 0.197466000914574
0.393815010786057 0.197843998670578
0.394414991140366 0.198220998048782
0.395015001296997 0.198597997426987
0.395613998174667 0.198973998427391
0.396212011575699 0.199349999427795
0.396809995174408 0.1997250020504
0.397406995296478 0.200100004673004
0.398003995418549 0.200473994016647
0.39860001206398 0.200847998261452
0.399195998907089 0.201221004128456
0.399791985750198 0.201593995094299
0.400386989116669 0.201967000961304
0.4009810090065 0.202338993549347
0.401576012372971 0.202711001038551
0.40217000246048 0.203082993626595
0.402763992547989 0.203455001115799
0.40335801243782 0.203825995326042
0.403950989246368 0.204198002815247
0.4045450091362 0.20456899702549
0.405137985944748 0.204938992857933
0.405730992555618 0.205310001969337
0.406323999166489 0.205680996179581
0.406917005777359 0.206051006913185
0.407510995864868 0.206421002745628
0.408104002475739 0.206791996955872
0.408697009086609 0.207161992788315
0.409289985895157 0.207532003521919
0.409882992506027 0.207901999354362
0.410475999116898 0.208271995186806
0.411069989204407 0.20864200592041
0.411662995815277 0.209012001752853
0.412256985902786 0.209381997585297
0.412851005792618 0.20975199341774
0.413444995880127 0.210122004151344
0.414038985967636 0.210491999983788
0.414633989334106 0.210861995816231
0.415228992700577 0.211232006549835
0.415823996067047 0.211602002382278
0.416418999433517 0.211972996592522
0.417014002799988 0.212343007326126
0.417609989643097 0.212714001536369
0.418206006288528 0.213083997368813
0.418803006410599 0.213455006480217
0.419400006532669 0.21382600069046
0.419997006654739 0.214196994900703
0.420594990253448 0.214568004012108
0.42119300365448 0.214939996600151
0.421790987253189 0.215311005711555
0.422390013933182 0.215682998299599
0.422989010810852 0.216055005788803
0.423588991165161 0.216426998376846
0.424189001321793 0.216800004243851
0.424789994955063 0.217171996831894
0.425390988588333 0.217545002698898
0.425992995500565 0.217917993664742
0.426595002412796 0.218291997909546
0.427197992801666 0.21866500377655
0.427801012992859 0.219038993120193
0.428404986858368 0.219412997364998
0.429008990526199 0.219787999987602
0.429614007472992 0.220162004232407
0.430218994617462 0.220537006855011
0.430824995040894 0.220912992954254
0.431432008743286 0.221287995576859
0.432038992643356 0.221663996577263
0.432646989822388 0.222039997577667
0.43325600028038 0.222416996955872
0.433865010738373 0.222793996334076
0.434475004673004 0.22317099571228
0.435086011886597 0.223547995090485
0.435696989297867 0.223925992846489
0.436309009790421 0.224305003881454
0.436921000480652 0.224683001637459
0.437534987926483 0.225061997771263
0.438149005174637 0.225442007184029
0.438762992620468 0.225821003317833
0.439379006624222 0.226201996207237
0.439994990825653 0.226582005620003
0.440611988306046 0.226962998509407
0.441229999065399 0.227344006299973
0.441848009824753 0.227725997567177
0.442467004060745 0.228108003735542
0.443087995052338 0.228490993380547
0.443708002567291 0.228873997926712
0.444330006837845 0.229258000850677
0.444952994585037 0.229642003774643
0.445576012134552 0.230026006698608
0.446200013160706 0.230410993099213
0.446824997663498 0.230795994400978
0.447450995445251 0.231181994080544
0.448076993227005 0.231567993760109
0.448704987764359 0.231955006718636
0.449333012104034 0.232342004776001
0.449963003396988 0.232730001211166
0.450592994689941 0.233117997646332
0.451223999261856 0.233505994081497
0.45185598731041 0.233896002173424
0.452488988637924 0.234284996986389
0.453121989965439 0.234675005078316
0.453756988048553 0.235065996646881
0.454392999410629 0.235457003116608
0.455029010772705 0.235848993062973
0.455666989088058 0.2362409979105
0.456304997205734 0.236634001135826
0.45694500207901 0.237027004361153
0.457585006952286 0.237421005964279
0.458227008581161 0.237816005945206
0.458869010210037 0.238211005926132
0.459513008594513 0.238606005907059
0.460157006978989 0.239002004265785
0.460801988840103 0.239399001002312
0.46144899725914 0.239795997738838
0.462096005678177 0.240193992853165
0.462745010852814 0.240592002868652
0.463393986225128 0.240990996360779
0.464044988155365 0.241391003131866
0.464697003364563 0.241790995001793
0.465348988771439 0.242192000150681
0.466003000736237 0.242593005299568
0.466657996177673 0.242994993925095
0.467314004898071 0.243397995829582
0.467970997095108 0.24380099773407
0.468629002571106 0.244204998016357
0.469287991523743 0.244608998298645
0.469947993755341 0.245013996958733
0.470609992742538 0.24541999399662
0.471271991729736 0.245826005935669
0.471935987472534 0.246233001351357
0.472600996494293 0.246640995144844
0.473266988992691 0.247049003839493
0.47393399477005 0.24745799601078
0.47460201382637 0.247868001461029
0.475271999835968 0.248278006911278
0.475941985845566 0.248688995838165
0.476613998413086 0.249100998044014
0.477286994457245 0.249513000249863
0.477961003780365 0.249926000833511
0.478637009859085 0.250340014696121
0.479312986135483 0.250753998756409
0.479990988969803 0.251168996095657
0.480670005083084 0.251585006713867
0.481350004673004 0.252002000808716
0.482032001018524 0.252418994903564
0.482713997364044 0.252837002277374
0.483397990465164 0.253255993127823
0.484084010124207 0.253675013780594
0.484769999980927 0.254094988107681
0.485457986593246 0.254516005516052
0.486146986484528 0.254936993122101
0.48683699965477 0.255360007286072
0.487529009580612 0.25578299164772
0.488222002983093 0.256206005811691
0.488916009664536 0.25663098692894
0.489612013101578 0.257055997848511
0.490307986736298 0.25748199224472
0.491007000207901 0.257908999919891
0.491706013679504 0.258336991071701
0.492406994104385 0.258765012025833
0.493108987808228 0.259193986654282
0.493813008069992 0.259624004364014
0.494518011808395 0.260055005550385
0.495223999023438 0.260486006736755
0.495930999517441 0.260919004678726
0.496639996767044 0.261352002620697
0.497350990772247 0.261786013841629
0.498062998056412 0.262219995260239
0.498775988817215 0.262656003236771
0.499489992856979 0.263092011213303
0.500207006931305 0.263529002666473
0.500923991203308 0.263967007398605
0.501643002033234 0.264405995607376
0.50236302614212 0.264845997095108
0.503085017204285 0.26528599858284
0.50380802154541 0.265727996826172
0.504532992839813 0.266169995069504
0.505258977413177 0.266613006591797
0.505985975265503 0.267057001590729
0.506716012954712 0.267500996589661
0.507445991039276 0.267946988344193
0.508177995681763 0.268393009901047
0.508912026882172 0.268840998411179
0.509647011756897 0.26928898692131
0.510383009910583 0.269737988710403
0.511120975017548 0.270188003778458
0.511861026287079 0.270639002323151
0.512601971626282 0.271091014146805
0.513345003128052 0.271542996168137
0.514088988304138 0.271997004747391
0.514835000038147 0.272451996803284
0.515582025051117 0.272906988859177
0.516331017017365 0.273362994194031
0.51708197593689 0.273820012807846
0.517834007740021 0.274278998374939
0.518586993217468 0.274738013744354
0.519343018531799 0.275198012590408
0.520099997520447 0.275658994913101
0.520857989788055 0.276120990514755
0.521618008613586 0.276582986116409
0.522379994392395 0.277047008275986
0.523144006729126 0.277512013912201
0.523908972740173 0.277978003025055
0.524675011634827 0.278443992137909
0.525443971157074 0.278912007808685
0.526214003562927 0.2793810069561
0.526984989643097 0.279850006103516
0.52775901556015 0.280321002006531
0.52853399515152 0.280793011188507
0.529311001300812 0.281264990568161
0.530089020729065 0.281738996505737
0.530869007110596 0.282213002443314
0.531651020050049 0.28268900513649
0.53243499994278 0.283165991306305
0.533219993114471 0.283643007278442
0.534007012844086 0.284121990203857
0.534795999526978 0.284601986408234
0.535587012767792 0.285082012414932
0.536378979682922 0.285564005374908
0.537173986434937 0.286047011613846
0.537970006465912 0.286531001329422
0.538766980171204 0.287016004323959
0.539566993713379 0.287501990795135
0.540368020534515 0.287988990545273
0.541171014308929 0.288477003574371
0.541975975036621 0.288966000080109
0.54278302192688 0.289456009864807
0.543591976165771 0.289947003126144
0.54440301656723 0.290439993143082
0.545215010643005 0.290933012962341
0.546028971672058 0.291427999734879
0.546845018863678 0.291922986507416
0.547662973403931 0.292419999837875
0.54848301410675 0.292917996644974
0.549305021762848 0.293417006731033
0.550128996372223 0.293917000293732
0.550953984260559 0.294418007135391
0.551782011985779 0.294921010732651
0.552610993385315 0.29542401432991
0.553443014621735 0.29592901468277
0.554275989532471 0.296434998512268
0.555110991001129 0.296941995620728
0.555948972702026 0.297450006008148
0.55678802728653 0.297958999872208
0.557628989219666 0.298469990491867
0.558471977710724 0.298981010913849
0.559318006038666 0.299493998289108
0.560164988040924 0.300007998943329
0.561013996601105 0.300523012876511
0.561864972114563 0.301039010286331
0.562718987464905 0.301557004451752
0.563574016094208 0.302076011896133
0.564431011676788 0.302596002817154
0.565290987491608 0.303117007017136
0.566151976585388 0.303638994693756
0.567016005516052 0.304163008928299
0.567882001399994 0.304688006639481
0.568750023841858 0.305213987827301
0.569618999958038 0.305741012096405
0.570491015911102 0.306270003318787
0.571366012096405 0.306800007820129
0.572242021560669 0.307330995798111
0.57311999797821 0.307862997055054
0.574001014232635 0.308396995067596
0.574883997440338 0.308930993080139
0.575769007205963 0.309468001127243
0.576655983924866 0.310005009174347
0.577544987201691 0.310544013977051
0.578436017036438 0.311084002256393
0.579330027103424 0.311625003814697
0.580226004123688 0.312168002128601
0.581124007701874 0.312712013721466
0.582024991512299 0.31325700879097
0.582926988601685 0.313804000616074
0.583832025527954 0.314352005720139
0.584739029407501 0.314900994300842
0.585649013519287 0.315452009439468
0.586561024188995 0.316004008054733
0.587475001811981 0.316556990146637
0.588391005992889 0.317111998796463
0.589309990406036 0.317667990922928
0.590231001377106 0.318224996328354
0.591153979301453 0.31878399848938
0.592079997062683 0.319344013929367
0.593007981777191 0.319905996322632
0.593937993049622 0.320468991994858
0.594870984554291 0.321034014225006
0.595806002616882 0.321599006652832
0.596744000911713 0.322167009115219
0.597684025764465 0.322735011577606
0.598626017570496 0.323305010795593
0.599570989608765 0.32387700676918
0.600517988204956 0.324449986219406
0.601468026638031 0.325024992227554
0.602419972419739 0.325599998235703
0.603375017642975 0.326178014278412
0.604331970214844 0.32675701379776
0.605292022228241 0.327336996793747
0.606253981590271 0.327919006347656
0.607218980789185 0.328501999378204
0.608186006546021 0.329086989164352
0.609156012535095 0.329672992229462
0.610127985477448 0.330260992050171
0.611102998256683 0.330850005149841
0.612080991268158 0.331440985202789
0.613061010837555 0.33203399181366
0.614042997360229 0.33262699842453
0.615028977394104 0.333222985267639
0.61601597070694 0.333819985389709
0.61700701713562 0.334417998790741
0.617999970912933 0.335018992424011
0.618996024131775 0.335619986057281
0.619993984699249 0.336223989725113
0.620995998382568 0.336829006671906
0.621999979019165 0.337435007095337
0.623005986213684 0.338043004274368
0.624014973640442 0.338652998209
0.625027000904083 0.339264005422592
0.626042008399963 0.339877009391785
0.627059996128082 0.340490996837616
0.628080010414124 0.341107994318008
0.629103004932404 0.341724991798401
0.630128979682922 0.342344999313354
0.631157994270325 0.342965990304947
0.632188975811005 0.343589007854462
0.633222997188568 0.344213008880615
0.634261012077332 0.344839990139008
0.635300993919373 0.345467001199722
0.636343002319336 0.346096992492676
0.637389004230499 0.34672799706459
0.638437986373901 0.347360998392105
0.639488995075226 0.34799599647522
0.64054399728775 0.348632007837296
0.641601026058197 0.349269986152649
0.642661988735199 0.349909991025925
0.643724977970123 0.3505519926548
0.644791007041931 0.351195007562637
0.645860016345978 0.351841002702713
0.646933019161224 0.352486997842789
0.648007988929749 0.353136003017426
0.649085998535156 0.353787004947662
0.650168001651764 0.354438990354538
0.651251971721649 0.355093002319336
0.652338981628418 0.355749011039734
0.653429985046387 0.356406986713409
0.654523015022278 0.357066988945007
0.655619978904724 0.357728004455566
0.656719982624054 0.358390986919403
0.657823026180267 0.359055995941162
0.658928990364075 0.359723001718521
0.660037994384766 0.36039200425148
0.661150991916656 0.361063003540039
0.662267029285431 0.361735999584198
0.663385987281799 0.362410008907318
0.664507985115051 0.363086998462677
0.665633022785187 0.363765001296997
0.666761994361877 0.364446014165878
0.66789299249649 0.365128010511398
0.669028997421265 0.365812003612518
0.670167028903961 0.366497993469238
0.671308994293213 0.367186993360519
0.672453999519348 0.367877006530762
0.673601984977722 0.368568986654282
0.674754023551941 0.369262993335724
0.675908982753754 0.369958996772766
0.677067995071411 0.370656996965408
0.678229987621307 0.371356993913651
0.679395020008087 0.372060000896454
0.680563986301422 0.372763991355896
0.681735992431641 0.37347000837326
0.682911992073059 0.374177992343903
0.684090971946716 0.374888986349106
0.685274004936218 0.37560099363327
0.686460018157959 0.376316010951996
0.6876500248909 0.37703201174736
0.68884402513504 0.377750992774963
0.690039992332458 0.378472000360489
0.691241025924683 0.379195004701614
0.692444980144501 0.37992000579834
0.693652987480164 0.380647003650665
0.694863975048065 0.381377011537552
0.696079015731812 0.382108002901077
0.697297990322113 0.382842004299164
0.698520004749298 0.38357800245285
0.699746012687683 0.384315997362137
0.700976014137268 0.385057002305984
0.702210009098053 0.385798990726471
0.703446984291077 0.386543989181519
0.704688012599945 0.387291014194489
0.705932974815369 0.388040989637375
0.707181990146637 0.388792008161545
0.708433985710144 0.389546006917953
0.709690988063812 0.390302002429962
0.710950970649719 0.391061007976532
0.712215006351471 0.391820996999741
0.713482975959778 0.392585009336472
0.714754998683929 0.393350005149841
0.716031014919281 0.394118010997772
0.717311024665833 0.394888013601303
0.718595027923584 0.395660012960434
0.719882011413574 0.396434992551804
0.721174001693726 0.397211998701096
0.722469985485077 0.397992014884949
0.723770022392273 0.398773998022079
0.725073993206024 0.399558007717133
0.72638201713562 0.400344997644424
0.727693974971771 0.401134014129639
0.729010999202728 0.401926010847092
0.730331003665924 0.402720004320145
0.731656014919281 0.403517007827759
0.732985019683838 0.404316008090973
0.734318017959595 0.405117988586426
0.735655009746552 0.405921995639801
0.736997008323669 0.406729012727737
0.738343000411987 0.407537996768951
0.739692986011505 0.408349990844727
0.741047024726868 0.409164994955063
0.742406010627747 0.409981995820999
0.743768990039825 0.410800993442535
0.745136976242065 0.411623001098633
0.74650901556015 0.412447988986969
0.74788498878479 0.413275003433228
0.749266028404236 0.414106011390686
0.750652015209198 0.414938002824783
0.752040982246399 0.415773987770081
0.753436028957367 0.4166119992733
0.75483500957489 0.417452991008759
0.756237983703613 0.418296009302139
0.757646024227142 0.419142007827759
0.759059011936188 0.419990986585617
0.760475993156433 0.420843005180359
0.76189798116684 0.421696990728378
0.763324022293091 0.422553986310959
0.76475602388382 0.423413991928101
0.766192018985748 0.424277007579803
0.767632007598877 0.425143003463745
0.769078016281128 0.426010996103287
0.770528018474579 0.426883012056351
0.771983027458191 0.427756994962692
0.773442983627319 0.428633987903595
0.774908006191254 0.429513990879059
0.776377975940704 0.430397003889084
0.777851998806 0.431282013654709
0.779331982135773 0.432170987129211
0.780816972255707 0.433063000440598
0.782306015491486 0.433957010507584
0.783801019191742 0.43485501408577
0.785300016403198 0.435755014419556
0.786804974079132 0.436659008264542
0.788313984870911 0.437566012144089
0.789829015731812 0.438475012779236
0.791348993778229 0.439388006925583
0.792873978614807 0.440304011106491
0.794404983520508 0.441222995519638
0.795939981937408 0.442144989967346
0.797481000423431 0.443069994449615
0.799027025699615 0.443998008966446
0.800579011440277 0.444929003715515
0.802134990692139 0.445863991975784
0.803696990013123 0.446801990270615
0.805265009403229 0.447741985321045
0.806837975978851 0.448686987161636
0.80841600894928 0.449633985757828
0.810000002384186 0.450585007667542
0.811589002609253 0.451537996530533
0.813184022903442 0.452495992183685
0.814783990383148 0.45345601439476
0.816389977931976 0.454420000314713
0.818001985549927 0.455386996269226
0.819618999958038 0.456357002258301
0.821241974830627 0.457331001758575
0.822870016098022 0.458308011293411
0.824504971504211 0.459289014339447
0.826144993305206 0.460272997617722
0.827790021896362 0.461261004209518
0.829442024230957 0.462251991033554
0.831099987030029 0.463245987892151
0.832763016223907 0.46424400806427
0.834432005882263 0.465245008468628
0.836107015609741 0.466250002384186
0.837788999080658 0.467258989810944
0.839475989341736 0.468270987272263
0.841168999671936 0.469287008047104
0.842867970466614 0.470306009054184
0.844573974609375 0.471329003572464
0.846284985542297 0.472355008125305
0.848002970218658 0.473385989665985
0.849726974964142 0.474418997764587
0.851456999778748 0.475457012653351
0.853193998336792 0.476498007774353
0.854936003684998 0.477542996406555
0.856684982776642 0.47859200835228
0.85844099521637 0.479645013809204
0.86020302772522 0.480700999498367
0.861971020698547 0.481761991977692
0.863745987415314 0.482825994491577
0.865526974201202 0.483893990516663
0.867313981056213 0.484964996576309
0.869108974933624 0.486041009426117
0.870909988880157 0.487120985984802
0.872717022895813 0.488204002380371
0.874531984329224 0.489291995763779
0.876353025436401 0.490384012460709
0.878180027008057 0.491479009389877
0.880015015602112 0.492579013109207
0.881856024265289 0.493683010339737
0.883704006671906 0.494789987802505
0.885559022426605 0.495902001857758
0.887422025203705 0.49701800942421
0.889123976230621 0.49803900718689
0.890263020992279 0.49872100353241
0.891022980213165 0.499177008867264
0.891530990600586 0.499480992555618
0.891870021820068 0.499684005975723
0.892095029354095 0.49981901049614
0.892246007919312 0.499909996986389
0.892320990562439 0.499954998493195
0.892359018325806 0.499976992607117
0.892396986484528 0.5
0.892396986484528 0.5
0.892435014247894 0.500023007392883
0.8924720287323 0.500045001506805
0.892548024654388 0.500090003013611
0.892697989940643 0.500181019306183
0.892925024032593 0.500316023826599
0.89326399564743 0.500519990921021
0.893773972988129 0.500824987888336
0.894540011882782 0.501284003257751
0.895690977573395 0.501973986625671
0.897422015666962 0.503010988235474
0.899329006671906 0.504154026508331
0.901242971420288 0.505300998687744
0.903164029121399 0.506452023983002
0.905092000961304 0.507606983184814
0.907028019428253 0.508767008781433
0.908971011638641 0.509931027889252
0.910921990871429 0.511099994182587
0.912880003452301 0.512273013591766
0.914846003055573 0.513450980186462
0.916818976402283 0.514632999897003
0.918798983097076 0.515819013118744
0.920787990093231 0.517009973526001
0.922783970832825 0.518206000328064
0.924787998199463 0.519406020641327
0.92679899930954 0.520610988140106
0.928817987442017 0.521821022033691
0.930845022201538 0.523034989833832
0.932879984378815 0.524253010749817
0.934922993183136 0.52547699213028
0.936973989009857 0.526705026626587
0.939032971858978 0.527938008308411
0.941100001335144 0.529175996780396
0.94317501783371 0.530418992042542
0.945258975028992 0.531665980815887
0.947350025177002 0.532918989658356
0.949450016021729 0.534175992012024
0.951557993888855 0.535438001155853
0.953674018383026 0.536705017089844
0.955798983573914 0.537977993488312
0.957931995391846 0.539255023002625
0.960074007511139 0.540536999702454
0.962224006652832 0.541823983192444
0.964383006095886 0.543116986751556
0.96654999256134 0.544413983821869
0.968726992607117 0.545717000961304
0.970911026000977 0.5470250248909
0.973105013370514 0.548337996006012
0.975306987762451 0.549655973911285
0.977518975734711 0.550979971885681
0.979739010334015 0.552308976650238
0.981967985630035 0.553642988204956
0.984206974506378 0.554983019828796
0.986454010009766 0.556327998638153
0.988709986209869 0.557677984237671
0.990975975990295 0.559033989906311
0.993251025676727 0.560395002365112
0.995535016059875 0.561761975288391
0.997829020023346 0.563135027885437
1.0001300573349 0.564513027667999
1.00243997573853 0.565896987915039
1.00477004051208 0.567286014556885
1.00709998607635 0.568681001663208
1.00943994522095 0.570082008838654
1.01179003715515 0.57148802280426
1.01415002346039 0.572899997234344
1.01652002334595 0.574319005012512
1.01890003681183 0.57574200630188
1.02128994464874 0.577171981334686
1.02368998527527 0.578607976436615
1.02610003948212 0.580049991607666
1.02851998806 0.581497013568878
1.0309499502182 0.582951009273529
1.03339004516602 0.584411025047302
1.03584003448486 0.585877001285553
1.03830003738403 0.587348997592926
1.04077005386353 0.588827013969421
1.04325997829437 0.590310990810394
1.04575002193451 0.591802000999451
1.04824995994568 0.593298971652985
1.05076003074646 0.594802021980286
1.0532900094986 0.596310973167419
1.05581998825073 0.597827017307281
1.05836999416351 0.599349975585938
1.06093001365662 0.600878000259399
1.06349003314972 0.602414011955261
1.06606996059418 0.603955984115601
1.06866002082825 0.605503976345062
1.07125997543335 0.607059001922607
1.07386994361877 0.608621001243591
1.07650005817413 0.610189020633698
1.0791300535202 0.611764013767242
1.08177995681763 0.613345980644226
1.08442997932434 0.614934027194977
1.0871000289917 0.616530001163483
1.08977997303009 0.618131995201111
1.09247004985809 0.619741022586823
1.09518003463745 0.621357977390289
1.09789001941681 0.622981011867523
1.10062003135681 0.624611020088196
1.10336005687714 0.626249015331268
1.10610997676849 0.627892971038818
1.10887002944946 0.629544973373413
1.11164999008179 0.631204009056091
1.11443996429443 0.632870018482208
1.1172399520874 0.634544014930725
1.12004995346069 0.636223971843719
1.12287998199463 0.63791298866272
1.12571001052856 0.639608025550842
1.12855994701385 0.641312003135681
1.13143002986908 0.643022000789642
1.13429999351501 0.644739985466003
1.13718998432159 0.646466016769409
1.1400899887085 0.64819997549057
1.14300000667572 0.649941027164459
1.14593005180359 0.651690006256104
1.14886999130249 0.653446972370148
1.15181994438171 0.655210971832275
1.15479004383087 0.656983971595764
1.15777003765106 0.658764004707336
1.16076004505157 0.660552978515625
1.16376996040344 0.662348985671997
1.16679000854492 0.66415399312973
1.16982996463776 0.665965974330902
1.17287003993988 0.66778701543808
1.17594003677368 0.669615983963013
1.17901003360748 0.67145299911499
1.18210005760193 0.673299014568329
1.18519997596741 0.675153017044067
1.18832004070282 0.677015006542206
1.19144999980927 0.678885996341705
1.19459998607635 0.680764973163605
1.19775998592377 0.68265300989151
1.20094001293182 0.684549987316132
1.2041300535202 0.686455011367798
1.20732998847961 0.68836897611618
1.21054995059967 0.690290987491608
1.21379005908966 0.692223012447357
1.21703004837036 0.694163024425507
1.22029995918274 0.696111977100372
1.22358000278473 0.698071002960205
1.22686994075775 0.700038015842438
1.23018002510071 0.702014029026031
1.23351001739502 0.703999996185303
1.23685002326965 0.705994009971619
1.24020004272461 0.707997977733612
1.24357998371124 0.710011005401611
1.24696004390717 0.712033987045288
1.25037002563477 0.714066028594971
1.25379002094269 0.71610701084137
1.25722002983093 0.718158006668091
1.26066994667053 0.720219016075134
1.26414000988007 0.722289025783539
1.26762998104095 0.724368989467621
1.27112996578217 0.726458013057709
1.2746399641037 0.728556990623474
1.2781800031662 0.730666995048523
1.28173005580902 0.732785999774933
1.28529000282288 0.734915018081665
1.2888799905777 0.737053990364075
1.29247999191284 0.739202976226807
1.29610002040863 0.741361975669861
1.29972994327545 0.743532001972198
1.30338001251221 0.745711028575897
1.30704998970032 0.747901022434235
1.31073999404907 0.750101983547211
1.31444001197815 0.752312004566193
1.3181699514389 0.754534006118774
1.32191002368927 0.756766021251678
1.32565999031067 0.75900799036026
1.32943999767303 0.761260986328125
1.33323001861572 0.763525009155273
1.33704996109009 0.765799999237061
1.34088003635406 0.76808500289917
1.34472000598907 0.770380973815918
1.34859001636505 0.772688984870911
1.35248005390167 0.775007009506226
1.35637998580933 0.77733701467514
1.36030995845795 0.779676973819733
1.36424994468689 0.78202897310257
1.36820995807648 0.78439199924469
1.37218999862671 0.786765992641449
1.3761899471283 0.789152026176453
1.38021004199982 0.791549980640411
1.38425004482269 0.793958008289337
1.3882999420166 0.796379029750824
1.39237999916077 0.798811018466949
1.39647996425629 0.801254987716675
1.40058994293213 0.803709983825684
1.40472996234894 0.806177973747253
1.40889000892639 0.808656990528107
1.4130699634552 0.81114798784256
1.41726005077362 0.813651978969574
1.42147994041443 0.816166996955872
1.42571997642517 0.818693995475769
1.42998003959656 0.821233987808228
1.4342600107193 0.823786020278931
1.43856000900269 0.82635098695755
1.44288003444672 0.828927993774414
1.4472199678421 0.831516981124878
1.45158004760742 0.834119021892548
1.45597004890442 0.836732983589172
1.46037995815277 0.839359998703003
1.46480000019073 0.842000007629395
1.46924996376038 0.844653010368347
1.47371995449066 0.8473179936409
1.47821998596191 0.849996984004974
1.48273003101349 0.852688014507294
1.48726999759674 0.85539299249649
1.49182999134064 0.858111023902893
1.49641001224518 0.860840976238251
1.50100994110107 0.863584995269775
1.50564002990723 0.866343021392822
1.51028001308441 0.869113981723785
1.51495003700256 0.871897995471954
1.51964998245239 0.874696016311646
1.52435994148254 0.877506971359253
1.52909994125366 0.880331993103027
1.53386998176575 0.883171021938324
1.53865003585815 0.886022984981537
1.54346001148224 0.888889014720917
1.54830002784729 0.891770005226135
1.55315005779266 0.894663989543915
1.55803000926971 0.897571980953217
1.56292998790741 0.900493979454041
1.56786000728607 0.903429985046387
1.57281005382538 0.906381011009216
1.57779002189636 0.909345984458923
1.58279001712799 0.912325024604797
1.58781003952026 0.91531902551651
1.59285998344421 0.9183269739151
1.59792995452881 0.921348989009857
1.60302996635437 0.924386978149414
1.60815000534058 0.927438020706177
1.61329996585846 0.930504977703094
1.61846995353699 0.933586001396179
1.62366998195648 0.936681985855103
1.62889003753662 0.939792990684509
1.63414001464844 0.942919015884399
1.6394100189209 0.946060001850128
1.64470994472504 0.94921600818634
1.65003001689911 0.952386975288391
1.65538001060486 0.955573976039886
1.66076004505157 0.958774983882904
1.66615998744965 0.961992025375366
1.67157995700836 0.965224027633667
1.67703998088837 0.968472003936768
1.68252003192902 0.971735000610352
1.68801999092102 0.975013017654419
1.69354999065399 0.978307008743286
1.69911003112793 0.981616973876953
1.70468997955322 0.984942018985748
1.71029996871948 0.98828399181366
1.71593999862671 0.991639971733093
1.72160005569458 0.995012998580933
1.72729003429413 0.998401999473572
1.73301005363464 1.00180995464325
1.73875999450684 1.00522994995117
1.74452996253967 1.00865995883942
1.75032997131348 1.01212000846863
1.75615000724792 1.01558005809784
1.76200997829437 1.01907002925873
1.76788997650146 1.02257001399994
1.77380001544952 1.02609002590179
1.77972996234894 1.02962005138397
1.78568994998932 1.0331699848175
1.79168999195099 1.03673994541168
1.79770004749298 1.04032003879547
1.80375003814697 1.04392004013062
1.80982995033264 1.04753994941711
1.81593000888824 1.05116999149323
1.82205998897552 1.05481994152069
1.82822000980377 1.05848002433777
1.83440005779266 1.06217002868652
1.84062004089355 1.0658700466156
1.84686005115509 1.06957995891571
1.85313999652863 1.07331001758575
1.85943996906281 1.07705998420715
1.86575996875763 1.0808299779892
1.87212002277374 1.08460998535156
1.87850999832153 1.08841001987457
1.88492000102997 1.09222996234894
1.89137005805969 1.09607005119324
1.89784002304077 1.09992003440857
1.90434002876282 1.10378003120422
1.91086995601654 1.10766994953156
1.91743004322052 1.1115700006485
1.92401003837585 1.1154899597168
1.93062996864319 1.11942994594574
1.93727004528046 1.123379945755
1.94395005702972 1.12734997272491
1.95064997673035 1.13134002685547
1.95738005638123 1.13533997535706
1.96414995193481 1.13936996459961
1.97093999385834 1.14340996742249
1.97775995731354 1.14745998382568
1.9846099615097 1.15154004096985
1.99147999286652 1.15562999248505
1.99838995933533 1.15973997116089
2.00533008575439 1.16385996341705
2.01229000091553 1.16800999641418
2.01928997039795 1.17217004299164
2.02630996704102 1.17633998394012
2.03337001800537 1.18053996562958
2.04045009613037 1.18474996089935
2.04755997657776 1.18897998332977
2.05469989776611 1.19323003292084
2.06188011169434 1.19748997688293
2.06908011436462 1.201779961586
2.0763099193573 1.20606994628906
2.08357000350952 1.21038997173309
2.09085011482239 1.21472001075745
2.09817004203796 1.21907997131348
2.10552000999451 1.2234400510788
2.11289000511169 1.22783005237579
2.12030005455017 1.23222994804382
2.12772989273071 1.23664999008179
2.13520002365112 1.2410900592804
2.1426899433136 1.24554002285004
2.15020990371704 1.25002002716064
2.15776991844177 1.25450003147125
2.16534996032715 1.25900995731354
2.17296004295349 1.26353001594543
2.18059992790222 1.26806998252869
2.18826007843018 1.27262997627258
2.19596004486084 1.27720999717712
2.20369005203247 1.28180003166199
2.21144008636475 1.28640997409821
2.21921992301941 1.29103004932404
2.22704005241394 1.29568004608154
2.23487997055054 1.30034005641937
2.2427499294281 1.30500996112823
2.25064992904663 1.30971002578735
2.25856995582581 1.3144199848175
2.26653003692627 1.31913995742798
2.2745099067688 1.32388997077942
2.2825300693512 1.32864999771118
2.29057002067566 1.33343005180359
2.29864001274109 1.33822000026703
2.30674004554749 1.34302997589111
2.31486010551453 1.34785997867584
2.32301998138428 1.35269999504089
2.33119988441467 1.35757005214691
2.33941006660461 1.36243999004364
2.34765005111694 1.36733996868134
2.35591006278992 1.37224996089935
2.3642098903656 1.37716996669769
2.37252998352051 1.382120013237
2.38088011741638 1.38707995414734
2.38926005363464 1.39205002784729
2.39766001701355 1.3970400094986
2.40609002113342 1.40205001831055
2.41455006599426 1.40708005428314
2.42303991317749 1.41211998462677
2.43155002593994 1.41717004776001
2.44008994102478 1.4222400188446
2.44865989685059 1.42733001708984
2.45725011825562 1.43243002891541
2.46586990356445 1.43754994869232
2.47451996803284 1.44269001483917
2.48320007324219 1.44783997535706
2.4918999671936 1.45299994945526
2.50062990188599 1.45818996429443
2.50938010215759 1.46337997913361
2.51816010475159 1.46860003471375
2.52695989608765 1.47381997108459
2.53579998016357 1.47906994819641
2.54465007781982 1.48433005809784
2.55353999137878 1.48959994316101
2.56244993209839 1.49488997459412
2.57137989997864 1.50019001960754
2.58033990859985 1.50550997257233
2.58932995796204 1.51084005832672
2.59834003448486 1.51619005203247
2.60737991333008 1.52155005931854
2.61644005775452 1.52692997455597
2.62551999092102 1.53232002258301
2.63462996482849 1.5377299785614
2.64376997947693 1.54314994812012
2.65293002128601 1.54858994483948
2.66212010383606 1.55403995513916
2.67131996154785 1.55949997901917
2.68056011199951 1.56498003005981
2.68982005119324 1.5704699754715
2.69910001754761 1.57597994804382
2.70840001106262 1.58150005340576
2.7177300453186 1.58703994750977
2.72708010673523 1.59258997440338
2.73645997047424 1.59815001487732
2.74586009979248 1.60371994972229
2.75528001785278 1.60931003093719
2.76472997665405 1.61492002010345
2.77419996261597 1.62054002285004
2.78368997573853 1.62617003917694
2.79321002960205 1.63180994987488
2.80275011062622 1.63747000694275
2.81230998039246 1.64313995838165
2.82189011573792 1.64882004261017
2.83149003982544 1.65452003479004
2.84112000465393 1.66023004055023
2.85076999664307 1.66594994068146
2.86044001579285 1.67167997360229
2.87014007568359 1.67743003368378
2.87984991073608 1.68318998813629
2.88959002494812 1.68896996974945
2.89934992790222 1.69474995136261
2.90913009643555 1.70054996013641
2.91893005371094 1.70635998249054
2.92875003814697 1.71219003200531
2.93860006332397 1.71801996231079
2.9484601020813 1.72387003898621
2.95834994316101 1.72973001003265
2.96825003623962 1.73559999465942
2.97817993164063 1.74149000644684
2.98813009262085 1.74738001823425
2.99810004234314 1.75329005718231
3.00808000564575 1.7592099905014
3.01809000968933 1.76514005661011
3.02812004089355 1.77109003067017
3.03817009925842 1.77704000473022
3.04823994636536 1.78301000595093
3.05832004547119 1.78899002075195
3.06842994689941 1.7949800491333
3.07856011390686 1.80097997188568
3.08870005607605 1.80699002742767
3.09887003898621 1.8130099773407
3.10905003547668 1.81904995441437
3.11925005912781 1.82509005069733
3.12947988510132 1.83115005493164
3.13971996307373 1.83721995353699
3.14998006820679 1.84328997135162
3.16024994850159 1.8493800163269
3.17055010795593 1.85547995567322
3.18086004257202 1.86159002780914
3.19120001792908 1.8677099943161
3.20155000686646 1.8738499879837
3.21192002296448 1.87998998165131
3.22230005264282 1.88613998889923
3.23270988464355 1.89230000972748
3.24312996864319 1.89847004413605
3.25357007980347 1.90465998649597
3.26402997970581 1.91085004806519
3.27449989318848 1.91705000400543
3.28500008583069 1.92326998710632
3.29551005363464 1.92948997020721
3.30603003501892 1.93571996688843
3.31658005714417 1.94196999073029
3.32714009284973 1.94822001457214
3.33770990371704 1.95448005199432
3.3483099937439 1.96075999736786
3.35892009735107 1.96703994274139
3.36954998970032 1.97333002090454
3.38018989562988 1.97962999343872
3.39085006713867 1.98593997955322
3.4015200138092 1.99225997924805
3.4122200012207 1.99858999252319
3.42293000221252 2.00493001937866
3.43365001678467 2.01128005981445
3.44439005851746 2.01763010025024
3.45514988899231 2.0239999294281
3.46591997146606 2.03036999702454
3.47670006752014 2.03676009178162
3.48750996589661 2.04314994812012
3.49832010269165 2.04955005645752
3.50916004180908 2.05595993995667
3.52000999450684 2.06238007545471
3.53086996078491 2.0688099861145
3.54174995422363 2.07524991035461
3.55263996124268 2.08170008659363
3.56354999542236 2.08815002441406
3.57447004318237 2.09460997581482
3.58541011810303 2.1010799407959
3.59636998176575 2.1075599193573
3.60733008384705 2.11404991149902
3.61831998825073 2.12054991722107
3.62930989265442 2.12704992294312
3.64032006263733 2.13356995582581
3.6513500213623 2.1400899887085
3.6623899936676 2.14662003517151
3.67343997955322 2.15316009521484
3.68450999259949 2.1596999168396
3.69559001922607 2.16626000404358
3.70668005943298 2.17282009124756
3.71778988838196 2.17938995361328
3.72891998291016 2.18596005439758
3.74005007743835 2.19254994392395
3.75119996070862 2.1991400718689
3.76237010955811 2.20574998855591
3.77354001998901 2.2123498916626
3.78473997116089 2.21897006034851
3.79593992233276 2.22558999061584
3.80715990066528 2.23222994804382
3.81838989257813 2.2388699054718
3.82962989807129 2.24551010131836
3.8408899307251 2.25217008590698
3.85215997695923 2.25883007049561
3.86344003677368 2.26550006866455
3.8747398853302 2.27218008041382
3.88604998588562 2.27886009216309
3.89737010002136 2.28555011749268
3.90869998931885 2.29224991798401
3.92004990577698 2.29895997047424
3.93141007423401 2.30567002296448
3.94278001785278 2.31239008903503
3.95415997505188 2.31911993026733
3.96555995941162 2.32585000991821
3.97696995735168 2.33259010314941
3.98838996887207 2.33933997154236
3.99981999397278 2.3461000919342
4.01127004623413 2.35285997390747
4.02272987365723 2.35963010787964
4.0342001914978 2.36641001701355
4.04568004608154 2.37318992614746
4.05716991424561 2.37998008728027
4.06867980957031 2.38678002357483
4.0802001953125 2.39357995986938
4.09173011779785 2.40038990974426
4.10327005386353 2.40721011161804
4.11482000350952 2.41403007507324
4.12638998031616 2.42086005210876
4.1379599571228 2.42770004272461
4.14954996109009 2.43455004692078
4.1611499786377 2.44140005111694
4.17276000976563 2.44825005531311
4.18438005447388 2.45512008666992
4.19602012634277 2.46199011802673
4.20766019821167 2.46885991096497
4.21931982040405 2.47574996948242
4.23098993301392 2.48263001441956
4.2426700592041 2.48953008651733
4.25436019897461 2.49642992019653
4.26605987548828 2.50334000587463
4.27777004241943 2.51026010513306
4.28950023651123 2.5171799659729
4.30122995376587 2.52410006523132
4.31298017501831 2.53103995323181
4.32472991943359 2.53798007965088
4.33650016784668 2.54491996765137
4.34827995300293 2.55187010765076
4.36007022857666 2.55883002281189
4.37187004089355 2.56579995155334
4.38367986679077 2.57277011871338
4.39550018310547 2.57974004745483
4.40733003616333 2.58671998977661
4.41916990280151 2.59370994567871
4.43102979660034 2.60070991516113
4.44289016723633 2.60770988464355
4.4547700881958 2.61471009254456
4.46665000915527 2.62173008918762
4.47854995727539 2.62874007225037
4.49044990539551 2.63577008247375
4.50236988067627 2.64280009269714
4.51428985595703 2.64983010292053
4.52622985839844 2.65687990188599
4.53817987442017 2.6639199256897
4.55012989044189 2.67097997665405
4.56209993362427 2.67804002761841
4.57407999038696 2.68510007858276
4.58607006072998 2.69216990470886
4.59807014465332 2.69924998283386
4.61007022857666 2.70633006095886
4.62208986282349 2.71341991424561
4.63411998748779 2.72051000595093
4.64616012573242 2.72761011123657
4.65820980072021 2.73470997810364
4.67026996612549 2.7418200969696
4.68234014511108 2.74893999099731
4.69440984725952 2.75605988502502
4.70650005340576 2.76319003105164
4.71859979629517 2.77031993865967
4.73071002960205 2.7774600982666
4.7428297996521 2.78460001945496
4.75495004653931 2.79174995422363
4.76708984375 2.79890990257263
4.77924013137817 2.80607008934021
4.79138994216919 2.81323003768921
4.80355978012085 2.82039999961853
4.81574010848999 2.82757997512817
4.82791996002197 2.83475995063782
4.8401198387146 2.84194993972778
4.85232019424438 2.84913992881775
4.86454010009766 2.85633993148804
4.87676000595093 2.86353993415833
4.88898992538452 2.87074995040894
4.90123987197876 2.87795996665955
4.913489818573 2.88517999649048
4.92574977874756 2.89241003990173
4.9380202293396 2.89964008331299
4.9503002166748 2.90686988830566
4.96259021759033 2.91410994529724
4.97489023208618 2.92136001586914
4.9871997833252 2.92861008644104
4.99951982498169 2.93586993217468
5.01184988021851 2.9431300163269
5.02418994903564 2.95040011405945
5.03653001785278 2.95766997337341
5.04889011383057 2.96494007110596
5.06125020980835 2.97222995758057
5.07362985610962 2.97951006889343
5.08600997924805 2.98680996894836
5.0984001159668 2.99410009384155
5.11080980300903 3.00141000747681
5.12321996688843 3.00871992111206
5.13564014434814 3.01603007316589
5.14806985855103 3.02335000038147
5.16050004959106 3.03066992759705
5.17294979095459 3.03800010681152
5.1854100227356 3.04533004760742
5.19786977767944 3.05267000198364
5.21035003662109 3.06000995635986
5.22282981872559 3.06735992431641
5.23533010482788 3.07471990585327
5.24782991409302 3.08207988739014
5.26034021377563 3.08944010734558
5.27286005020142 3.09681010246277
5.28538990020752 3.10418009757996
5.29792976379395 3.11156010627747
5.31047010421753 3.11894011497498
5.3230299949646 3.12632989883423
5.33558988571167 3.13372993469238
5.34816980361938 3.14112997055054
5.36075019836426 3.14853000640869
5.37334012985229 3.15594005584717
5.38594007492065 3.16335010528564
5.39855003356934 3.17076992988586
5.41117000579834 3.17818999290466
5.42378997802734 3.18562006950378
5.43642997741699 3.19304990768433
5.44907999038696 3.20048999786377
5.46173000335693 3.20794010162354
5.47439002990723 3.2153799533844
5.48706007003784 3.22284007072449
5.49974012374878 3.23028993606567
5.51243019104004 3.23776006698608
5.52512979507446 3.24521994590759
5.53782987594604 3.25270009040833
5.55054998397827 3.26016998291016
5.5632700920105 3.26765990257263
5.57600021362305 3.27514004707336
5.58873987197876 3.28262996673584
5.60149002075195 3.29012989997864
5.61425018310547 3.29763007164001
5.62701988220215 3.30514001846313
5.63980007171631 3.31264996528625
5.65257978439331 3.3201699256897
5.66536998748779 3.32768988609314
5.6781702041626 3.33521008491516
5.69097995758057 3.34274005889893
5.70380020141602 3.35028004646301
5.71662998199463 3.3578200340271
5.72946977615356 3.36536002159119
5.74231004714966 3.3729100227356
5.75516986846924 3.38046002388
5.76803016662598 3.38802003860474
5.78090000152588 3.39559006690979
5.7937798500061 3.40315008163452
5.80667018890381 3.41072988510132
5.81956005096436 3.41830992698669
5.83246994018555 3.42588996887207
5.84537982940674 3.43348002433777
5.85830020904541 3.44107007980347
5.87123012542725 3.44865989685059
5.8841700553894 3.45626997947693
5.89711999893188 3.46387004852295
5.91007995605469 3.47147989273071
5.92303991317749 3.47909998893738
5.93600988388062 3.48672008514404
5.94899988174438 3.49433994293213
5.96198987960815 3.50197005271912
5.97498989105225 3.50960993766785
5.98798990249634 3.51725006103516
6.00100994110107 3.52488994598389
6.01402997970581 3.53254008293152
6.02707004547119 3.54018998146057
6.04011011123657 3.54784989356995
6.05316019058228 3.5555100440979
6.06621980667114 3.5631799697876
6.07927989959717 3.57084989547729
6.09236001968384 3.57853007316589
6.10544013977051 3.58621001243591
6.11852979660034 3.59389996528625
6.13162994384766 3.6015899181366
6.14474010467529 3.60928010940552
6.15785980224609 3.61698007583618
6.17098999023438 3.62469005584717
6.18412017822266 3.63240003585815
6.1972599029541 3.64011001586914
6.21041011810303 3.64783000946045
6.22356986999512 3.65555000305176
6.23674011230469 3.66328001022339
6.24991989135742 3.67101001739502
6.26310014724731 3.67875003814697
6.27629995346069 3.68649005889893
6.28950023651123 3.6942400932312
6.30271005630493 3.7019898891449
6.31592988967896 3.70973992347717
6.32916021347046 3.71749997138977
6.3423900604248 3.72527003288269
6.35562992095947 3.73304009437561
6.36888980865479 3.74080991744995
6.38215017318726 3.74858999252319
6.39542007446289 3.75637006759644
6.40868997573853 3.76415991783142
6.4219799041748 3.77195000648499
6.43526983261108 3.77975010871887
6.44857978820801 3.78754997253418
6.46189022064209 3.79536008834839
6.47521018981934 3.80316996574402
6.4885401725769 3.81098008155823
6.50187015533447 3.81879997253418
6.51522016525269 3.82663011550903
6.5285701751709 3.83446002006531
6.54193019866943 3.84228992462158
6.55530023574829 3.85013008117676
6.56867980957031 3.85796999931335
6.58206987380981 3.86581993103027
6.59545993804932 3.87367010116577
6.60886001586914 3.88153004646301
6.62228012084961 3.88938999176025
6.63570022583008 3.89725995063782
6.64911985397339 3.90512990951538
6.6625599861145 3.91300010681152
6.67601013183594 3.92088007926941
6.68945980072021 3.92877006530762
6.70291996002197 3.93666005134583
6.71639013290405 3.94455003738403
6.7298698425293 3.95245003700256
6.74336004257202 3.96035003662109
6.75684976577759 3.96826004981995
6.77035999298096 3.9761700630188
6.78387022018433 3.98409008979797
6.79738998413086 3.99201011657715
6.81091976165771 3.99992990493774
6.82446002960205 4.00787019729614
6.83799982070923 4.01579999923706
6.85156011581421 4.0237398147583
6.86511993408203 4.0316801071167
6.87868976593018 4.03962993621826
6.8922700881958 4.04758977890015
6.90585994720459 4.05554008483887
6.91944980621338 4.06350994110107
6.93306016921997 4.07146978378296
6.9466700553894 4.07944011688232
6.96028995513916 4.08741998672485
6.97391986846924 4.09539985656738
6.98755979537964 4.10339021682739
7.0012001991272 4.11138010025024
7.01486015319824 4.1193699836731
7.02852010726929 4.12736988067627
7.04219007492065 4.13536977767944
7.05587005615234 4.1433801651001
7.06956005096436 4.15140008926392
7.08326005935669 4.15940999984741
7.09696006774902 4.16742992401123
7.110680103302 4.17545986175537
7.12440013885498 4.18348979949951
7.13813018798828 4.19153022766113
7.15186977386475 4.1995701789856
7.16561985015869 4.20761013031006
7.17936992645264 4.21566009521484
7.19314002990723 4.22372007369995
7.20691013336182 4.23178005218506
7.22068977355957 4.23984003067017
7.2344799041748 4.2479100227356
7.24828004837036 4.25598001480103
7.26208019256592 4.26406002044678
7.27589988708496 4.27214002609253
7.28972005844116 4.2802300453186
7.30354976654053 4.28832006454468
7.31738996505737 4.29641008377075
7.33124017715454 4.30451011657715
7.34509992599487 4.31262016296387
7.35896015167236 4.32073020935059
7.37282991409302 4.32883977890015
7.38672018051147 4.33695983886719
7.40060997009277 4.34507989883423
7.41450977325439 4.35320997238159
7.42841005325317 4.36134004592896
7.44232988357544 4.36948013305664
7.45625019073486 4.37762022018433
7.47019004821777 4.38576984405518
7.48412990570068 4.39391994476318
7.49807977676392 4.40207004547119
7.51203012466431 4.41023015975952
7.52600002288818 4.41839981079102
7.53997993469238 4.42655992507935
7.55395984649658 4.43474006652832
7.5679497718811 4.44292020797729
7.58195018768311 4.45109987258911
7.59596014022827 4.45929002761841
7.60998010635376 4.46748018264771
7.62400007247925 4.47567987442017
7.63804006576538 4.48388004302979
7.65208005905151 4.4920802116394
7.66613006591797 4.50028991699219
7.68019008636475 4.50851011276245
7.69426012039185 4.51672983169556
7.70834016799927 4.52495002746582
7.72242021560669 4.53318023681641
7.7365198135376 4.54141998291016
7.75061988830566 4.54966020584106
7.76472997665405 4.55789995193481
7.77885007858276 4.56615018844604
7.7929801940918 4.57439994812012
7.80711984634399 4.58266019821167
7.82125997543335 4.59091997146606
7.83542013168335 4.59918022155762
7.84957981109619 4.60745000839233
7.86374998092651 4.61572980880737
7.87793016433716 4.62401008605957
7.89211988449097 4.63228988647461
7.90631008148193 4.64058017730713
7.92051982879639 4.64888000488281
7.934730052948 4.6571798324585
7.94894981384277 4.66548013687134
7.96318006515503 4.67378997802734
7.97741985321045 4.68209981918335
7.99167013168335 4.69042015075684
8.00592994689941 4.69874000549316
8.02019023895264 4.70706987380981
8.03446960449219 4.71540021896362
8.04874992370605 4.72373008728027
8.06303977966309 4.73206996917725
8.0773401260376 4.74041986465454
8.09165000915527 4.74877023696899
8.10595989227295 4.75712013244629
8.12028980255127 4.76548004150391
8.13461971282959 4.77384996414185
8.14896965026855 4.78221988677979
8.16331958770752 4.79058980941772
8.17768001556396 4.79897022247314
8.19204998016357 4.80735015869141
8.20641994476318 4.81574010848999
8.22080993652344 4.82413005828857
8.23519992828369 4.83253002166748
8.24960994720459 4.84092998504639
8.26401996612549 4.84932994842529
8.27844047546387 4.85773992538452
8.29286956787109 4.86615991592407
8.30731010437012 4.87457990646362
8.32174968719482 4.8830099105835
8.33621025085449 4.89142990112305
8.35066986083984 4.89986991882324
8.36513996124268 4.90830993652344
8.37961959838867 4.91674995422363
8.39410972595215 4.92519998550415
8.40861034393311 4.93365001678467
8.42311954498291 4.94211006164551
8.43764019012451 4.95057010650635
8.4521598815918 4.95904016494751
8.46669960021973 4.96751022338867
8.48124027252197 4.975989818573
8.49578952789307 4.98446989059448
8.51035022735596 4.99295997619629
8.52492046356201 5.0014500617981
8.53948974609375 5.0099401473999
8.55408000946045 5.01843976974487
8.56867980957031 5.02694988250732
8.58327960968018 5.03545999526978
8.59788990020752 5.04397010803223
8.61250972747803 5.052490234375
8.62714004516602 5.06101989746094
8.64177989959717 5.06955003738403
8.6564302444458 5.07808017730713
8.6710901260376 5.08661985397339
8.68575000762939 5.09516000747681
8.70042991638184 5.10371017456055
8.71510982513428 5.11225986480713
8.7298002243042 5.12082004547119
8.74450016021729 5.12938022613525
8.75920963287354 5.13794994354248
8.77392959594727 5.14652013778687
8.788649559021 5.15509986877441
8.80338954925537 5.16368007659912
8.81814002990723 5.17225980758667
8.83288955688477 5.1808500289917
8.84764957427979 5.18944978713989
8.86242008209229 5.19805002212524
8.87720012664795 5.20664978027344
8.89198970794678 5.21526002883911
8.90678977966309 5.22387981414795
8.92160034179688 5.23250007629395
8.93640995025635 5.24111986160278
8.95123958587646 5.2497501373291
8.9660701751709 5.25838994979858
8.9809103012085 5.26702976226807
8.99575996398926 5.27567005157471
9.0106201171875 5.28431987762451
9.02548980712891 5.29297018051147
9.04036998748779 5.3016300201416
9.05525970458984 5.31028985977173
9.07015991210938 5.31896018981934
9.08506011962891 5.32763004302979
9.0999698638916 5.33630990982056
9.11489963531494 5.34498977661133
9.1298303604126 5.35368013381958
9.1447696685791 5.36237001419067
9.1597204208374 5.37106990814209
9.17467975616455 5.37976980209351
9.18964958190918 5.38847017288208
9.20462036132813 5.39718008041382
9.2196102142334 5.40590000152588
9.23460960388184 5.41461992263794
9.24960994720459 5.42334985733032
9.26461982727051 5.43207979202271
9.27964019775391 5.44081020355225
9.29467964172363 5.44955015182495
9.30972003936768 5.45830011367798
9.32476043701172 5.46705007553101
9.33981990814209 5.47580003738403
9.35488986968994 5.48456001281738
9.36997032165527 5.49333000183105
9.38504981994629 5.50209999084473
9.40015029907227 5.5108699798584
9.41524982452393 5.51964998245239
9.43035984039307 5.52842998504639
9.44548034667969 5.5372200012207
9.46061992645264 5.54602003097534
9.4757604598999 5.55482006072998
9.49090003967285 5.56362009048462
9.50605964660645 5.57243013381958
9.52122974395752 5.58124017715454
9.53641033172607 5.59006023406982
9.55158996582031 5.59887981414795
9.5667896270752 5.60770988464355
9.58199024200439 5.61653995513916
9.59720039367676 5.62538003921509
9.61242961883545 5.63423013687134
9.62765979766846 5.64307022094727
9.64290046691895 5.65192985534668
9.65814971923828 5.66077995300293
9.67341041564941 5.66965007781982
9.68867969512939 5.6785101890564
9.70394992828369 5.68738985061646
9.71924018859863 5.69625997543335
9.73453998565674 5.70515012741089
9.74983978271484 5.71402978897095
9.76515960693359 5.72292995452881
9.78048038482666 5.73182010650635
9.79580974578857 5.74072980880737
9.81114959716797 5.74962997436523
9.82651042938232 5.75855016708374
9.84187030792236 5.76745986938477
9.85723972320557 5.77639007568359
9.87261009216309 5.78530979156494
9.88799953460693 5.79423999786377
9.90340042114258 5.80318021774292
9.91880989074707 5.81211996078491
9.93422031402588 5.82107019424438
9.94964981079102 5.8300199508667
9.96508979797363 5.83898019790649
9.98052978515625 5.84793996810913
9.99598026275635 5.85691022872925
10.0114002227783 5.86588001251221
