0.781776010990143 0.265410006046295
0.780687987804413 0.264968007802963
0.779600977897644 0.26452699303627
0.778515994548798 0.264086008071899
0.77743399143219 0.263646990060806
0.776354014873505 0.263208001852036
0.775276005268097 0.262769997119904
0.774200022220612 0.262333005666733
0.773126006126404 0.261896997690201
0.772054016590118 0.261460989713669
0.770985007286072 0.261025995016098
0.769917011260986 0.260592997074127
0.76885199546814 0.260158985853195
0.767787992954254 0.259727001190186
0.766726970672607 0.259296000003815
0.765667021274567 0.258864998817444
0.76460999250412 0.258435010910034
0.763554990291595 0.258006006479263
0.762502014636993 0.257577002048492
0.761449992656708 0.257149994373322
0.760401010513306 0.256722986698151
0.759353995323181 0.256296992301941
0.758307993412018 0.255870997905731
0.757264971733093 0.255447000265121
0.756223022937775 0.255023002624512
0.75518399477005 0.254599988460541
0.754145979881287 0.254177004098892
0.753111004829407 0.253755986690521
0.752076983451843 0.253334999084473
0.751044988632202 0.252914011478424
0.750015020370483 0.252494990825653
0.748987019062042 0.252075999975204
0.747959971427917 0.251657992601395
0.746936023235321 0.251240998506546
0.745913028717041 0.250824004411697
0.744892001152039 0.250407993793488
0.74387401342392 0.249992996454239
0.742856025695801 0.24957799911499
0.741841018199921 0.249164000153542
0.740827023983002 0.248750999569893
0.739816009998322 0.248337998986244
0.738806009292603 0.247926995158195
0.737797021865845 0.247514992952347
0.736791014671326 0.247105002403259
0.735786020755768 0.246694996953011
0.734782993793488 0.246286004781723
0.73378199338913 0.245876997709274
0.732782006263733 0.245469003915787
0.731783986091614 0.245061993598938
0.730787992477417 0.24465499818325
0.729793012142181 0.244249001145363
0.728799998760223 0.243844002485275
0.727809011936188 0.243439003825188
0.726818978786469 0.2430350035429
0.725830972194672 0.242631003260612
0.724844992160797 0.242228001356125
0.723860025405884 0.241825997829437
0.722876012325287 0.24142399430275
0.721894979476929 0.241023004055023
0.720915019512177 0.240621998906136
0.719936013221741 0.240222007036209
0.718958973884583 0.239822998642921
0.717984020709991 0.239424005150795
0.717010021209717 0.239025995135307
0.716036975383759 0.238628000020981
0.715066015720367 0.238231003284454
0.714097023010254 0.237834006547928
0.713128983974457 0.23743799328804
0.712162971496582 0.237042993307114
0.711197972297668 0.236647993326187
0.710233986377716 0.236252993345261
0.709272027015686 0.235859006643295
0.708311021327972 0.235466003417969
0.707351982593536 0.235073000192642
0.706394016742706 0.234680995345116
0.705437004566193 0.23428900539875
0.704482018947601 0.233897998929024
0.703527987003326 0.233507007360458
0.702575981616974 0.233116999268532
0.701624989509583 0.232727006077766
0.700675010681152 0.23233799636364
0.699726998806 0.231949001550674
0.698778986930847 0.231560006737709
0.697834014892578 0.231171995401382
0.696888983249664 0.230784997344017
0.695945978164673 0.230397999286652
0.695003986358643 0.230011001229286
0.694063007831573 0.229625001549721
0.693122982978821 0.229240000247955
0.69218498468399 0.22885400056839
0.69124698638916 0.228469997644424
0.690311014652252 0.228084996342659
0.689377009868622 0.227700993418694
0.688443005084991 0.227318003773689
0.687510013580322 0.226934999227524
0.686578989028931 0.226551994681358
0.6856489777565 0.226170003414154
0.684719026088715 0.225787997245789
0.683790981769562 0.225406005978584
0.682864010334015 0.225024998188019
0.681937992572784 0.224644005298615
0.681012988090515 0.224263995885849
0.680088996887207 0.223884001374245
0.67916601896286 0.22350400686264
0.67824399471283 0.223124995827675
0.67732298374176 0.222745001316071
0.676402986049652 0.222367003560066
0.675484001636505 0.221988007426262
0.674565970897675 0.221609994769096
0.67364901304245 0.221231997013092
0.672733008861542 0.220854997634888
0.671817004680634 0.220477998256683
0.670903027057648 0.220100998878479
0.669988989830017 0.219723999500275
0.669076025485992 0.21934799849987
0.668164014816284 0.218971997499466
0.667253017425537 0.218595996499062
0.666342973709106 0.218219995498657
0.665432989597321 0.217844992876053
0.664524018764496 0.21747000515461
0.663616001605988 0.217095002532005
0.662707984447479 0.216719999909401
0.661800980567932 0.216345995664597
0.660894989967346 0.215972006320953
0.659990012645721 0.215598002076149
0.659084975719452 0.215223997831345
0.658179998397827 0.21484999358654
0.65727698802948 0.214476004242897
0.656373023986816 0.214102998375893
0.65547102689743 0.213730007410049
0.654568016529083 0.213357001543045
0.653666973114014 0.212983995676041
0.652765989303589 0.212611004710197
0.651865005493164 0.212237998843193
0.650964021682739 0.211864992976189
0.650063991546631 0.211493000388145
0.649164974689484 0.211119994521141
0.648266017436981 0.210747003555298
0.647367000579834 0.210374996066093
0.646467983722687 0.21000200510025
0.645569026470184 0.209629997611046
0.644671022891998 0.209258005023003
0.643773019313812 0.208884999155998
0.642875015735626 0.208513006567955
0.641978025436401 0.208140000700951
0.641080021858215 0.207767993211746
0.640182018280029 0.207395002245903
0.639285027980804 0.207021996378899
0.638387024402618 0.206649005413055
0.637489974498749 0.206275999546051
0.636591970920563 0.205902993679047
0.635694026947021 0.205530002713203
0.634796023368835 0.205156996846199
0.633898019790649 0.204782992601395
0.633000016212463 0.204410001635551
0.632100999355316 0.204035997390747
0.631201982498169 0.203660994768143
0.630303025245667 0.2032870054245
0.629402995109558 0.202912002801895
0.628503024578094 0.202537000179291
0.627601981163025 0.202161997556686
0.6267009973526 0.201785996556282
0.625799000263214 0.201409995555878
0.624895989894867 0.201033994555473
0.62399297952652 0.200656995177269
0.623089015483856 0.200278997421265
0.622183978557587 0.19990199804306
0.621277987957001 0.199523001909256
0.620370984077454 0.199145004153252
0.61946302652359 0.198764994740486
0.618553996086121 0.198385000228882
0.617644011974335 0.198005005717278
0.616732001304626 0.197622999548912
0.615818977355957 0.197240993380547
0.614904999732971 0.196859002113342
0.613988995552063 0.196474999189377
0.613071978092194 0.196090996265411
0.612151980400085 0.195705994963646
0.611231029033661 0.195318996906281
0.610307991504669 0.194931998848915
0.6093829870224 0.19454400241375
0.608456015586853 0.194154992699623
0.607527017593384 0.193764999508858
0.606594979763031 0.193373993039131
0.605660021305084 0.192981004714966
0.60472297668457 0.192587003111839
0.603783011436462 0.192192003130913
0.602840006351471 0.191795006394386
0.601894021034241 0.191396996378899
0.600943982601166 0.190997004508972
0.599991023540497 0.190595999360085
0.599034011363983 0.190191999077797
0.59807300567627 0.189787000417709
0.597108006477356 0.189380005002022
0.596138000488281 0.188970997929573
0.595164000988007 0.188558995723724
0.59418398141861 0.188145995140076
0.593199014663696 0.187729001045227
0.592208981513977 0.187309995293617
0.591211974620819 0.186888992786407
0.590209007263184 0.186463996767998
0.589199006557465 0.186036005616188
0.588181018829346 0.185605004429817
0.587155997753143 0.185169994831085
0.586122989654541 0.184732005000114
0.585080027580261 0.184288993477821
0.584028005599976 0.18384200334549
0.582965016365051 0.183390006422997
0.581891000270844 0.182933002710342
0.580803990364075 0.182469993829727
0.579704999923706 0.182001993060112
0.578590989112854 0.181527003645897
0.577462017536163 0.18104499578476
0.576314985752106 0.180555000901222
0.575150012969971 0.180057004094124
0.573965013027191 0.179550006985664
0.572755992412567 0.179031997919083
0.571523010730743 0.178504005074501
0.570262014865875 0.177962005138397
0.568969011306763 0.177406996488571
0.567642986774445 0.176836997270584
0.566277980804443 0.176248997449875
0.56487101316452 0.175641998648643
0.563418984413147 0.17501500248909
0.561919987201691 0.174366995692253
0.560374975204468 0.173696994781494
0.558794975280762 0.173011004924774
0.557200014591217 0.172317996621132
0.555625975131989 0.171632006764412
0.554121017456055 0.170974001288414
0.552724003791809 0.170362994074821
0.551459014415741 0.169808000326157
0.550329029560089 0.169311001896858
0.549323976039886 0.168868005275726
0.548430025577545 0.1684740036726
0.547632992267609 0.168120995163918
0.546917021274567 0.167805001139641
0.546272993087769 0.167519003152847
0.54569000005722 0.167260006070137
0.545159995555878 0.167024001479149
0.544677019119263 0.166807994246483
0.544233977794647 0.1666110008955
0.543829023838043 0.166429996490479
0.543456017971039 0.166262999176979
0.543111979961395 0.166108995676041
0.54279500246048 0.165967002511024
0.542502999305725 0.165836006402969
0.542231976985931 0.165713995695114
0.541981995105743 0.165601000189781
0.541750013828278 0.165497004985809
0.541535973548889 0.165399998426437
0.54133802652359 0.165310993790627
0.541154980659485 0.165227994322777
0.540984988212585 0.165151000022888
0.540829002857208 0.165080994367599
0.540684998035431 0.165014997124672
0.540552973747253 0.164955005049706
0.540431976318359 0.164900004863739
0.540320992469788 0.164849996566772
0.540220022201538 0.164803996682167
0.540127992630005 0.164762005209923
0.540045022964478 0.164724007248878
0.539969980716705 0.164690002799034
0.539902985095978 0.16465899348259
0.53984397649765 0.164631992578506
0.539792001247406 0.164609000086784
0.539748013019562 0.164588004350662
0.539709985256195 0.16457100212574
0.539677977561951 0.164555996656418
0.53965300321579 0.164544999599457
0.539633989334106 0.164535999298096
0.539619982242584 0.164529994130135
0.539611995220184 0.164526000618935
0.539610028266907 0.164525002241135
0.539610981941223 0.164525002241135
0.539615988731384 0.164527997374535
0.539627015590668 0.164533004164696
0.539642989635468 0.164539992809296
0.539663016796112 0.164548993110657
0.539686977863312 0.164561003446579
0.539716005325317 0.16457399725914
0.539749026298523 0.164589002728462
0.539785981178284 0.164607003331184
0.539826989173889 0.164626002311707
0.539871990680695 0.164645999670029
0.5399209856987 0.164669007062912
0.539973020553589 0.164693996310234
0.540028989315033 0.164719998836517
0.540087997913361 0.164746999740601
0.540151000022888 0.164776995778084
0.540216982364655 0.164807006716728
0.540287017822266 0.164839997887611
0.540359020233154 0.164874002337456
0.540435016155243 0.1649090051651
0.540512979030609 0.164946004748344
0.54059499502182 0.164984002709389
0.54067999124527 0.165023997426033
0.540767014026642 0.165065005421638
0.540857017040253 0.165106996893883
0.540950000286102 0.165151000022888
0.541046023368835 0.165196001529694
0.541144013404846 0.165242001414299
0.541244983673096 0.165289998054504
0.541347980499268 0.16533899307251
0.541454017162323 0.165389001369476
0.541562020778656 0.165439993143082
0.541673004627228 0.165491998195648
0.541786015033722 0.165546000003815
0.541902005672455 0.165600001811981
0.542019009590149 0.165656000375748
0.542138993740082 0.165712997317314
0.542261004447937 0.165770992636681
0.542385995388031 0.165830001235008
0.542511999607086 0.165889993309975
0.54264098405838 0.165950998663902
0.542771995067596 0.16601300239563
0.542904019355774 0.166076004505157
0.54303902387619 0.166140004992485
0.543175995349884 0.166206002235413
0.5433149933815 0.16627199947834
0.543455004692078 0.166338995099068
0.543597996234894 0.166407003998756
0.543743014335632 0.166475996375084
0.543888986110687 0.166546002030373
0.544036984443665 0.166617006063461
0.544187009334564 0.166688993573189
0.544339001178741 0.166761994361877
0.544493019580841 0.166834995150566
0.544647991657257 0.166909992694855
0.544806003570557 0.166985005140305
0.544965028762817 0.167061999440193
0.545125007629395 0.167138993740082
0.545288026332855 0.167217001318932
0.545451998710632 0.167296007275581
0.545616984367371 0.16737599670887
0.545785009860992 0.16745699942112
0.545953989028931 0.167538002133369
0.54612398147583 0.167620003223419
0.546296000480652 0.167703002691269
0.546469986438751 0.167787000536919
0.546644985675812 0.167871996760368
0.546822011470795 0.167958006262779
0.547001004219055 0.168044000864029
0.547181010246277 0.168130993843079
0.54736202955246 0.168219000101089
0.54754501581192 0.1683080047369
0.547729015350342 0.16839799284935
0.547914981842041 0.168487995862961
0.548102974891663 0.168578997254372
0.548291027545929 0.168670997023582
0.548482000827789 0.168762996792793
0.54867297410965 0.168856993317604
0.548865973949432 0.168951004743576
0.549061000347137 0.169045999646187
0.549256980419159 0.169140994548798
0.549453973770142 0.16923800110817
0.549652993679047 0.16933499276638
0.549853026866913 0.169431999325752
0.550054013729095 0.169531002640724
0.5502570271492 0.169630005955696
0.550460994243622 0.169729992747307
0.550666987895966 0.169830992817879
0.550872981548309 0.169931992888451
0.551082015037537 0.170034006237984
0.551290988922119 0.170137003064156
0.551501989364624 0.170240998268127
0.55171400308609 0.170344993472099
0.551926970481873 0.170450001955032
0.552142024040222 0.170555993914604
0.552357971668243 0.170662000775337
0.552574992179871 0.17076900601387
0.552793025970459 0.170876994729042
0.553013026714325 0.170984998345375
0.553233981132507 0.171094000339508
0.553456008434296 0.171204000711441
0.5536789894104 0.171314999461174
0.553903996944427 0.171425998210907
0.554130017757416 0.17153699696064
0.55435699224472 0.171650007367134
0.554584980010986 0.171763002872467
0.554814994335175 0.1718769967556
0.555046021938324 0.171992003917694
0.55527800321579 0.172106996178627
0.555510997772217 0.172223001718521
0.555745005607605 0.172339007258415
0.555980980396271 0.172455996274948
0.556218028068542 0.172573998570442
0.556456029415131 0.172692999243736
0.556694984436035 0.17281199991703
0.556935012340546 0.172931998968124
0.557177007198334 0.173051998019218
0.557419002056122 0.173172995448112
0.557663023471832 0.173295006155968
0.557907998561859 0.173418000340462
0.558153986930847 0.173540994524956
0.558402001857758 0.173665001988411
0.558650016784668 0.173788994550705
0.558899998664856 0.17391400039196
0.559149980545044 0.174040004611015
0.559401988983154 0.174165993928909
0.559655010700226 0.174292996525764
0.559909999370575 0.17442099750042
0.560164988040924 0.174548998475075
0.560420989990234 0.17467799782753
0.560679018497467 0.174807995557785
0.560938000679016 0.17493799328804
0.561196982860565 0.175069004297256
0.561457991600037 0.175200998783112
0.56172102689743 0.175332993268967
0.561984002590179 0.175466001033783
0.56224799156189 0.175598993897438
0.562512993812561 0.175733998417854
0.562780022621155 0.175868004560471
0.563048005104065 0.176003992557526
0.563315987586975 0.176139995455742
0.563585996627808 0.176276996731758
0.563857018947601 0.176413998007774
0.564128994941711 0.176551997661591
0.564402997493744 0.176690995693207
0.564677000045776 0.176829993724823
0.56495201587677 0.1769700050354
0.565228998661041 0.177110999822617
0.565506994724274 0.177251994609833
0.565784990787506 0.17739400267601
0.566065013408661 0.177535995841026
0.566345989704132 0.177679002285004
0.566627979278564 0.177823007106781
0.566910982131958 0.177967995405197
0.567194998264313 0.178112998604774
0.567480981349945 0.178259000182152
0.567767024040222 0.178405001759529
0.568054020404816 0.178552001714706
0.568342983722687 0.178700000047684
0.568633019924164 0.178847998380661
0.568922996520996 0.178996995091438
0.569214999675751 0.179147005081177
0.569508016109467 0.179297000169754
0.569801986217499 0.179447993636131
0.570097029209137 0.17960000038147
0.570393025875092 0.179752007126808
0.570690989494324 0.179904997348785
0.570989012718201 0.180058002471924
0.571287989616394 0.180212005972862
0.57158899307251 0.180366992950439
0.571889996528625 0.180522993206978
0.572193026542664 0.180678993463516
0.572497010231018 0.180836006999016
0.572802007198334 0.180993005633354
0.573108017444611 0.181151002645493
0.573414981365204 0.181309998035431
0.573723018169403 0.181468993425369
0.574032008647919 0.181629002094269
0.574343025684357 0.181789994239807
0.57465398311615 0.181951999664307
0.574966013431549 0.182114005088806
0.575280010700226 0.182275995612144
0.575595021247864 0.182439997792244
0.575910985469818 0.182603999972343
0.576227009296417 0.182768002152443
0.576545000076294 0.182934001088142
0.576864004135132 0.183100000023842
0.577184975147247 0.183266997337341
0.577506005764008 0.183433994650841
0.577827990055084 0.183602005243301
0.578152000904083 0.183770999312401
0.578476011753082 0.1839399933815
0.578801989555359 0.184110000729561
0.57912802696228 0.184281006455421
0.579455971717834 0.184451997280121
0.579784989356995 0.184624001383781
0.580115020275116 0.184797003865242
0.580446004867554 0.184971004724503
0.580779016017914 0.185145005583763
0.581112027168274 0.185320004820824
0.58144599199295 0.185495004057884
0.581781983375549 0.185671001672745
0.582117974758148 0.185847997665405
0.582455992698669 0.186026006937027
0.582795023918152 0.186204001307487
0.583135008811951 0.186382994055748
0.583476006984711 0.18656300008297
0.583818018436432 0.186743006110191
0.584161996841431 0.186923995614052
0.584505975246429 0.187105998396873
0.584851980209351 0.187288001179695
0.585198998451233 0.187471002340317
0.585546016693115 0.187655001878738
0.585895001888275 0.18783999979496
0.586245000362396 0.188024997711182
0.58659702539444 0.188210994005203
0.586948990821838 0.188397005200386
0.587302029132843 0.188584998250008
0.58765697479248 0.18877300620079
0.588012993335724 0.188961997628212
0.588369011878967 0.189151003956795
0.588726997375488 0.189340993762016
0.589087009429932 0.189531996846199
0.589447021484375 0.189723998308182
0.589807987213135 0.189915999770164
0.590170979499817 0.190108999609947
0.59053498506546 0.19030299782753
0.590900003910065 0.190497994422913
0.591265976428986 0.190693005919456
0.591633021831512 0.190889000892639
0.592001020908356 0.191085994243622
0.592370986938477 0.191283002495766
0.592741012573242 0.191481992602348
0.593113005161285 0.191680997610092
0.59348601102829 0.191880002617836
0.593859970569611 0.19208100438118
0.594235002994537 0.192282006144524
0.594612002372742 0.192484006285667
0.594990015029907 0.192687004804611
0.595368981361389 0.192890003323555
0.595749020576477 0.193094000220299
0.596130013465881 0.193298995494843
0.596512019634247 0.193505004048347
0.59689599275589 0.193710997700691
0.597280979156494 0.193919003009796
0.597666025161743 0.19412699341774
0.598053991794586 0.194334998726845
0.598442018032074 0.19454500079155
0.598832011222839 0.194755002856255
0.599222004413605 0.194966003298759
0.599614024162292 0.195178002119064
0.600006997585297 0.195390999317169
0.600401997566223 0.195603996515274
0.60079699754715 0.19581800699234
0.601194024085999 0.196033000946045
0.601592004299164 0.19624899327755
0.601992011070251 0.196465998888016
0.602392017841339 0.196683004498482
0.602793991565704 0.196900993585587
0.603196978569031 0.197119995951653
0.603600978851318 0.197339996695518
0.604005992412567 0.197560995817184
0.604412972927094 0.19778199493885
0.604821026325226 0.198004007339478
0.60522997379303 0.198227003216743
0.605641007423401 0.198450997471809
0.606051981449127 0.198676005005836
0.606464982032776 0.198900997638702
0.606878995895386 0.199127003550529
0.607294976711273 0.199355006217957
0.607711970806122 0.199582993984222
0.608129978179932 0.199810996651649
0.608548998832703 0.200040996074677
0.60896897315979 0.200270995497704
0.6093909740448 0.200503006577492
0.609813988208771 0.200735002756119
0.610239028930664 0.200967997312546
0.610664010047913 0.201201006770134
0.611091017723083 0.201435998082161
0.611519992351532 0.201672002673149
0.611949026584625 0.201908007264137
0.612380027770996 0.202144995331764
0.612811982631683 0.202382996678352
0.613246023654938 0.20262199640274
0.613681018352509 0.202861994504929
0.614117026329041 0.203103005886078
0.61455500125885 0.203344002366066
0.61499297618866 0.203586995601654
0.615432977676392 0.203830003738403
0.615875005722046 0.204073995351791
0.616317987442017 0.204319998621941
0.616761982440948 0.20456600189209
0.617208003997803 0.204812005162239
0.617654025554657 0.205060005187988
0.61810302734375 0.205309003591537
0.618552029132843 0.205559000372887
0.619002997875214 0.205808997154236
0.619455993175507 0.206060007214546
0.6199089884758 0.206312999129295
0.620364010334015 0.206566005945206
0.620820999145508 0.206819996237755
0.621279001235962 0.207074999809265
0.621738016605377 0.207331001758575
0.62219899892807 0.207588002085686
0.622660994529724 0.207846000790596
0.623124003410339 0.208104997873306
0.623588979244232 0.208364993333817
0.624055027961731 0.208626002073288
0.624522984027863 0.208886995911598
0.6249920129776 0.20915000140667
0.625463008880615 0.209413006901741
0.625935018062592 0.209677994251251
0.626407980918884 0.209942996501923
0.626882970333099 0.210209995508194
0.627358973026276 0.210476994514465
0.627837002277374 0.210746005177498
0.628315985202789 0.211015000939369
0.628796994686127 0.211285993456841
0.629279017448425 0.211557000875473
0.629763007164001 0.211829006671906
0.630248010158539 0.212102994322777
0.630734980106354 0.212376996874809
0.631223022937775 0.212651997804642
0.631712019443512 0.212928995490074
0.632202982902527 0.213205993175507
0.632695972919464 0.2134850025177
0.633189976215363 0.213763996958733
0.633684992790222 0.214044004678726
0.634182989597321 0.214325994253159
0.634680986404419 0.214607998728752
0.63518100976944 0.214891999959946
0.635683000087738 0.215176999568939
0.636186003684998 0.215461999177933
0.636690974235535 0.215748995542526
0.637197017669678 0.216037005186081
0.637705028057098 0.216324999928474
0.638215005397797 0.216615006327629
0.638725996017456 0.216905996203423
0.639237999916077 0.217197999358177
0.639751970767975 0.217491000890732
0.64026802778244 0.217785000801086
0.640784978866577 0.218080997467041
0.641304016113281 0.218376994132996
0.641825020313263 0.218674004077911
0.642346978187561 0.218972995877266
0.642871022224426 0.219272002577782
0.643396019935608 0.219573006033897
0.643922984600067 0.219874992966652
0.644451975822449 0.220177993178368
0.644981980323792 0.220482006669044
0.645514011383057 0.22078700363636
0.646048009395599 0.221093997359276
0.646583020687103 0.221401005983353
0.647119998931885 0.221709996461868
0.647657990455627 0.222019001841545
0.648198008537292 0.222330003976822
0.648739993572235 0.222642004489899
0.6492840051651 0.222956001758575
0.649828970432281 0.223269999027252
0.65037602186203 0.223585993051529
0.650924980640411 0.223902001976967
0.651475012302399 0.224219992756844
0.652027010917664 0.224538996815681
0.652580976486206 0.224859997630119
0.653137028217316 0.225180998444557
0.653693974018097 0.225503996014595
0.654253005981445 0.225828006863594
0.654814004898071 0.226153001189232
0.655376970767975 0.22647899389267
0.655941009521484 0.226806998252869
0.656507015228271 0.227136000990868
0.657074987888336 0.227466002106667
0.657644987106323 0.227797001600266
0.658217012882233 0.228128999471664
0.658789992332458 0.228462994098663
0.659364998340607 0.228798002004623
0.659941971302032 0.229135006666183
0.660520970821381 0.229471996426582
0.66110098361969 0.229810997843742
0.661683976650238 0.230150997638702
0.662267982959747 0.230492994189262
0.662854015827179 0.230835005640984
0.663442015647888 0.231178998947144
0.664031982421875 0.231525003910065
0.664623975753784 0.231870993971825
0.665217995643616 0.232218995690346
0.665813028812408 0.232568994164467
0.666410982608795 0.232918992638588
0.667010009288788 0.23327100276947
0.667611002922058 0.233623996376991
0.668214976787567 0.233979001641273
0.668820023536682 0.234335005283356
0.66942697763443 0.234692007303238
0.670036017894745 0.23505100607872
0.670647025108337 0.235411003232002
0.671259999275208 0.235772997140884
0.671875 0.236136004328728
0.672492027282715 0.23649999499321
0.673111021518707 0.236865997314453
0.673731982707977 0.237232998013496
0.67435497045517 0.23760099709034
0.674979984760284 0.237970992922783
0.675607025623322 0.238342002034187
0.676235973834991 0.238714993000031
0.676867008209229 0.239088997244835
0.677500009536743 0.239464998245239
0.678134977817535 0.239841997623444
0.678772985935211 0.240220993757248
0.679412007331848 0.240601003170013
0.680054008960724 0.240981996059418
0.680697023868561 0.241365000605583
0.681343019008636 0.241750001907349
0.68199098110199 0.242136001586914
0.68264102935791 0.242523998022079
0.683292984962463 0.242912992835045
0.683947026729584 0.243303000926971
0.684602975845337 0.243695005774498
0.685262024402618 0.244089007377625
0.685922026634216 0.244484007358551
0.686585009098053 0.244881004095078
0.687250018119812 0.245278999209404
0.68791800737381 0.245679005980492
0.688587009906769 0.246079996228218
0.689258992671967 0.246482998132706
0.689933001995087 0.246887996792793
0.690608978271484 0.247293993830681
0.691287994384766 0.24770200252533
0.691968023777008 0.248110994696617
0.692651987075806 0.248521998524666
0.693337023258209 0.248934999108315
0.69402402639389 0.249348998069763
0.69471400976181 0.249764993786812
0.695406973361969 0.25018298625946
0.696101009845734 0.250602006912231
0.696798026561737 0.25102299451828
0.697497010231018 0.251446008682251
0.698198974132538 0.251870006322861
0.698903024196625 0.25229600071907
0.699608981609344 0.25272399187088
0.700317978858948 0.253152996301651
0.701029002666473 0.253585010766983
0.701743006706238 0.254018008708954
0.70245897769928 0.254451990127563
0.703177988529205 0.254889011383057
0.703898012638092 0.255326986312866
0.704621970653534 0.255766987800598
0.705348014831543 0.25620898604393
0.70607602596283 0.256651997566223
0.706807017326355 0.257097989320755
0.707539975643158 0.257544994354248
0.708275973796844 0.257993996143341
0.709015011787415 0.258444011211395
0.709756016731262 0.258897006511688
0.710498988628387 0.259351998567581
0.711245000362396 0.259808003902435
0.711993992328644 0.260266005992889
0.712745010852814 0.260726004838943
0.713499009609222 0.261188000440598
0.71425598859787 0.261651992797852
0.71501499414444 0.262118011713028
0.715776979923248 0.262585014104843
0.716540992259979 0.263054996728897
0.71730899810791 0.263527005910873
0.718078017234802 0.263999998569489
0.71885097026825 0.264476001262665
0.719626009464264 0.26495298743248
0.720404028892517 0.265432000160217
0.721185028553009 0.265913993120193
0.72196900844574 0.266396999359131
0.722755014896393 0.266882985830307
0.723544001579285 0.267369985580444
0.72433602809906 0.267859995365143
0.725130975246429 0.26835098862648
0.725928008556366 0.268844991922379
0.726728022098541 0.269340008497238
0.727532029151917 0.269838005304337
0.728338003158569 0.270337998867035
0.729147017002106 0.270839989185333
0.729959011077881 0.271344006061554
0.730772972106934 0.271849989891052
0.731590986251831 0.272359013557434
0.732411980628967 0.272868990898132
0.733235001564026 0.273382008075714
0.734062016010284 0.273896992206573
0.734892010688782 0.274412989616394
0.735723972320557 0.274933010339737
0.736559987068176 0.275454014539719
0.737398028373718 0.275977998971939
0.738240003585815 0.276504009962082
0.739085018634796 0.277031987905502
0.739933013916016 0.277561992406845
0.740783989429474 0.278095006942749
0.741638004779816 0.278629988431931
0.742495000362396 0.279166996479034
0.743354976177216 0.279707014560699
0.74421900510788 0.280247986316681
0.745085000991821 0.280793011188507
0.745954990386963 0.28133898973465
0.746828019618988 0.281888008117676
0.747704982757568 0.282440006732941
0.748583972454071 0.282992988824844
0.749467015266418 0.283549010753632
0.75035297870636 0.284108012914658
0.751242995262146 0.284669011831284
0.752135992050171 0.28523200750351
0.753032028675079 0.285798013210297
0.753930985927582 0.286366999149323
0.754833996295929 0.286938011646271
0.755739986896515 0.287510991096497
0.756649971008301 0.288087010383606
0.75756299495697 0.288664996623993
0.75848001241684 0.289245992898941
0.759400010108948 0.28982999920845
0.760322988033295 0.29041600227356
0.761250019073486 0.291004985570908
0.762180984020233 0.291595995426178
0.763114988803864 0.292189985513687
0.764051973819733 0.292786985635757
0.764993011951447 0.29338601231575
0.765937983989716 0.293987989425659
0.766887009143829 0.294593006372452
0.767839014530182 0.295199990272522
0.768794000148773 0.295810014009476
0.769753992557526 0.296422988176346
0.770717024803162 0.297039002180099
0.771683990955353 0.297657012939453
0.772653996944427 0.298278003931046
0.773629009723663 0.298902004957199
0.774607002735138 0.299528986215591
0.775588989257813 0.300157994031906
0.776575028896332 0.300790995359421
0.777563989162445 0.301425993442535
0.778558015823364 0.302064001560211
0.779555022716522 0.302706003189087
0.780556976795197 0.303350001573563
0.781561970710754 0.303997009992599
0.782571017742157 0.304646998643875
0.783583998680115 0.305299997329712
0.784601986408234 0.30595600605011
0.785623013973236 0.306614995002747
0.786647975444794 0.307276993989944
0.787676990032196 0.307942003011703
0.78871101140976 0.308609992265701
0.789749026298523 0.30928099155426
0.790790021419525 0.309956014156342
0.791836023330688 0.3106330037117
0.792886018753052 0.311313986778259
0.793941020965576 0.311998009681702
0.794999003410339 0.312685012817383
0.796061992645264 0.313374996185303
0.797128975391388 0.314067989587784
0.798201024532318 0.314765006303787
0.799277007579803 0.315465003252029
0.800356984138489 0.316168010234833
0.80144202709198 0.316875010728836
0.802531003952026 0.317584991455078
0.803623974323273 0.318298012018204
0.804722011089325 0.319014996290207
0.805824995040894 0.319734990596771
0.806931972503662 0.320457994937897
0.808043003082275 0.321184992790222
0.809158980846405 0.32191601395607
0.810280025005341 0.322649002075195
0.811405003070831 0.323386996984482
0.812534987926483 0.324128001928329
0.813669979572296 0.324871987104416
0.81480997800827 0.325619995594025
0.815954029560089 0.326371997594833
0.817103028297424 0.327127009630203
0.818256974220276 0.327885985374451
0.819414973258972 0.328649014234543
0.820578992366791 0.329414993524551
0.821747004985809 0.330184996128082
0.822920978069305 0.330958992242813
0.824099004268646 0.331735998392105
0.825281977653503 0.332516998052597
0.826470971107483 0.333301991224289
0.827664017677307 0.334091007709503
0.828863024711609 0.334883987903595
0.830066025257111 0.335680991411209
0.83127498626709 0.336481988430023
0.832489013671875 0.337285995483398
0.833707988262177 0.338095009326935
0.8349329829216 0.33890700340271
0.836161971092224 0.339724004268646
0.83739697933197 0.340543985366821
0.838638007640839 0.34136900305748
0.839883029460907 0.342198014259338
0.841134011745453 0.343030989170074
0.842391014099121 0.343867987394333
0.84365302324295 0.344709008932114
0.844919979572296 0.345555007457733
0.84619402885437 0.346403986215591
0.847472012042999 0.347258001565933
0.848757028579712 0.348116993904114
0.850046992301941 0.348978996276855
0.851342022418976 0.349846005439758
0.852644026279449 0.3507179915905
0.853950977325439 0.351592987775803
0.855264008045197 0.352474004030228
0.85658198595047 0.353358000516891
0.857906997203827 0.354247987270355
0.859238028526306 0.355141013860703
0.860574007034302 0.356040000915527
0.861917018890381 0.356943011283875
0.863264977931976 0.357849985361099
0.864619970321655 0.358761996030807
0.865980982780457 0.359679013490677
0.86734801530838 0.360601007938385
0.868721008300781 0.361528009176254
0.870100021362305 0.362459003925323
0.871486008167267 0.363395005464554
0.872878015041351 0.364336013793945
0.874275982379913 0.365281999111176
0.875680983066559 0.366232007741928
0.877092003822327 0.367188006639481
0.878509998321533 0.368149012327194
0.879934012889862 0.369114995002747
0.881363987922668 0.370086014270782
0.88280200958252 0.371062010526657
0.884245991706848 0.372043013572693
0.885695993900299 0.373028993606567
0.88715398311615 0.374020010232925
0.888617992401123 0.375016987323761
0.890088975429535 0.37601900100708
0.89156699180603 0.377027004957199
0.893051981925964 0.378039002418518
0.894544005393982 0.379058003425598
0.896043002605438 0.380080997943878
0.897548973560333 0.381110012531281
0.899061977863312 0.38214498758316
0.900583028793335 0.383184999227524
0.902109980583191 0.384231001138687
0.903644979000092 0.385282009840012
0.905187010765076 0.386339008808136
0.90673702955246 0.38740199804306
0.908294022083282 0.388471007347107
0.909857988357544 0.389544993638992
0.91143000125885 0.390626013278961
0.913008987903595 0.391712009906769
0.914596974849701 0.392803996801376
0.91619199514389 0.393902003765106
0.917793989181519 0.395006000995636
0.919404983520508 0.396115988492966
0.921023011207581 0.397233009338379
0.922649025917053 0.398355007171631
0.924283027648926 0.399484008550644
0.925925016403198 0.400619000196457
0.927574992179871 0.401760011911392
0.929234027862549 0.402907997369766
0.930899977684021 0.404060989618301
0.932574987411499 0.405221998691559
0.934257984161377 0.406388998031616
0.935949981212616 0.407561987638474
0.9376500248909 0.408742010593414
0.939357995986938 0.409929007291794
0.941075026988983 0.411121994256973
0.942800998687744 0.412322014570236
0.94453501701355 0.413529008626938
0.946277976036072 0.414743006229401
0.9480299949646 0.415962994098663
0.949790000915527 0.417190998792648
0.951560020446777 0.418424993753433
0.953338027000427 0.41966700553894
0.955125987529755 0.420915991067886
0.956923007965088 0.422170996665955
0.958729028701782 0.423435002565384
0.960543990135193 0.424704998731613
0.962368011474609 0.425981998443604
0.964201986789703 0.427266985177994
0.966045022010803 0.428559988737106
0.967898011207581 0.42985999584198
0.96976101398468 0.431167006492615
0.971633017063141 0.432482004165649
0.973514974117279 0.433804988861084
0.975407004356384 0.435135990381241
0.977307975292206 0.436473995447159
0.979219973087311 0.437819987535477
0.981141984462738 0.439173996448517
0.983074009418488 0.440535992383957
0.985015988349915 0.441906005144119
0.986967980861664 0.443284004926682
0.988929986953735 0.444669991731644
0.990903973579407 0.446065008640289
0.992887020111084 0.447466999292374
0.994880974292755 0.44887900352478
0.996886014938354 0.450298011302948
0.998902022838593 0.451725989580154
1.00092995166779 0.453162997961044
1.00296998023987 0.454607993364334
1.00501000881195 0.456061989068985
1.00706994533539 0.457525014877319
1.00914001464844 0.458995997905731
1.01122999191284 0.460476011037827
1.01331996917725 0.461966007947922
1.01541996002197 0.463463991880417
1.01753997802734 0.464971989393234
1.01967000961304 0.466488003730774
1.02181005477905 0.468014001846313
1.0239599943161 0.469550013542175
1.02611994743347 0.471094012260437
1.02830004692078 0.47264900803566
1.03048002719879 0.474211990833282
1.03268003463745 0.475786000490189
1.03489005565643 0.477369010448456
1.03711998462677 0.478962004184723
1.0393500328064 0.480565011501312
1.04159998893738 0.48217698931694
1.04385995864868 0.483799993991852
1.04613995552063 0.485433012247086
1.0484299659729 0.487076014280319
1.05072999000549 0.488730013370514
1.05304002761841 0.490393996238708
1.05536997318268 0.492067992687225
1.05771005153656 0.493752986192703
1.06006002426147 0.495447993278503
1.06221997737885 0.497002989053726
1.06366002559662 0.498044013977051
1.06462001800537 0.498739987611771
1.065269947052 0.499206006526947
1.0657000541687 0.499516010284424
1.06598997116089 0.499722987413406
1.06617999076843 0.499861985445023
1.06626999378204 0.499931007623672
1.06631994247437 0.499965012073517
1.06637001037598 0.5
1.06637001037598 0.5
1.0664199590683 0.500034987926483
1.06647002696991 0.50006902217865
1.06656002998352 0.500137984752655
1.06675004959106 0.500276982784271
1.06703996658325 0.500485002994537
1.06746995449066 0.500796973705292
1.06812000274658 0.501266002655029
1.06910002231598 0.501969993114471
1.07056999206543 0.503031015396118
1.07278001308441 0.504629015922546
1.07521998882294 0.506394028663635
1.07766997814178 0.508170008659363
1.08013999462128 0.509957015514374
1.08262002468109 0.511756002902985
1.08511996269226 0.513566017150879
1.08763003349304 0.515388011932373
1.09016001224518 0.517221987247467
1.09270000457764 0.519068002700806
1.09526002407074 0.520925998687744
1.09783005714417 0.522795975208282
1.10041999816895 0.524677991867065
1.10301995277405 0.526571989059448
1.10564005374908 0.528478980064392
1.10827004909515 0.530399024486542
1.11091995239258 0.532330989837646
1.11359000205994 0.534274995326996
1.11626994609833 0.536233007907867
1.11896002292633 0.538203001022339
1.12168002128601 0.540187001228333
1.12441003322601 0.542182981967926
1.12715995311737 0.544193029403687
1.12992000579834 0.546216011047363
1.13269996643066 0.548252999782562
1.13549995422363 0.550303995609283
1.13830995559692 0.552367985248566
1.14114999771118 0.55444598197937
1.14400005340576 0.556537985801697
1.14686000347137 0.558643996715546
1.14974999427795 0.560764014720917
1.15264999866486 0.562898993492126
1.1555700302124 0.565047979354858
1.1585099697113 0.567211985588074
1.16147005558014 0.569391012191772
1.16445004940033 0.571583986282349
1.16744005680084 0.573791980743408
1.17044997215271 0.576016008853912
1.17349004745483 0.578254997730255
1.17654001712799 0.580509006977081
1.17961001396179 0.582777976989746
1.18270003795624 0.585063993930817
1.18580996990204 0.587364971637726
1.18894004821777 0.58968198299408
1.19209003448486 0.592015027999878
1.1952600479126 0.594363987445831
1.19844996929169 0.59672999382019
1.20166003704071 0.599111974239349
1.20490002632141 0.601511001586914
1.20815002918243 0.60392701625824
1.2114200592041 0.606359004974365
1.21472001075745 0.608808994293213
1.21802997589111 0.611275970935822
1.22136998176575 0.613759994506836
1.22473001480103 0.616262018680573
1.22810995578766 0.618781983852386
1.23152005672455 0.621320009231567
1.2349499464035 0.623875021934509
1.23839998245239 0.62644898891449
1.24187004566193 0.629041016101837
1.24536001682281 0.631651997566223
1.24888002872467 0.634280979633331
1.25241994857788 0.636929988861084
1.25599002838135 0.639596998691559
1.25958001613617 0.642283022403717
1.26319003105164 0.644989013671875
1.26682996749878 0.647714972496033
1.27049005031586 0.650460004806519
1.27418005466461 0.653225004673004
1.27788996696472 0.65600997209549
1.28163003921509 0.658815979957581
1.28539001941681 0.661641001701355
1.2891800403595 0.664488017559052
1.29298996925354 0.667355000972748
1.29683005809784 0.670243978500366
1.30069994926453 0.673152983188629
1.30458998680115 0.676083981990814
1.30850994586945 0.679036974906921
1.31245994567871 0.682011008262634
1.31642997264862 0.685006976127625
1.3204300403595 0.688026010990143
1.32446002960205 0.691066980361938
1.32852005958557 0.694130003452301
1.33259999752045 0.697215974330902
1.33670997619629 0.700325012207031
1.34086000919342 0.70345801115036
1.34502995014191 0.706614017486572
1.34923005104065 0.709792971611023
1.35345995426178 0.712996006011963
1.35772001743317 0.716224014759064
1.36201000213623 0.719474971294403
1.36633002758026 0.722751021385193
1.37067997455597 0.726051986217499
1.37505996227264 0.72937798500061
1.37946999073029 0.732728004455566
1.38391995429993 0.736105024814606
1.38838994503021 0.739506006240845
1.39289999008179 0.742933988571167
1.39743995666504 0.746388018131256
1.40200996398926 0.749867975711823
1.40662002563477 0.753373980522156
1.41126000881195 0.756906986236572
1.4159300327301 0.760468006134033
1.42063999176025 0.764055013656616
1.42537999153137 0.767669975757599
1.43015003204346 0.771313011646271
1.43496000766754 0.774984002113342
1.43980002403259 0.778683006763458
1.44467997550964 0.782410979270935
1.44959998130798 0.786167025566101
1.45455002784729 0.789951980113983
1.45952999591827 0.793766975402832
1.46456003189087 0.797610998153687
1.46960997581482 0.801483988761902
1.47470998764038 0.8053879737854
1.47985005378723 0.809321999549866
1.48502004146576 0.813287019729614
1.49022996425629 0.817282021045685
1.4954799413681 0.821308970451355
1.50076997280121 0.825366973876953
1.50609004497528 0.829455971717834
1.51145994663239 0.833577990531921
1.51687002182007 0.837731003761292
1.52231001853943 0.841916978359222
1.52779996395111 0.846135973930359
1.53332996368408 0.850387990474701
1.53889000415802 0.854673027992249
1.5445100069046 0.858991026878357
1.55016005039215 0.863344013690948
1.5558500289917 0.867730021476746
1.56158995628357 0.872151017189026
1.56737005710602 0.876607000827789
1.57318997383118 0.881097018718719
1.57905995845795 0.885622978210449
1.58496999740601 0.890183985233307
1.59092998504639 0.89478200674057
1.59693002700806 0.899415016174316
1.60297000408173 0.904084980487823
1.60906004905701 0.90879100561142
1.61520004272461 0.913534998893738
1.62137997150421 0.918316006660461
1.62760996818542 0.923134028911591
1.63389003276825 0.927990019321442
1.64021003246307 0.932884991168976
1.64657998085022 0.937817990779877
1.65299999713898 0.942789018154144
1.65946996212006 0.947799980640411
1.66598999500275 0.952849984169006
1.67254996299744 0.957939982414246
1.67917001247406 0.963069975376129
1.68582999706268 0.968240022659302
1.69254994392395 0.973450005054474
1.69931995868683 0.978700995445251
1.706130027771 0.983994007110596
1.71300005912781 0.989328026771545
1.71992003917694 0.994702994823456
1.7268899679184 1.00012004375458
1.73391997814178 1.00557994842529
1.74100005626678 1.01108002662659
1.74812996387482 1.0166300535202
1.75531005859375 1.02222001552582
1.76254999637604 1.02785003185272
1.76984000205994 1.03351998329163
1.77718997001648 1.03924000263214
1.78459000587463 1.04500997066498
1.79205000400543 1.05080997943878
1.79956996440887 1.05666995048523
1.80713999271393 1.06256997585297
1.8147599697113 1.06851005554199
1.82245004177094 1.07449996471405
1.8301899433136 1.08053004741669
1.83798003196716 1.08660995960236
1.8458399772644 1.09274005889893
1.85374999046326 1.09891998767853
1.86171996593475 1.10513997077942
1.86976003646851 1.1114000082016
1.87785005569458 1.11772000789642
1.88599002361298 1.12407994270325
1.89419996738434 1.13048994541168
1.90246999263763 1.13695001602173
1.91079998016357 1.1434600353241
1.91919004917145 1.15002000331879
1.92763996124268 1.15662002563477
1.93614995479584 1.16326999664307
1.94473004341125 1.1699800491333
1.9533599615097 1.17673003673553
1.96205997467041 1.18352997303009
1.97081995010376 1.19037997722626
1.97964000701904 1.19728004932404
1.98852002620697 1.20422995090485
1.99747002124786 1.21124005317688
2.0064799785614 1.21828997135162
2.01555991172791 1.22538995742798
2.02468991279602 1.23254001140594
2.03389000892639 1.23975002765656
2.04315996170044 1.24699997901917
2.05248999595642 1.25431001186371
2.06188011169434 1.26166999340057
2.07134008407593 1.26908004283905
2.0808699131012 1.27654004096985
2.09045004844666 1.28404998779297
2.10011005401611 1.2916100025177
2.10982990264893 1.29922997951508
2.11961007118225 1.30690002441406
2.12946009635925 1.31462001800537
2.13936996459961 1.322389960289
2.14934992790222 1.33020997047424
2.15939998626709 1.33808994293213
2.16950988769531 1.34601998329163
2.17968988418579 1.35399997234344
2.1899299621582 1.36203002929688
2.20023989677429 1.37011003494263
2.21061992645264 1.37825000286102
2.22106003761292 1.38644003868103
2.23157000541687 1.39468002319336
2.24214005470276 1.40296995639801
2.25277996063232 1.41130995750427
2.26347994804382 1.41971004009247
2.2742600440979 1.4281599521637
2.28508996963501 1.43666005134583
2.2960000038147 1.44520998001099
2.30696988105774 1.45381999015808
2.31800007820129 1.46247005462646
2.32909989356995 1.4711799621582
2.34027004241943 1.47994005680084
2.35150003433228 1.48874998092651
2.36279988288879 1.4976099729538
2.37416005134583 1.50653004646301
2.38559007644653 1.51549005508423
2.3970799446106 1.52450001239777
2.40863990783691 1.53357005119324
2.42025995254517 1.54268002510071
2.43195009231567 1.55184996128082
2.44370007514954 1.56106996536255
2.45550990104675 1.57033002376556
2.4673900604248 1.57965004444122
2.47934007644653 1.58901000022888
2.49133992195129 1.59843003749847
2.50341010093689 1.60789000988007
2.51553988456726 1.61740005016327
2.52774000167847 1.62696003913879
2.53999996185303 1.63656997680664
2.55232000350952 1.6462299823761
2.56469988822937 1.65593004226685
2.57714009284973 1.66568005084991
2.58964991569519 1.67548000812531
2.60221004486084 1.68533003330231
2.61484003067017 1.69521999359131
2.62753009796143 1.70516002178192
2.64026999473572 1.71514999866486
2.65307998657227 1.72518002986908
2.66595005989075 1.7352499961853
2.67886996269226 1.74538004398346
2.69185996055603 1.75554001331329
2.70490002632141 1.76575005054474
2.71799993515015 1.77601003646851
2.73115992546082 1.78630995750427
2.74437999725342 1.79665005207062
2.75764989852905 1.80703997612
2.77097988128662 1.81746995449066
2.78436994552612 1.82793998718262
2.79781007766724 1.83844995498657
2.81130003929138 1.84900999069214
2.82486009597778 1.85959994792938
2.83845996856689 1.87023997306824
2.85211992263794 1.88092005252838
2.86583995819092 1.89163994789124
2.87961006164551 1.90239000320435
2.89342999458313 1.91319000720978
2.90729999542236 1.92402994632721
2.92123007774353 1.93491005897522
2.93520998954773 1.94581997394562
2.94923996925354 1.9567699432373
2.96332001686096 1.96775996685028
2.97744989395142 1.97879004478455
2.99163007736206 1.98986005783081
3.00586009025574 2.00096011161804
3.02013993263245 2.01209998130798
3.03447008132935 2.02326989173889
3.04885005950928 2.03448009490967
3.0632700920105 2.04572010040283
3.07774996757507 2.05699992179871
3.09226989746094 2.06832003593445
3.10683989524841 2.07965993881226
3.12144994735718 2.09104990959167
3.13611006736755 2.10245990753174
3.15082001686096 2.11390995979309
3.16557002067566 2.12539005279541
3.18036007881165 2.13689994812012
3.19519996643066 2.14843988418579
3.21008992195129 2.16002011299133
3.22501993179321 2.17162990570068
3.23998999595642 2.18326997756958
3.25500011444092 2.19493007659912
3.27006006240845 2.20662999153137
3.28516006469727 2.21835994720459
3.30029988288879 2.23011994361877
3.31547999382019 2.2418999671936
3.3306999206543 2.25372004508972
3.34596991539001 2.26555991172791
3.3612699508667 2.27743005752563
3.37661004066467 2.28933000564575
3.39199995994568 2.30125999450684
3.40741991996765 2.31321001052856
3.42287993431091 2.32519006729126
3.43838000297546 2.33719992637634
3.45391988754272 2.34923005104065
3.46949005126953 2.36128997802734
3.48510003089905 2.373379945755
3.50075006484985 2.38548994064331
3.51643991470337 2.39761996269226
3.53216004371643 2.40978002548218
3.5479199886322 2.42196011543274
3.56370997428894 2.43417000770569
3.57954001426697 2.44639992713928
3.59541010856628 2.45865988731384
3.61129999160767 2.4709300994873
3.62723994255066 2.48323011398315
3.64320993423462 2.49555993080139
3.65920996665955 2.50789999961853
3.67524003982544 2.52027010917664
3.69130992889404 2.53266000747681
3.70741009712219 2.54506993293762
3.72354006767273 2.55749988555908
3.73971009254456 2.56995010375977
3.75590991973877 2.58242988586426
3.77214002609253 2.59491991996765
3.78839993476868 2.60743999481201
3.80468988418579 2.61997008323669
3.82101988792419 2.63252997398376
3.83736991882324 2.64510011672974
3.85374999046326 2.65769004821777
3.87017011642456 2.67031002044678
3.88662004470825 2.6829400062561
3.90309000015259 2.69559001922607
3.91958999633789 2.70826005935669
3.93613004684448 2.72094011306763
3.95268988609314 2.73364996910095
3.96928000450134 2.74637007713318
3.98589992523193 2.75910997390747
4.00255012512207 2.77186989784241
4.01922988891602 2.78464007377625
4.03593015670776 2.79743003845215
4.05265998840332 2.8102400302887
4.06941986083984 2.82306003570557
4.08620977401733 2.8359100818634
4.10303020477295 2.84875988960266
4.11987018585205 2.86163997650146
4.1367301940918 2.87453007698059
4.15362977981567 2.88742995262146
4.17054986953735 2.90035009384155
4.1875 2.91329002380371
4.20447015762329 2.92623996734619
4.22146987915039 2.93919992446899
4.23849010467529 2.95217990875244
4.255539894104 2.96517992019653
4.27262020111084 2.97818994522095
4.28972005844116 2.99121999740601
4.30683994293213 3.00425004959106
4.32398986816406 3.01730990409851
4.34115982055664 3.03036999702454
4.35835981369019 3.04345011711121
4.3755898475647 3.05655002593994
4.39282989501953 3.069659948349
4.41009998321533 3.08277988433838
4.4274001121521 3.09591007232666
4.44471979141235 3.10906004905701
4.46205997467041 3.12222003936768
4.47943019866943 3.13539004325867
4.49681997299194 3.1485800743103
4.5142297744751 3.16177010536194
4.53166007995605 3.17497992515564
4.54911994934082 3.18821001052856
4.56659984588623 3.20144009590149
4.58410978317261 3.21468997001648
4.60163021087646 3.22795009613037
4.61918020248413 3.24121999740601
4.63675022125244 3.25449991226196
4.65434980392456 3.26780009269714
4.67195987701416 3.28110003471375
4.68959999084473 3.29442000389099
4.70726013183594 3.30774998664856
4.72493982315063 3.32108998298645
4.74264001846313 3.33443999290466
4.76036977767944 3.3478000164032
4.77811002731323 3.36117005348206
4.79587984085083 3.37456011772156
4.81367015838623 3.38794994354248
4.83148002624512 3.40136003494263
4.84930992126465 3.41476988792419
4.86715984344482 3.42820000648499
4.88502979278564 3.44163990020752
4.90291976928711 3.45508003234863
4.92083978652954 3.46853995323181
4.93876981735229 3.48200988769531
4.95672988891602 3.49548006057739
4.97469997406006 3.50897002220154
4.99270009994507 3.52246999740601
5.01071977615356 3.53596997261047
5.02874994277954 3.54948997497559
5.04681015014648 3.56301999092102
5.06488990783691 3.57655000686646
5.08299016952515 3.59010004997253
5.10109996795654 3.60365009307861
5.11923980712891 3.61720991134644
5.13740015029907 3.63078999519348
5.1555700302124 3.64437007904053
5.1737699508667 3.65795993804932
5.19198989868164 3.67156004905701
5.2102198600769 3.68516993522644
5.22847986221313 3.69879007339478
5.24674987792969 3.71241998672485
5.26504993438721 3.72604990005493
5.28336000442505 3.73970007896423
5.30169010162354 3.75335001945496
5.32004976272583 3.767009973526
5.33841991424561 3.78067994117737
5.35681009292603 3.79435992240906
5.37521982192993 3.80804991722107
5.39365005493164 3.8217499256134
5.41209983825684 3.83544993400574
5.43056011199951 3.84916996955872
5.449049949646 3.86289000511169
5.4675498008728 3.876620054245
5.48608016967773 3.8903501033783
5.50462007522583 3.90409994125366
5.52318000793457 3.91785001754761
5.54175996780396 3.93161988258362
5.56035995483398 3.94537997245789
5.57896995544434 3.9591600894928
5.59760999679565 3.97294998168945
5.61626005172729 3.98674011230469
5.6349401473999 4.00053977966309
5.65362977981567 4.01434993743896
5.67233991622925 4.02817010879517
5.69107007980347 4.04198980331421
5.70980978012085 4.05581998825073
5.72857999801636 4.06966018676758
5.74736022949219 4.08350992202759
5.7661600112915 4.09737014770508
5.78497982025146 4.11122989654541
5.80382013320923 4.12510013580322
5.82266998291016 4.13896989822388
5.84154987335205 4.15286016464233
5.86043977737427 4.16674995422363
5.87935018539429 4.18065023422241
5.89828014373779 4.19455003738403
5.91723012924194 4.2084698677063
5.93619012832642 4.22239017486572
5.95517015457153 4.23632001876831
5.97418022155762 4.2502498626709
5.99318981170654 4.26419019699097
6.01222991943359 4.2781400680542
6.03129005432129 4.29209995269775
6.05036020278931 4.30605983734131
6.06944990158081 4.32003021240234
6.08856010437012 4.33401012420654
6.10767984390259 4.34799003601074
6.12683010101318 4.36197996139526
6.14598989486694 4.37597990036011
6.16517019271851 4.38997983932495
6.18437004089355 4.40399980545044
6.20357990264893 4.41801023483276
6.22281980514526 4.43204021453857
6.24207019805908 4.44607019424438
6.26134014129639 4.46011018753052
6.28062009811401 4.47415018081665
6.29993009567261 4.48821020126343
6.31925010681152 4.50226020812988
6.33859014511108 4.51632976531982
6.35794019699097 4.53039979934692
6.37731981277466 4.54447984695435
6.39670991897583 4.55855989456177
6.41612005233765 4.57264995574951
6.43555021286011 4.58675003051758
6.45499992370605 4.60085010528564
6.47446012496948 4.61496019363403
6.4939398765564 4.62907981872559
6.51344013214111 4.6431999206543
6.53294992446899 4.65733003616333
6.552490234375 4.67147016525269
6.57204008102417 4.68560981750488
6.59160995483398 4.69975996017456
6.61118984222412 4.71392011642456
6.63079977035522 4.7280797958374
6.65042018890381 4.74224996566772
6.67006015777588 4.75642013549805
6.68971014022827 4.77059984207153
6.70939016342163 4.7847900390625
6.72908020019531 4.79898023605347
6.74878978729248 4.8131799697876
6.76850986480713 4.82738018035889
6.78825998306274 4.84158992767334
6.80802011489868 4.85581016540527
6.82779979705811 4.87003993988037
6.84759998321533 4.88427019119263
6.86741018295288 4.89849996566772
6.88723993301392 4.9127402305603
6.90709018707275 4.92699003219604
6.92695999145508 4.94124984741211
6.94683980941772 4.95551013946533
6.9667501449585 4.9697699546814
6.98666000366211 4.98403978347778
7.00659990310669 4.99832010269165
7.02655982971191 5.01260995864868
7.04652976989746 5.02689981460571
7.06652021408081 5.0411901473999
7.08653020858765 5.05550003051758
7.1065502166748 5.06979990005493
7.12658977508545 5.08411979675293
7.1466498374939 5.09844017028809
7.16672992706299 5.11276006698608
7.1868200302124 5.12709999084473
7.20694017410278 5.14142990112305
7.22706985473633 5.15577983856201
7.24721002578735 5.17012977600098
7.26738023757935 5.1844801902771
7.2875599861145 5.19884014129639
7.3077597618103 5.213210105896
7.32798004150391 5.22758007049561
7.34820985794067 5.24196004867554
7.36847019195557 5.25635004043579
7.38874006271362 5.27074003219604
7.40902996063232 5.2851300239563
7.42932987213135 5.2995400428772
7.44964981079102 5.31394004821777
7.46999979019165 5.32836008071899
7.49034976959229 5.34278011322021
7.51072978973389 5.35720014572144
7.53111982345581 5.37163019180298
7.5515398979187 5.38606977462769
7.57195997238159 5.40050983428955
7.59241008758545 5.41495990753174
7.61288022994995 5.42940998077393
7.63335990905762 5.44387006759644
7.65386009216309 5.45834016799927
7.67436981201172 5.47280979156494
7.69491004943848 5.4872899055481
7.7154598236084 5.50177001953125
7.73603010177612 5.51626014709473
7.75661993026733 5.53074979782104
7.77722978591919 5.54524993896484
7.79785013198853 5.55975008010864
7.81849002838135 5.57426977157593
7.83914995193481 5.58877992630005
7.85982990264893 5.60330009460449
7.88051986694336 5.6178297996521
7.90122985839844 5.63235998153687
7.92195987701416 5.64690017700195
7.94270992279053 5.66144990921021
7.96347999572754 5.67600011825562
7.98426008224487 5.69054985046387
8.00506019592285 5.70512008666992
8.02587985992432 5.7196798324585
8.04671955108643 5.73425006866455
8.06756973266602 5.74882984161377
8.08845043182373 5.76342010498047
8.10933971405029 5.77800989151001
8.13024997711182 5.79260015487671
8.1511697769165 5.80719995498657
8.17212009429932 5.82180976867676
8.19307994842529 5.8364200592041
8.21405982971191 5.85103988647461
8.23505973815918 5.86566019058228
8.25607013702393 5.88029003143311
8.27711009979248 5.89491987228394
8.2981595993042 5.90956020355225
8.31923007965088 5.92421007156372
8.34031963348389 5.9388599395752
8.36143016815186 5.95350980758667
8.38255023956299 5.96817016601563
8.40369033813477 5.98284006118774
8.42485046386719 5.99750995635986
8.44602966308594 6.0121898651123
8.46722984313965 6.02687978744507
8.48843955993652 6.04157018661499
8.50967979431152 6.05626010894775
8.53092956542969 6.07096004486084
8.55220031738281 6.08566999435425
8.57347965240479 6.10037994384766
8.5947904586792 6.11508989334106
8.61610984802246 6.12981986999512
8.63745021820068 6.14453983306885
8.65880966186523 6.15927982330322
8.68019008636475 6.1740198135376
8.70158958435059 6.18875980377197
8.72299957275391 6.20350980758667
8.74444007873535 6.21826982498169
8.76589012145996 6.23302984237671
8.78736019134521 6.24778985977173
8.80883979797363 6.26255989074707
8.83034992218018 6.27733993530273
8.85188007354736 6.2921199798584
8.87341976165771 6.30691003799438
8.89498043060303 6.32171010971069
8.91656017303467 6.33650016784668
8.93815994262695 6.35130977630615
8.95977020263672 6.36611986160278
8.98141002655029 6.38092994689941
9.00306034088135 6.39576005935669
9.02472972869873 6.41058015823364
9.04642963409424 6.42540979385376
9.06812953948975 6.44024991989136
9.08985996246338 6.45509004592896
9.11161041259766 6.46994018554688
9.1333703994751 6.48479986190796
9.15515995025635 6.4996600151062
9.17695999145508 6.51452016830444
9.19878005981445 6.52938985824585
9.22062015533447 6.54427003860474
9.24246978759766 6.55915021896362
9.26434993743896 6.57402992248535
9.28623962402344 6.58892011642456
9.30815982818604 6.60381984710693
9.3300895690918 6.61872005462646
9.35204029083252 6.63362979888916
9.37401008605957 6.64855003356934
9.39599990844727 6.66346979141235
9.41800975799561 6.67839002609253
9.44003009796143 6.69331979751587
9.46208000183105 6.70826005935669
9.48414039611816 6.72319984436035
9.5062198638916 6.73814010620117
9.5283203125 6.75309991836548
9.55043983459473 6.76805019378662
9.57258033752441 6.78302001953125
9.59473991394043 6.79797983169556
9.61692047119141 6.81296014785767
9.63910961151123 6.82793998718262
9.6613302230835 6.84291982650757
9.68356037139893 6.85791015625
9.70582008361816 6.8729100227356
9.72809028625488 6.88790988922119
9.75037956237793 6.90291023254395
9.77268981933594 6.91793012619019
9.79502010345459 6.9329400062561
9.81735992431641 6.94796991348267
9.83973026275635 6.96298980712891
9.86211967468262 6.97803020477295
9.88451957702637 6.99307012557983
9.90694999694824 7.00811004638672
9.92938995361328 7.02315998077393
9.95184993743896 7.03821992874146
9.97434043884277 7.05327987670898
9.99683952331543 7.06833982467651
10.0193996429443 7.08340978622437
