0.450643002986908 0.136222004890442
0.450498998165131 0.136153995990753
0.450356006622314 0.136086001992226
0.450213998556137 0.136019006371498
0.45007199048996 0.135951995849609
0.449930995702744 0.135885000228882
0.449790000915527 0.135819002985954
0.449651002883911 0.135753005743027
0.449512004852295 0.135686993598938
0.449373006820679 0.13562199473381
0.449236005544662 0.135556995868683
0.449099004268646 0.135491997003555
0.448962986469269 0.135427996516228
0.448826998472214 0.1353639960289
0.448693007230759 0.135300993919373
0.448558986186981 0.135238006711006
0.448424994945526 0.135175004601479
0.448293000459671 0.135113000869751
0.448161005973816 0.135050997138023
0.4480299949646 0.134990006685257
0.447899997234344 0.134928002953529
0.447769999504089 0.134867995977402
0.447640985250473 0.134807005524635
0.44751301407814 0.134746998548508
0.447385996580124 0.134688004851341
0.44725900888443 0.134627997875214
0.447133004665375 0.134570002555847
0.447008013725281 0.13451099395752
0.446884006261826 0.134452998638153
0.446761012077332 0.134396001696587
0.446637988090515 0.13433800637722
0.446516007184982 0.134280994534492
0.446395009756088 0.134224995970726
0.446274995803833 0.13416899740696
0.4461550116539 0.134112998843193
0.446036994457245 0.134057998657227
0.445919007062912 0.13400299847126
0.445802003145218 0.133948996663094
0.445686012506485 0.133894994854927
0.445571005344391 0.133840993046761
0.445455998182297 0.133788004517555
0.445342987775803 0.133735001087189
0.445230007171631 0.133682996034622
0.445118010044098 0.133631005883217
0.445006996393204 0.13357999920845
0.444896996021271 0.133529007434845
0.444788008928299 0.133478000760078
0.444678992033005 0.133428007364273
0.444572001695633 0.133378997445107
0.444465011358261 0.133329004049301
0.444359987974167 0.133281007409096
0.444254994392395 0.133231997489929
0.444151014089584 0.133184000849724
0.44404798746109 0.133137002587318
0.443946987390518 0.133090004324913
0.443845987319946 0.133044004440308
0.443746000528336 0.132997006177902
0.443646997213364 0.132952004671097
0.443549007177353 0.132907003164291
0.443452000617981 0.132862001657486
0.44335600733757 0.132817998528481
0.443260997533798 0.132774993777275
0.443167001008987 0.132732003927231
0.443073987960815 0.132688999176025
0.442981988191605 0.13264699280262
0.442891985177994 0.132605001330376
0.442802011966705 0.13256399333477
0.442712992429733 0.132523998618126
0.442625999450684 0.132484003901482
0.442539006471634 0.132443994283676
0.442454010248184 0.132404997944832
0.442369997501373 0.132366999983788
0.442286998033524 0.132329002022743
0.442205011844635 0.132292002439499
0.442124992609024 0.132255002856255
0.442045003175735 0.13221900165081
0.441967010498047 0.132183000445366
0.441890001296997 0.132147997617722
0.441814005374908 0.132113993167877
0.44174000620842 0.132080003619194
0.441666007041931 0.13204699754715
0.441594988107681 0.132014006376266
0.441523998975754 0.131981998682022
0.441455006599426 0.131950005888939
0.441386997699738 0.131919994950294
0.44132000207901 0.131889998912811
0.441255003213882 0.131860002875328
0.441190987825394 0.131831005215645
0.441128998994827 0.131803005933762
0.4410679936409 0.131776005029678
0.441009014844894 0.131749004125595
0.440950989723206 0.131723001599312
0.440894991159439 0.131696999073029
0.440840005874634 0.131672993302345
0.440786987543106 0.131649002432823
0.440735012292862 0.13162499666214
0.440685003995895 0.131603002548218
0.440636992454529 0.131580993533134
0.440589994192123 0.131559997797012
0.440544992685318 0.13154000043869
0.440501987934113 0.131521001458168
0.440461009740829 0.131502002477646
0.440421998500824 0.131485000252724
0.44038400053978 0.131467998027802
0.440347999334335 0.131451994180679
0.440315008163452 0.131437003612518
0.440283000469208 0.131422996520996
0.440252989530563 0.131409004330635
0.44022598862648 0.131396993994713
0.440200001001358 0.131385996937752
0.440176993608475 0.131374999880791
0.440156012773514 0.13136599957943
0.44013699889183 0.131356999278069
0.440120995044708 0.131349995732307
0.440106987953186 0.131344005465508
0.440095007419586 0.131338998675346
0.440086007118225 0.131335005164146
0.440079987049103 0.131331995129585
0.440075993537903 0.131329998373985
0.440075010061264 0.131329998373985
0.440075993537903 0.131329998373985
0.440079987049103 0.131331995129585
0.440086007118225 0.131335005164146
0.440095990896225 0.131338998675346
0.440109014511108 0.131345003843307
0.440124988555908 0.131352007389069
0.44014498591423 0.131360992789268
0.440167993307114 0.131371006369591
0.440194010734558 0.131382003426552
0.440225005149841 0.131395995616913
0.440259009599686 0.131411001086235
0.440295994281769 0.131427004933357
0.440338999032974 0.131446003913879
0.440385013818741 0.131466001272202
0.440434992313385 0.131487995386124
0.440490990877151 0.131512999534607
0.44055101275444 0.13153900206089
0.440616011619568 0.131567001342773
0.440685987472534 0.131597995758057
0.440760999917984 0.131631001830101
0.440842986106873 0.131667003035545
0.440930008888245 0.13170500099659
0.441022992134094 0.131744995713234
0.441123008728027 0.131788998842239
0.441229999065399 0.131835997104645
0.441343992948532 0.131885007023811
0.441466003656387 0.131937995553017
0.441596001386642 0.131995007395744
0.441734999418259 0.132054999470711
0.441882997751236 0.132118999958038
0.442039996385574 0.132186993956566
0.442207992076874 0.132259994745255
0.442387014627457 0.132337003946304
0.442579001188278 0.132420003414154
0.442782998085022 0.132507994771004
0.443001002073288 0.132602006196976
0.443233996629715 0.132703006267548
0.443484008312225 0.132809996604919
0.443751990795135 0.132925003767014
0.444041013717651 0.133048996329308
0.444350987672806 0.133182004094124
0.444685995578766 0.13332499563694
0.445048004388809 0.133479997515678
0.445441007614136 0.133647993206978
0.445870012044907 0.133830994367599
0.446339011192322 0.134030997753143
0.446853995323181 0.134250000119209
0.447421997785568 0.134491994976997
0.448053002357483 0.134758993983269
0.448756009340286 0.135057002305984
0.449541985988617 0.135389998555183
0.450419992208481 0.135759994387627
0.451395004987717 0.136170998215675
0.452459007501602 0.136618003249168
0.453592002391815 0.137094005942345
0.454760998487473 0.137583002448082
0.45593199133873 0.138072997331619
0.457082003355026 0.138552993535995
0.458200007677078 0.139018997550011
0.459279000759125 0.139467999339104
0.460321992635727 0.139900997281075
0.461329013109207 0.140319004654884
0.462303996086121 0.140723004937172
0.463250011205673 0.141114994883537
0.464170008897781 0.141495004296303
0.465066999197006 0.141865000128746
0.465941995382309 0.142226994037628
0.46679899096489 0.14258000254631
0.467637985944748 0.14292599260807
0.468461990356445 0.14326499402523
0.469271004199982 0.143598005175591
0.470066994428635 0.143924996256828
0.470851987600327 0.144246995449066
0.471625000238419 0.144565001130104
0.472387999296188 0.144878000020981
0.473141998052597 0.145187005400658
0.473886996507645 0.145492002367973
0.474624007940292 0.145794004201889
0.475353986024857 0.146091997623444
0.476076006889343 0.146387994289398
0.476792007684708 0.146679997444153
0.47750198841095 0.146970003843307
0.478206008672714 0.147257000207901
0.478904008865356 0.147541999816895
0.479597985744476 0.147825002670288
0.480286002159119 0.14810599386692
0.480969995260239 0.148384004831314
0.48164901137352 0.148661002516747
0.482324987649918 0.148936003446579
0.482995986938477 0.14920899271965
0.483664005994797 0.149480998516083
0.484328001737595 0.149750992655754
0.484988987445831 0.150019004940987
0.485646992921829 0.150286003947258
0.486301988363266 0.150552004575729
0.486954003572464 0.150817006826401
0.487603008747101 0.151079997420311
0.488249003887177 0.151342004537582
0.488893002271652 0.151602998375893
0.489535003900528 0.151862993836403
0.490175008773804 0.152122005820274
0.490812003612518 0.152380004525185
0.491447001695633 0.152638003230095
0.492080986499786 0.152894005179405
0.492711991071701 0.153148993849754
0.493342012166977 0.153403997421265
0.49397000670433 0.153658002614975
0.494596004486084 0.153910994529724
0.495220988988876 0.154163002967834
0.495844006538391 0.154413998126984
0.496466010808945 0.154664993286133
0.497085988521576 0.154916003346443
0.497705012559891 0.155166000127792
0.498322993516922 0.155414998531342
0.498939990997314 0.155662998557091
0.499554991722107 0.15591099858284
0.500168979167938 0.156158998608589
0.500783026218414 0.156406000256538
0.501394987106323 0.156652003526688
0.502005994319916 0.156899005174637
0.502617001533508 0.157143995165825
0.503225982189178 0.157389000058174
0.503835022449493 0.157634004950523
0.504442989826202 0.157878994941711
0.505050003528595 0.158123001456261
0.505657017230988 0.158366993069649
0.506263017654419 0.158610001206398
0.506868004798889 0.158852994441986
0.507471978664398 0.159096002578735
0.508076012134552 0.159337997436523
0.508679986000061 0.159580007195473
0.509283006191254 0.159822002053261
0.509885013103485 0.160063996911049
0.510487020015717 0.160304993391037
0.511088013648987 0.160546004772186
0.511689007282257 0.160787001252174
0.512290000915527 0.161027997732162
0.512889981269836 0.161268994212151
0.51349002122879 0.1615090072155
0.514090001583099 0.161749005317688
0.514689028263092 0.161989003419876
0.51528799533844 0.162229001522064
0.515887022018433 0.162468001246452
0.516485989093781 0.16270799934864
0.517084002494812 0.162946999073029
0.517682015895844 0.163186997175217
0.518280029296875 0.163425996899605
0.518877983093262 0.163664996623993
0.519475996494293 0.163902997970581
0.520072996616364 0.164141997694969
0.520671010017395 0.164380997419357
0.521268010139465 0.164619997143745
0.521866023540497 0.164857998490334
0.522463023662567 0.165096998214722
0.523060023784637 0.16533499956131
0.523657023906708 0.165573000907898
0.524254977703094 0.165812000632286
0.524851977825165 0.166050001978874
0.525448977947235 0.166288003325462
0.526045978069305 0.16652600467205
0.526643991470337 0.166764006018639
0.527240991592407 0.167003005743027
0.527839004993439 0.167241007089615
0.528436005115509 0.167478993535042
0.529034018516541 0.16771699488163
0.529631972312927 0.167954996228218
0.530229985713959 0.168192997574806
0.53082799911499 0.168430998921394
0.531426012516022 0.168669000267982
0.53202497959137 0.168907999992371
0.532622992992401 0.169146001338959
0.533222019672394 0.169384002685547
0.533820986747742 0.169622004032135
0.534421026706696 0.169861003756523
0.535019993782043 0.170099005103111
0.535619974136353 0.170338004827499
0.536220014095306 0.170576006174088
0.536819994449615 0.170815005898476
0.537419974803925 0.171053007245064
0.53802102804184 0.171292006969452
0.53862202167511 0.17153100669384
0.53922301530838 0.171770006418228
0.539825022220612 0.172007992863655
0.540427029132843 0.172246992588043
0.54102897644043 0.172487005591393
0.541631996631622 0.172726005315781
0.542235016822815 0.172965005040169
0.542837977409363 0.173204004764557
0.543442010879517 0.173444002866745
0.544045984745026 0.173683002591133
0.544650018215179 0.173923000693321
0.54525500535965 0.174162998795509
0.54585999250412 0.174402996897697
0.546465992927551 0.174642994999886
0.547071993350983 0.174882993102074
0.547677993774414 0.175123006105423
0.548285007476807 0.175364002585411
0.548892021179199 0.175604000687599
0.549499988555908 0.175844997167587
0.550108015537262 0.176085993647575
0.550716996192932 0.176327005028725
0.551325976848602 0.176568001508713
0.551935017108917 0.176808997988701
0.552545011043549 0.177050992846489
0.553156018257141 0.177293002605438
0.553767025470734 0.177533999085426
0.554377973079681 0.177775993943214
0.554989993572235 0.178018003702164
0.55560302734375 0.178260996937752
0.55621600151062 0.178503006696701
0.55682897567749 0.178745999932289
0.557443022727966 0.178987994790077
0.558058023452759 0.179231002926826
0.558673024177551 0.179473996162415
0.55928897857666 0.179718002676964
0.559904992580414 0.179960995912552
0.560522019863129 0.180205002427101
0.561138987541199 0.180448994040489
0.561757028102875 0.180693000555038
0.562376022338867 0.180937007069588
0.56299501657486 0.181181997060776
0.563615024089813 0.181426003575325
0.564234972000122 0.181670993566513
0.564855992794037 0.181915998458862
0.565477013587952 0.182162001729012
0.566098988056183 0.182407006621361
0.566721975803375 0.182652994990349
0.567345976829529 0.182898998260498
0.567969977855682 0.183145001530647
0.568593978881836 0.183392003178596
0.569220006465912 0.183638006448746
0.569845974445343 0.183884993195534
0.570472002029419 0.184131994843483
0.571099996566772 0.184378996491432
0.571727991104126 0.184626996517181
0.572355985641479 0.184874996542931
0.572986006736755 0.18512299656868
0.573616027832031 0.185370996594429
0.574245989322662 0.185618996620178
0.574877977371216 0.185867995023727
0.575510025024414 0.186116993427277
0.576143026351929 0.186366006731987
0.576776027679443 0.186616003513336
0.577409982681274 0.186866000294685
0.578045010566711 0.187115997076035
0.578680992126465 0.187365993857384
0.579317986965179 0.187616005539894
0.579954981803894 0.187867000699043
0.58059298992157 0.188117995858192
0.581230998039246 0.188369005918503
0.581870973110199 0.188620999455452
0.582511007785797 0.188872992992401
0.583151996135712 0.189125001430511
0.583792984485626 0.189376994967461
0.584435999393463 0.189630001783371
0.5850790143013 0.18988299369812
0.585722982883453 0.19013600051403
0.586368024349213 0.190390005707741
0.587013006210327 0.19064299762249
0.587660014629364 0.1908970028162
0.588307023048401 0.191152006387711
0.588954985141754 0.19140599668026
0.589604020118713 0.19166100025177
0.590254008769989 0.19191700220108
0.590903997421265 0.192172005772591
0.591554999351501 0.19242799282074
0.592207014560699 0.19268399477005
0.592859983444214 0.19294099509716
0.593514025211334 0.193196997046471
0.594169020652771 0.193453997373581
0.594824016094208 0.193711996078491
0.595480978488922 0.193968996405602
0.596138000488281 0.194226995110512
0.596795976161957 0.194484993815422
0.597455024719238 0.194744005799294
0.598115026950836 0.195003002882004
0.598775029182434 0.195261999964714
0.59943699836731 0.195521995425224
0.60009902715683 0.195782005786896
0.600763022899628 0.196042001247406
0.601427018642426 0.196301996707916
0.602092027664185 0.196563005447388
0.60275799036026 0.196823999285698
0.603425025939941 0.197086006402969
0.604093015193939 0.19734799861908
0.604762017726898 0.197610005736351
0.605431020259857 0.197871997952461
0.606101989746094 0.198135003447533
0.606773972511292 0.198397994041443
0.607446014881134 0.198661997914314
0.608119010925293 0.198926001787186
0.608793973922729 0.199190005660057
0.609468996524811 0.199453994631767
0.61014598608017 0.199718996882439
0.610822975635529 0.19998499751091
0.611500978469849 0.200249999761581
0.61217999458313 0.200516000390053
0.612860023975372 0.200782999396324
0.613542020320892 0.201049000024796
0.614224016666412 0.201315999031067
0.614907026290894 0.201583996415138
0.615590989589691 0.20185199379921
0.616276025772095 0.202120006084442
0.616962015628815 0.202388003468513
0.617649018764496 0.202656999230385
0.618336975574493 0.202925994992256
0.619026005268097 0.203196004033089
0.619717001914978 0.20346599817276
0.620407998561859 0.203736007213593
0.621100008487701 0.204006999731064
0.62179297208786 0.204278007149696
0.622487008571625 0.204549998044968
0.623183012008667 0.2048220038414
0.623879015445709 0.205093994736671
0.624576985836029 0.205366000533104
0.625275015830994 0.205640003085136
0.625973999500275 0.205913007259369
0.626675009727478 0.20618699491024
0.627376973628998 0.206460997462273
0.628078997135162 0.206735998392105
0.628782987594604 0.207010999321938
0.629487991333008 0.20728600025177
0.630194008350372 0.207561999559402
0.630900979042053 0.207837998867035
0.63160902261734 0.208114996552467
0.63231897354126 0.2083919942379
0.633028984069824 0.208669006824493
0.63374000787735 0.208947002887726
0.634452998638153 0.209224998950958
0.635167002677917 0.209503993391991
0.635881006717682 0.209783002734184
0.636596977710724 0.210062995553017
0.637314021587372 0.21034300327301
0.638032972812653 0.210622996091843
0.638751983642578 0.210904002189636
0.639472007751465 0.211184993386269
0.640193998813629 0.211466997861862
0.640917003154755 0.211749002337456
0.641641020774841 0.212031006813049
0.642365992069244 0.212313994765282
0.643091976642609 0.212597995996475
0.643819987773895 0.212880998849869
0.644547998905182 0.213165998458862
0.645277976989746 0.213449999690056
0.646009027957916 0.213734999299049
0.646740972995758 0.214020997285843
0.647475004196167 0.214306995272636
0.648208975791931 0.21459299325943
0.648944973945618 0.214880004525185
0.649681985378265 0.215167999267578
0.650420010089874 0.215454995632172
0.651160001754761 0.215744003653526
0.651899993419647 0.21603199839592
0.652642011642456 0.216321006417274
0.653384983539581 0.216610997915268
0.654129981994629 0.216901004314423
0.654874980449677 0.217191994190216
0.655622005462646 0.217482998967171
0.656369984149933 0.217774003744125
0.65711897611618 0.21806600689888
0.65786999464035 0.218357995152473
0.658622026443481 0.218650996685028
0.659375011920929 0.218944996595383
0.660129010677338 0.219238996505737
0.660884976387024 0.219532996416092
0.661642014980316 0.219827994704247
0.662400007247925 0.220122992992401
0.663160026073456 0.220419004559517
0.663920998573303 0.220715001225471
0.664682984352112 0.221011996269226
0.665445983409882 0.221309006214142
0.666211009025574 0.221606999635696
0.666976988315582 0.221904993057251
0.667744994163513 0.222203001379967
0.668513000011444 0.222503006458282
0.669283986091614 0.222801998257637
0.670054972171783 0.223102003335953
0.670827984809875 0.223403006792068
0.671602010726929 0.223703995347023
0.672376990318298 0.224005997180939
0.67315399646759 0.224307999014854
0.673932015895844 0.22461099922657
0.674712002277374 0.224913999438286
0.675493001937866 0.225217998027802
0.676275014877319 0.225521996617317
0.67705899477005 0.225826993584633
0.677843987941742 0.22613200545311
0.678629994392395 0.226438000798225
0.67941802740097 0.226743996143341
0.680207014083862 0.227051004767418
0.680998027324677 0.227358996868134
0.681789994239807 0.22766700387001
0.68258398771286 0.227974995970726
0.683377981185913 0.228284001350403
0.68417501449585 0.22859300673008
0.684973001480103 0.228902995586395
0.685772001743317 0.229213997721672
0.686572015285492 0.229524999856949
0.687375009059906 0.229837000370026
0.68817800283432 0.230149000883102
0.688983023166656 0.230461999773979
0.689790010452271 0.230774998664856
0.690598011016846 0.231088995933533
0.691407024860382 0.231402993202209
0.692218005657196 0.231718003749847
0.693029999732971 0.232033997774124
0.693844020366669 0.232350006699562
0.694660007953644 0.232666999101639
0.695475995540619 0.232984006404877
0.696295022964478 0.233301997184753
0.697115004062653 0.233620002865791
0.697935998439789 0.233939006924629
0.698759019374847 0.234258994460106
0.699584007263184 0.234578996896744
0.700410008430481 0.234898999333382
0.70123702287674 0.23522000014782
0.702066004276276 0.235541999340057
0.702897012233734 0.235864996910095
0.703728973865509 0.236187994480133
0.704563021659851 0.236511006951332
0.70539802312851 0.23683500289917
0.706234991550446 0.237159997224808
0.707072973251343 0.237485006451607
0.707912981510162 0.237810999155045
0.708755016326904 0.238138005137444
0.709598004817963 0.238464996218681
0.710443019866943 0.23879300057888
0.711290001869202 0.239121004939079
0.712137997150421 0.239449992775917
0.712987005710602 0.239778995513916
0.71383798122406 0.240109995007515
0.714690983295441 0.240439996123314
0.715546011924744 0.240771993994713
0.716401994228363 0.241104006767273
0.717260003089905 0.241436004638672
0.718119025230408 0.241769999265671
0.718981027603149 0.24210299551487
0.719842970371246 0.24243800342083
0.720708012580872 0.242772996425629
0.721574008464813 0.243109002709389
0.722441971302032 0.243444994091988
0.723311007022858 0.243781998753548
0.724183022975922 0.244120001792908
0.725054979324341 0.244458004832268
0.725929975509644 0.244797006249428
0.726805984973907 0.245137006044388
0.727684020996094 0.245477005839348
0.728564023971558 0.245818004012108
0.729445993900299 0.246159002184868
0.730328977108002 0.246500998735428
0.731213986873627 0.246843993663788
0.732101023197174 0.247188001871109
0.732989013195038 0.247531995177269
0.733879029750824 0.24787700176239
0.734771013259888 0.24822199344635
0.735665023326874 0.248567998409271
0.736559987068176 0.248915001749992
0.737457990646362 0.249263003468513
0.73835700750351 0.249611005187035
0.739257991313934 0.249960005283356
0.740161001682281 0.250308990478516
0.74106502532959 0.250658988952637
0.741971015930176 0.251010000705719
0.742879986763 0.25136199593544
0.743789970874786 0.251713991165161
0.744701027870178 0.252066999673843
0.745615005493164 0.252420991659164
0.746531009674072 0.252775013446808
0.747448027133942 0.253129988908768
0.748367011547089 0.253486007452011
0.749288022518158 0.253841996192932
0.750211000442505 0.254198998212814
0.751136004924774 0.254557013511658
0.752062976360321 0.25491601228714
0.752991020679474 0.255275011062622
0.753921985626221 0.255634993314743
0.754854023456573 0.255995988845825
0.75578898191452 0.25635701417923
0.756725013256073 0.256720006465912
0.757663011550903 0.257082998752594
0.758602976799011 0.257445991039276
0.759545028209686 0.257811009883881
0.760488986968994 0.258175998926163
0.761434972286224 0.258542001247406
0.762382984161377 0.258908003568649
0.763333022594452 0.259276002645493
0.764285027980804 0.259644001722336
0.765239000320435 0.260012000799179
0.766194999217987 0.260381996631622
0.767153024673462 0.260751992464066
0.768113017082214 0.261124014854431
0.769074976444244 0.261494994163513
0.770039021968842 0.261868000030518
0.771004021167755 0.262241005897522
0.771972000598907 0.262616008520126
0.772942006587982 0.26298999786377
0.773913979530334 0.263366013765335
0.77488899230957 0.263743013143539
0.775865018367767 0.264120012521744
0.776843011379242 0.264497995376587
0.777822971343994 0.264876991510391
0.77880597114563 0.265255987644196
0.779789984226227 0.265637010335922
0.780776977539063 0.266018003225327
0.781765997409821 0.266400009393692
0.782755970954895 0.266782999038696
0.783748984336853 0.267165988683701
0.784744024276733 0.267551004886627
0.785741984844208 0.267935991287231
0.786741018295288 0.268321990966797
0.787742018699646 0.268709003925323
0.788745999336243 0.269097000360489
0.789752006530762 0.269484996795654
0.790759980678558 0.269874006509781
0.791769981384277 0.270263999700546
0.79278302192688 0.270655006170273
0.793797016143799 0.271046996116638
0.794813990592957 0.271439999341965
0.795832991600037 0.271833002567291
0.796854019165039 0.272228002548218
0.79787802696228 0.272623002529144
0.798902988433838 0.27301898598671
0.799930989742279 0.273416012525558
0.800961017608643 0.273813009262085
0.801994025707245 0.274212002754211
0.803029000759125 0.274610996246338
0.804066002368927 0.275011986494064
0.805104970932007 0.275413006544113
0.80614697933197 0.275815010070801
0.807191014289856 0.276217997074127
0.808237016201019 0.276621013879776
0.80928498506546 0.277025997638702
0.810335993766785 0.27743199467659
0.811389982700348 0.277837991714478
0.812444984912872 0.278245002031326
0.81350302696228 0.278652995824814
0.814562976360321 0.279062986373901
0.81562602519989 0.279473006725311
0.816690981388092 0.279882997274399
0.817758023738861 0.280295014381409
0.818827986717224 0.280707985162735
0.819900989532471 0.281120985746384
0.820975005626678 0.281536012887955
0.822052001953125 0.281951010227203
0.82313197851181 0.282368004322052
0.824213981628418 0.282784998416901
0.825298011302948 0.28320300579071
0.826385021209717 0.28362300992012
0.827475011348724 0.28404301404953
0.828566014766693 0.284464001655579
0.829661011695862 0.284886002540588
0.830757975578308 0.285308986902237
0.831857025623322 0.285732001066208
0.832958996295929 0.286157011985779
0.834062993526459 0.286583006381989
0.835169970989227 0.287010014057159
0.836279988288879 0.287436991930008
0.837391972541809 0.287865996360779
0.838505983352661 0.288296014070511
0.839622974395752 0.288726001977921
0.840743005275726 0.28915798664093
0.841865003108978 0.289591014385223
0.842989981174469 0.290024012327194
0.844117999076843 0.290459007024765
0.845247983932495 0.290894001722336
0.846381008625031 0.291330993175507
0.847516000270844 0.291768014431
0.848653972148895 0.292207002639771
0.849794983863831 0.292645990848541
0.850938022136688 0.293087005615234
0.852084994316101 0.293529003858566
0.853232979774475 0.293971002101898
0.854385018348694 0.29441499710083
0.85553902387619 0.294858992099762
0.856696009635925 0.295305013656616
0.857855975627899 0.295751988887787
0.85901802778244 0.296200007200241
0.860183000564575 0.296647995710373
0.861351013183594 0.297098010778427
0.862522006034851 0.29754900932312
0.863695025444031 0.298000991344452
0.864871025085449 0.298453986644745
0.866051018238068 0.298907995223999
0.867232024669647 0.299362987279892
0.868417024612427 0.299820005893707
0.869605004787445 0.3002769947052
0.870795011520386 0.300734996795654
0.871987998485565 0.301194995641708
0.873184025287628 0.301654994487762
0.874382972717285 0.302116990089417
0.87558501958847 0.302579998970032
0.87678998708725 0.303043991327286
0.877997994422913 0.303508013486862
0.879208028316498 0.303974986076355
0.880421996116638 0.30444198846817
0.881637990474701 0.304910004138947
0.882857978343964 0.305379003286362
0.884079992771149 0.305849999189377
0.885306000709534 0.306322008371353
0.886533975601196 0.306793987751007
0.887764990329742 0.307267993688583
0.888999998569489 0.307743012905121
0.890236973762512 0.308219999074936
0.891478002071381 0.308696985244751
0.892720997333527 0.30917501449585
0.893967986106873 0.309655010700226
0.895218014717102 0.310135990381241
0.896470010280609 0.310618013143539
0.897725999355316 0.311100989580154
0.898985028266907 0.311585992574692
0.900246977806091 0.312070995569229
0.901512026786804 0.312557995319366
0.902781009674072 0.313046008348465
0.904052019119263 0.313535004854202
0.905327022075653 0.314025014638901
0.906605005264282 0.314516991376877
0.907886028289795 0.315010011196136
0.909169971942902 0.315504014492035
0.910458028316498 0.315999001264572
0.911747992038727 0.316495001316071
0.913042008876801 0.316992998123169
0.914339005947113 0.317492008209229
0.915639996528625 0.317992001771927
0.916944026947021 0.318493008613586
0.918250977993011 0.318996012210846
0.91956102848053 0.319499999284744
0.920875012874603 0.320004999637604
0.922191977500916 0.320511013269424
0.923511981964111 0.321018993854523
0.924835979938507 0.321527987718582
0.926163017749786 0.322037994861603
0.927493989467621 0.322549998760223
0.928826987743378 0.323062002658844
0.930164992809296 0.323576986789703
0.931505978107452 0.324092000722885
0.932850003242493 0.324609011411667
0.934197008609772 0.325127005577087
0.935548007488251 0.325646013021469
0.93690299987793 0.326166987419128
0.938260972499847 0.326689004898071
0.93962299823761 0.327212005853653
0.940988004207611 0.327737003564835
0.942355990409851 0.328263014554977
0.943728983402252 0.328790009021759
0.945104002952576 0.329319000244141
0.94648402929306 0.329849004745483
0.947866976261139 0.330379992723465
0.949253022670746 0.330913007259369
0.950644016265869 0.331447005271912
0.95203697681427 0.331983000040054
0.953435003757477 0.332520008087158
0.954836010932922 0.333057999610901
0.956241011619568 0.333597987890244
0.957648992538452 0.334138989448547
0.959061980247498 0.334681004285812
0.960478007793427 0.335224986076355
0.961897015571594 0.33577099442482
0.963320970535278 0.336317986249924
0.964748024940491 0.336865991353989
0.966179013252258 0.337415009737015
0.967613995075226 0.33796700835228
0.969052970409393 0.338519006967545
0.970494985580444 0.339073002338409
0.971940994262695 0.339628994464874
0.973392009735107 0.3401859998703
0.974846005439758 0.340743988752365
0.976303994655609 0.341304004192352
0.97776597738266 0.341865003108978
0.979232013225555 0.342427998781204
0.98070102930069 0.34299299120903
0.98217499256134 0.343558996915817
0.983653008937836 0.344125986099243
0.985135018825531 0.344695001840591
0.986620008945465 0.345265001058578
0.98811000585556 0.345836997032166
0.989603996276855 0.346410989761353
0.991101980209351 0.346985995769501
0.99260401725769 0.347562998533249
0.994109988212585 0.348141014575958
0.995620012283325 0.348720014095306
0.99713397026062 0.349301993846893
0.998652994632721 0.349884986877441
1.00018000602722 0.350468993186951
1.00170004367828 0.35105499625206
1.00322997570038 0.351642996072769
1.00477004051208 0.35223200917244
1.0063099861145 0.352822989225388
1.00785005092621 0.353415012359619
1.00940001010895 0.354009002447128
1.01094996929169 0.354604989290237
1.01250994205475 0.355201989412308
1.0140700340271 0.355800986289978
1.01563000679016 0.356402009725571
1.01719999313354 0.35700398683548
1.01877999305725 0.357607990503311
1.02035999298096 0.358213990926743
1.02193999290466 0.358821004629135
1.02353000640869 0.359429985284805
1.02512001991272 0.360040992498398
1.02671003341675 0.360653012990952
1.02831995487213 0.361267000436783
1.02991998195648 0.361883014440536
1.03153002262115 0.362500011920929
1.03313994407654 0.36311998963356
1.03475999832153 0.363741010427475
1.03638994693756 0.364363014698029
1.03801000118256 0.364987999200821
1.03964996337891 0.365613996982574
1.04128003120422 0.366241991519928
1.0429300069809 0.366872012615204
1.04456996917725 0.367502987384796
1.04621994495392 0.368137001991272
1.0478800535202 0.368772000074387
1.0495400428772 0.369408994913101
1.05121004581451 0.370047986507416
1.05288004875183 0.370687991380692
1.05455005168915 0.371329993009567
1.0562299489975 0.371975004673004
1.05791997909546 0.37262099981308
1.05961000919342 0.373268991708755
1.06130003929138 0.373917996883392
1.06299996376038 0.37457001209259
1.06471002101898 0.375223994255066
1.0664199590683 0.375878989696503
1.0681300163269 0.376536011695862
1.06984996795654 0.37719601392746
1.07157003879547 0.377856999635696
1.07330000400543 0.378520011901855
1.07503998279572 0.379184991121292
1.076779961586 0.379851013422012
1.07852005958557 0.380519986152649
1.08027005195618 0.381190985441208
1.0820300579071 0.381864011287689
1.08378994464874 0.382537990808487
1.08554995059967 0.383215010166168
1.08731997013092 0.383893996477127
1.08910000324249 0.384573996067047
1.09088003635406 0.385257005691528
1.09266996383667 0.385942012071609
1.09446001052856 0.386628001928329
1.09625995159149 0.387317001819611
1.09806001186371 0.388007998466492
1.09986996650696 0.388700991868973
1.1016800403595 0.389396011829376
1.10350000858307 0.390092998743057
1.10531997680664 0.390792012214661
1.10714995861053 0.391492992639542
1.10898995399475 0.392195999622345
1.11082994937897 0.392901003360748
1.11267995834351 0.39360898733139
1.11452996730804 0.394318014383316
1.11638998985291 0.395029991865158
1.11825001239777 0.395743995904922
1.12012004852295 0.396459013223648
1.12198996543884 0.397177994251251
1.12387001514435 0.397897988557816
1.12575995922089 0.398620009422302
1.12765002250671 0.399345010519028
1.12954998016357 0.400072008371353
1.13145005702972 0.400801002979279
1.13336002826691 0.401531994342804
1.13528001308441 0.402265995740891
1.13719999790192 0.403001010417938
1.13911998271942 0.403739005327225
1.14105999469757 0.404480010271072
1.14300000667572 0.405221998691559
1.14494001865387 0.405966997146606
1.14689004421234 0.406713992357254
1.14884996414185 0.407463997602463
1.15081000328064 0.40821498632431
1.15278005599976 0.408969014883041
1.1547600030899 0.409725993871689
1.15673995018005 0.410484999418259
1.15873003005981 0.411246001720428
1.16071999073029 0.412009000778198
1.16271996498108 0.412775009870529
1.16472995281219 0.413542985916138
1.16673994064331 0.41431400179863
1.16875994205475 0.415087014436722
1.17077994346619 0.415861994028091
1.17281997203827 0.416640013456345
1.17486000061035 0.417421013116837
1.17690002918243 0.418202996253967
1.17894995212555 0.41898900270462
1.18101000785828 0.419775992631912
1.18306994438171 0.420567005872726
1.18515002727509 0.421359002590179
1.18721997737885 0.422154992818832
1.18930995464325 0.422951996326447
1.19140005111694 0.423752993345261
1.19350004196167 0.424555987119675
1.1956000328064 0.425361007452011
1.19771003723145 0.426169008016586
1.19983005523682 0.4269799888134
1.2019499540329 0.427792996168137
1.20408999919891 0.428609013557434
1.20623004436493 0.429426997900009
1.20836997032166 0.430247992277145
1.21052002906799 0.431071996688843
1.21267998218536 0.43189799785614
1.21484994888306 0.432727009057999
1.21702003479004 0.433559000492096
1.21920001506805 0.434394001960754
1.22139000892639 0.435231000185013
1.22359001636505 0.436071008443832
1.22579002380371 0.436913013458252
1.22800004482269 0.437759011983871
1.23021996021271 0.438607007265091
1.23243999481201 0.439458012580872
1.23467004299164 0.440311014652252
1.2369099855423 0.441168010234833
1.23915994167328 0.442027002573013
1.24141001701355 0.442889004945755
1.24366998672485 0.443753987550735
1.24593997001648 0.444622009992599
1.24821996688843 0.445493012666702
1.25049996376038 0.446366995573044
1.25278997421265 0.447243005037308
1.25508999824524 0.448123008012772
1.25740003585815 0.449005007743835
1.2597199678421 0.449889987707138
1.26204001903534 0.450778990983963
1.26436996459961 0.451669991016388
1.26671004295349 0.452564001083374
1.26905000209808 0.453460991382599
1.27140998840332 0.454362004995346
1.27376997470856 0.455264985561371
1.27613997459412 0.456171005964279
1.27851998806 0.457080990076065
1.2809100151062 0.457993000745773
1.2833000421524 0.458909004926682
1.28569996356964 0.45982700586319
1.28811001777649 0.460749000310898
1.29052996635437 0.461674004793167
1.29296004772186 0.462601989507675
1.29540002346039 0.463533014059067
1.29783999919891 0.464468002319336
1.30028998851776 0.465404987335205
1.30274999141693 0.466345995664597
1.30522000789642 0.467290014028549
1.30770003795624 0.468237996101379
1.31018996238708 0.469188004732132
1.31268000602722 0.470142006874084
1.31518995761871 0.471098989248276
1.31770002841949 0.472059994935989
1.32021999359131 0.473024010658264
1.32274997234344 0.473991006612778
1.3252899646759 0.474961012601852
1.32783997058868 0.475935012102127
1.33039999008179 0.476911991834641
1.33296000957489 0.477892994880676
1.33554005622864 0.478877007961273
1.3381199836731 0.47986501455307
1.34071004390717 0.480856001377106
1.34332001209259 0.481849998235703
1.34592998027802 0.482847988605499
1.34854996204376 0.483850002288818
1.35117995738983 0.484854996204376
1.35381996631622 0.485864013433456
1.35646998882294 0.486876010894775
1.35913002490997 0.487892001867294
1.36178994178772 0.488911002874374
1.3644700050354 0.489933997392654
1.36715996265411 0.490960985422134
1.36986005306244 0.491991013288498
1.37256002426147 0.493025004863739
1.37528002262115 0.49406298995018
1.37800002098083 0.495104014873505
1.38074004650116 0.496149003505707
1.38348996639252 0.497197985649109
1.3860000371933 0.498156994581223
1.38767004013062 0.498798012733459
1.38880002498627 0.499226987361908
1.38953995704651 0.499511986970901
1.39004004001617 0.499702990055084
1.39038002490997 0.499830007553101
1.39059996604919 0.49991500377655
1.39070999622345 0.499958008527756
1.39075994491577 0.499978989362717
1.39082002639771 0.5
1.39082002639771 0.5
1.39087998867035 0.500020980834961
1.39093005657196 0.500042021274567
1.39103996753693 0.50008499622345
1.39126002788544 0.500169992446899
1.39160001277924 0.500297009944916
1.39209997653961 0.500487983226776
1.39285004138947 0.50077497959137
1.39398002624512 0.501206994056702
1.39567995071411 0.501854002475739
1.39822995662689 0.502829015254974
1.40103995800018 0.503902018070221
1.4038599729538 0.504979014396667
1.40667998790741 0.506060004234314
1.40953004360199 0.50714498758316
1.41237998008728 0.50823301076889
1.41524004936218 0.509325981140137
1.41811001300812 0.510423004627228
1.42098999023438 0.511524021625519
1.42387998104095 0.512628018856049
1.42678999900818 0.51373702287674
1.4297000169754 0.51485002040863
1.43262994289398 0.515967011451721
1.43555998802185 0.517089009284973
1.43850994110107 0.518213987350464
1.44147002696991 0.519343018531799
1.44444000720978 0.520476996898651
1.44742000102997 0.521615028381348
1.45041000843048 0.522756993770599
1.45341002941132 0.523904025554657
1.45642995834351 0.525053977966309
1.45945000648499 0.526208996772766
1.46248996257782 0.527369022369385
1.46554005146027 0.528532028198242
1.46859002113342 0.529699981212616
1.47167003154755 0.530873000621796
1.47475004196167 0.532050013542175
1.47783994674683 0.533231019973755
1.48094999790192 0.534416973590851
1.48406994342804 0.535606980323792
1.48720002174377 0.536801993846893
1.49033999443054 0.538001000881195
1.49348998069763 0.539205014705658
1.49665999412537 0.540413022041321
1.49984002113342 0.5416259765625
1.50302994251251 0.542843997478485
1.50622999668121 0.54406601190567
1.50943994522095 0.545292973518372
1.51267004013062 0.546525001525879
1.51591002941132 0.547761023044586
1.51916003227234 0.54900199174881
1.52242994308472 0.550248026847839
1.52570998668671 0.551499009132385
1.52900004386902 0.552754998207092
1.53229999542236 0.554014980792999
1.53561997413635 0.555280029773712
1.53893995285034 0.556550979614258
1.5422899723053 0.557825982570648
1.54563999176025 0.5591059923172
1.54901003837585 0.560391008853912
1.55238997936249 0.561680972576141
1.55578005313873 0.562976002693176
1.55919003486633 0.564275979995728
1.56261003017426 0.565581977367401
1.56605005264282 0.566892027854919
1.56949996948242 0.568207979202271
1.57296001911163 0.569527983665466
1.57642996311188 0.570854008197784
1.57992005348206 0.572184979915619
1.58343005180359 0.573521971702576
1.58694005012512 0.574863970279694
1.59046995639801 0.576210975646973
1.59402000904083 0.577562987804413
1.59757995605469 0.578921020030975
1.60115003585815 0.580283999443054
1.60474002361298 0.581651985645294
1.60834002494812 0.583025991916656
1.61196005344391 0.584406018257141
1.61558997631073 0.585790991783142
1.61924004554749 0.587180972099304
1.62290000915527 0.588576972484589
1.62656998634338 0.589978992938995
1.63025999069214 0.591386020183563
1.63397002220154 0.592799007892609
1.63768994808197 0.594218015670776
1.64142000675201 0.595642983913422
1.64516997337341 0.597073018550873
1.64893996715546 0.598509013652802
1.65271997451782 0.599950015544891
1.65652000904083 0.60139799118042
1.66033005714417 0.602851986885071
1.66416001319885 0.604310989379883
1.66799998283386 0.605776011943817
1.67185997962952 0.60724800825119
1.67572999000549 0.608725011348724
1.67962002754211 0.610207974910736
1.68352997303009 0.611697971820831
1.68745005130768 0.613192975521088
1.69139003753662 0.614695012569427
1.69535005092621 0.616203010082245
1.69931995868683 0.617717027664185
1.70331001281738 0.619237005710602
1.70730996131897 0.620764017105103
1.71133005619049 0.622296988964081
1.71537005901337 0.623835980892181
1.7194299697876 0.625380992889404
1.72350001335144 0.626932978630066
1.72758996486664 0.628491997718811
1.73169004917145 0.630056023597717
1.73582005500793 0.631627976894379
1.73995995521545 0.633206009864807
1.74410998821259 0.634790003299713
1.74828994274139 0.636380970478058
1.75248003005981 0.637978971004486
1.75669002532959 0.639582991600037
1.76092004776001 0.641194999217987
1.76515996456146 0.642812013626099
1.76943004131317 0.64443701505661
1.77371001243591 0.64606899023056
1.7780100107193 0.647706985473633
1.78233003616333 0.649352014064789
1.78665995597839 0.651004016399384
1.79102003574371 0.652662992477417
1.79539000988007 0.654330015182495
1.79978001117706 0.656002998352051
1.8041900396347 0.65768301486969
1.8086199760437 0.659370005130768
1.81307005882263 0.661064982414246
1.8175300359726 0.662766993045807
1.82202005386353 0.664475977420807
1.82651996612549 0.66619199514389
1.83105003833771 0.667914986610413
1.83559000492096 0.669646024703979
1.84016001224518 0.671384990215302
1.84474003314972 0.673129975795746
1.84933996200562 0.674883008003235
1.85396003723145 0.676644027233124
1.85861003398895 0.678412020206451
1.86327004432678 0.680188000202179
1.86794996261597 0.68197101354599
1.87265002727509 0.683762013912201
1.87736999988556 0.685561001300812
1.882120013237 0.687367975711823
1.88688004016876 0.689181983470917
1.8916699886322 0.691003978252411
1.89646995067596 0.69283401966095
1.90129995346069 0.694671988487244
1.90613996982574 0.696516990661621
1.91101002693176 0.69837099313736
1.91589999198914 0.700232982635498
1.92080998420715 0.702103018760681
1.92574000358582 0.703980982303619
1.93069994449615 0.705866992473602
1.93567001819611 0.707760989665985
1.94067001342773 0.709663987159729
1.94569003582001 0.711574018001556
1.95072996616364 0.7134929895401
1.9557900428772 0.71542102098465
1.96087002754211 0.717356979846954
1.965980052948 0.719300985336304
1.97110998630524 0.721252977848053
1.97625994682312 0.723214983940125
1.98143994808197 0.725184977054596
1.98662996292114 0.727163016796112
1.99185001850128 0.729149997234344
1.9970999956131 0.731145977973938
2.00236010551453 0.733150005340576
2.00764989852905 0.735162973403931
2.01296997070313 0.737186014652252
2.01830005645752 0.739216029644012
2.0236599445343 0.74125599861145
2.02904009819031 0.743305027484894
2.0344500541687 0.745362997055054
2.03988003730774 0.747430026531219
2.04534006118774 0.749505996704102
2.05082011222839 0.75159102678299
2.05631995201111 0.753684997558594
2.06185007095337 0.755788028240204
2.0673999786377 0.757901012897491
2.07296991348267 0.76002299785614
2.07857990264893 0.76215398311615
2.08419990539551 0.764294981956482
2.08984994888306 0.766444981098175
2.09553003311157 0.76860499382019
2.10122990608215 0.770774006843567
2.10696005821228 0.772952973842621
2.11270999908447 0.775141000747681
2.11848998069763 0.777338981628418
2.12428998947144 0.779546022415161
2.13012003898621 0.781763970851898
2.13597011566162 0.783990979194641
2.14184999465942 0.786228001117706
2.14775991439819 0.788474977016449
2.15369009971619 0.790732026100159
2.15965008735657 0.792998015880585
2.16564011573792 0.795274972915649
2.17164993286133 0.797562003135681
2.17769002914429 0.79985898733139
2.18374991416931 0.802165985107422
2.1898500919342 0.804482996463776
2.19597005844116 0.806810975074768
2.20211005210876 0.809149026870728
2.20829010009766 0.81149697303772
2.21448993682861 0.813854992389679
2.22072005271912 0.816223978996277
2.22696995735168 0.818602979183197
2.23325991630554 0.820993006229401
2.23956990242004 0.823392987251282
2.24590992927551 0.825803995132446
2.25227999687195 0.82822597026825
2.25868010520935 0.83065801858902
2.26510000228882 0.833100974559784
2.27154994010925 0.835554003715515
2.27803993225098 0.838019013404846
2.28454995155334 0.840493977069855
2.29109001159668 0.842980027198792
2.29765009880066 0.845476984977722
2.30425000190735 0.847985029220581
2.310879945755 0.850503981113434
2.31752991676331 0.853034019470215
2.3242199420929 0.855575978755951
2.33092999458313 0.858128011226654
2.33768010139465 0.860691010951996
2.34444999694824 0.863265991210938
2.35125994682312 0.865851998329163
2.35808992385864 0.868448972702026
2.36494994163513 0.871057987213135
2.37185001373291 0.873678028583527
2.37877011299133 0.876308977603912
2.38572001457214 0.878952026367188
2.39270997047424 0.881606996059418
2.39971995353699 0.884272992610931
2.40676999092102 0.886950016021729
2.41385006904602 0.889639019966125
2.42094993591309 0.892340004444122
2.42809009552002 0.895053029060364
2.43526005744934 0.897777020931244
2.44246006011963 0.900512993335724
2.44970011711121 0.903261005878448
2.45695996284485 0.906019985675812
2.46425008773804 0.908792018890381
2.47158002853394 0.911575019359589
2.4789400100708 0.914371013641357
2.48633003234863 0.917177975177765
2.49375009536743 0.919997990131378
2.50119996070862 0.92282897233963
2.50869011878967 0.925673007965088
2.51621007919312 0.928528010845184
2.52376008033752 0.931396007537842
2.53133988380432 0.93427699804306
2.53895998001099 0.937169015407562
2.5466001033783 0.940074026584625
2.55428004264832 0.942990005016327
2.56200003623962 0.945919990539551
2.56974005699158 0.948861002922058
2.57751989364624 0.951815009117126
2.58533000946045 0.954782009124756
2.59317994117737 0.957760989665985
2.60105991363525 0.960752010345459
2.60896992683411 0.963756024837494
2.61690998077393 0.966772019863129
2.62489008903503 0.969801008701324
2.63289999961853 0.972842991352081
2.64093995094299 0.975897014141083
2.64901995658875 0.978963971138
2.65713000297546 0.982043981552124
2.66528010368347 0.985135972499847
2.67346000671387 0.988241016864777
2.68166995048523 0.991358995437622
2.68991994857788 0.994489014148712
2.6981999874115 0.99763298034668
2.70651006698608 1.00078999996185
2.71485996246338 1.00396001338959
2.72323989868164 1.00714004039764
2.73165988922119 1.01032996177673
2.74010992050171 1.01354002952576
2.74860000610352 1.01675999164581
2.75711989402771 1.01999998092651
2.76567006111145 1.02323997020721
2.7742600440979 1.02649998664856
2.78288006782532 1.02977001667023
2.79153990745544 1.03305995464325
2.80024003982544 1.03636002540588
2.8089599609375 1.03966999053955
2.81772994995117 1.04299998283386
2.82651996612549 1.04632997512817
2.83535003662109 1.04967999458313
2.84421992301941 1.05305004119873
2.85312008857727 1.05641996860504
2.86206007003784 1.05982005596161
2.87103009223938 1.06322002410889
2.88002991676331 1.06663000583649
2.88908004760742 1.07006001472473
2.8981499671936 1.07351005077362
2.90725994110107 1.07695996761322
2.91640996932983 1.08043003082275
2.92559003829956 1.08390998840332
2.934809923172 1.08740997314453
2.94406008720398 1.09091997146606
2.95334005355835 1.09443998336792
2.96266007423401 1.09798002243042
2.97201991081238 1.10151994228363
2.98141002655029 1.1050900220871
2.99083995819092 1.10865998268127
3.00029993057251 1.1122499704361
3.00979995727539 1.11584997177124
3.01933002471924 1.11947000026703
3.0288999080658 1.12309002876282
3.0385000705719 1.12672996520996
3.04814004898071 1.13039004802704
3.05781006813049 1.13405001163483
3.06751990318298 1.13774001598358
3.07726001739502 1.14143002033234
3.08703994750977 1.14514005184174
3.0968599319458 1.14885997772217
3.1067099571228 1.15259003639221
3.11659002304077 1.15634000301361
3.12650990486145 1.16009998321533
3.13646006584167 1.16386997699738
3.14645004272461 1.16764998435974
3.15647006034851 1.17145001888275
3.16652989387512 1.17526996135712
3.1766300201416 1.17909002304077
3.18674993515015 1.18292999267578
3.1969199180603 1.18677997589111
3.20711994171143 1.19063997268677
3.21735000610352 1.19451999664307
3.22761988639832 1.19841003417969
3.23792004585266 1.20231997966766
3.24826002120972 1.20623004436493
3.25863003730774 1.21016001701355
3.26903009414673 1.21410000324249
3.27947998046875 1.21806001663208
3.28994989395142 1.22203004360199
3.30046010017395 1.22600996494293
3.31100988388062 1.23000001907349
3.3215799331665 1.2340099811554
3.332200050354 1.23802995681763
3.34283995628357 1.24205994606018
3.35352993011475 1.24610996246338
3.36423993110657 1.2501699924469
3.37498998641968 1.25424003601074
3.38577008247375 1.25831997394562
3.39658999443054 1.26242005825043
3.4074399471283 1.26653003692627
3.41832995414734 1.27065002918243
3.42925000190735 1.27478003501892
3.44020009040833 1.27892994880676
3.45117998123169 1.28308999538422
3.46219992637634 1.28726005554199
3.47325992584229 1.29145002365112
3.48433995246887 1.29565000534058
3.49546003341675 1.29986000061035
3.50660991668701 1.30408000946045
3.51780009269714 1.30831003189087
3.52902007102966 1.31255996227264
3.54027009010315 1.31682002544403
3.55154991149902 1.32108998298645
3.56287002563477 1.32536995410919
3.5742199420929 1.32966995239258
3.58559989929199 1.33397996425629
3.59701991081238 1.33829998970032
3.60846996307373 1.34263002872467
3.61995005607605 1.34696996212006
3.63145995140076 1.35133004188538
3.64299988746643 1.35570001602173
3.65458011627197 1.3600800037384
3.66618990898132 1.3644700050354
3.67782998085022 1.36887001991272
3.68950009346008 1.37328994274139
3.70121002197266 1.37771999835968
3.71293997764587 1.382159948349
3.72470998764038 1.38661003112793
3.73651003837585 1.39107000827789
3.74833989143372 1.3955500125885
3.76020002365112 1.40003001689911
3.77208995819092 1.40453004837036
3.78400993347168 1.40903997421265
3.79595994949341 1.41356003284454
3.80795001983643 1.41808998584747
3.81996011734009 1.42263996601105
3.83201003074646 1.42718994617462
3.8440899848938 1.43175995349884
3.85618996620178 1.43633997440338
3.86833000183105 1.44093000888824
3.88050007820129 1.44553005695343
3.8926899433136 1.45013999938965
3.90492010116577 1.45475995540619
3.91718006134033 1.45940005779266
3.92946004867554 1.46404004096985
3.94178009033203 1.46870005130768
3.95411992073059 1.47335994243622
3.96650004386902 1.47803997993469
3.97889995574951 1.48273003101349
3.99133992195129 1.48742997646332
4.00379991531372 1.49214005470276
4.01629018783569 1.49686002731323
4.02881002426147 1.50159001350403
4.04135990142822 1.50633001327515
4.05393981933594 1.51109004020691
4.0665397644043 1.51584994792938
4.07917976379395 1.52063000202179
4.09183979034424 1.5254100561142
4.1045298576355 1.53020000457764
4.11724996566772 1.53500998020172
4.1299901008606 1.53982996940613
4.1427698135376 1.54464995861053
4.1555700302124 1.54948997497559
4.16839981079102 1.55434000492096
4.18126010894775 1.55919003486633
4.19413995742798 1.56405997276306
4.20704984664917 1.5689400434494
4.21998977661133 1.57381999492645
4.23296022415161 1.57871997356415
4.24595022201538 1.58362996578217
4.25896978378296 1.58853995800018
4.27201986312866 1.59346997737885
4.28508996963501 1.59841001033783
4.29819011688232 1.60335004329681
4.31130981445313 1.60830998420715
4.32447004318237 1.6132800579071
4.33763980865479 1.61825001239777
4.35085010528564 1.62323999404907
4.36407995223999 1.62822997570038
4.37732982635498 1.63323998451233
4.39062023162842 1.63824999332428
4.40392017364502 1.64327001571655
4.41726016998291 1.64830994606018
4.43061017990112 1.6533499956131
4.44399976730347 1.65840005874634
4.45740985870361 1.66346001625061
4.4708399772644 1.66852998733521
4.48430013656616 1.67360997200012
4.49777984619141 1.67869997024536
4.51129007339478 1.68379998207092
4.52481985092163 1.68889999389648
4.53838014602661 1.69402003288269
4.55195999145508 1.69913995265961
4.56556987762451 1.70428001880646
4.57919979095459 1.70941996574402
4.59285020828247 1.71457004547119
4.60653018951416 1.7197300195694
4.62023019790649 1.72490000724792
4.63395977020264 1.73008000850677
4.64770984649658 1.73526000976563
4.66147994995117 1.74046003818512
4.67528009414673 1.74565994739532
4.68909978866577 1.75086998939514
4.70293998718262 1.75609004497528
4.71681022644043 1.76131999492645
4.73070001602173 1.76655995845795
4.74460983276367 1.77181005477905
4.75855016708374 1.77706003189087
4.77251005172729 1.78233003616333
4.78648996353149 1.78760004043579
4.80048990249634 1.79288005828857
4.81451988220215 1.79816997051239
4.8285698890686 1.8034600019455
4.8426399230957 1.80876994132996
4.85672998428345 1.81407999992371
4.87085008621216 1.81939995288849
4.88499021530151 1.82473003864288
4.89914989471436 1.83007001876831
4.913330078125 1.83540999889374
4.92752981185913 1.84077000617981
4.94176006317139 1.84613001346588
4.95600986480713 1.85150003433228
4.97028017044067 1.85687005519867
4.98457002639771 1.86225998401642
4.99887990951538 1.86765003204346
5.0132098197937 1.87304997444153
5.02756977081299 1.87846004962921
5.04194021224976 1.8838700056076
5.05634021759033 1.88929998874664
5.07075977325439 1.89472997188568
5.08518981933594 1.90016996860504
5.09964990615845 1.9056099653244
5.1141300201416 1.91106998920441
5.1286301612854 1.91653001308441
5.14314985275269 1.92200005054474
5.1577000617981 1.9274799823761
5.17225980758667 1.93296003341675
5.18684005737305 1.93844997882843
5.20143985748291 1.94395005702972
5.2160701751709 1.94946002960205
5.23071002960205 1.95497000217438
5.24536991119385 1.96048998832703
5.26005983352661 1.96601998806
5.2747597694397 1.97154998779297
5.28948020935059 1.97710001468658
5.30422019958496 1.9826500415802
5.3189902305603 1.98819994926453
5.33376979827881 1.99377000331879
5.34856986999512 1.99934005737305
5.36338996887207 2.00492000579834
5.37823009490967 2.01049995422363
5.39308977127075 2.01608991622925
5.40796995162964 2.02168989181519
5.42287015914917 2.02729988098145
5.43778991699219 2.03291010856628
5.45272016525269 2.03853011131287
5.46767997741699 2.04415988922119
5.48264980316162 2.0497899055481
5.49764013290405 2.05542993545532
5.51266002655029 2.06107997894287
5.52768993377686 2.06674003601074
5.54273986816406 2.07240009307861
5.55780982971191 2.07805991172791
5.57288980484009 2.08373999595642
5.58799982070923 2.08942008018494
5.60311985015869 2.0951099395752
5.6182599067688 2.10080003738403
5.63341999053955 2.10649991035461
5.64860010147095 2.1122100353241
5.66379976272583 2.11792993545532
5.67900991439819 2.12365007400513
5.69425010681152 2.12937998771667
5.70949983596802 2.13510990142822
5.72477006912231 2.14085006713867
5.7400598526001 2.14660000801086
5.75536012649536 2.15234994888306
5.77067995071411 2.15810990333557
5.78602981567383 2.16388010978699
5.8013801574707 2.16965007781982
5.81676006317139 2.17543005943298
5.83215999603271 2.18122005462646
5.84756994247437 2.18701004981995
5.86299991607666 2.19281005859375
5.87843990325928 2.19861006736755
5.89390993118286 2.20442008972168
5.90938997268677 2.21023988723755
5.92489004135132 2.216059923172
5.94040012359619 2.22188997268677
5.95593976974487 2.22773003578186
5.97148990631104 2.23357009887695
5.98706007003784 2.23941993713379
6.00263977050781 2.2452700138092
6.01823997497559 2.25113010406494
6.033860206604 2.25699996948242
6.04949998855591 2.26287007331848
6.06514978408813 2.26874995231628
6.08082008361816 2.27464008331299
6.09650993347168 2.28052997589111
6.11220979690552 2.28642010688782
6.12794017791748 2.29233002662659
6.14367008209229 2.29823994636536
6.15943002700806 2.30415010452271
6.17519998550415 2.3100700378418
6.19098997116089 2.31599998474121
6.20678997039795 2.32192993164063
6.22260999679565 2.32786989212036
6.238450050354 2.333820104599
6.25430011749268 2.33977007865906
6.27017021179199 2.34572005271912
6.28605985641479 2.35169005393982
6.30195999145508 2.3576500415802
6.31788015365601 2.36363005638123
6.33381986618042 2.36961007118225
6.34977006912231 2.3756000995636
6.3657398223877 2.38158988952637
6.38172006607056 2.38757991790771
6.39772987365723 2.39358997344971
6.41374015808105 2.3996000289917
6.42978000640869 2.40561008453369
6.44581985473633 2.41162991523743
6.46189022064209 2.41765999794006
6.47797012329102 2.4236900806427
6.49407005310059 2.42972993850708
6.51017999649048 2.43577003479004
6.52630996704102 2.44181990623474
6.5424599647522 2.44788002967834
6.5586199760437 2.45393991470337
6.57480001449585 2.46000003814697
6.59099006652832 2.46607995033264
6.60720014572144 2.47215008735657
6.62341976165771 2.47824001312256
6.6396598815918 2.48431992530823
6.65592002868652 2.49042010307312
6.67219018936157 2.49652004241943
6.68847990036011 2.50261998176575
6.70478010177612 2.50873994827271
6.72109985351563 2.51484990119934
6.73743009567261 2.52097010612488
6.75377988815308 2.52710008621216
6.77015018463135 2.53323006629944
6.78653001785278 2.53937005996704
6.80292987823486 2.54552006721497
6.81934022903442 2.55167007446289
6.83577013015747 2.55782008171082
6.85221004486084 2.56398010253906
6.86866998672485 2.57014989852905
6.88513994216919 2.57631993293762
6.90162992477417 2.58249998092651
6.91813993453979 2.58868002891541
6.93465995788574 2.59487009048462
6.95118999481201 2.60105991363525
6.96774005889893 2.60725998878479
6.98431015014648 2.61347007751465
7.00088977813721 2.61967992782593
7.01748991012573 2.62589001655579
7.03410005569458 2.63211011886597
7.05072021484375 2.63833999633789
7.06736993789673 2.64457011222839
7.08402013778687 2.65081000328064
7.10069990158081 2.65704989433289
7.11738014221191 2.66329002380371
7.13408994674683 2.6695499420166
7.15080976486206 2.67581009864807
7.16754007339478 2.68207001686096
7.18428993225098 2.68833994865417
7.2010498046875 2.69461011886597
7.21783018112183 2.7008900642395
7.23462009429932 2.70718002319336
7.25143003463745 2.71346998214722
7.26824998855591 2.71975994110107
7.28508996963501 2.72605991363525
7.30193996429443 2.73236989974976
7.3188099861145 2.73867988586426
7.33570003509521 2.74499988555908
7.35259008407593 2.75131988525391
7.36951017379761 2.75763988494873
7.38643980026245 2.7639799118042
7.40337991714478 2.77030992507935
7.42034006118774 2.77665996551514
7.43731021881104 2.78299999237061
7.45429992675781 2.78936004638672
7.47130012512207 2.79572010040283
7.48831987380981 2.80207991600037
7.50535011291504 2.8084499835968
7.52239990234375 2.81482005119324
7.53946018218994 2.82119989395142
7.55654001235962 2.8275899887085
7.57362985610962 2.83398008346558
7.5907301902771 2.84036993980408
7.60785007476807 2.84677004814148
7.62498998641968 2.85317993164063
7.64213991165161 2.85959005355835
7.65930986404419 2.8659999370575
7.67648983001709 2.87242007255554
7.69367980957031 2.87884998321533
7.71088981628418 2.88527989387512
7.72811985015869 2.89172005653381
7.7453498840332 2.89815998077393
7.76260995864868 2.90460991859436
7.77988004684448 2.91106009483337
7.79716014862061 2.91752004623413
7.81445980072021 2.92397999763489
7.8317699432373 2.93044996261597
7.84910011291504 2.93691992759705
7.86643981933594 2.94339990615845
7.88380002975464 2.94987988471985
7.9011697769165 2.95637011528015
7.91855001449585 2.96286010742188
7.93594980239868 2.96936011314392
7.95337009429932 2.97586011886597
7.97079992294312 2.98236989974976
7.98823976516724 2.98887991905212
8.00570011138916 2.99539995193481
8.02318000793457 3.00192999839783
8.04065990447998 3.00845003128052
8.05817031860352 3.01499009132385
8.07567977905273 3.02152991294861
8.09321975708008 3.02806997299194
8.11075973510742 3.0346200466156
8.12831974029541 3.041179895401
8.14589977264404 3.04773998260498
8.16349029541016 3.05430006980896
8.1810998916626 3.06086993217468
8.19871997833252 3.06744003295898
8.21634960174561 3.07401990890503
8.23400020599365 3.08061003684998
8.25166034698486 3.08719992637634
8.2693395614624 3.09379005432129
8.28703022003174 3.10038995742798
8.3047399520874 3.10700011253357
8.32246017456055 3.11361002922058
8.34020042419434 3.12022995948792
8.35795021057129 3.12684988975525
8.37570953369141 3.13347005844116
8.39348983764648 3.14010000228882
8.41129016876221 3.1467399597168
8.42910003662109 3.15337991714478
8.44692039489746 3.16002988815308
8.46475982666016 3.16668009757996
8.48260974884033 3.17333006858826
8.50047969818115 3.17999005317688
8.51836013793945 3.18666005134583
8.53625965118408 3.19333004951477
8.55416965484619 3.20001006126404
8.57209014892578 3.20669007301331
8.5900297164917 3.2133800983429
8.60799026489258 3.22006988525391
8.62596035003662 3.2267599105835
8.64393997192383 3.23346996307373
8.66193962097168 3.24017000198364
8.67994976043701 3.24688005447388
8.69797992706299 3.25359988212585
8.71601963043213 3.26031994819641
8.73408031463623 3.26705002784729
8.75214958190918 3.27378010749817
8.77023983001709 3.28051996231079
8.78833961486816 3.28726005554199
8.80644989013672 3.29400992393494
8.82458019256592 3.30076003074646
8.84272003173828 3.30751991271973
8.86087989807129 3.31428003311157
8.87905979156494 3.32104992866516
8.89723968505859 3.32782006263733
8.91545009613037 3.33459997177124
8.93365955352783 3.34137988090515
8.95188999176025 3.34817004203796
8.97014045715332 3.3549599647522
8.98840045928955 3.36175990104675
9.00667953491211 3.36856007575989
9.02497005462646 3.37537002563477
9.04327011108398 3.38217997550964
9.06159019470215 3.38899993896484
9.07991981506348 3.39581990242004
9.09827041625977 3.40265011787415
9.1166296005249 3.40949010848999
9.135009765625 3.41632008552551
9.15340042114258 3.42317008972168
9.17181015014648 3.43002009391785
9.19023036956787 3.43687009811401
9.20866966247559 3.4437301158905
9.2271203994751 3.45058989524841
9.24557971954346 3.45745992660522
9.26406002044678 3.46432995796204
9.28256034851074 3.47121000289917
9.30107021331787 3.47810006141663
9.31958961486816 3.4849898815155
9.33812999725342 3.49187994003296
9.35667991638184 3.49878001213074
9.3752498626709 3.50568008422852
9.39383029937744 3.51258993148804
9.41242980957031 3.51951003074646
9.43103981018066 3.5264298915863
9.44966983795166 3.53334999084473
9.46831035614014 3.54028010368347
9.48696994781494 3.54720997810364
9.50564002990723 3.55415010452271
9.52431964874268 3.56110000610352
9.54302024841309 3.56804990768433
9.56173992156982 3.57500004768372
9.58047008514404 3.58195996284485
9.59920978546143 3.5889298915863
9.61797046661377 3.59590005874634
9.63673973083496 3.60286998748779
9.65552997589111 3.60984992980957
9.67434024810791 3.61683988571167
9.69314956665039 3.62383008003235
9.71199035644531 3.63083004951477
9.73083972930908 3.63783001899719
9.74969959259033 3.64482998847961
9.76858043670654 3.65183997154236
9.7874698638916 3.65885996818542
9.80636978149414 3.66587996482849
9.8253002166748 3.67290997505188
9.84422969818115 3.67993998527527
9.86318016052246 3.68698000907898
9.8821496963501 3.69402003288269
9.90112972259521 3.7010600566864
9.92012977600098 3.70812010765076
9.93914031982422 3.71516990661621
9.95816993713379 3.72222995758057
9.97721004486084 3.72930002212524
9.99625968933105 3.73637008666992
10.0152997970581 3.74344992637634
