0.938708007335663 0.490289986133575
0.936684012413025 0.489124000072479
0.934669017791748 0.487962007522583
0.93266099691391 0.486804008483887
0.930661022663116 0.485650986433029
0.928668022155762 0.484501987695694
0.926683008670807 0.483357012271881
0.924705028533936 0.482216000556946
0.922734975814819 0.481079995632172
0.920772016048431 0.47994801402092
0.918815970420837 0.478819996118546
0.916867017745972 0.477696001529694
0.914925992488861 0.476576000452042
0.912992000579834 0.47545999288559
0.911064982414246 0.474348992109299
0.909144997596741 0.473241001367569
0.907232999801636 0.472137004137039
0.905327022075653 0.471038013696671
0.903428018093109 0.469942003488541
0.901535987854004 0.468851000070572
0.899652004241943 0.467763006687164
0.89777398109436 0.466679006814957
0.8959019780159 0.465599000453949
0.894038021564484 0.464522987604141
0.892180025577545 0.463450998067856
0.890330016613007 0.46238300204277
0.888485014438629 0.461317986249924
0.886647999286652 0.460256993770599
0.884817004203796 0.459199994802475
0.88299298286438 0.458146989345551
0.881174981594086 0.457096993923187
0.879364013671875 0.456050992012024
0.877559006214142 0.455009013414383
0.875760018825531 0.45397099852562
0.873968005180359 0.452935993671417
0.87218302488327 0.451903998851776
0.870402991771698 0.450877010822296
0.868629992008209 0.449853003025055
0.866864025592804 0.448832005262375
0.865103006362915 0.447815001010895
0.86334902048111 0.446801990270615
0.861599981784821 0.445791989564896
0.859857976436615 0.444784998893738
0.858121991157532 0.44378200173378
0.856392025947571 0.442782014608383
0.854668021202087 0.441785991191864
0.852949976921082 0.440793007612228
0.851238012313843 0.43980398774147
0.849532008171082 0.438818007707596
0.847832024097443 0.43783500790596
0.846138000488281 0.436856001615524
0.844448983669281 0.43588000535965
0.842767000198364 0.434906989336014
0.841090023517609 0.433937013149261
0.839417994022369 0.432971000671387
0.837752997875214 0.432007998228073
0.836093008518219 0.431048005819321
0.834438979625702 0.430092006921768
0.832790017127991 0.429138004779816
0.831147015094757 0.428187996149063
0.829509973526001 0.427240997552872
0.827877998352051 0.426297008991241
0.826250970363617 0.42535600066185
0.82463002204895 0.424418985843658
0.823014974594116 0.423483997583389
0.821404993534088 0.422551989555359
0.819800019264221 0.421624004840851
0.818199992179871 0.42069798707962
0.816605985164642 0.419775992631912
0.815016984939575 0.418857008218765
0.81343400478363 0.417939990758896
0.811855018138885 0.417026996612549
0.810281991958618 0.416115999221802
0.808713972568512 0.415208011865616
0.807151019573212 0.414303988218307
0.805594027042389 0.413401991128922
0.804041028022766 0.412503004074097
0.802493989467621 0.411606997251511
0.80095100402832 0.410714000463486
0.799413979053497 0.409824013710022
0.797881007194519 0.408935993909836
0.796353995800018 0.408051997423172
0.794830977916718 0.407169997692108
0.793313026428223 0.406291007995605
0.791800975799561 0.40541398525238
0.790292978286743 0.404540985822678
0.788789987564087 0.403670012950897
0.787290990352631 0.402801990509033
0.785798013210297 0.401937007904053
0.784309029579163 0.40107399225235
0.782824993133545 0.400213986635208
0.781346023082733 0.399356991052628
0.779870986938477 0.398501992225647
0.778401017189026 0.397650003433228
0.776935994625092 0.396800994873047
0.775475025177002 0.395954012870789
0.774019002914429 0.395110011100769
0.772566974163055 0.394268006086349
0.771120011806488 0.393429011106491
0.769677996635437 0.392592996358871
0.76823902130127 0.391759008169174
0.76680600643158 0.390926986932755
0.76537698507309 0.390098989009857
0.763952016830444 0.389272004365921
0.762531995773315 0.388447999954224
0.761116027832031 0.387627005577087
0.759703993797302 0.386808007955551
0.758297026157379 0.385991990566254
0.756893992424011 0.385177999734879
0.755495011806488 0.384366005659103
0.754100978374481 0.383556991815567
0.752710998058319 0.382750004529953
0.751325011253357 0.381945997476578
0.749943017959595 0.381143987178802
0.748565018177032 0.38034400343895
0.747192025184631 0.379546999931335
0.74582302570343 0.378751993179321
0.744457006454468 0.377959012985229
0.743095993995667 0.377169013023376
0.741738975048065 0.376381009817123
0.740386009216309 0.37559500336647
0.739036977291107 0.374810993671417
0.73769199848175 0.374029994010925
0.736352026462555 0.373250991106033
0.735014975070953 0.372474998235703
0.73368102312088 0.37169998884201
0.732352018356323 0.37092798948288
0.731027007102966 0.370157986879349
0.729705989360809 0.36939001083374
0.728388011455536 0.368624001741409
0.727074980735779 0.36786100268364
0.725764989852905 0.367098987102509
0.724458992481232 0.366340011358261
0.723155975341797 0.365583002567291
0.721858024597168 0.364827990531921
0.720562994480133 0.364075005054474
0.719272017478943 0.363324999809265
0.717984974384308 0.362576007843018
0.716700971126556 0.361829996109009
0.71542102098465 0.361084997653961
0.714145004749298 0.360343009233475
0.71287202835083 0.359602004289627
0.711602985858917 0.358864009380341
0.710337996482849 0.358128011226654
0.70907598733902 0.357392996549606
0.70781797170639 0.35666099190712
0.706562995910645 0.355931013822556
0.705312013626099 0.355203002691269
0.704064011573792 0.354476004838943
0.702818989753723 0.353751987218857
0.701578974723816 0.353029012680054
0.700340986251831 0.352308988571167
0.699106991291046 0.351590007543564
0.697876989841461 0.350874006748199
0.696649014949799 0.350158989429474
0.695425987243652 0.349445998668671
0.694204986095428 0.348735004663467
0.692987978458405 0.348026007413864
0.691774010658264 0.347319006919861
0.690563976764679 0.346614003181458
0.689356982707977 0.345910012722015
0.688153028488159 0.345209002494812
0.686951994895935 0.34450900554657
0.685754001140594 0.343811005353928
0.684560000896454 0.343115001916885
0.683368980884552 0.342420995235443
0.682181000709534 0.341728001832962
0.680997014045715 0.341037005186081
0.679814994335175 0.3403480052948
0.678637027740479 0.339661002159119
0.67746102809906 0.338975012302399
0.676289021968842 0.338292002677917
0.675119996070862 0.337608993053436
0.673954010009766 0.336928993463516
0.672791004180908 0.336250990629196
0.67163097858429 0.335574001073837
0.670473992824554 0.334897994995117
0.669319987297058 0.334224998950958
0.668169021606445 0.333552986383438
0.667020976543427 0.33288300037384
0.665875971317291 0.332213997840881
0.66473400592804 0.331546992063522
0.663595020771027 0.330882012844086
0.662459015846252 0.330219000577927
0.661324977874756 0.329557001590729
0.660194993019104 0.32889598608017
0.65906697511673 0.328236997127533
0.6579430103302 0.327580004930496
0.656821012496948 0.326923996210098
0.655700981616974 0.326270014047623
0.654585003852844 0.325617998838425
0.653470993041992 0.324966996908188
0.65236097574234 0.324317991733551
0.65125298500061 0.323669999837875
0.650147020816803 0.323022991418839
0.649044990539551 0.322378009557724
0.647944986820221 0.321734994649887
0.646847009658813 0.321092993021011
0.645753026008606 0.320452988147736
0.644661009311676 0.319813996553421
0.643571972846985 0.319177001714706
0.642485022544861 0.318540990352631
0.641400992870331 0.317905992269516
0.640318989753723 0.317272990942001
0.639240980148315 0.316641986370087
0.638163983821869 0.316011995077133
0.637090981006622 0.315382987260818
0.636018991470337 0.314756006002426
0.634950995445251 0.314130008220673
0.633885025978088 0.313504993915558
0.632821023464203 0.312882006168365
0.631760001182556 0.312260001897812
0.630701005458832 0.311639994382858
0.629644989967346 0.311021000146866
0.628591001033783 0.310402989387512
0.627538979053497 0.309787005186081
0.626489996910095 0.309172004461288
0.625442981719971 0.308557987213135
0.62439900636673 0.307945996522903
0.623356997966766 0.307334989309311
0.622318029403687 0.30672499537468
0.621280014514923 0.306116014719009
0.620244979858398 0.305509001016617
0.619212985038757 0.304903000593185
0.618182003498077 0.304298013448715
0.617154002189636 0.303694993257523
0.616128027439117 0.303092986345291
0.615104973316193 0.302491992712021
0.614082992076874 0.301892012357712
0.613063991069794 0.30129399895668
0.612047016620636 0.300695985555649
0.611032009124756 0.30009999871254
0.610019981861115 0.299504995346069
0.609009027481079 0.29891100525856
0.608000993728638 0.298319011926651
0.606994986534119 0.297726988792419
0.605989992618561 0.29713699221611
0.604987978935242 0.296548008918762
0.603987991809845 0.295960009098053
0.602990984916687 0.295372992753983
0.60199499130249 0.294786989688873
0.601001024246216 0.294203013181686
0.600009024143219 0.293619006872177
0.5990189909935 0.293036997318268
0.598030984401703 0.292454987764359
0.597045004367828 0.291875004768372
0.596062004566193 0.291296005249023
0.595080018043518 0.290717989206314
0.594099998474121 0.290140986442566
0.593120992183685 0.289564996957779
0.592145025730133 0.288989007472992
0.591171026229858 0.288415014743805
0.5901979804039 0.287842005491257
0.589227974414825 0.28727000951767
0.588258981704712 0.286698997020721
0.587292015552521 0.286128997802734
0.586326003074646 0.285560011863708
0.58536297082901 0.284992009401321
0.58440101146698 0.284424990415573
0.583441019058228 0.283858001232147
0.582482993602753 0.283293008804321
0.5815269947052 0.282728999853134
0.580572009086609 0.282164990901947
0.579618990421295 0.281601995229721
0.578666985034943 0.281040996313095
0.577718019485474 0.280479997396469
0.576770007610321 0.279920011758804
0.57582300901413 0.279361009597778
0.574877977371216 0.278802007436752
0.573934972286224 0.278245002031326
0.572992980480194 0.2776879966259
0.572053015232086 0.277132987976074
0.571114003658295 0.276578009128571
0.570177018642426 0.276023000478745
0.569240987300873 0.275469988584518
0.568306982517242 0.274917006492615
0.567373991012573 0.27436500787735
0.566443026065826 0.273813992738724
0.565513014793396 0.273263990879059
0.564584970474243 0.272713989019394
0.563656985759735 0.27216500043869
0.562731981277466 0.271616995334625
0.561806976795197 0.27106899023056
0.56088399887085 0.270521998405457
0.559961974620819 0.269975990056992
0.559041976928711 0.269430011510849
0.558122992515564 0.268885999917984
0.557205021381378 0.26834100484848
0.556288003921509 0.267796993255615
0.555371999740601 0.267253994941711
0.554458022117615 0.266712009906769
0.553544998168945 0.266169995069504
0.552632987499237 0.265628010034561
0.55172199010849 0.265087008476257
0.550812005996704 0.264546990394592
0.549902975559235 0.26400700211525
0.548995018005371 0.263467997312546
0.548089027404785 0.262928992509842
0.547182977199554 0.262391000986099
0.54627799987793 0.261853009462357
0.545373976230621 0.261314988136292
0.544471025466919 0.26077800989151
0.543569028377533 0.260241985321045
0.542667984962463 0.259705007076263
0.541768014431 0.259169012308121
0.540867984294891 0.258634001016617
0.539969027042389 0.258098989725113
0.539071023464203 0.257564008235931
0.538173973560333 0.257028996944427
0.53727799654007 0.256494998931885
0.536382019519806 0.255961000919342
0.535485982894897 0.255427002906799
0.534591972827911 0.254893004894257
0.533697009086609 0.254359990358353
0.532804012298584 0.253827005624771
0.531911015510559 0.253293007612228
0.531018018722534 0.252759993076324
0.530125975608826 0.252227991819382
0.529233992099762 0.2516950070858
0.528343021869659 0.251161992549896
0.527450978755951 0.250629007816315
0.526560008525848 0.250097006559372
0.525669991970062 0.249564006924629
0.52477902173996 0.249031007289886
0.523889005184174 0.248497992753983
0.522997975349426 0.24796499311924
0.522108018398285 0.247431993484497
0.521218001842499 0.246898993849754
0.520326972007751 0.246365994215012
0.51943701505661 0.245831996202469
0.518545985221863 0.245297998189926
0.517656028270721 0.244764000177383
0.516763985157013 0.244229003787041
0.51587301492691 0.243694007396698
0.514980971813202 0.243158996105194
0.514088988304138 0.242623001337051
0.513195991516113 0.242085993289948
0.512301981449127 0.241549998521805
0.511407971382141 0.241012006998062
0.510513007640839 0.240474000573158
0.50961697101593 0.239934995770454
0.508720993995667 0.239394992589951
0.50782299041748 0.238855004310608
0.506923973560333 0.238314002752304
0.50602400302887 0.2377710044384
0.505123019218445 0.237228006124496
0.504220008850098 0.236683994531631
0.503315985202789 0.236138001084328
0.502411007881165 0.235591992735863
0.501502990722656 0.235044002532959
0.500594019889832 0.234494999051094
0.499682009220123 0.233943998813629
0.498768985271454 0.233392000198364
0.497853010892868 0.232838004827499
0.49693500995636 0.232281997799873
0.496013998985291 0.231725007295609
0.495090007781982 0.231165006756783
0.494163990020752 0.230603992938995
0.493234008550644 0.230039998888969
0.492300987243652 0.229473993182182
0.491364002227783 0.228906005620956
0.490422993898392 0.228334993124008
0.4894779920578 0.227761000394821
0.488528996706009 0.227183997631073
0.487574994564056 0.226603001356125
0.486615985631943 0.226019993424416
0.48565199971199 0.225431993603706
0.484681010246277 0.224840998649597
0.483705013990402 0.224245995283127
0.482722014188766 0.223646000027657
0.481730997562408 0.223040997982025
0.480733007192612 0.222432002425194
0.479725986719131 0.221816003322601
0.478711009025574 0.221194997429848
0.477685987949371 0.220567002892494
0.47664999961853 0.21993300318718
0.475602000951767 0.219291001558304
0.474541991949081 0.218639999628067
0.473468989133835 0.217980995774269
0.472380012273788 0.21731199324131
0.471275985240936 0.21663199365139
0.470153003931046 0.215939998626709
0.46900999546051 0.215234994888306
0.467844992876053 0.214515998959541
0.466655999422073 0.213781997561455
0.465440005064011 0.213028997182846
0.464193999767303 0.212256997823715
0.462915986776352 0.211464002728462
0.461602985858917 0.210648000240326
0.460251986980438 0.209808006882668
0.458866000175476 0.208943992853165
0.457446992397308 0.208057001233101
0.456007987260818 0.207157000899315
0.454573005437851 0.206257000565529
0.453175008296967 0.205378994345665
0.45185399055481 0.204546004533768
0.450639009475708 0.203778997063637
0.449544012546539 0.203086003661156
0.448568999767303 0.202466994524002
0.447703987360001 0.201916992664337
0.446934998035431 0.2014269977808
0.446251004934311 0.200991004705429
0.44563901424408 0.200598999857903
0.445089995861053 0.200248003005981
0.444595009088516 0.199929997324944
0.444148004055023 0.19964200258255
0.443742007017136 0.199380993843079
0.443372011184692 0.199143007397652
0.443035989999771 0.198926001787186
0.442728996276855 0.198726996779442
0.442447990179062 0.19854499399662
0.442191004753113 0.198378995060921
0.441956013441086 0.198226004838943
0.44174200296402 0.198087006807327
0.441545009613037 0.197959005832672
0.441365987062454 0.197842001914978
0.441202014684677 0.197734996676445
0.441053003072739 0.197637006640434
0.440916985273361 0.197549000382423
0.440793991088867 0.197467997670174
0.440683007240295 0.197395995259285
0.440584003925323 0.197329998016357
0.440495014190674 0.197272002696991
0.440416008234024 0.197219997644424
0.440346002578735 0.197173997759819
0.440284997224808 0.197134003043175
0.440232992172241 0.19709900021553
0.440189003944397 0.197070002555847
0.440151989459991 0.197045996785164
0.440122991800308 0.197026997804642
0.440100997686386 0.197012007236481
0.440086007118225 0.197001993656158
0.440077006816864 0.196996003389359
0.440075010061264 0.196994006633759
0.440077990293503 0.196997001767159
0.440086990594864 0.19700300693512
0.440102010965347 0.197012007236481
0.440122008323669 0.197025999426842
0.440147012472153 0.197042003273964
0.440176993608475 0.197062000632286
0.440210998058319 0.197086006402969
0.440250992774963 0.197111994028091
0.44029501080513 0.197142004966736
0.440342992544174 0.197173997759819
0.440396010875702 0.197209000587463
0.440452009439468 0.197246998548508
0.440513014793396 0.197288006544113
0.440578013658524 0.197331994771957
0.44064599275589 0.197377994656563
0.440717995166779 0.197426006197929
0.440793007612228 0.197476997971535
0.440872013568878 0.197530999779701
0.440955013036728 0.197586998343468
0.441040992736816 0.197644993662834
0.441130012273788 0.197705000638962
0.441222012042999 0.197768002748489
0.441316992044449 0.197832003235817
0.441415995359421 0.197898998856544
0.441516995429993 0.197968006134033
0.441621005535126 0.198038995265961
0.441729009151459 0.198111996054649
0.441837996244431 0.198186993598938
0.441951006650925 0.198264002799988
0.442066997289658 0.198342993855476
0.442184001207352 0.198422998189926
0.442304998636246 0.198505997657776
0.44242799282074 0.198589995503426
0.442553997039795 0.198676005005836
0.44268199801445 0.198763996362686
0.442811995744705 0.198853999376297
0.442945003509521 0.198945000767708
0.443080008029938 0.199037998914719
0.443217992782593 0.199132993817329
0.44335800409317 0.199229001998901
0.443500012159348 0.199327006936073
0.443643987178802 0.199425995349884
0.44378998875618 0.199526995420456
0.443939000368118 0.199630007147789
0.444090008735657 0.199734002351761
0.444242000579834 0.199839994311333
0.444397002458572 0.199946999549866
0.444554001092911 0.200055003166199
0.444712996482849 0.200166001915932
0.444873005151749 0.200277000665665
0.445035994052887 0.200389996170998
0.445201009511948 0.200505003333092
0.445367008447647 0.200620993971825
0.445535987615585 0.200737997889519
0.445706009864807 0.200856000185013
0.445877999067307 0.200976997613907
0.446052014827728 0.201097995042801
0.446227997541428 0.201221004128456
0.446406006813049 0.20134499669075
0.44658499956131 0.201470002532005
0.44676598906517 0.20159700512886
0.446949005126953 0.201725006103516
0.447133988142014 0.201855003833771
0.447320014238358 0.201985001564026
0.447508007287979 0.202116996049881
0.447697013616562 0.202251002192497
0.447889000177383 0.202384993433952
0.448082000017166 0.202520996332169
0.44827601313591 0.202657997608185
0.448473006486893 0.202795997262001
0.448669999837875 0.202935993671417
0.448870003223419 0.203077003359795
0.449070990085602 0.203218996524811
0.449272990226746 0.203362002968788
0.449476987123489 0.203505992889404
0.449683010578156 0.203651994466782
0.449889987707138 0.203798994421959
0.450098991394043 0.203946992754936
0.450309008359909 0.204096004366875
0.450520992279053 0.204245999455452
0.450733989477158 0.20439800620079
0.450949013233185 0.204550996422768
0.451164990663528 0.204704999923706
0.451382994651794 0.204860001802444
0.451602011919022 0.205016002058983
0.451822996139526 0.205173000693321
0.452044993638992 0.20533199608326
0.452268987894058 0.205492004752159
0.452493995428085 0.205651998519897
0.452719986438751 0.205814003944397
0.452948004007339 0.205978006124496
0.453177005052567 0.206141993403435
0.453408002853394 0.206306993961334
0.453640013933182 0.206474006175995
0.453873008489609 0.206641003489494
0.454107999801636 0.206809997558594
0.454344004392624 0.206980004906654
0.454582005739212 0.207150995731354
0.454820990562439 0.207322999835014
0.455060988664627 0.207496002316475
0.455303013324738 0.207671001553535
0.455545991659164 0.207846000790596
0.455790996551514 0.208022996783257
0.456037014722824 0.208201006054878
0.456283986568451 0.208379000425339
0.456532001495361 0.20855900645256
0.456782013177872 0.208739995956421
0.457033008337021 0.208921998739243
0.45728600025177 0.209104999899864
0.45754000544548 0.209289997816086
0.457794994115829 0.209474995732307
0.45805099606514 0.20966200530529
0.45830899477005 0.209848999977112
0.458568006753922 0.210038006305695
0.458828985691071 0.210227996110916
0.459089994430542 0.210418999195099
0.459352999925613 0.210610002279282
0.459618002176285 0.210804000496864
0.459883987903595 0.210997998714447
0.460150003433228 0.21119299530983
0.460418999195099 0.211389005184174
0.46068799495697 0.211586996912956
0.460958987474442 0.2117850035429
0.461230993270874 0.211985006928444
0.461504995822906 0.212184995412827
0.4617800116539 0.21238699555397
0.462056010961533 0.212589994072914
0.462332993745804 0.212794005870819
0.462612003087997 0.212999001145363
0.462891012430191 0.213204994797707
0.463173002004623 0.213412001729012
0.463454991579056 0.213621005415916
0.463739007711411 0.21382999420166
0.464024007320404 0.214040994644165
0.464309990406036 0.21425199508667
0.464598000049591 0.214465007185936
0.464886993169785 0.214679002761841
0.465176999568939 0.214893996715546
0.465467989444733 0.215110003948212
0.465761005878448 0.215326994657516
0.466055005788803 0.215544998645782
0.466349989175797 0.215764001011848
0.466645985841751 0.215985000133514
0.466944009065628 0.21620599925518
0.467242985963821 0.216428995132446
0.467543989419937 0.216653004288673
0.467844992876053 0.216877996921539
0.468147993087769 0.217103004455566
0.468452006578445 0.217331007122993
0.4687579870224 0.217558994889259
0.469063997268677 0.217787995934486
0.469372004270554 0.218017995357513
0.46968200802803 0.218250006437302
0.469992011785507 0.218483000993729
0.470304012298584 0.218715995550156
0.4706169962883 0.218951001763344
0.470932006835938 0.219187006354332
0.471246987581253 0.219424992799759
0.471563994884491 0.219662994146347
0.471882998943329 0.219901993870735
0.472202003002167 0.220143005251884
0.472523003816605 0.220385000109673
0.472844988107681 0.220627993345261
0.473167985677719 0.22087199985981
0.473493009805679 0.221117004752159
0.473818987607956 0.221362993121147
0.474146008491516 0.221609994769096
0.474474996328354 0.221858993172646
0.474804997444153 0.222109004855156
0.475136011838913 0.222360000014305
0.475468009710312 0.222611993551254
0.475802004337311 0.222865000367165
0.476137012243271 0.223120003938675
0.476473987102509 0.223374992609024
0.476810991764069 0.223631992936134
0.477149993181229 0.223890006542206
0.47749000787735 0.224149003624916
0.477831989526749 0.224408999085426
0.478175014257431 0.224671006202698
0.47851899266243 0.224933996796608
0.478864997625351 0.225197002291679
0.479211986064911 0.225462004542351
0.479559987783432 0.225729003548622
0.479909002780914 0.225996002554893
0.480260014533997 0.226264998316765
0.480612009763718 0.226535007357597
0.480966001749039 0.226805999875069
0.481321007013321 0.227078005671501
0.481676995754242 0.227351993322372
0.482033997774124 0.227626994252205
0.482392996549606 0.227902993559837
0.482753992080688 0.228180006146431
0.483114987611771 0.228458002209663
0.483478009700775 0.228737995028496
0.483841985464096 0.229019001126289
0.484207987785339 0.229301005601883
0.484575003385544 0.229585006833076
0.484943002462387 0.229868993163109
0.48531299829483 0.230155006051064
0.485684007406235 0.230442002415657
0.486057013273239 0.230730995535851
0.486431002616882 0.231021001935005
0.486806005239487 0.23131200671196
0.48718199133873 0.231603994965553
0.487560003995895 0.231897994875908
0.487940013408661 0.232192993164063
0.488321006298065 0.232489004731178
0.488703012466431 0.232785999774933
0.489086002111435 0.233085006475449
0.489470988512039 0.233384996652603
0.489858001470566 0.233686998486519
0.490245997905731 0.233989000320435
0.490635007619858 0.23429299890995
0.491026014089584 0.234598994255066
0.49141800403595 0.234905004501343
0.491811007261276 0.235212996602058
0.492206007242203 0.235523000359535
0.492603003978729 0.235834002494812
0.493000000715256 0.236146003007889
0.493400007486343 0.236459001898766
0.493800014257431 0.236773997545242
0.494203001260757 0.23709000647068
0.494605988264084 0.237407997250557
0.495011001825333 0.237726002931595
0.495418012142181 0.238047003746033
0.495826005935669 0.238368004560471
0.496235013008118 0.238691002130508
0.496645987033844 0.239015996456146
0.497058987617493 0.239342004060745
0.497473001480103 0.239668995141983
0.497887998819351 0.239997997879982
0.4983049929142 0.240327998995781
0.498724013566971 0.24065899848938
0.499143987894058 0.240991994738579
0.499565005302429 0.241327002644539
0.499987989664078 0.241662994027138
0.500413000583649 0.241999998688698
0.500838994979858 0.242339000105858
0.501266002655029 0.242678999900818
0.501695990562439 0.243020996451378
0.502125978469849 0.243364006280899
0.502559006214142 0.243707999587059
0.50299197435379 0.24405500292778
0.503427982330322 0.244402006268501
0.503865003585815 0.244751006364822
0.504302978515625 0.245102003216743
0.504742980003357 0.245453998446465
0.505185008049011 0.245808005332947
0.505627989768982 0.246162995696068
0.506072998046875 0.24651999771595
0.506519019603729 0.246877998113632
0.506967008113861 0.247237995266914
0.507417023181915 0.247599005699158
0.507867991924286 0.24796199798584
0.508320987224579 0.248326003551483
0.508776009082794 0.248692005872726
0.509231984615326 0.24906000494957
0.50968998670578 0.249429002404213
0.510149002075195 0.249799996614456
0.510609984397888 0.250171989202499
0.511072993278503 0.250546991825104
0.51153701543808 0.250921994447708
0.512003004550934 0.251298993825912
0.51247102022171 0.251677989959717
0.512941002845764 0.252059012651443
0.513411998748779 0.252440989017487
0.513885021209717 0.252824991941452
0.514358997344971 0.253210008144379
0.514835000038147 0.253596991300583
0.515313029289246 0.253986001014709
0.515793025493622 0.254377007484436
0.516274988651276 0.254768997430801
0.516758024692535 0.255163013935089
0.517243027687073 0.255558013916016
0.517728984355927 0.255955994129181
0.518217980861664 0.256354987621307
0.518707990646362 0.256754994392395
0.519200026988983 0.257158011198044
0.519693970680237 0.257562011480331
0.520188987255096 0.257968008518219
0.520686984062195 0.258376002311707
0.521185994148254 0.258785992860794
0.521686971187592 0.259196996688843
0.522189974784851 0.259609997272491
0.522693991661072 0.26002499461174
0.523200988769531 0.260441988706589
0.523708999156952 0.260859996080399
0.52421897649765 0.26128101348877
0.524730980396271 0.261703014373779
0.525245010852814 0.262127012014389
0.525761008262634 0.262553006410599
0.526278972625732 0.262980997562408
0.526798009872437 0.263410001993179
0.527320027351379 0.263841986656189
0.527842998504639 0.264275014400482
0.52836799621582 0.264710992574692
0.528895020484924 0.265148013830185
0.529425024986267 0.265587002038956
0.529955983161926 0.266027987003326
0.530489027500153 0.26647099852562
0.531023979187012 0.266916006803513
0.531561017036438 0.267363011837006
0.532099008560181 0.267812013626099
0.532639980316162 0.268263012170792
0.533182978630066 0.268716007471085
0.533728003501892 0.269170999526978
0.534274995326996 0.26962798833847
0.534824013710022 0.270087003707886
0.535374999046326 0.270547986030579
0.535928010940552 0.271010994911194
0.536482989788055 0.271476000547409
0.537039995193481 0.271943002939224
0.53759902715683 0.272412002086639
0.538160979747772 0.272882997989655
0.538724005222321 0.273357003927231
0.539288997650146 0.273831993341446
0.539856970310211 0.274309992790222
0.540427029132843 0.27478900551796
0.540998995304108 0.275270998477936
0.541572988033295 0.275754988193512
0.542149007320404 0.276241987943649
0.542726993560791 0.276730000972748
0.5433070063591 0.277220994234085
0.543889999389648 0.277713000774384
0.544475018978119 0.278207987546921
0.545062005519867 0.278706014156342
0.545651018619537 0.279204994440079
0.546241998672485 0.279707014560699
0.546836018562317 0.280211001634598
0.547432005405426 0.280716985464096
0.548030018806458 0.281224995851517
0.548631012439728 0.281735986471176
0.549233019351959 0.282249003648758
0.549838006496429 0.282765001058578
0.550445973873138 0.283282995223999
0.551055014133453 0.28380298614502
0.551666975021362 0.284325003623962
0.552281975746155 0.284850001335144
0.552897989749908 0.285378009080887
0.553516983985901 0.285907000303268
0.554139018058777 0.286439001560211
0.554762005805969 0.286974012851715
0.5553879737854 0.287510991096497
0.556016981601715 0.288051009178162
0.556648015975952 0.288592010736465
0.557281017303467 0.289137005805969
0.55791699886322 0.289683997631073
0.558555006980896 0.290232986211777
0.559195995330811 0.290785014629364
0.559840023517609 0.291339993476868
0.560485005378723 0.291896998882294
0.561133980751038 0.292457014322281
0.561784029006958 0.293018996715546
0.562438011169434 0.293583989143372
0.56309300661087 0.29415100812912
0.563751995563507 0.294721007347107
0.564413011074066 0.295293986797333
0.565075993537903 0.295870006084442
0.565743029117584 0.296447992324829
0.566411018371582 0.297028005123138
0.56708300113678 0.297612011432648
0.5677570104599 0.298198014497757
0.568434000015259 0.298786997795105
0.56911301612854 0.299378991127014
0.56979501247406 0.299973994493484
0.570479989051819 0.300570994615555
0.571168005466461 0.301171004772186
0.571857988834381 0.301773995161057
0.572551012039185 0.302379995584488
0.573247015476227 0.30298900604248
0.573944985866547 0.303600013256073
0.57464599609375 0.304215013980865
0.575350999832153 0.304832011461258
0.576057016849518 0.30545300245285
0.576767027378082 0.306075990200043
0.577480018138885 0.306701987981796
0.578194975852966 0.307330995798111
0.578913986682892 0.307963997125626
0.57963502407074 0.30859899520874
0.580358982086182 0.309237003326416
0.581085979938507 0.309879004955292
0.581816971302032 0.310523003339767
0.58254998922348 0.311170995235443
0.583285987377167 0.31182199716568
0.584025025367737 0.312474995851517
0.584766983985901 0.313131988048553
0.585511982440948 0.313793003559113
0.58626002073288 0.314455986022949
0.587010979652405 0.315122008323669
0.587765991687775 0.315791994333267
0.588522970676422 0.316464990377426
0.589282989501953 0.317142009735107
0.590047001838684 0.317820996046066
0.590813994407654 0.318504005670547
0.591584026813507 0.319191008806229
0.592356979846954 0.31988000869751
0.593133985996246 0.32057398557663
0.593913018703461 0.321269989013672
0.59469598531723 0.321969985961914
0.595481991767883 0.322672992944717
0.596271991729736 0.323379993438721
0.597064018249512 0.324090003967285
0.597860991954803 0.32480400800705
0.598659992218018 0.325522005558014
0.599462985992432 0.326243013143539
0.600269019603729 0.326967000961304
0.601078987121582 0.32769501209259
0.601891994476318 0.328426986932755
0.602707982063293 0.329163014888763
0.603528022766113 0.329901993274689
0.604350984096527 0.330644011497498
0.605177998542786 0.331391006708145
0.606009006500244 0.332141011953354
0.606842994689941 0.332895010709763
0.607680022716522 0.333653002977371
0.608521997928619 0.33441498875618
0.609365999698639 0.335180014371872
0.61021500825882 0.33594998717308
0.611066997051239 0.336722999811172
0.611922979354858 0.337500005960464
0.612782001495361 0.338281989097595
0.613645970821381 0.339067012071609
0.614512979984283 0.339855998754501
0.61538302898407 0.340649008750916
0.616258025169373 0.341446995735168
0.617136001586914 0.342247992753983
0.618018984794617 0.343053996562958
0.618905007839203 0.343863010406494
0.619795024394989 0.344677001237869
0.62068897485733 0.345494985580444
0.621586978435516 0.346316993236542
0.622488021850586 0.3471440076828
0.623394012451172 0.347974985837936
0.624303996562958 0.348809987306595
0.625217974185944 0.349649012088776
0.626136004924774 0.350493013858795
0.627058029174805 0.351341009140015
0.62798398733139 0.352194011211395
0.628915011882782 0.353051006793976
0.629849016666412 0.353913009166718
0.630788028240204 0.354779005050659
0.631730973720551 0.355650007724762
0.632677972316742 0.356525003910065
0.633629977703094 0.357405006885529
0.634585022926331 0.358289986848831
0.635545015335083 0.359178990125656
0.636510014533997 0.360073000192642
0.63747900724411 0.360971987247467
0.638451993465424 0.361876010894775
0.639429986476898 0.362783998250961
0.640411972999573 0.363696992397308
0.641399025917053 0.364614993333817
0.642390012741089 0.365538001060486
0.643386006355286 0.366465985774994
0.644387006759644 0.367399990558624
0.645392000675201 0.368337988853455
0.64640200138092 0.369280993938446
0.647415995597839 0.370229005813599
0.648436009883881 0.37118199467659
0.649460017681122 0.372141003608704
0.650488018989563 0.373104989528656
0.651521980762482 0.374074012041092
0.652559995651245 0.375048011541367
0.653603971004486 0.376028001308441
0.654651999473572 0.377012997865677
0.655704975128174 0.378003001213074
0.656763017177582 0.378998994827271
0.657827019691467 0.379999995231628
0.658895015716553 0.381006985902786
0.659968018531799 0.382019996643066
0.661046981811523 0.383038014173508
0.662129998207092 0.384061008691788
0.663218975067139 0.385091006755829
0.664313018321991 0.386126011610031
0.665413022041321 0.387167006731033
0.666517019271851 0.388213992118835
0.667626976966858 0.389266014099121
0.668743014335632 0.390325009822845
0.669862985610962 0.391389012336731
0.670989990234375 0.392459988594055
0.672120988368988 0.393536001443863
0.673259019851685 0.394618004560471
0.674400985240936 0.395707011222839
0.675549983978271 0.396802008152008
0.676703989505768 0.397902995347977
0.677864015102386 0.399010002613068
0.679028987884521 0.40012401342392
0.680199980735779 0.401244014501572
0.681376993656158 0.402370005846024
0.68256002664566 0.403503000736237
0.68374902009964 0.404642999172211
0.684943974018097 0.405788004398346
0.68614399433136 0.406940996646881
0.687350988388062 0.408100008964539
0.688564002513885 0.409265995025635
0.689782977104187 0.410439014434814
0.691007971763611 0.411617994308472
0.692238986492157 0.412804991006851
0.693476974964142 0.413998007774353
0.694719970226288 0.415197998285294
0.695969998836517 0.416404992341995
0.697227001190186 0.417620003223419
0.698490023612976 0.418841004371643
0.699759006500244 0.420069992542267
0.701035022735596 0.421306014060974
0.702316999435425 0.42254900932312
0.703606009483337 0.423799008131027
0.704901993274689 0.425056993961334
0.706203997135162 0.426322996616364
0.707513988018036 0.427596002817154
0.708829998970032 0.428876012563705
0.710152983665466 0.430164009332657
0.711481988430023 0.431459993124008
0.71281898021698 0.432763993740082
0.71416300535202 0.434076011180878
0.715514004230499 0.435395002365112
0.716871976852417 0.436722010374069
0.718236982822418 0.438057988882065
0.719609022140503 0.439401000738144
0.720988988876343 0.440753012895584
0.722375988960266 0.442113012075424
0.723770022392273 0.443480998277664
0.725171983242035 0.444858014583588
0.72658097743988 0.446242988109589
0.727998018264771 0.447636008262634
0.729422986507416 0.449037998914719
0.730854988098145 0.450448989868164
0.732294976711273 0.451867997646332
0.733743011951447 0.453296005725861
0.735198020935059 0.45473301410675
0.736661970615387 0.456178992986679
0.738133013248444 0.457634001970291
0.739612996578217 0.459098011255264
0.741101026535034 0.460570991039276
0.742596983909607 0.462053000926971
0.744100987911224 0.463544994592667
0.745612978935242 0.465045988559723
0.74713397026062 0.466556012630463
0.748663008213043 0.46807599067688
0.750200986862183 0.469604998826981
0.751747012138367 0.471143990755081
0.753301978111267 0.472692996263504
0.754866003990173 0.474251985549927
0.756438016891479 0.475820988416672
0.758019983768463 0.477398991584778
0.759609997272491 0.478987991809845
0.761209011077881 0.480587005615234
0.762817025184631 0.482196003198624
0.764434993267059 0.483815997838974
0.766061007976532 0.485446006059647
0.767696976661682 0.487085998058319
0.769342005252838 0.488736987113953
0.770996987819672 0.49039900302887
0.772660970687866 0.492071986198425
0.774335026741028 0.493755012750626
0.776018023490906 0.495449006557465
0.777561008930206 0.497002989053726
0.778593003749847 0.498044013977051
0.779284000396729 0.498739987611771
0.779744982719421 0.499206006526947
0.780053019523621 0.499516010284424
0.780259013175964 0.499722987413406
0.780395984649658 0.499861985445023
0.780463993549347 0.499931007623672
0.78049898147583 0.499965012073517
0.780533015727997 0.5
0.780533015727997 0.5
0.780566990375519 0.500034987926483
0.780601024627686 0.50006902217865
0.780669987201691 0.500137984752655
0.780807018280029 0.500276982784271
0.781013011932373 0.500485002994537
0.78132301568985 0.500796973705292
0.781786978244781 0.501266002655029
0.782485008239746 0.501969993114471
0.783535003662109 0.503031015396118
0.785117983818054 0.504630029201508
0.78686398267746 0.506395995616913
0.788619995117188 0.508174002170563
0.790386974811554 0.509962975978851
0.792164027690887 0.511763989925385
0.793951988220215 0.513577997684479
0.795750021934509 0.515402972698212
0.797559022903442 0.517239987850189
0.799378991127014 0.519089996814728
0.801209986209869 0.520952999591827
0.803050994873047 0.52282702922821
0.804903984069824 0.524715006351471
0.806768000125885 0.526615023612976
0.808642983436584 0.528527975082397
0.810528993606567 0.530453979969025
0.81242698431015 0.532392978668213
0.814336001873016 0.534344971179962
0.816256999969482 0.536310970783234
0.818189978599548 0.538290023803711
0.820134997367859 0.540283024311066
0.822090983390808 0.542289018630981
0.824060022830963 0.544309020042419
0.826040029525757 0.54634302854538
0.828032970428467 0.548390984535217
0.830038011074066 0.550453007221222
0.832055985927582 0.552529990673065
0.834086000919342 0.554620981216431
0.836129009723663 0.556725978851318
0.838183999061584 0.558847010135651
0.840252995491028 0.56098198890686
0.842333972454071 0.563131988048553
0.844429016113281 0.56529700756073
0.846536993980408 0.567476987838745
0.84865802526474 0.569673001766205
0.85079300403595 0.571883976459503
0.85294097661972 0.574110984802246
0.855103015899658 0.576353013515472
0.857277989387512 0.57861202955246
0.85946798324585 0.580887019634247
0.861671984195709 0.583177983760834
0.863889992237091 0.585484981536865
0.866122007369995 0.587809026241302
0.868368029594421 0.590148985385895
0.870630025863647 0.592505991458893
0.872905015945435 0.594880998134613
0.875195980072021 0.597271978855133
0.877502024173737 0.59968101978302
0.87982302904129 0.602106988430023
0.882158994674683 0.604551017284393
0.884509980678558 0.607012987136841
0.886877000331879 0.609492003917694
0.889258980751038 0.611989974975586
0.891658008098602 0.614506006240845
0.894071996212006 0.617039978504181
0.896502017974854 0.619593024253845
0.898948013782501 0.622165024280548
0.90141099691391 0.62475597858429
0.903891026973724 0.627366006374359
0.906386971473694 0.629996001720428
0.908899009227753 0.632645010948181
0.911428987979889 0.635312974452972
0.913976013660431 0.638001978397369
0.916540026664734 0.64070999622345
0.919121980667114 0.643438994884491
0.9217209815979 0.646188974380493
0.924337983131409 0.64895898103714
0.926972985267639 0.651750028133392
0.929625988006592 0.654561996459961
0.932296991348267 0.657395005226135
0.934987008571625 0.660248994827271
0.937695026397705 0.663125991821289
0.940421998500824 0.666024029254913
0.943167984485626 0.668944001197815
0.945932984352112 0.671886026859283
0.948716998100281 0.67485100030899
0.951520979404449 0.677838981151581
0.954343974590302 0.680850028991699
0.957186996936798 0.683883011341095
0.960051000118256 0.686940014362335
0.962934017181396 0.690020978450775
0.965838015079498 0.693125009536743
0.9687619805336 0.696254014968872
0.971707999706268 0.699406981468201
0.974673986434937 0.702584028244019
0.97766101360321 0.705785989761353
0.980669975280762 0.709012985229492
0.983699977397919 0.712265014648438
0.986751973628998 0.71554297208786
0.989826023578644 0.718846023082733
0.992922008037567 0.722176015377045
0.996040999889374 0.725530982017517
0.999181985855103 0.728913009166718
1.00234997272491 0.732321977615356
1.00552999973297 0.735756993293762
1.00873994827271 0.739220023155212
1.0119800567627 0.742709994316101
1.01522994041443 0.746227979660034
1.01850998401642 0.749773979187012
1.02181994915009 0.753349006175995
1.0251499414444 0.756951987743378
1.02849996089935 0.760582983493805
1.03188002109528 0.764244019985199
1.03529000282288 0.767934024333954
1.03872001171112 0.771654009819031
1.04217004776001 0.77540397644043
1.04565000534058 0.779183983802795
1.04916000366211 0.782993972301483
1.05269002914429 0.78683602809906
1.05624997615814 0.790708005428314
1.05983996391296 0.794611990451813
1.06344997882843 0.798547029495239
1.06709003448486 0.802514970302582
1.07076001167297 0.806514978408813
1.07445001602173 0.81054699420929
1.07817995548248 0.814612984657288
1.08193004131317 0.818711996078491
1.08571004867554 0.8228440284729
1.08951997756958 0.827009975910187
1.09335994720459 0.831210017204285
1.09721994400024 0.835444986820221
1.10111999511719 0.839715003967285
1.10504996776581 0.844020009040833
1.1090099811554 0.848360002040863
1.11299002170563 0.852735996246338
1.11700999736786 0.857149004936218
1.12106001377106 0.861598014831543
1.12513995170593 0.866083979606628
1.1292599439621 0.870607018470764
1.13339996337891 0.875167012214661
1.137580037117 0.87976598739624
1.14179003238678 0.884401977062225
1.14602994918823 0.8890780210495
1.15030002593994 0.893791973590851
1.15461003780365 0.898545026779175
1.15894997119904 0.903339028358459
1.16332995891571 0.908172011375427
1.16773998737335 0.913046002388
1.17218005657196 0.917959988117218
1.17665994167328 0.922914981842041
1.18118000030518 0.927913010120392
1.18572998046875 0.932950973510742
1.19031000137329 0.938032984733582
1.19493997097015 0.943156003952026
1.19958996772766 0.948323011398315
1.20429003238678 0.953532993793488
1.20902001857758 0.958787024021149
1.21379005908966 0.964084982872009
1.21860003471375 0.96942800283432
1.22344994544983 0.974815011024475
1.22833001613617 0.980247974395752
1.23325002193451 0.985725998878479
1.23821997642517 0.991250991821289
1.2432199716568 0.996820986270905
1.24826002120972 1.00243997573853
1.25334000587463 1.0081000328064
1.25846004486084 1.01382005214691
1.26362001895905 1.01958000659943
1.26882994174957 1.02539002895355
1.27407002449036 1.03123998641968
1.27936005592346 1.03715002536774
1.28468000888824 1.04311001300812
1.29005002975464 1.04911005496979
1.29546999931335 1.0551700592041
1.30092000961304 1.06128001213074
1.30641996860504 1.06744003295898
1.31196999549866 1.07365000247955
1.31754994392395 1.07991003990173
1.32318997383118 1.08622002601624
1.32886004447937 1.09258997440338
1.3345799446106 1.09900999069214
1.34035003185272 1.10547995567322
1.34616005420685 1.11201000213623
1.3520200252533 1.11858999729156
1.35792005062103 1.12522995471954
1.36388003826141 1.13191998004913
1.36986994743347 1.13865995407104
1.37592005729675 1.14547002315521
1.38200998306274 1.15232002735138
1.38814997673035 1.15924000740051
1.39434003829956 1.16621005535126
1.4005800485611 1.17323994636536
1.40685999393463 1.18032002449036
1.4132000207901 1.18746995925903
1.41957998275757 1.19466996192932
1.42601001262665 1.20193004608154
1.43250000476837 1.20924997329712
1.43903005123138 1.21661996841431
1.44561994075775 1.22406005859375
1.4522500038147 1.23155999183655
1.45894002914429 1.23910999298096
1.46566998958588 1.24672996997833
1.4724600315094 1.25441002845764
1.47930002212524 1.26215004920959
1.48619997501373 1.26995003223419
1.49313998222351 1.27780997753143
1.50013995170593 1.28573000431061
1.50718998908997 1.29372000694275
1.51428997516632 1.30176997184753
1.52145004272461 1.30988001823425
1.52866005897522 1.31805002689362
1.53592002391815 1.32629001140594
1.54323995113373 1.33458995819092
1.55060994625092 1.34294998645782
1.55804002285004 1.3513799905777
1.56551003456116 1.35986995697021
1.57305002212524 1.36842000484467
1.58063995838165 1.37704002857208
1.58827996253967 1.38572001457214
1.59598004817963 1.39446997642517
1.60372996330261 1.40328001976013
1.61153995990753 1.41216003894806
1.61941003799438 1.42110002040863
1.62732994556427 1.43010997772217
1.63530004024506 1.43918001651764
1.6433299779892 1.44831001758575
1.65141999721527 1.45750999450684
1.65955996513367 1.46677994728088
1.667760014534 1.47610998153687
1.67601001262665 1.48550999164581
1.68431997299194 1.4949699640274
1.69269001483917 1.50450003147125
1.70111000537872 1.51409995555878
1.70958995819092 1.52375996112823
1.71811997890472 1.53348004817963
1.72670996189117 1.54326999187469
1.73536002635956 1.55313003063202
1.74406003952026 1.56305003166199
1.75282001495361 1.5730299949646
1.76163005828857 1.58308005332947
1.77049994468689 1.59319996833801
1.77942001819611 1.60337996482849
1.78840005397797 1.6136200428009
1.79744005203247 1.62392997741699
1.8065299987793 1.63429999351501
1.81567001342773 1.644739985466
1.82488000392914 1.65524005889893
1.83413004875183 1.66580998897552
1.84344005584717 1.67644000053406
1.85281002521515 1.68712997436523
1.86222994327545 1.69789004325867
1.87170004844666 1.70869994163513
1.88122999668121 1.71958994865417
1.89081001281738 1.73053002357483
1.9004499912262 1.74152994155884
1.91014003753662 1.7525999546051
1.91988003253937 1.7637300491333
1.92967998981476 1.77491998672485
1.93953001499176 1.78617000579834
1.94942998886108 1.79747998714447
1.95939004421234 1.80885994434357
1.9693900346756 1.82028996944427
1.9794499874115 1.83177995681763
1.98956000804901 1.84333002567291
1.99971997737885 1.85494005680084
2.009929895401 1.86661005020142
2.02019000053406 1.87832999229431
2.03050994873047 1.89012002944946
2.04086995124817 1.90196001529694
2.05128002166748 1.91385996341705
2.06173992156982 1.92580997943878
2.07224988937378 1.93781995773315
2.08280992507935 1.94988000392914
2.09342002868652 1.96200001239777
2.10407996177673 1.97417998313904
2.11477994918823 1.98641002178192
2.12553000450134 1.99869000911713
2.13632988929749 2.01102995872498
2.1471700668335 2.02342009544373
2.15806007385254 2.03586006164551
2.16899991035461 2.0483500957489
2.17998003959656 2.06088995933533
2.19100999832153 2.07348990440369
2.2020800113678 2.08612990379333
2.21319007873535 2.09882998466492
2.22434997558594 2.11156988143921
2.23555994033813 2.12437009811401
2.2467999458313 2.13720989227295
2.25809001922607 2.15009999275208
2.26941990852356 2.16302990913391
2.28080010414124 2.17601990699768
2.2922101020813 2.18904995918274
2.30366992950439 2.20212006568909
2.31517004966736 2.21524000167847
2.32669997215271 2.22841000556946
2.33827996253967 2.24162006378174
2.34990000724792 2.25487995147705
2.36155009269714 2.26817011833191
2.37325000762939 2.2815101146698
2.38497996330261 2.29489994049072
2.39675998687744 2.30832004547119
2.40857005119324 2.32178997993469
2.42040991783142 2.33529996871948
2.43230009078979 2.34883999824524
2.44422006607056 2.36243009567261
2.45617008209229 2.37606000900269
2.46816992759705 2.38971996307373
2.48019003868103 2.40342998504639
2.49225997924805 2.41717004776001
2.50434994697571 2.43094992637634
2.51648998260498 2.44477009773254
2.5286500453949 2.45862007141113
2.54084992408752 2.47251009941101
2.5530800819397 2.4864399433136
2.56535005569458 2.50040006637573
2.57765007019043 2.51438999176025
2.58997988700867 2.52841997146606
2.60233998298645 2.54249000549316
2.61473989486694 2.55658006668091
2.62716007232666 2.57070994377136
2.63962006568909 2.58488011360168
2.65210008621216 2.59907007217407
2.66461992263794 2.61330008506775
2.67717003822327 2.62755990028381
2.68973994255066 2.6418399810791
2.70234990119934 2.65616011619568
2.71497988700867 2.67051005363464
2.72763991355896 2.68489003181458
2.74032998085022 2.69930005073547
2.75305008888245 2.71374011039734
2.76579999923706 2.72819995880127
2.77856993675232 2.74270009994507
2.79136991500854 2.75722002983093
2.80419993400574 2.77177000045776
2.8170599937439 2.78635001182556
2.8299400806427 2.800950050354
2.84283995628357 2.81557989120483
2.85577988624573 2.83022999763489
2.86873006820679 2.84491991996765
2.88172006607056 2.85962009429932
2.89472007751465 2.87435007095337
2.90775990486145 2.88911008834839
2.92080998420715 2.90388989448547
2.93390011787415 2.91868996620178
2.94700002670288 2.93352007865906
2.96012997627258 2.9483699798584
2.97327995300293 2.96324992179871
2.98645997047424 2.97814989089966
2.9996600151062 2.99306988716125
3.0128800868988 3.0080099105835
3.02611994743347 3.02296996116638
3.03939008712769 3.03796005249023
3.05267000198364 3.05295991897583
3.06597995758057 3.06799006462097
3.07931995391846 3.08303999900818
3.09266996383667 3.09810996055603
3.10604000091553 3.11319994926453
3.11944007873535 3.12830996513367
3.13285994529724 3.14344000816345
3.14629006385803 3.15859007835388
3.15974998474121 3.17374992370605
3.17322993278503 3.18894004821777
3.1867299079895 3.20413994789124
3.20024991035461 3.21936988830566
3.21377992630005 3.23461008071899
3.22733998298645 3.24987006187439
3.2409200668335 3.26515007019043
3.25450992584229 3.28045010566711
3.26813006401062 3.29575991630554
3.2817599773407 3.31108999252319
3.29541993141174 3.32644009590149
3.30908989906311 3.34179997444153
3.32277989387512 3.35718011856079
3.33648991584778 3.37258005142212
3.35021996498108 3.38798999786377
3.3639600276947 3.40341997146606
3.37772011756897 3.418869972229
3.3914999961853 3.43432998657227
3.40529990196228 3.44980001449585
3.41912007331848 3.46529006958008
3.43295001983643 3.48079991340637
3.44679999351501 3.49632000923157
3.46066999435425 3.51185989379883
3.4745500087738 3.52741003036499
3.488450050354 3.5429699420929
3.50237011909485 3.55854988098145
3.51630997657776 3.57415008544922
3.53026008605957 3.58975005149841
3.54422998428345 3.60538005828857
3.55820989608765 3.62101006507874
3.57221007347107 3.63666009902954
3.58623003959656 3.65231990814209
3.60026001930237 3.66799998283386
3.61431002616882 3.68368005752563
3.6283700466156 3.69937992095947
3.64245009422302 3.71510004997253
3.65654993057251 3.73081994056702
3.6706600189209 3.74656009674072
3.68477988243103 3.76231002807617
3.69892001152039 3.77807998657227
3.71307992935181 3.79384994506836
3.72725009918213 3.8096399307251
3.74144005775452 3.82543992996216
3.75564002990723 3.84124994277954
3.76986002922058 3.85706996917725
3.78409004211426 3.8729100227356
3.79833006858826 3.88876008987427
3.81258988380432 3.90460991859436
3.82686996459961 3.92048001289368
3.84116005897522 3.93635988235474
3.85545992851257 3.9522500038147
3.86978006362915 3.9681499004364
3.88410997390747 3.98407006263733
3.89845991134644 3.99998998641968
3.9128201007843 4.01592016220093
3.92720007896423 4.03186988830566
3.94159007072449 4.04782009124756
3.95599007606506 4.06378984451294
3.97041010856628 4.07976007461548
3.98483991622925 4.0957498550415
3.99927997589111 4.11175012588501
4.01374006271362 4.12774991989136
4.02821016311646 4.14377021789551
4.04269981384277 4.1597900390625
4.05719995498657 4.17582988739014
4.07171010971069 4.19187021255493
4.08622980117798 4.20793008804321
4.10076999664307 4.22398996353149
4.1153302192688 4.24006986618042
4.12988996505737 4.25614976882935
4.14447021484375 4.27224016189575
4.15906000137329 4.28834009170532
4.17366981506348 4.30445003509521
4.18829011917114 4.32056999206543
4.20291996002197 4.33669996261597
4.21755981445313 4.35283994674683
4.23222017288208 4.36898994445801
4.2468900680542 4.38513994216919
4.26156997680664 4.40130996704102
4.27626991271973 4.41747999191284
4.29097986221313 4.43366003036499
4.30569982528687 4.44985008239746
4.32042980194092 4.46605014801025
4.33517980575562 4.48226022720337
4.34993982315063 4.49846982955933
4.36470985412598 4.51469993591309
4.37948989868164 4.53093004226685
4.39428997039795 4.54717016220093
4.40910005569458 4.56341981887817
4.42392015457153 4.5796799659729
4.43875980377197 4.59594011306763
4.45359992980957 4.61220979690552
4.46846008300781 4.62849998474121
4.48332977294922 4.64478015899658
4.49821996688843 4.66107988357544
4.51311016082764 4.67739009857178
4.52801990509033 4.69369983673096
4.54294013977051 4.71002006530762
4.55787992477417 4.72634983062744
4.57282018661499 4.74268007278442
4.5877799987793 4.75902986526489
4.60274982452393 4.77538013458252
4.61773014068604 4.79173994064331
4.63271999359131 4.80810022354126
4.64772987365723 4.8244800567627
4.6627402305603 4.84085988998413
4.67777013778687 4.85725021362305
4.69282007217407 4.8736400604248
4.70787000656128 4.89003992080688
4.72292995452881 4.90644979476929
4.73800992965698 4.92287015914917
4.75309991836548 4.93930006027222
4.7681999206543 4.95572996139526
4.78330993652344 4.97216987609863
4.79843997955322 4.988609790802
4.81358003616333 5.00507020950317
4.82872009277344 5.02153015136719
4.84389019012451 5.03800010681152
4.85905981063843 5.05447006225586
4.87423992156982 5.07095003128052
4.88944005966187 5.0874400138855
4.90464019775391 5.10392999649048
4.91985988616943 5.1204400062561
4.93509006500244 5.13695001602173
4.95033979415894 5.15346002578735
4.96559000015259 5.1699800491333
4.98086023330688 5.18651008605957
4.99612998962402 5.20305013656616
5.01141977310181 5.21959018707275
5.02672004699707 5.23613977432251
5.04203987121582 5.25269985198975
5.05736017227173 5.26925992965698
5.0726900100708 5.28583002090454
5.08803987503052 5.3024001121521
5.10340023040771 5.3189902305603
5.11877012252808 5.33556985855103
5.13415002822876 5.35216999053955
5.14954996109009 5.36877012252808
5.16494989395142 5.38537979125977
5.18036985397339 5.40198993682861
5.19579982757568 5.41861009597778
5.2112398147583 5.43523979187012
5.22668981552124 5.45187997817993
5.2421498298645 5.46852016448975
5.25761985778809 5.4851598739624
5.27310991287231 5.50181007385254
5.28860998153687 5.51846981048584
5.30411005020142 5.53514003753662
5.31963014602661 5.55180978775024
5.33515977859497 5.56849002838135
5.35070991516113 5.58516979217529
5.36626005172729 5.60186004638672
5.3818302154541 5.61855983734131
5.39739990234375 5.63526010513306
5.4129900932312 5.65196990966797
5.42858982086182 5.66868019104004
5.44420003890991 5.6854100227356
5.45982980728149 5.70212984085083
5.47546005249023 5.71887016296387
5.49110984802246 5.73559999465942
5.50676012039185 5.75234985351563
5.52242994308472 5.76910018920898
5.53810977935791 5.78586006164551
5.55380010604858 5.80261993408203
5.56950998306274 5.81938982009888
5.5852198600769 5.8361701965332
5.60094976425171 5.85295009613037
5.61668014526367 5.86972999572754
5.63243007659912 5.88652992248535
5.64819002151489 5.90332984924316
5.66395998001099 5.92012977600098
5.67974996566772 5.93694019317627
5.69553995132446 5.95376014709473
5.71133995056152 5.97058010101318
5.72715997695923 5.98741006851196
5.74299001693726 6.00424003601074
5.75883007049561 6.02108001708984
5.77468013763428 6.03793001174927
5.79054021835327 6.05478000640869
5.80641984939575 6.07164001464844
5.82229995727539 6.08850002288818
5.83820009231567 6.10537004470825
5.85410022735596 6.12224006652832
5.87001991271973 6.13913011550903
5.88595008850098 6.15601015090942
5.90189981460571 6.17290019989014
5.91785001754761 6.18979978561401
5.93381023406982 6.20669984817505
5.94979000091553 6.22360992431641
5.96577978134155 6.24053001403809
5.98178005218506 6.25745010375977
5.99778985977173 6.27438020706177
6.01381015777588 6.29130983352661
6.02983999252319 6.30824995040894
6.04588985443115 6.32519006729126
6.06194019317627 6.34214019775391
6.07801008224487 6.35908985137939
6.0940899848938 6.37604999542236
6.11017990112305 6.39302015304565
6.12627983093262 6.40998983383179
6.14238977432251 6.4269700050354
6.15852022171021 6.44395017623901
6.17465019226074 6.46093988418579
6.19080018997192 6.47793006896973
6.20696020126343 6.49492979049683
6.22313022613525 6.51194000244141
6.23930978775024 6.52895021438599
6.25549983978271 6.54595994949341
6.27170991897583 6.56298017501831
6.28791999816895 6.58000993728638
6.30415010452271 6.5970401763916
6.32039022445679 6.61407995223999
6.33663988113403 6.63113021850586
6.35290002822876 6.64818000793457
6.36917018890381 6.66522979736328
6.38545989990234 6.68229007720947
6.40175008773804 6.69935989379883
6.41805982589722 6.71643018722534
6.43438005447388 6.73351001739502
6.4507098197937 6.7505898475647
6.46705007553101 6.76768016815186
6.4834098815918 6.78477001190186
6.49977016448975 6.80186986923218
6.51614999771118 6.81897020339966
6.53253984451294 6.8360800743103
6.54894018173218 6.85319995880127
6.56535005569458 6.87031984329224
6.5817699432373 6.88744020462036
6.59819984436035 6.90458011627197
6.61464977264404 6.92171001434326
6.63111019134521 6.9388599395752
6.64758014678955 6.95599985122681
6.66406011581421 6.97315979003906
6.68055009841919 6.99032020568848
6.69705009460449 7.00748014450073
6.71357011795044 7.02465009689331
6.73009014129639 7.04183006286621
6.74663019180298 7.05901002883911
6.76317977905273 7.07618999481201
6.77973985671997 7.09337997436523
6.79631996154785 7.11057996749878
6.81290006637573 7.12777996063232
6.82950019836426 7.14498996734619
6.84610986709595 7.16219997406006
6.86273002624512 7.17941999435425
6.87936019897461 7.19664001464844
6.89599990844727 7.21387004852295
6.91266012191772 7.23111009597778
6.92931985855103 7.24835014343262
6.94600009918213 7.26559019088745
6.9626898765564 7.28283977508545
6.97939014434814 7.30009984970093
6.99610996246338 7.31735992431641
7.01282978057861 7.33463001251221
7.02957010269165 7.35190010070801
7.04631996154785 7.36918020248413
7.06307983398438 7.3864598274231
7.07985019683838 7.40374994277954
7.09663009643555 7.42104005813599
7.11343002319336 7.43834018707275
7.13022994995117 7.45563983917236
7.14704990386963 7.47294998168945
7.16387987136841 7.49027013778687
7.18072986602783 7.50758981704712
7.19757986068726 7.52490997314453
7.21444988250732 7.54225015640259
7.23131990432739 7.55957984924316
7.24820995330811 7.57692003250122
7.26511001586914 7.5942702293396
7.28203010559082 7.61161994934082
7.2989501953125 7.62898015975952
7.31588983535767 7.64633989334106
7.33283996582031 7.66371011734009
7.34980010986328 7.68107986450195
7.36676979064941 7.6984601020813
7.38375997543335 7.71584987640381
7.40075016021729 7.73324012756348
7.41775989532471 7.75062990188599
7.43478012084961 7.76803016662598
7.45180988311768 7.78543996810913
7.46886014938354 7.80284976959229
7.48590993881226 7.82027006149292
7.50298023223877 7.8376898765564
7.52006006240845 7.85511016845703
7.53714990615845 7.87255001068115
7.55425977706909 7.88997983932495
7.57137012481689 7.90743017196655
7.58850002288818 7.92487001419067
7.60563993453979 7.94232988357544
7.62278985977173 7.95979022979736
7.63995981216431 7.97725009918213
7.65712976455688 7.99471998214722
7.67432022094727 8.01220035552979
7.69152021408081 8.0296802520752
7.70873022079468 8.04716014862061
7.72594976425171 8.06464958190918
7.74318981170654 8.08215045928955
7.7604398727417 8.09965038299561
7.77769994735718 8.11715984344482
7.79497003555298 8.13467025756836
7.81226015090942 8.15217971801758
7.82954978942871 8.16971015930176
7.8468599319458 8.18723011016846
7.86418008804321 8.2047700881958
7.88150978088379 8.22231006622314
7.89885997772217 8.23985004425049
7.91622018814087 8.257399559021
7.93358993530273 8.27495002746582
7.95097017288208 8.29251003265381
7.96835994720459 8.31007957458496
7.9857702255249 8.32765007019043
8.00319004058838 8.34521961212158
8.02062034606934 8.3628101348877
8.03806018829346 8.38039016723633
8.05550956726074 8.39797973632813
8.07297992706299 8.4155797958374
8.0904598236084 8.43317985534668
8.10795021057129 8.45079040527344
8.12545967102051 8.46840000152588
8.14297008514404 8.4860200881958
8.16049957275391 8.50364971160889
8.17803955078125 8.52126979827881
8.19559955596924 8.53890991210938
8.21315956115723 8.55655002593994
8.23073959350586 8.57419013977051
8.24833011627197 8.59183979034424
8.26593017578125 8.60949993133545
8.28355026245117 8.62716007232666
8.30117988586426 8.64482975006104
8.31881999969482 8.66250038146973
8.33646965026855 8.6801700592041
8.35412979125977 8.69785976409912
8.37180995941162 8.71553993225098
8.38949966430664 8.73324012756348
8.40719985961914 8.7509298324585
8.42492008209229 8.76863956451416
8.44264030456543 8.78635025024414
8.4603796005249 8.8040599822998
8.47813987731934 8.82178020477295
8.49590015411377 8.83950042724609
8.51368045806885 8.8572301864624
8.53147029876709 8.87497043609619
8.5492696762085 8.89270973205566
8.56707954406738 8.91046047210693
8.58491039276123 8.92821025848389
8.60274982452393 8.94596004486084
8.6205997467041 8.96372985839844
8.63846969604492 8.98149013519287
8.65635013580322 8.99927043914795
8.67424011230469 9.01704978942871
8.69213962554932 9.03483009338379
8.71004962921143 9.05261993408203
8.72797966003418 9.07040977478027
8.74592018127441 9.088210105896
8.76387977600098 9.10601997375488
8.78184032440186 9.12382984161377
8.79981994628906 9.14163970947266
8.81781005859375 9.15946006774902
8.83582019805908 9.17728996276855
8.85383033752441 9.19511985778809
8.87185955047607 9.2129602432251
8.8899097442627 9.23079967498779
8.90795993804932 9.24864959716797
8.92603015899658 9.26650047302246
8.94410991668701 9.2843599319458
8.96220016479492 9.30222034454346
8.98031044006348 9.32009029388428
8.9984302520752 9.33796977996826
9.01655960083008 9.35585021972656
9.03470993041992 9.37372970581055
9.05286979675293 9.39161968231201
9.07104015350342 9.40952014923096
9.08922004699707 9.42741966247559
9.10741996765137 9.4453296661377
9.12563037872314 9.4632396697998
9.14385032653809 9.48116016387939
9.16207981109619 9.49907970428467
9.18033027648926 9.51700973510742
9.19859027862549 9.53493976593018
9.21687030792236 9.55288028717041
9.23515033721924 9.57081985473633
9.25345039367676 9.58876991271973
9.27176952362061 9.60673046112061
9.29008960723877 9.62469005584717
9.30842971801758 9.64266014099121
9.32678031921387 9.66063022613525
9.34514999389648 9.6786003112793
9.36353015899658 9.69659042358398
9.38191986083984 9.71457004547119
9.40032005310059 9.73256969451904
9.41874027252197 9.75057029724121
9.43717002868652 9.76856994628906
9.45561027526855 9.78658008575439
9.47406959533691 9.80459022521973
9.49254035949707 9.82260990142822
9.51101970672607 9.8406400680542
9.52952003479004 9.85867023468018
9.54802989959717 9.87670993804932
9.56655025482178 9.89474964141846
9.58508968353271 9.91279983520508
9.60363960266113 9.9308500289917
9.62220001220703 9.94890975952148
9.64078044891357 9.96697044372559
9.6593599319458 9.98503971099854
9.67796993255615 10.0031003952026
9.6965799331665 10.0212001800537
9.7152099609375 10.0392999649048
9.73384952545166 10.0573997497559
9.75251007080078 10.0754995346069
9.77118015289307 10.0936002731323
9.78985977172852 10.1117000579834
9.80854988098145 10.1297998428345
9.82726001739502 10.1478996276855
9.84597969055176 10.1660003662109
9.86472034454346 10.1842002868652
9.883469581604 10.2023000717163
9.90223026275635 10.2203998565674
9.92101001739502 10.2385997772217
9.93978977203369 10.2566995620728
9.95860004425049 10.2749004364014
9.97741031646729 10.2930002212524
9.99623966217041 10.3112001419067
10.0150995254517 10.329400062561
