0.765932977199554 0.48531699180603
0.764307022094727 0.483687996864319
0.762690007686615 0.482068985700607
0.761083006858826 0.480461001396179
0.759483993053436 0.478863000869751
0.757894992828369 0.477275013923645
0.756313979625702 0.475697010755539
0.754742980003357 0.474128991365433
0.753180027008057 0.472570985555649
0.751625001430511 0.471022993326187
0.750079989433289 0.469485014677048
0.74854302406311 0.467956006526947
0.747013986110687 0.466437011957169
0.74549400806427 0.464926987886429
0.743982017040253 0.463427007198334
0.742479026317596 0.461935997009277
0.740983009338379 0.460455000400543
0.739495992660522 0.458981990814209
0.738017022609711 0.457518994808197
0.736545979976654 0.456064999103546
0.735083997249603 0.454620003700256
0.733628988265991 0.453184008598328
0.732181012630463 0.451756000518799
0.73074197769165 0.450338006019592
0.729309976100922 0.448927998542786
0.727886021137238 0.447526007890701
0.726469993591309 0.446132987737656
0.725060999393463 0.444748997688293
0.723659992218018 0.443372994661331
0.722266018390656 0.44200599193573
0.720879971981049 0.44064599275589
0.71950101852417 0.439294993877411
0.718128979206085 0.437952995300293
0.716763973236084 0.436618000268936
0.715407013893127 0.435290992259979
0.71405702829361 0.433972001075745
0.712714016437531 0.43266099691391
0.711377024650574 0.431358009576797
0.710048019886017 0.430063009262085
0.708725988864899 0.428775012493134
0.707409977912903 0.427495002746582
0.706102013587952 0.426223009824753
0.704800009727478 0.424957990646362
0.703504979610443 0.423700988292694
0.702216029167175 0.422450989484787
0.700933992862701 0.421207994222641
0.699658989906311 0.419972985982895
0.698390007019043 0.418745011091232
0.697127997875214 0.417524009943008
0.695872008800507 0.416310012340546
0.694621980190277 0.415102988481522
0.693378984928131 0.413904011249542
0.692142009735107 0.41271099448204
0.690910995006561 0.411525011062622
0.689687013626099 0.410346001386642
0.688467979431152 0.409173995256424
0.68725597858429 0.408008992671967
0.686049997806549 0.406850010156631
0.684849977493286 0.405698001384735
0.683655023574829 0.4045529961586
0.682466983795166 0.403414011001587
0.681284010410309 0.402281999588013
0.68010801076889 0.401156008243561
0.678937017917633 0.400036007165909
0.677771985530853 0.398923009634018
0.676612973213196 0.397816002368927
0.675459027290344 0.396715998649597
0.674310982227325 0.395621001720428
0.673169016838074 0.394533008337021
0.672031998634338 0.393451005220413
0.670901000499725 0.392374992370605
0.669775009155273 0.39130499958992
0.668654978275299 0.390240997076035
0.667540013790131 0.389183014631271
0.666429996490479 0.388130992650986
0.665325999259949 0.387084990739822
0.66422700881958 0.38604399561882
0.663133025169373 0.385010004043579
0.662045001983643 0.383980989456177
0.660961985588074 0.382957011461258
0.659883975982666 0.381940007209778
0.658810973167419 0.380928009748459
0.657742977142334 0.379920989274979
0.65667998790741 0.378919988870621
0.655622005462646 0.377925008535385
0.6545689702034 0.376935005187988
0.653521001338959 0.375950008630753
0.652477979660034 0.374971002340317
0.651440024375916 0.373997002840042
0.650407016277313 0.373028993606567
0.649379014968872 0.372065007686615
0.648355007171631 0.371107012033463
0.647336006164551 0.370153993368149
0.646322011947632 0.369206011295319
0.645313024520874 0.368263989686966
0.644307971000671 0.367325991392136
0.643307983875275 0.366392999887466
0.642311990261078 0.365465998649597
0.641321003437042 0.364542990922928
0.640335023403168 0.36362498998642
0.639352977275848 0.362711995840073
0.638375997543335 0.361804008483887
0.637403011322021 0.36090099811554
0.636434018611908 0.360002994537354
0.635469973087311 0.35910901427269
0.634509980678558 0.358220010995865
0.633554995059967 0.357336014509201
0.632602989673615 0.356456011533737
0.631655991077423 0.355580985546112
0.630713999271393 0.35471099615097
0.629774987697601 0.353845000267029
0.628840982913971 0.352984011173248
0.627910971641541 0.352126985788345
0.626985013484955 0.351274013519287
0.626064002513885 0.350427001714706
0.625145971775055 0.349582999944687
0.624231994152069 0.348744004964828
0.623323023319244 0.34790900349617
0.622416973114014 0.347079008817673
0.621515989303589 0.346251994371414
0.620617985725403 0.345430999994278
0.619724988937378 0.34461298584938
0.618834972381592 0.343798995018005
0.61794900894165 0.342990010976791
0.617066979408264 0.342184990644455
0.616189002990723 0.341383993625641
0.615315020084381 0.340586990118027
0.614444017410278 0.339794009923935
0.613578021526337 0.339004993438721
0.612715005874634 0.338220000267029
0.61185497045517 0.337439000606537
0.611000001430511 0.336661994457245
0.610148012638092 0.335889011621475
0.609300017356873 0.335119992494583
0.608455002307892 0.334354996681213
0.607613980770111 0.333593010902405
0.606777012348175 0.332836002111435
0.605943024158478 0.332082003355026
0.60511302947998 0.331331998109818
0.604287028312683 0.330585986375809
0.603462994098663 0.329843014478683
0.602644026279449 0.329104989767075
0.601827025413513 0.328368991613388
0.601014971733093 0.327638000249863
0.60020500421524 0.326909989118576
0.599398970603943 0.326186001300812
0.59859699010849 0.325464993715286
0.597797989845276 0.324748009443283
0.597002029418945 0.324034005403519
0.596208989620209 0.323323994874954
0.595420002937317 0.322618007659912
0.594633996486664 0.321915000677109
0.593851983547211 0.321215003728867
0.59307199716568 0.320519000291824
0.592296004295349 0.319826006889343
0.591522991657257 0.319137006998062
0.590753018856049 0.31845098733902
0.589986979961395 0.317768007516861
0.589223027229309 0.317088007926941
0.588463008403778 0.316412001848221
0.587706029415131 0.315739989280701
0.586951971054077 0.315070003271103
0.586201012134552 0.314404010772705
0.585452973842621 0.313739985227585
0.584707975387573 0.313080996274948
0.583966016769409 0.312424004077911
0.5832279920578 0.311769992113113
0.582491993904114 0.311120003461838
0.581758975982666 0.310472011566162
0.581028997898102 0.309828013181686
0.580302000045776 0.309186995029449
0.57957798242569 0.308548986911774
0.578857004642487 0.307913988828659
0.578139007091522 0.307282000780106
0.577423989772797 0.306652992963791
0.576710999011993 0.306026995182037
0.57600200176239 0.305404007434845
0.575294971466064 0.304783999919891
0.574590981006622 0.304165989160538
0.573889970779419 0.303552001714706
0.573192000389099 0.302940994501114
0.572495996952057 0.302332013845444
0.571802973747253 0.301726996898651
0.571112990379333 0.301124006509781
0.570425987243652 0.300523996353149
0.569741010665894 0.299926996231079
0.569060027599335 0.299331992864609
0.568379998207092 0.298741012811661
0.567704021930695 0.29815199971199
0.567030012607574 0.297565996646881
0.566358983516693 0.296983003616333
0.565689980983734 0.296402007341385
0.565024018287659 0.295823991298676
0.564360976219177 0.295248985290527
0.563700020313263 0.294676005840302
0.563041985034943 0.294106006622314
0.562385976314545 0.293538987636566
0.56173300743103 0.29297399520874
0.561082005500793 0.292412012815475
0.560433983802795 0.291853010654449
0.559789001941681 0.291296005249023
0.559145987033844 0.290742009878159
0.558504998683929 0.290190011262894
0.557866990566254 0.289640992879868
0.5572310090065 0.289094001054764
0.556598007678986 0.288549989461899
0.555966973304749 0.288008004426956
0.555338978767395 0.287468999624252
0.554713010787964 0.286931991577148
0.554090023040771 0.286397993564606
0.553467988967896 0.285865992307663
0.552850008010864 0.28533598780632
0.552232980728149 0.284808993339539
0.551618993282318 0.284283995628357
0.551006972789764 0.283762007951736
0.550397992134094 0.283241987228394
0.549790978431702 0.282723993062973
0.549185991287231 0.282209008932114
0.548582971096039 0.281695991754532
0.54798299074173 0.281185001134872
0.547384977340698 0.280676990747452
0.546788990497589 0.280171006917953
0.546195983886719 0.279666990041733
0.545605003833771 0.279166013002396
0.545014977455139 0.278665989637375
0.544429004192352 0.278169006109238
0.543843984603882 0.277673989534378
0.543262004852295 0.277182012796402
0.542680978775024 0.276690989732742
0.542102992534637 0.276203006505966
0.541526973247528 0.275716990232468
0.540952980518341 0.275233000516891
0.540382027626038 0.274751991033554
0.539812028408051 0.274271994829178
0.539245009422302 0.273795008659363
0.538680016994476 0.273319005966187
0.538115978240967 0.272846013307571
0.537554979324341 0.272374987602234
0.536996006965637 0.271905988454819
0.536439001560211 0.271438986063004
0.535884022712708 0.270974010229111
0.535332024097443 0.270511001348495
0.534780979156494 0.27004998922348
0.534232020378113 0.269591987133026
0.533685028553009 0.269134998321533
0.533140003681183 0.26868000626564
0.53259801864624 0.268227010965347
0.532056987285614 0.267776995897293
0.53151798248291 0.2673279941082
0.530981004238129 0.266880989074707
0.530447006225586 0.266436010599136
0.529914021492004 0.265992999076843
0.5293830037117 0.265552014112473
0.528854012489319 0.265112996101379
0.528326988220215 0.264676004648209
0.527801990509033 0.264241009950638
0.527279019355774 0.263808012008667
0.526757001876831 0.263375997543335
0.526238024234772 0.262946993112564
0.525720000267029 0.262519001960754
0.525205016136169 0.262093991041183
0.524690985679626 0.261669993400574
0.524178981781006 0.261247992515564
0.523669004440308 0.260827004909515
0.523160994052887 0.260408997535706
0.522655010223389 0.259992003440857
0.522149980068207 0.259577006101608
0.521646976470947 0.259164988994598
0.521147012710571 0.258753001689911
0.520648002624512 0.258343994617462
0.520150005817413 0.257936000823975
0.519654989242554 0.257530003786087
0.519160985946655 0.257126003503799
0.518669009208679 0.256723999977112
0.518178999423981 0.256323009729385
0.517691016197205 0.255923986434937
0.517204999923706 0.25552698969841
0.516719996929169 0.255131989717484
0.516237020492554 0.254738003015518
0.515754997730255 0.254346013069153
0.51527601480484 0.253955990076065
0.514797985553741 0.253567010164261
0.514321982860565 0.253179997205734
0.51384699344635 0.252793997526169
0.513374984264374 0.252411007881165
0.512903988361359 0.252029001712799
0.512434005737305 0.251648008823395
0.51196700334549 0.251269996166229
0.511501014232635 0.250892996788025
0.511035978794098 0.250517010688782
0.510573983192444 0.250142991542816
0.510113000869751 0.249770998954773
0.509653985500336 0.24940000474453
0.509195983409882 0.249031007289886
0.50874000787735 0.248664006590843
0.508284986019135 0.2482980042696
0.507833003997803 0.247933000326157
0.507381975650787 0.247571006417274
0.506932020187378 0.247208997607231
0.506483972072601 0.246849998831749
0.506038010120392 0.246491998434067
0.505593001842499 0.246134996414185
0.505150020122528 0.245780006051064
0.504707992076874 0.245425999164581
0.504269003868103 0.24507400393486
0.503830015659332 0.244724005460739
0.503392994403839 0.244375005364418
0.502957999706268 0.244027003645897
0.502524018287659 0.243680998682976
0.502092003822327 0.243337005376816
0.501662015914917 0.242993995547295
0.501232981681824 0.242651998996735
0.500805020332336 0.242311999201775
0.500379025936127 0.241972997784615
0.499954998493195 0.241635993123055
0.499532014131546 0.241300001740456
0.499110996723175 0.240966007113457
0.498690992593765 0.240632995963097
0.498272001743317 0.240301996469498
0.497855991125107 0.239971995353699
0.497440010309219 0.2396429926157
0.497025996446609 0.239316001534462
0.496614009141922 0.238989993929863
0.496203005313873 0.238665997982025
0.495793998241425 0.238343000411987
0.495386004447937 0.238021001219749
0.494978994131088 0.237700998783112
0.494574010372162 0.237382993102074
0.494170993566513 0.237065002322197
0.493768990039825 0.236748993396759
0.493367999792099 0.236433997750282
0.492969006299973 0.236120998859406
0.492570996284485 0.235808998346329
0.49217501282692 0.235497996211052
0.491780012845993 0.235189005732536
0.491387009620667 0.234880998730659
0.490994989871979 0.234575003385544
0.490604013204575 0.234268993139267
0.490215003490448 0.233964994549751
0.489827007055283 0.233662992715836
0.489441007375717 0.233361005783081
0.489055991172791 0.233061999082565
0.488673001527786 0.232763007283211
0.488290995359421 0.232464998960495
0.487910002470016 0.23216900229454
0.487531006336212 0.231875002384186
0.487152993679047 0.231581002473831
0.486775994300842 0.231288999319077
0.486400991678238 0.230997994542122
0.486027002334595 0.230708003044128
0.485655009746552 0.230419993400574
0.485284000635147 0.23013299703598
0.484914004802704 0.229846999049187
0.484546005725861 0.229561999440193
0.484178990125656 0.2292789965868
0.483814001083374 0.228997007012367
0.483449012041092 0.228716000914574
0.483087003231049 0.22843599319458
0.482724994421005 0.228157997131348
0.482365012168884 0.227880999445915
0.482006013393402 0.227605000138283
0.48164901137352 0.22732999920845
0.481292992830276 0.227056995034218
0.480937987565994 0.226785004138947
0.480585008859634 0.226513996720314
0.480233013629913 0.226244002580643
0.479882001876831 0.225975006818771
0.47953200340271 0.225707992911339
0.479184001684189 0.225442007184029
0.478837996721268 0.225177004933357
0.478491991758347 0.224913001060486
0.478148013353348 0.224649995565414
0.477804988622665 0.224389001727104
0.477463990449905 0.224129006266594
0.477122992277145 0.223869994282722
0.476785004138947 0.223611995577812
0.476446986198425 0.223354995250702
0.476110994815826 0.223100006580353
0.475775986909866 0.222845003008842
0.475441992282867 0.222591996192932
0.475109994411469 0.222340002655983
0.474779009819031 0.222088992595673
0.474449008703232 0.221839994192123
0.474121004343033 0.221590995788574
0.473792999982834 0.221343994140625
0.473466992378235 0.221097007393837
0.473143011331558 0.220852002501488
0.47282001376152 0.220607995986938
0.472497999668121 0.22036600112915
0.472176998853683 0.220124006271362
0.471857011318207 0.219883993268013
0.471538990736008 0.219643995165825
0.471222013235092 0.219405993819237
0.470907002687454 0.21916900575161
0.470593005418777 0.218933001160622
0.47027999162674 0.218697994947433
0.469967991113663 0.218464002013206
0.469657003879547 0.218232005834579
0.469348013401031 0.217999994754791
0.469040006399155 0.217769995331764
0.468733996152878 0.217540994286537
0.468427985906601 0.217313006520271
0.468124002218246 0.217086002230644
0.467821002006531 0.216859996318817
0.467519998550415 0.216635003685951
0.46722000837326 0.216410994529724
0.466921001672745 0.216188997030258
0.46662300825119 0.215966999530792
0.466327011585236 0.215746998786926
0.46603199839592 0.21552799642086
0.465737998485565 0.215310007333755
0.465445011854172 0.215093001723289
0.465153992176056 0.214876994490623
0.464863985776901 0.214662000536919
0.464574992656708 0.214448004961014
0.464287996292114 0.214236006140709
0.464000999927521 0.214024007320404
0.463716000318527 0.213814005255699
0.463432997465134 0.213604003190994
0.46314999461174 0.213395997881889
0.462868988513947 0.213189005851746
0.462590008974075 0.212982997298241
0.462310999631882 0.212778002023697
0.462033987045288 0.212574005126953
0.461757987737656 0.212371006608009
0.461483001708984 0.212170004844666
0.461210012435913 0.211969003081322
0.460938006639481 0.211768999695778
0.460667014122009 0.211570993065834
0.460397988557816 0.211373999714851
0.460128992795944 0.211177006363869
0.459863007068634 0.210981994867325
0.459596991539001 0.210787996649742
0.459333002567291 0.210594996809959
0.45906999707222 0.210402995347977
0.45880800485611 0.210213005542755
0.458548009395599 0.210023000836372
0.458288997411728 0.20983399450779
0.458030998706818 0.209646999835968
0.457774996757507 0.209461003541946
0.457520008087158 0.209275007247925
0.457266002893448 0.209090992808342
0.457013010978699 0.208908006548882
0.456761986017227 0.20872600376606
0.456512987613678 0.208544999361038
0.456263989210129 0.208364993333817
0.45601698756218 0.208186998963356
0.455770999193192 0.208009004592896
0.455527007579803 0.207831993699074
0.455283999443054 0.207656994462013
0.455042004585266 0.207482993602753
0.454802006483078 0.207310006022453
0.454562991857529 0.207138001918793
0.454326003789902 0.206966996192932
0.454089999198914 0.206797003746033
0.453855007886887 0.206627994775772
0.453621000051498 0.206460997462273
0.453390002250671 0.206294000148773
0.453159004449844 0.206128999590874
0.452930003404617 0.205964997410774
0.452701985836029 0.205801993608475
0.452475994825363 0.205640003085136
0.452250987291336 0.205478996038437
0.45202699303627 0.205319002270699
0.451804995536804 0.20516100525856
0.451584994792938 0.205004006624222
0.451366007328033 0.204846993088722
0.451148003339767 0.204692006111145
0.450931996107101 0.204539000988007
0.450717002153397 0.204385995864868
0.450504004955292 0.204234004020691
0.450293004512787 0.204083994030952
0.450082987546921 0.203934997320175
0.449874013662338 0.203786998987198
0.449667006731033 0.203639999032021
0.44946101307869 0.203494995832443
0.449256986379623 0.203349992632866
0.44905498623848 0.20320700109005
0.448853999376297 0.203064993023872
0.448655009269714 0.202924996614456
0.448457002639771 0.20278500020504
0.448260992765427 0.202647000551224
0.448065996170044 0.202509999275208
0.447874009609222 0.202373996376991
0.44768300652504 0.202240005135536
0.447492986917496 0.20210699737072
0.447304993867874 0.201975002884865
0.447118997573853 0.20184400677681
0.446934998035431 0.201715007424355
0.44675201177597 0.201587006449699
0.446570992469788 0.201460003852844
0.446391999721527 0.201334998011589
0.446213990449905 0.201211005449295
0.446038991212845 0.20108799636364
0.445865005254745 0.200966998934746
0.445692986249924 0.200846999883652
0.445522993803024 0.200728997588158
0.445354014635086 0.200610995292664
0.445187985897064 0.200496003031731
0.445023000240326 0.200380995869637
0.444860994815826 0.200268000364304
0.444700002670288 0.200157001614571
0.44454100728035 0.200047001242638
0.44438499212265 0.199937999248505
0.444229990243912 0.199830994009972
0.444077998399734 0.1997260004282
0.443926990032196 0.199622005224228
0.443778991699219 0.199518993496895
0.443632990121841 0.199417993426323
0.443488985300064 0.199319005012512
0.443347007036209 0.19922100007534
0.443206995725632 0.19912500679493
0.443069994449615 0.199030995368958
0.442934989929199 0.198937997221947
0.442802011966705 0.198846995830536
0.44267201423645 0.198756992816925
0.442544013261795 0.198669001460075
0.44241800904274 0.198584005236626
0.442295014858246 0.198498994112015
0.442175000905991 0.198416993021965
0.442057013511658 0.198337003588676
0.441942006349564 0.198257997632027
0.441830009222031 0.198181003332138
0.441720008850098 0.198106005787849
0.441612988710403 0.198034003376961
0.441509008407593 0.197962999343872
0.441408008337021 0.197894006967545
0.441309988498688 0.197826996445656
0.441215008497238 0.197762995958328
0.441123008728027 0.197699993848801
0.441033989191055 0.197640001773834
0.440948009490967 0.197582006454468
0.440865993499756 0.197527006268501
0.440786987543106 0.197473004460335
0.440712004899979 0.197421997785568
0.44064000248909 0.197374001145363
0.440571993589401 0.197328001260757
0.440508008003235 0.197284996509552
0.440447986125946 0.197244003415108
0.440391004085541 0.197207003831863
0.440338999032974 0.197171002626419
0.440290987491608 0.197138994932175
0.440248012542725 0.197109997272491
0.440207988023758 0.197083994746208
0.440174013376236 0.197061002254486
0.440144002437592 0.197041004896164
0.440120011568069 0.197025001049042
0.440100014209747 0.19701099395752
0.440086007118225 0.197001993656158
0.440077990293503 0.196996003389359
0.440075010061264 0.196994006633759
0.440075010061264 0.196995005011559
0.440081000328064 0.196998998522758
0.440093010663986 0.19700700044632
0.440111994743347 0.197018995881081
0.440138012170792 0.197035998106003
0.440171003341675 0.197058007121086
0.440210998058319 0.197084993124008
0.440259009599686 0.197117000818253
0.440315991640091 0.197154000401497
0.440380990505219 0.197197005152702
0.440456002950668 0.197246000170708
0.440539985895157 0.197301998734474
0.440634995698929 0.197364002466202
0.440739989280701 0.197432994842529
0.440858006477356 0.197510004043579
0.44098699092865 0.197594001889229
0.441130012273788 0.19768799841404
0.441285997629166 0.197789996862411
0.441457986831665 0.197901993989944
0.441646993160248 0.1980250030756
0.441852003335953 0.198158994317055
0.442077994346619 0.198304995894432
0.442324012517929 0.198465004563332
0.4425930082798 0.198639005422592
0.442887008190155 0.198828995227814
0.443208992481232 0.199037998914719
0.443563014268875 0.199266001582146
0.443951010704041 0.199515998363495
0.444377988576889 0.199790999293327
0.444849997758865 0.200093999505043
0.445372998714447 0.200429007411003
0.445953994989395 0.200800999999046
0.446601986885071 0.201214998960495
0.447329014539719 0.20167900621891
0.448146998882294 0.202198997139931
0.449068993330002 0.20278400182724
0.450105994939804 0.203442007303238
0.451265007257462 0.204174995422363
0.452540010213852 0.204978004097939
0.453905999660492 0.205837994813919
0.455327987670898 0.206731006503105
0.456768006086349 0.207633003592491
0.458198994398117 0.208526998758316
0.459601998329163 0.209402993321419
0.460970014333725 0.210254997014999
0.462300002574921 0.211081996560097
0.463595002889633 0.211886003613472
0.46485498547554 0.212667003273964
0.466084986925125 0.213428005576134
0.467285990715027 0.214171007275581
0.468461990356445 0.214898005127907
0.469615012407303 0.21560899913311
0.470746994018555 0.216306000947952
0.471861004829407 0.216992005705833
0.472956985235214 0.217666000127792
0.474036991596222 0.21832999587059
0.475102990865707 0.218983992934227
0.476155996322632 0.219630002975464
0.477198004722595 0.220268994569778
0.478228002786636 0.220899000763893
0.479247987270355 0.221524000167847
0.480259001255035 0.222141996026039
0.481260985136032 0.222754001617432
0.482255011796951 0.223361000418663
0.483240991830826 0.223963007330894
0.484221011400223 0.224559992551804
0.485193997621536 0.225153997540474
0.48616099357605 0.225742995738983
0.487123012542725 0.226328000426292
0.488079011440277 0.226909995079041
0.489030987024307 0.227487996220589
0.48997700214386 0.228064000606537
0.490920007228851 0.228635996580124
0.49185898900032 0.229205995798111
0.492794007062912 0.229772999882698
0.493725001811981 0.230338007211685
0.494652986526489 0.230900004506111
0.495577991008759 0.231461003422737
0.496499985456467 0.232019007205963
0.497420012950897 0.232575997710228
0.498337000608444 0.233129993081093
0.499251008033752 0.233683004975319
0.500163018703461 0.234235003590584
0.501074016094208 0.234785005450249
0.501981973648071 0.235332995653152
0.502888977527618 0.235880002379417
0.503794014453888 0.236425995826721
0.504697024822235 0.236971005797386
0.505599021911621 0.23751500248909
0.506498992443085 0.238057002425194
0.507399022579193 0.238599002361298
0.508297026157379 0.239140003919601
0.509194016456604 0.239680007100105
0.510089993476868 0.240218997001648
0.510985016822815 0.240758001804352
0.511879980564117 0.241295993328094
0.512773990631104 0.241833001375198
0.513666987419128 0.242369994521141
0.514559984207153 0.242906004190445
0.515452027320862 0.243441000580788
0.516342997550964 0.24397599697113
0.517234981060028 0.244510993361473
0.518126010894775 0.245046004652977
0.519016027450562 0.24558000266552
0.519906997680664 0.246114000678062
0.52079701423645 0.246647000312805
0.521687984466553 0.247179999947548
0.522578001022339 0.247713997960091
0.523468017578125 0.248246997594833
0.524357974529266 0.248779997229576
0.525249004364014 0.249311998486519
0.526139974594116 0.249844998121262
0.527029991149902 0.250378012657166
0.52792102098465 0.250910013914108
0.528813004493713 0.25144299864769
0.529704988002777 0.251976013183594
0.530596971511841 0.252508997917175
0.531489014625549 0.253042012453079
0.532382011413574 0.253574997186661
0.533275008201599 0.254108011722565
0.534169018268585 0.254640996456146
0.535063982009888 0.255174994468689
0.535959005355835 0.255708009004593
0.536854028701782 0.256242007017136
0.537751019001007 0.256776988506317
0.538646996021271 0.25731098651886
0.539544999599457 0.257845997810364
0.540444016456604 0.258381009101868
0.541342973709106 0.258915990591049
0.542243003845215 0.259451985359192
0.543142974376678 0.259988009929657
0.544044971466064 0.260524988174438
0.544947981834412 0.261061996221542
0.545850992202759 0.261599004268646
0.546755015850067 0.262136995792389
0.547661006450653 0.262674987316132
0.548566997051239 0.263213008642197
0.549474000930786 0.263752013444901
0.550382018089294 0.264292001724243
0.55129200220108 0.264831990003586
0.552201986312866 0.26537299156189
0.553113996982574 0.265913993120193
0.554027020931244 0.266456007957458
0.554939985275269 0.266997992992401
0.555854976177216 0.267540991306305
0.556771993637085 0.268083989620209
0.557689011096954 0.268628001213074
0.558607995510101 0.269172996282578
0.559526979923248 0.269717991352081
0.560449004173279 0.270263999700546
0.561371028423309 0.27081099152565
0.562295019626617 0.271358013153076
0.563220024108887 0.271905988454819
0.564145982265472 0.272455006837845
0.565074026584625 0.273003995418549
0.566003024578094 0.273553997278214
0.566933989524841 0.27410501241684
0.567866027355194 0.274655997753143
0.56879997253418 0.275209009647369
0.569734990596771 0.275761991739273
0.570671021938324 0.276315987110138
0.571609020233154 0.276870012283325
0.572548985481262 0.27742600440979
0.573490023612976 0.277981996536255
0.574432015419006 0.278539001941681
0.575375974178314 0.279096990823746
0.576322019100189 0.279655992984772
0.577269971370697 0.280214995145798
0.578218996524811 0.280775994062424
0.579168975353241 0.28133699297905
0.580121994018555 0.281899005174637
0.581075012683868 0.282462000846863
0.582031011581421 0.28302600979805
0.582988977432251 0.283591002225876
0.583948016166687 0.284157007932663
0.584909021854401 0.284723997116089
0.585870981216431 0.285291999578476
0.586835026741028 0.285860002040863
0.587801992893219 0.28643000125885
0.588769972324371 0.287000000476837
0.58973902463913 0.287571996450424
0.590710997581482 0.288145005702972
0.591684997081757 0.288717985153198
0.592660009860992 0.289292991161346
0.593636989593506 0.289867997169495
0.594615995883942 0.290444999933243
0.5955970287323 0.29102298617363
0.596580028533936 0.291601002216339
0.597564995288849 0.292180985212326
0.598551988601685 0.292762011289597
0.599541008472443 0.293343991041183
0.600531995296478 0.293927013874054
0.601525008678436 0.294510990381241
0.602519989013672 0.295096009969711
0.60351699590683 0.295682996511459
0.60451602935791 0.29627001285553
0.605517029762268 0.296858996152878
0.606519997119904 0.297448009252548
0.607524991035461 0.298038989305496
0.608533024787903 0.298631012439728
0.609542012214661 0.299225002527237
0.610553979873657 0.299818992614746
0.611567974090576 0.300415009260178
0.612582981586456 0.301010996103287
0.613601982593536 0.301609009504318
0.614621996879578 0.302208006381989
0.615644991397858 0.302809000015259
0.616668999195099 0.303409993648529
0.617695987224579 0.304013013839722
0.618726015090942 0.304616987705231
0.619756996631622 0.305222988128662
0.620791018009186 0.305828988552094
0.621827006340027 0.306436985731125
0.622865974903107 0.307045996189117
0.623907029628754 0.30765700340271
0.624949991703033 0.308268994092941
0.625994980335236 0.308881998062134
0.627043008804321 0.309495985507965
0.628094017505646 0.310111999511719
0.629145979881287 0.310728996992111
0.630201995372772 0.311347007751465
0.631259024143219 0.311966985464096
0.63231897354126 0.312588006258011
0.633382022380829 0.313210994005203
0.634446978569031 0.313834995031357
0.6355140209198 0.314460009336472
0.636583983898163 0.315086007118225
0.637656986713409 0.315714985132217
0.638732016086578 0.316343992948532
0.639810025691986 0.316974997520447
0.640890002250671 0.317606985569
0.64197301864624 0.318241000175476
0.643058001995087 0.318875998258591
0.644146025180817 0.319512993097305
0.645237028598785 0.320151001214981
0.646329998970032 0.320791006088257
0.647426009178162 0.321431994438171
0.64852499961853 0.322073996067047
0.649626016616821 0.322719007730484
0.650730013847351 0.323363989591599
0.65183699131012 0.324010998010635
0.652945995330811 0.324660003185272
0.654058992862701 0.325309991836548
0.655174016952515 0.325962007045746
0.656292021274567 0.326615005731583
0.657411992549896 0.327270001173019
0.658536016941071 0.327926993370056
0.659662008285522 0.328584998846054
0.660790979862213 0.329243987798691
0.661922991275787 0.329905986785889
0.6630579829216 0.330567985773087
0.664196014404297 0.331232994794846
0.665336012840271 0.331898987293243
0.666480004787445 0.332567006349564
0.667626976966858 0.333236008882523
0.668775975704193 0.333907008171082
0.669929027557373 0.33458000421524
0.671083986759186 0.335254013538361
0.672242999076843 0.335931003093719
0.673403978347778 0.336607992649078
0.674569010734558 0.337287992238998
0.675737023353577 0.33796900510788
0.676907002925873 0.338652014732361
0.678080976009369 0.33933699131012
0.679257988929749 0.340023010969162
0.680437982082367 0.340710997581482
0.681621015071869 0.341401010751724
0.682807981967926 0.342092990875244
0.683996975421906 0.342786997556686
0.68519002199173 0.343481987714767
0.686385989189148 0.344179004430771
0.68758499622345 0.344877988100052
0.68878698348999 0.345578998327255
0.689993023872375 0.346280992031097
0.691201984882355 0.346985995769501
0.692413985729218 0.347692012786865
0.69362998008728 0.348399996757507
0.694849014282227 0.349110007286072
0.696071028709412 0.349822014570236
0.697296023368835 0.350535988807678
0.698525011539459 0.351251989603043
0.699757993221283 0.351969003677368
0.70099401473999 0.352688997983932
0.702233016490936 0.353410005569458
0.703474998474121 0.354133993387222
0.704721987247467 0.354858994483948
0.705971002578735 0.355587005615234
0.707224011421204 0.35631600022316
0.708481013774872 0.357046991586685
0.709740996360779 0.357780992984772
0.711004972457886 0.358516007661819
0.712271988391876 0.359252989292145
0.713542997837067 0.359993010759354
0.714818000793457 0.360733985900879
0.716095983982086 0.361478000879288
0.71737802028656 0.362222999334335
0.718663990497589 0.362971007823944
0.719953000545502 0.363721013069153
0.721246004104614 0.364472001791
0.722543001174927 0.365226000547409
0.723842978477478 0.365981996059418
0.725147008895874 0.366741001605988
0.726454973220825 0.367500990629196
0.727766990661621 0.368263006210327
0.729083001613617 0.369028002023697
0.730401992797852 0.369794994592667
0.731725990772247 0.370564013719559
0.733053028583527 0.371334999799728
0.734384000301361 0.37210801243782
0.73571902513504 0.372884005308151
0.737057983875275 0.373661994934082
0.738402009010315 0.374442011117935
0.739749014377594 0.375223994255066
0.741100013256073 0.376008987426758
0.742455005645752 0.376796007156372
0.743813991546631 0.377584993839264
0.74517697095871 0.378376990556717
0.746545016765594 0.379171013832092
0.747915983200073 0.379967004060745
0.749292016029358 0.380764991044998
0.750671029090881 0.381565988063812
0.752054989337921 0.382369995117188
0.753444015979767 0.383174985647202
0.754836022853851 0.383982986211777
0.756232976913452 0.384793996810913
0.757633984088898 0.385607004165649
0.759038984775543 0.386422008275986
0.760447978973389 0.387239992618561
0.761861979961395 0.388060003519058
0.763280987739563 0.388882994651794
0.764702975749969 0.389708012342453
0.766129970550537 0.39053601026535
0.767561972141266 0.391366004943848
0.768998026847839 0.392197996377945
0.770438015460968 0.393034011125565
0.771883010864258 0.393871009349823
0.773331999778748 0.394712001085281
0.774785995483398 0.39555498957634
0.77624499797821 0.39640000462532
0.777707993984222 0.39724799990654
0.779175996780396 0.398099005222321
0.780647993087769 0.39895299077034
0.782124996185303 0.399809002876282
0.783607006072998 0.400667011737823
0.785094022750854 0.401529014110565
0.786584973335266 0.402393013238907
0.788080990314484 0.403259992599487
0.789582014083862 0.40412899851799
0.791087985038757 0.405001014471054
0.792598009109497 0.405876010656357
0.794112980365753 0.406753987073898
0.795633971691132 0.407635003328323
0.797159016132355 0.408517986536026
0.798689007759094 0.409404009580612
0.800224006175995 0.410293012857437
0.801764011383057 0.411184996366501
0.80330902338028 0.412079006433487
0.80485999584198 0.412977010011673
0.806415021419525 0.413877010345459
0.807974994182587 0.414781004190445
0.809540987014771 0.415686994791031
0.811111986637115 0.416595995426178
0.81268697977066 0.417508006095886
0.814269006252289 0.418422996997833
0.815855026245117 0.419340997934341
0.817447006702423 0.420262008905411
0.819042980670929 0.421186000108719
0.820645987987518 0.422113001346588
0.822252988815308 0.423043996095657
0.823866009712219 0.423976987600327
0.825484991073608 0.424912989139557
0.827108979225159 0.425852000713348
0.82873797416687 0.42679500579834
0.830372989177704 0.427740007638931
0.832013010978699 0.428689002990723
0.833658993244171 0.429641008377075
0.835310995578766 0.430595993995667
0.836968004703522 0.431553989648819
0.838630974292755 0.432516008615494
0.840299010276794 0.433479994535446
0.841974020004272 0.434448003768921
0.843653976917267 0.435420006513596
0.845339000225067 0.43639400601387
0.847030997276306 0.437371999025345
0.848728001117706 0.438353002071381
0.850431978702545 0.439337998628616
0.85214102268219 0.440324991941452
0.853856027126312 0.441316992044449
0.855576992034912 0.442310988903046
0.857303977012634 0.443309009075165
0.859036982059479 0.444310992956161
0.860777020454407 0.445315986871719
0.862522006034851 0.446323990821838
0.864273011684418 0.447335988283157
0.866030991077423 0.448350995779037
0.867794990539551 0.449369996786118
0.869565010070801 0.450392991304398
0.871340990066528 0.451418995857239
0.873124003410339 0.452448010444641
0.874912977218628 0.453480988740921
0.876707971096039 0.454517990350723
0.878509998321533 0.455558985471725
0.880317986011505 0.456602990627289
0.882133007049561 0.457650989294052
0.883953988552094 0.458701997995377
0.88578200340271 0.459757000207901
0.887616991996765 0.460815995931625
0.889458000659943 0.46187898516655
0.891305029392242 0.462945997714996
0.893159985542297 0.464015990495682
0.895021021366119 0.46509000658989
0.896888971328735 0.466167986392975
0.89876401424408 0.467249989509583
0.900645017623901 0.46833598613739
0.902534008026123 0.46942600607872
0.904429018497467 0.470519989728928
0.90633100271225 0.471617013216019
0.908240973949432 0.472719013690948
0.910157024860382 0.473825007677078
0.912081003189087 0.474934995174408
0.914012014865875 0.476047992706299
0.915948987007141 0.477165997028351
0.917894005775452 0.478287994861603
0.919847011566162 0.479413986206055
0.92180597782135 0.48054501414299
0.923772990703583 0.481678992509842
0.925747990608215 0.482818007469177
0.92772901058197 0.483960002660751
0.929718971252441 0.485107988119125
0.93171501159668 0.486259013414383
0.933719992637634 0.487414985895157
0.935730993747711 0.488575011491776
0.937750995159149 0.489739000797272
0.939777970314026 0.490907996892929
0.941812992095947 0.492080986499786
0.943856000900269 0.493257999420166
0.945905983448029 0.494439989328384
0.947964012622833 0.495626986026764
0.950030982494354 0.496818006038666
0.951919972896576 0.497907012701035
0.953184008598328 0.498634994029999
0.954028010368347 0.499121010303497
0.954590976238251 0.499446004629135
0.954967021942139 0.49966299533844
0.955218017101288 0.499807000160217
0.955385029315948 0.499904006719589
0.955469012260437 0.499951988458633
0.955510973930359 0.499976009130478
0.955552995204926 0.5
0.955552995204926 0.5
0.955594003200531 0.500024020671844
0.955636024475098 0.500047981739044
0.955720007419586 0.500096023082733
0.955887019634247 0.500192999839783
0.956139028072357 0.500338017940521
0.956516027450562 0.500554978847504
0.957081973552704 0.500881016254425
0.957931995391846 0.501371026039124
0.959209024906158 0.50210702419281
0.961130976676941 0.50321501493454
0.963249027729034 0.504435002803802
0.965373992919922 0.505658984184265
0.967508018016815 0.50688898563385
0.969649970531464 0.508122980594635
0.971800029277802 0.509361982345581
0.973959028720856 0.510604977607727
0.97612601518631 0.511853992938995
0.978302001953125 0.513107001781464
0.980486989021301 0.514365017414093
0.982680022716522 0.5156289935112
0.984881997108459 0.516897022724152
0.987092018127441 0.51816999912262
0.98931097984314 0.519447982311249
0.991540014743805 0.520730972290039
0.993776977062225 0.522019028663635
0.996022999286652 0.523311972618103
0.998278021812439 0.524610996246338
1.00054001808167 0.525914013385773
1.00282001495361 0.527222990989685
1.00510001182556 0.528536975383759
1.00739002227783 0.529856979846954
1.00969004631042 0.53118097782135
1.01199996471405 0.532510995864868
1.01432001590729 0.533846020698547
1.01664996147156 0.535187005996704
1.01899003982544 0.536532998085022
1.02134001255035 0.537883996963501
1.02368998527527 0.539241015911102
1.02605998516083 0.54060298204422
1.02843999862671 0.541971027851105
1.03082001209259 0.543344974517822
1.03322005271912 0.544723987579346
1.03562998771667 0.546109020709991
1.03804004192352 0.547499001026154
1.04047000408173 0.548895001411438
1.04290997982025 0.550297021865845
1.04534995555878 0.551705002784729
1.04780995845795 0.553117990493774
1.05027997493744 0.554538011550903
1.05276000499725 0.555962979793549
1.05525004863739 0.557394027709961
1.05773997306824 0.558830976486206
1.06025004386902 0.560274004936218
1.06277000904083 0.561722993850708
1.06529998779297 0.563179016113281
1.06783998012543 0.564639985561371
1.07039999961853 0.566106975078583
1.07296001911163 0.567580997943878
1.07553005218506 0.569060981273651
1.07811999320984 0.570546984672546
1.08071005344391 0.572040021419525
1.08332002162933 0.57353800535202
1.08594000339508 0.575043976306915
1.08856999874115 0.576555013656616
1.09121000766754 0.578073024749756
1.09386003017426 0.579598009586334
1.096519947052 0.581129014492035
1.09920001029968 0.582665979862213
1.10187995433807 0.584210991859436
1.1045800447464 0.585762023925781
1.10729002952576 0.587319016456604
1.11002004146576 0.588883996009827
1.11275005340576 0.590454995632172
1.11549997329712 0.5920330286026
1.11825001239777 0.593617022037506
1.12101995944977 0.595209002494812
1.1238100528717 0.596808016300201
1.12660002708435 0.59841400384903
1.12941002845764 0.60002601146698
1.13223004341125 0.60164600610733
1.1350599527359 0.603272974491119
1.13789999485016 0.604906976222992
1.14075994491577 0.606549024581909
1.143630027771 0.60819798707962
1.14651000499725 0.609853029251099
1.14941000938416 0.611517012119293
1.15232002735138 0.613188028335571
1.15524005889893 0.614866018295288
1.1581699848175 0.616550981998444
1.16112005710602 0.618245005607605
1.16408002376556 0.619946002960205
1.16706001758575 0.621653974056244
1.17005002498627 0.623369991779327
1.1730500459671 0.625093996524811
1.17606997489929 0.626825988292694
1.17910003662109 0.628566026687622
1.18213999271393 0.630312979221344
1.18519997596741 0.632068991661072
1.18826997280121 0.633831977844238
1.19134998321533 0.635603010654449
1.1944500207901 0.637382984161377
1.19756996631622 0.639171004295349
1.20070004463196 0.640967011451721
1.20384001731873 0.642771005630493
1.20700001716614 0.644582986831665
1.21017003059387 0.646404027938843
1.21335995197296 0.648234009742737
1.21656000614166 0.650071024894714
1.2197699546814 0.651917994022369
1.2230099439621 0.653771996498108
1.22625005245209 0.655636012554169
1.22951996326447 0.657508015632629
1.23278999328613 0.659389019012451
1.23608994483948 0.661279022693634
1.23940002918243 0.663177013397217
1.24272000789642 0.665085017681122
1.24606001377106 0.667001008987427
1.24942004680634 0.668927013874054
1.25278997421265 0.670861005783081
1.25618004798889 0.67280501127243
1.25958001613617 0.674758017063141
1.26300001144409 0.676720023155212
1.26644003391266 0.678691983222961
1.26988995075226 0.680673003196716
1.27336001396179 0.682663023471832
1.27684998512268 0.684662997722626
1.28034996986389 0.686672985553741
1.28386998176575 0.688691973686218
1.28741002082825 0.690720975399017
1.2909699678421 0.692759990692139
1.29454004764557 0.694808006286621
1.29813003540039 0.696865975856781
1.30173003673553 0.698934972286224
1.30535995960236 0.701013028621674
1.30900001525879 0.703100979328156
1.31265997886658 0.705200016498566
1.31633996963501 0.707309007644653
1.32002997398376 0.709428012371063
1.32375001907349 0.711556971073151
1.32747995853424 0.713697016239166
1.33123004436493 0.715847015380859
1.33500003814697 0.718007981777191
1.33879005908966 0.720179975032806
1.3425999879837 0.722361981868744
1.34642004966736 0.724555015563965
1.35027003288269 0.726758003234863
1.35413002967834 0.728972971439362
1.35801005363464 0.731199026107788
1.3619099855423 0.733434975147247
1.36583995819092 0.735683023929596
1.36977994441986 0.737941980361938
1.37373995780945 0.740212976932526
1.37771999835968 0.742493987083435
1.38171994686127 0.744786977767944
1.38574004173279 0.747092008590698
1.38979005813599 0.749408006668091
1.39384996891022 0.751734972000122
1.39793002605438 0.754074990749359
1.40204000473022 0.756425976753235
1.40615999698639 0.758789002895355
1.41031002998352 0.761164009571075
1.41446995735168 0.763550996780396
1.4186600446701 0.76595002412796
1.42287003993988 0.76836097240448
1.42709994316101 0.770784020423889
1.43134999275208 0.773220002651215
1.43562996387482 0.775668025016785
1.43991994857788 0.778128981590271
1.44423997402191 0.780601978302002
1.44858002662659 0.783088028430939
1.45293998718262 0.785587012767792
1.45732998847961 0.788097977638245
1.46174001693726 0.790621995925903
1.46616995334625 0.793160021305084
1.47062003612518 0.795710027217865
1.47510004043579 0.798273026943207
1.47959995269775 0.800849974155426
1.48412001132965 0.803439974784851
1.48866999149323 0.806043028831482
1.49323999881744 0.808659970760345
1.49783003330231 0.81129002571106
1.50244998931885 0.813934028148651
1.50708997249603 0.81659197807312
1.51175999641418 0.819263994693756
1.51645004749298 0.821949005126953
1.52116000652313 0.824648022651672
1.52590000629425 0.82736200094223
1.53067004680634 0.83008998632431
1.53545999526978 0.832831025123596
1.54026997089386 0.835587978363037
1.54512000083923 0.838357985019684
1.54998004436493 0.841143012046814
1.5548700094223 0.843942999839783
1.55979001522064 0.846758008003235
1.56473004817963 0.849587023258209
1.56970000267029 0.852430999279022
1.57469999790192 0.855289995670319
1.57972002029419 0.858164012432098
1.58476996421814 0.861054003238678
1.58984994888306 0.86395800113678
1.59494996070862 0.866877973079681
1.60008001327515 0.869813024997711
1.60523998737335 0.872763991355896
1.6104199886322 0.875729978084564
1.61564004421234 0.878711998462677
1.62088000774384 0.88170999288559
1.6261500120163 0.884724020957947
1.6314400434494 0.887754023075104
1.63677000999451 0.890798985958099
1.64212000370026 0.893860995769501
1.64750003814697 0.896938979625702
1.65290999412537 0.900034010410309
1.65834999084473 0.903145015239716
1.66382002830505 0.906271994113922
1.66931998729706 0.909416973590851
1.67483997344971 0.912576973438263
1.68040001392365 0.915754973888397
1.68598997592926 0.918950021266937
1.69159996509552 0.922160983085632
1.69725000858307 0.925390005111694
1.70291996002197 0.928636014461517
1.70862996578217 0.931899011135101
1.71437001228333 0.935180008411407
1.72013998031616 0.938477993011475
1.72593998908997 0.941793024539948
1.73177003860474 0.945127010345459
1.73763000965118 0.948477983474731
1.7435200214386 0.951847016811371
1.74944996833801 0.955233991146088
1.75539994239807 0.95863801240921
1.76138997077942 0.962062001228333
1.76741003990173 0.965502977371216
1.77346003055573 0.968962013721466
1.77954995632172 0.972440004348755
1.78567004203796 0.975937008857727
1.79182004928589 0.979452013969421
1.79799997806549 0.982985973358154
1.80420994758606 0.986539006233215
1.81045997142792 0.990109980106354
1.81675004959106 0.993700981140137
1.82306003570557 0.997309982776642
1.82940995693207 1.00093996524811
1.83580005168915 1.00459003448486
1.84221994876862 1.00824999809265
1.84867000579834 1.01194000244141
1.85515999794006 1.01565003395081
1.86168003082275 1.01936995983124
1.86822998523712 1.02312004566193
1.87481999397278 1.02688002586365
1.88145005702972 1.03067004680634
1.88811004161835 1.03446996212006
1.89480996131897 1.03830003738403
1.90154004096985 1.04215002059937
1.90831005573273 1.04601001739502
1.91510999202728 1.04990005493164
1.92194998264313 1.05379998683929
1.92882001399994 1.05772995948792
1.93572998046875 1.06167995929718
1.94268000125885 1.06564998626709
1.94966995716095 1.06963002681732
1.95668995380402 1.07363998889923
1.96373999118805 1.07766997814178
1.9708399772644 1.08171999454498
1.97797000408173 1.08580005168915
1.98513996601105 1.08989000320435
1.99233996868134 1.09399998188019
1.99959003925323 1.098140001297
2.00687003135681 1.10230004787445
2.01418995857239 1.10648000240326
2.02153992652893 1.11067998409271
2.02893996238708 1.11489999294281
2.03637003898621 1.11914002895355
2.04383993148804 1.12340998649597
2.05135011672974 1.12768995761871
2.05890011787415 1.13199996948242
2.06647992134094 1.13633000850677
2.07411003112793 1.14067995548248
2.0817699432373 1.14505994319916
2.08947992324829 1.14944994449615
2.09721994400024 1.15386998653412
2.10500001907349 1.15831005573273
2.11281991004944 1.16277003288269
2.12068009376526 1.16726005077362
2.12857007980347 1.17176997661591
2.13650989532471 1.1762900352478
2.14449000358582 1.1808500289917
2.15250992774963 1.18542003631592
2.16055989265442 1.19001996517181
2.16865992546082 1.19464004039764
2.1768000125885 1.19928002357483
2.18496990203857 1.20394003391266
2.19319009780884 1.20862996578217
2.20145010948181 1.21334004402161
2.20973992347717 1.21808004379272
2.21808004379272 1.22283005714417
2.22645998001099 1.22760999202728
2.23486995697021 1.23240995407104
2.24333000183105 1.23723995685577
2.25183010101318 1.24207997322083
2.26037001609802 1.24695003032684
2.26894998550415 1.25185000896454
2.27757000923157 1.25676000118256
2.28623008728027 1.26170003414154
2.29492998123169 1.26665997505188
2.30367994308472 1.27164995670319
2.31245994567871 1.27665996551514
2.32128000259399 1.28169000148773
2.33014988899231 1.28673994541168
2.33905005455017 1.29182004928589
2.34800004959106 1.29691994190216
2.35699009895325 1.30204999446869
2.36601996421814 1.30718994140625
2.37508988380432 1.31236004829407
2.38420009613037 1.31755995750427
2.39334988594055 1.32276999950409
2.4025399684906 1.32800996303558
2.41177010536194 1.33327996730804
2.42105007171631 1.33855998516083
2.43036007881165 1.34387004375458
2.43971991539001 1.34920001029968
2.44911003112793 1.35456001758575
2.45854997634888 1.35994005203247
2.46802997589111 1.36533999443054
2.47754001617432 1.37075996398926
2.48709988594055 1.37620997428894
2.49670004844666 1.38168001174927
2.50634002685547 1.38716995716095
2.51603007316589 1.3926899433136
2.52574992179871 1.39822995662689
2.53551006317139 1.40378999710083
2.54531002044678 1.40936994552612
2.55516004562378 1.41498005390167
2.56504011154175 1.42060995101929
2.57495999336243 1.42625999450684
2.58492994308472 1.43193995952606
2.59492993354797 1.43763995170593
2.60496997833252 1.44335997104645
2.61506009101868 1.44910001754761
2.62518000602722 1.45486998558044
2.63534998893738 1.46065998077393
2.6455500125885 1.46647000312805
2.65579009056091 1.47230005264282
2.66606998443604 1.47816002368927
2.67639994621277 1.48404002189636
2.68675994873047 1.4899400472641
2.69716000556946 1.49585998058319
2.70760011672974 1.50179994106293
2.71808004379272 1.50776994228363
2.72859001159668 1.51375997066498
2.73915004730225 1.51977002620697
2.74974989891052 1.52579998970032
2.76038002967834 1.53184998035431
2.77104997634888 1.53793001174927
2.7817599773407 1.54402005672455
2.79251003265381 1.55014002323151
2.80329990386963 1.55628001689911
2.814120054245 1.56244003772736
2.82499003410339 1.56862998008728
2.83589005470276 1.57483005523682
2.84682011604309 1.58105003833771
2.85780000686646 1.58729994297028
2.86880993843079 1.59356999397278
2.87985992431641 1.5998500585556
2.89094996452332 1.6061600446701
2.90207004547119 1.61249005794525
2.91322994232178 1.61883997917175
2.92442989349365 1.62521004676819
2.93565988540649 1.63160002231598
2.94692993164063 1.63802003860474
2.95824003219604 1.64444994926453
2.96957993507385 1.65090000629425
2.98095989227295 1.65736997127533
2.99236989021301 1.66385996341705
3.00381994247437 1.67037999629974
3.01531004905701 1.67691004276276
3.02682995796204 1.68345999717712
3.03837990760803 1.69002997875214
3.04996991157532 1.69661998748779
3.06158995628357 1.70323002338409
3.07325005531311 1.70985996723175
3.08493995666504 1.71651005744934
3.09666991233826 1.72318005561829
3.10842990875244 1.72986996173859
3.12022995948792 1.7365700006485
3.13205003738403 1.74329996109009
3.14391994476318 1.75004005432129
3.15581011772156 1.75680005550385
3.16774010658264 1.76357996463776
3.17969989776611 1.7703800201416
3.19169998168945 1.7771999835968
3.20372009277344 1.78403997421265
3.21578001976013 1.79088997840881
3.22786998748779 1.79776000976563
3.24000000953674 1.80465996265411
3.25215005874634 1.81156003475189
3.26433992385864 1.81849002838135
3.27656006813049 1.82543003559113
3.28881001472473 1.83238995075226
3.30109000205994 1.83937001228333
3.31340003013611 1.84636998176575
3.32575011253357 1.85337996482849
3.3381199836731 1.86040997505188
3.35052990913391 1.86746001243591
3.36296010017395 1.8745299577713
3.3754301071167 1.8816100358963
3.38791990280151 1.88871002197266
3.4004499912262 1.89582002162933
3.41300010681152 1.90295004844666
3.42559003829956 1.91009998321533
3.43819999694824 1.91726994514465
3.45085000991821 1.92445003986359
3.46352005004883 1.93164002895355
3.47621989250183 1.93886005878448
3.48895001411438 1.94607996940613
3.50170993804932 1.95333003997803
3.5144898891449 1.96059000492096
3.52730989456177 1.96786999702454
3.54014992713928 1.97516000270844
3.55302000045776 1.98246002197266
3.56592011451721 1.98978996276855
3.57884001731873 1.99713003635406
3.59179997444153 2.00447988510132
3.60477995872498 2.01185011863708
3.61777997016907 2.01922988891602
3.63082003593445 2.02662992477417
3.64387989044189 2.03403997421265
3.65697002410889 2.04147005081177
3.67007994651794 2.04890990257263
3.68321990966797 2.05637001991272
3.69637989997864 2.06383991241455
3.7095799446106 2.07133007049561
3.72279000282288 2.0788300037384
3.73604011535645 2.08633995056152
3.74930000305176 2.09386992454529
3.76259994506836 2.10140991210938
3.77591991424561 2.10896992683411
3.7892599105835 2.11653995513916
3.80262994766235 2.12411999702454
3.81602001190186 2.13172006607056
3.82944011688232 2.13932991027832
3.84288001060486 2.14696002006531
3.85634994506836 2.15458989143372
3.8698399066925 2.16225004196167
3.88334989547729 2.16990995407104
3.89688992500305 2.17758989334106
3.91044998168945 2.18528008460999
3.92404007911682 2.19298005104065
3.93764996528625 2.20070004463196
3.95128011703491 2.20843005180359
3.96493005752563 2.21617007255554
3.97861003875732 2.22392988204956
3.99231004714966 2.23169994354248
4.00604009628296 2.23948001861572
4.01978015899658 2.24727010726929
4.03354978561401 2.25507998466492
4.04734992980957 2.26290011405945
4.06116008758545 2.27073001861572
4.07498979568481 2.27856993675232
4.0888500213623 2.28642010688782
4.10272979736328 2.29429006576538
4.11663007736206 2.30217003822327
4.13055992126465 2.31006002426147
4.14449977874756 2.31796002388
4.15847015380859 2.32587003707886
4.17245006561279 2.33380007743835
4.18646001815796 2.34173989295959
4.20048999786377 2.34968996047974
4.21454000473022 2.3576500415802
4.22861003875732 2.36561989784241
4.24271011352539 2.37360000610352
4.25682020187378 2.38159990310669
4.27094984054565 2.38960003852844
4.28509998321533 2.39761996269226
4.29928016662598 2.4056499004364
4.31346988677979 2.41369009017944
4.32769012451172 2.42174005508423
4.34191989898682 2.42980003356934
4.35617017745972 2.43787002563477
4.37045001983643 2.44595003128052
4.38473987579346 2.45405006408691
4.39905023574829 2.46215009689331
4.41339015960693 2.47026991844177
4.4277400970459 2.47838997840881
4.44211006164551 2.4865300655365
4.45650005340576 2.49467992782593
4.47091007232666 2.50283002853394
4.4853401184082 2.51099991798401
4.49978017807007 2.51918005943298
4.51424980163574 2.5273699760437
4.5287299156189 2.53556990623474
4.54324007034302 2.54378008842468
4.5577597618103 2.55200004577637
4.57229995727539 2.56022000312805
4.58686017990112 2.56845998764038
4.60143995285034 2.57670998573303
4.61603021621704 2.58496999740601
4.63065004348755 2.5932400226593
4.64527988433838 2.60152006149292
4.65993022918701 2.60981011390686
4.67460012435913 2.61810994148254
4.68928003311157 2.62641000747681
4.70398998260498 2.63473010063171
4.71870994567871 2.64305996894836
4.73344993591309 2.65140008926392
4.74819993972778 2.65973997116089
4.76297998428345 2.66810011863708
4.77777004241943 2.67647004127502
4.79258012771606 2.68483996391296
4.80740022659302 2.69321990013123
4.82223987579346 2.70162010192871
4.8371000289917 2.71002006530762
4.85198020935059 2.71843004226685
4.86687994003296 2.72686004638672
4.88179016113281 2.73529005050659
4.89671993255615 2.74373006820679
4.91166019439697 2.7521800994873
4.92662000656128 2.76062989234924
4.94159984588623 2.76909995079041
4.95660018920898 2.77758002281189
4.9716100692749 2.78606009483337
4.98663997650146 2.79455995559692
5.00167989730835 2.80306005477905
5.01673984527588 2.81156992912292
5.03181982040405 2.8200900554657
5.04690980911255 2.82861995697021
5.06201982498169 2.83716011047363
5.07714986801147 2.84571003913879
5.09228992462158 2.85425996780396
5.10745000839233 2.86282992362976
5.12263011932373 2.87140011787415
5.13781976699829 2.87998008728027
5.15301990509033 2.88857007026672
5.16825008392334 2.8971700668335
5.18347978591919 2.90578007698059
5.19874000549316 2.91440010070801
5.2140097618103 2.92301988601685
5.22929000854492 2.93164992332458
5.24458980560303 2.94029998779297
5.25991010665894 2.94895005226135
5.27523994445801 2.95760011672974
5.29058980941772 2.96626996994019
5.30595016479492 2.97495007514954
5.32133007049561 2.98362994194031
5.33673000335693 2.99232006072998
5.35213994979858 3.0010199546814
5.36755990982056 3.00973010063171
5.38299989700317 3.01844000816345
5.39845991134644 3.02716994285583
5.41392993927002 3.0359001159668
5.42940998077393 3.0446400642395
5.44491004943848 3.05339002609253
5.46043014526367 3.06215000152588
5.47595977783203 3.07090997695923
5.49150991439819 3.07968997955322
5.50707006454468 3.08846998214722
5.52264022827148 3.09725999832153
5.53822994232178 3.10605001449585
5.55384016036987 3.11486005783081
5.56945991516113 3.12367010116577
5.58509016036987 3.13248991966248
5.6007399559021 3.14131999015808
5.61640977859497 3.15016007423401
5.63209009170532 3.15899991989136
5.64777994155884 3.16786003112793
5.663489818573 3.17671990394592
5.67921018600464 3.1855800151825
5.69495010375977 3.19445991516113
5.71070003509521 3.20334005355835
5.72646999359131 3.21223998069763
5.74224996566772 3.22112989425659
5.75804996490479 3.23004007339478
5.77385997772217 3.2389600276947
5.78968000411987 3.24787998199463
5.80552005767822 3.25680994987488
5.82138013839722 3.26574993133545
5.83724021911621 3.27468991279602
5.85312986373901 3.28364992141724
5.86901998519897 3.29260993003845
5.88493013381958 3.30156993865967
5.90085983276367 3.31054997444153
5.91680002212524 3.31953001022339
5.93275022506714 3.32852005958557
5.94871997833252 3.3375198841095
5.96470022201538 3.34652996063232
5.98070001602173 3.35554003715515
5.9967098236084 3.36455988883972
6.01273012161255 3.37358999252319
6.02876996994019 3.38263010978699
6.04481983184814 3.3916699886322
6.06089019775391 3.40071988105774
6.07697010040283 3.40978002548218
6.09306001663208 3.41884994506836
6.10916996002197 3.42792010307312
6.12528991699219 3.43700003623962
6.14142990112305 3.44608998298645
6.15757989883423 3.4551899433136
6.17373991012573 3.46428990364075
6.18991994857788 3.4734001159668
6.20611000061035 3.48252010345459
6.22232007980347 3.49164009094238
6.2385401725769 3.50078010559082
6.25476980209351 3.50991010665894
6.27101993560791 3.51905989646912
6.28728008270264 3.5282199382782
6.30354976654053 3.53737998008728
6.31983995437622 3.54655003547668
6.33615016937256 3.55572009086609
6.35245990753174 3.56490993499756
6.36879014968872 3.57410001754761
6.38512992858887 3.58330011367798
6.40149021148682 3.59249997138977
6.41786003112793 3.60171008110046
6.43424987792969 3.6109299659729
6.45065021514893 3.62016010284424
6.46706008911133 3.62940001487732
6.48347997665405 3.6386399269104
6.49991989135742 3.64789009094238
6.51637983322144 3.65714001655579
6.53283977508545 3.66640996932983
6.54932022094727 3.67567992210388
6.56582021713257 3.68495011329651
6.58232021331787 3.6942400932312
6.59884023666382 3.70353007316589
6.61537981033325 3.71283006668091
6.63192987442017 3.72214007377625
6.6484899520874 3.73145008087158
6.66506004333496 3.74077010154724
6.68165016174316 3.75009989738464
6.69824981689453 3.75942993164063
6.7148699760437 3.76876997947693
6.73150014877319 3.77812004089355
6.74813985824585 3.7874801158905
6.76480007171631 3.79683995246887
6.78145980834961 3.80621004104614
6.79815006256104 3.81558990478516
6.8148398399353 3.82497000694275
6.83155012130737 3.83436989784241
6.84827995300293 3.84377002716064
6.86500978469849 3.8531699180603
6.88176012039185 3.86258006095886
6.89853000640869 3.87199997901917
6.91530990600586 3.88142991065979
6.93209981918335 3.89087009429932
6.94890022277832 3.90031003952026
6.96572017669678 3.90974998474121
6.98255014419556 3.9192099571228
6.99939012527466 3.92866992950439
7.0162501335144 3.93813991546631
7.03312015533447 3.94761991500854
7.05001020431519 3.95709991455078
7.06689977645874 3.96658992767334
7.0838098526001 3.97608995437622
7.1007399559021 3.9855899810791
7.11768007278442 3.99511003494263
7.13463020324707 4.00463008880615
7.15158987045288 4.01415014266968
7.16857004165649 4.02368021011353
7.18556022644043 4.03321981430054
7.20256996154785 4.04276990890503
7.21959018707275 4.05232000350952
7.23661994934082 4.06188011169434
7.25366020202637 4.07145023345947
7.2707200050354 4.08102989196777
7.28778982162476 4.09061002731323
7.30488014221191 4.10020017623901
7.32197999954224 4.10978984832764
7.33908987045288 4.11940002441406
7.35621023178101 4.12901020050049
7.37335014343262 4.13861989974976
7.39050006866455 4.14825010299683
7.40767002105713 4.15787982940674
7.42484998703003 4.16752004623413
7.44203996658325 4.17715978622437
7.4592399597168 4.18681001663208
7.47645998001099 4.19646978378296
7.49370002746582 4.20614004135132
7.51094007492065 4.21580982208252
7.52820014953613 4.2254900932312
7.54547023773193 4.23517990112305
7.56275987625122 4.24487018585205
7.58006000518799 4.25457000732422
7.59737014770508 4.26427984237671
7.61468982696533 4.27399015426636
7.63203001022339 4.28372001647949
7.64939022064209 4.2934398651123
7.66674995422363 4.30318021774292
7.68413019180298 4.31292009353638
7.70151996612549 4.32266998291016
7.71892976760864 4.33242988586426
7.73635005950928 4.34218978881836
7.75377988815308 4.35196018218994
7.77123022079468 4.36174011230469
7.78869009017944 4.37152004241943
7.80615997314453 4.38131999969482
7.82363986968994 4.39110994338989
7.841139793396 4.40091991424561
7.85866022109985 4.41072988510132
7.87618017196655 4.42054986953735
7.8937201499939 4.43037986755371
7.91128015518188 4.44020986557007
7.92884016036987 4.45004987716675
7.94642019271851 4.45989990234375
7.96401977539063 4.46974992752075
7.9816198348999 4.4796199798584
7.99923992156982 4.48948001861572
8.01688003540039 4.49936008453369
8.03452014923096 4.50924015045166
8.05218029022217 4.51913022994995
8.06986045837402 4.52902984619141
8.08753967285156 4.53892993927002
8.10523986816406 4.54884004592896
8.12296009063721 4.55876016616821
8.14068984985352 4.56867980957031
8.1584300994873 4.57861995697021
8.17617988586426 4.58855009078979
8.19394969940186 4.59849977493286
8.21173000335693 4.60844993591309
8.22953033447266 4.61841011047363
8.24734020233154 4.62837982177734
8.26515960693359 4.63835000991821
8.28299045562744 4.6483302116394
8.30084037780762 4.65831995010376
8.31869983673096 4.66831016540527
8.33658027648926 4.67830991744995
8.35447025299072 4.68832015991211
8.37236976623535 4.69833993911743
8.39029026031494 4.70836019515991
8.4082202911377 4.71838998794556
8.42615985870361 4.72842979431152
8.44412040710449 4.73847007751465
8.46208953857422 4.74851989746094
8.48007011413574 4.75858020782471
8.49806976318359 4.76864004135132
8.51607990264893 4.77871990203857
8.5341100692749 4.78879976272583
8.55214977264404 4.79888010025024
8.57019996643066 4.80896997451782
8.58825969696045 4.81906986236572
8.6063404083252 4.82917976379395
8.62444019317627 4.83930015563965
8.64253997802734 4.84942007064819
8.66065979003906 4.85954999923706
8.67879962921143 4.86967992782593
8.69694042205811 4.87981986999512
8.71510982513428 4.88996982574463
8.73328018188477 4.90012979507446
8.75146961212158 4.9102897644043
8.76966953277588 4.92046022415161
8.78789043426514 4.93064022064209
8.80611991882324 4.94083023071289
8.82435989379883 4.95101976394653
8.84261989593506 4.96121978759766
8.86089038848877 4.97141981124878
8.87917041778564 4.98163986206055
8.89747047424316 4.99185991287231
8.91578006744385 5.00207996368408
8.93410015106201 5.01232004165649
8.95244026184082 5.02256011962891
8.97080039978027 5.03281021118164
8.98915958404541 5.04305982589722
9.00753974914551 5.0533299446106
9.02593994140625 5.06360006332397
9.04434013366699 5.07387018203735
9.06276988983154 5.08415985107422
9.08119964599609 5.09444999694824
9.09965038299561 5.10475015640259
9.11810970306396 5.11504983901978
9.13659000396729 5.12537002563477
9.15507984161377 5.13569021224976
9.1735897064209 5.14600992202759
9.19209957122803 5.15635013580322
9.21063995361328 5.1666898727417
9.22918033599854 5.17704010009766
9.24773979187012 5.18738985061646
9.26632022857666 5.19776010513306
9.28489971160889 5.2081298828125
9.30350971221924 5.21851015090942
9.32211971282959 5.22888994216919
9.34074974060059 5.23928022384644
9.35939025878906 5.24968004226685
9.37804985046387 5.26008987426758
9.39671993255615 5.27050018310547
9.41541004180908 5.28092002868652
9.43410968780518 5.2913498878479
9.45281982421875 5.30178022384644
9.47154998779297 5.31222009658813
9.49028968811035 5.32266998291016
9.50903987884521 5.3331298828125
9.52781009674072 5.34358978271484
9.54660034179688 5.35406017303467
9.56538963317871 5.36454010009766
9.58419990539551 5.37503004074097
9.60303020477295 5.38551998138428
9.62187004089355 5.39601993560791
9.64072036743164 5.40652990341187
9.65958976745605 5.41703987121582
9.67846965789795 5.4275598526001
9.69736957550049 5.4380898475647
9.71627998352051 5.44862985610962
9.73519992828369 5.45916986465454
9.75413990020752 5.46971988677979
9.77309036254883 5.48027992248535
9.79205989837646 5.49084997177124
9.81103992462158 5.50142002105713
9.83003044128418 5.51200008392334
9.84904003143311 5.52259016036987
9.86806011199951 5.53318023681641
9.88710021972656 5.5437798500061
9.90614986419678 5.55438995361328
9.92521953582764 5.56501007080078
9.94429969787598 5.57563018798828
9.9633903503418 5.58625984191895
9.98250007629395 5.59689998626709
10.0016002655029 5.60755014419556
