0.384665012359619 0.2048269957304
0.384369999170303 0.20456999540329
0.384074985980988 0.20431299507618
0.383781999349594 0.204056993126869
0.383489012718201 0.20380200445652
0.383197009563446 0.20354799926281
0.38290598988533 0.203295007348061
0.382616013288498 0.20304299890995
0.382326990365982 0.202791005373001
0.38203901052475 0.202540993690491
0.381751000881195 0.202290996909142
0.381464004516602 0.202042996883392
0.381177991628647 0.201794996857643
0.380892992019653 0.201547995209694
0.380609005689621 0.201302006840706
0.380324989557266 0.201057001948357
0.380042999982834 0.200811997056007
0.379761010408401 0.200569003820419
0.379480004310608 0.20032599568367
0.379200011491776 0.200084000825882
0.378921002149582 0.199843004345894
0.378641992807388 0.199603006243706
0.378363996744156 0.199364006519318
0.378087013959885 0.19912500679493
0.377811014652252 0.198888003826141
0.377535998821259 0.198651000857353
0.377261012792587 0.198414996266365
0.376987993717194 0.198180004954338
0.376715004444122 0.19794599711895
0.37644299864769 0.197712004184723
0.376170992851257 0.197479993104935
0.375901013612747 0.197247996926308
0.375631004571915 0.197016999125481
0.375362008810043 0.196786999702454
0.375093996524811 0.196557000279427
0.374826997518539 0.196328997612
0.374559998512268 0.196100994944572
0.374294012784958 0.195874005556107
0.374029010534286 0.195647999644279
0.373764991760254 0.195421993732452
0.373501002788544 0.195197999477386
0.373237997293472 0.194974005222321
0.372976005077362 0.194750994443893
0.372714996337891 0.194528996944427
0.37245500087738 0.194306999444962
0.37219500541687 0.194086998701096
0.371935993432999 0.19386699795723
0.371677994728088 0.193646997213364
0.371419996023178 0.193428993225098
0.371163010597229 0.193211004137993
0.370907008647919 0.192994996905327
0.370651990175247 0.192778006196022
0.370398014783859 0.192562997341156
0.370144009590149 0.192349001765251
0.369890987873077 0.192135006189346
0.369639009237289 0.19192199409008
0.369387000799179 0.191708996891975
0.36913600564003 0.191497996449471
0.36888599395752 0.191286996006966
0.36863699555397 0.191076993942261
0.368387997150421 0.190867006778717
0.368140012025833 0.190659001469612
0.367893010377884 0.190450996160507
0.367646008729935 0.190244004130363
0.367401003837585 0.190036997199059
0.367155998945236 0.189832001924515
0.366910994052887 0.189627006649971
0.366667985916138 0.189421996474266
0.366425007581711 0.189218997955322
0.366183012723923 0.189015999436378
0.365940988063812 0.188813999295235
0.365700989961624 0.188612997531891
0.365460991859436 0.188411995768547
0.365220993757248 0.188212007284164
0.36498299241066 0.188013002276421
0.364744991064072 0.187813997268677
0.364506989717484 0.187616005539894
0.364270985126495 0.18741899728775
0.36403501033783 0.187223002314568
0.36379998922348 0.187027007341385
0.363564997911453 0.186831995844841
0.363332003355026 0.186636999249458
0.363099008798599 0.186443999409676
0.362866014242172 0.186250999569893
0.362634003162384 0.18605799973011
0.362403005361557 0.185866996645927
0.362172991037369 0.185675993561745
0.361943006515503 0.185485005378723
0.361714988946915 0.18529599905014
0.361485987901688 0.185106992721558
0.361259013414383 0.184918999671936
0.361032009124756 0.184731006622314
0.360805004835129 0.184543997049332
0.360579997301102 0.18435800075531
0.360354989767075 0.184172004461288
0.360130995512009 0.183987006545067
0.359907001256943 0.183803007006645
0.359683990478516 0.183620005846024
0.35946199297905 0.183437004685402
0.359241008758545 0.18325400352478
0.359019994735718 0.183072999119759
0.358799010515213 0.182891994714737
0.358579993247986 0.182712003588676
0.358361005783081 0.182531997561455
0.358143001794815 0.182353004813194
0.357924997806549 0.182174995541573
0.357708007097244 0.181997001171112
0.357491999864578 0.181820005178452
0.357275992631912 0.18164299428463
0.357060998678207 0.181467995047569
0.356846988201141 0.181291997432709
0.356633007526398 0.181117996573448
0.356420010328293 0.180943995714188
0.356207996606827 0.180770993232727
0.355996012687683 0.180598005652428
0.355785012245178 0.180426001548767
0.355574995279312 0.180254995822906
0.355365008115768 0.180084004998207
0.355156004428864 0.179913997650146
0.35494801402092 0.179745003581047
0.354739993810654 0.179575994610786
0.354532986879349 0.179407998919487
0.354326009750366 0.179240003228188
0.3541199862957 0.179073005914688
0.353915005922318 0.178907006978989
0.353711009025574 0.178740993142128
0.35350701212883 0.178575992584229
0.353302985429764 0.17841100692749
0.35310098528862 0.178248003125191
0.352898985147476 0.178084000945091
0.352697014808655 0.177921995520592
0.35249599814415 0.177760004997253
0.352295994758606 0.177597999572754
0.352097004652023 0.177437007427216
0.351898014545441 0.177276998758316
0.351700007915497 0.177118003368378
0.351502001285553 0.176958993077278
0.35130500793457 0.17679999768734
0.351108998060226 0.176642000675201
0.350912988185883 0.176485002040863
0.3507179915905 0.176329001784325
0.350524008274078 0.176173001527786
0.350329995155334 0.176017001271248
0.350136995315552 0.175861999392509
0.349943995475769 0.175707995891571
0.349752008914948 0.175554007291794
0.349561005830765 0.175401002168655
0.349370002746582 0.175248995423317
0.34918001294136 0.17509700357914
0.348991006612778 0.174945995211601
0.348802000284195 0.174795001745224
0.348614007234573 0.174645006656647
0.348426014184952 0.174495995044708
0.348239004611969 0.174346998333931
0.348053008317947 0.174199000000954
0.347867012023926 0.174051001667976
0.347681999206543 0.173904001712799
0.347497999668121 0.173757001757622
0.3473140001297 0.173611000180244
0.347131013870239 0.173465996980667
0.346947997808456 0.17332099378109
0.346767008304596 0.173177003860474
0.346585005521774 0.173032999038696
0.346404999494553 0.172889992594719
0.346224993467331 0.172747999429703
0.346044987440109 0.172606006264687
0.345865994691849 0.172463998198509
0.345687985420227 0.172324001789093
0.345510989427567 0.172183007001877
0.345333993434906 0.172043994069099
0.345156997442245 0.171904996037483
0.344981998205185 0.171765998005867
0.344806998968124 0.171628996729851
0.344631999731064 0.171490997076035
0.344458997249603 0.171354994177818
0.344285011291504 0.171217992901802
0.344112992286682 0.171083003282547
0.343941003084183 0.170947998762131
0.343769997358322 0.170812994241714
0.343598991632462 0.170680001378059
0.343428999185562 0.170545995235443
0.343259990215302 0.170414000749588
0.343091011047363 0.170280992984772
0.342922985553741 0.170149996876717
0.342754989862442 0.170019000768661
0.342588007450104 0.169888004660606
0.342422008514404 0.169759005308151
0.342256009578705 0.169628992676735
0.342090994119644 0.169501006603241
0.341926991939545 0.169373005628586
0.341762989759445 0.169245004653931
0.341600000858307 0.169118002057076
0.341437995433807 0.16899199783802
0.341275990009308 0.168865993618965
0.34111499786377 0.168740004301071
0.340954005718231 0.168615996837616
0.340793997049332 0.168492004275322
0.340635001659393 0.168367996811867
0.340476006269455 0.168245002627373
0.340317994356155 0.168123006820679
0.340160995721817 0.168000996112823
0.340003997087479 0.167879000306129
0.339848011732101 0.167759001255035
0.339693009853363 0.167639002203941
0.339538007974625 0.167519003152847
0.339383989572525 0.167400002479553
0.339230000972748 0.167282000184059
0.339078009128571 0.167163997888565
0.338925004005432 0.167045995593071
0.338773995637894 0.166930004954338
0.338622987270355 0.166813999414444
0.338472992181778 0.16669799387455
0.338322997093201 0.166583001613617
0.338173985481262 0.166468992829323
0.338025987148285 0.16635499894619
0.337879002094269 0.166242003440857
0.33773198723793 0.166128993034363
0.337585002183914 0.16601699590683
0.337440013885498 0.165904998779297
0.33729499578476 0.165794000029564
0.337150990962982 0.165683999657631
0.337006986141205 0.165573999285698
0.336863994598389 0.165464997291565
0.336721986532211 0.165356993675232
0.336580991744995 0.16524900496006
0.336439996957779 0.165141001343727
0.336299985647202 0.165033996105194
0.336160004138947 0.164928004145622
0.33602100610733 0.164821997284889
0.335882991552353 0.164717003703117
0.335745990276337 0.164612993597984
0.33560898900032 0.164508998394012
0.335473001003265 0.164406001567841
0.335337996482849 0.164303004741669
0.335202991962433 0.164201006293297
0.335070013999939 0.164100006222725
0.334935992956161 0.163999006152153
0.334803998470306 0.163898006081581
0.334672003984451 0.163799002766609
0.334540992975235 0.163699999451637
0.33441099524498 0.163600996136665
0.334280997514725 0.163503006100655
0.33415299654007 0.163405999541283
0.334024995565414 0.163310006260872
0.333896994590759 0.1632139980793
0.333770990371704 0.163118004798889
0.333644986152649 0.163023993372917
0.333519995212555 0.162928998470306
0.333395004272461 0.162836000323296
0.333272010087967 0.162743002176285
0.333148986101151 0.162651002407074
0.333027005195618 0.162559002637863
0.332906007766724 0.162468001246452
0.33278501033783 0.162377998232841
0.332664996385574 0.162287995219231
0.33254599571228 0.162199005484581
0.332428008317947 0.16211099922657
0.332311004400253 0.162022992968559
0.332194000482559 0.16193599998951
0.332078009843826 0.16185000538826
0.331963986158371 0.161763995885849
0.331849008798599 0.161678999662399
0.331735998392105 0.16159400343895
0.331624001264572 0.1615100055933
0.331512004137039 0.16142700612545
0.331400990486145 0.1613450050354
0.331290990114212 0.161263003945351
0.33118200302124 0.161182001233101
0.331073999404907 0.161101996898651
0.330967009067535 0.161021992564201
0.330859988927841 0.160943001508713
0.330754011869431 0.160864993929863
0.330650001764297 0.160787001252174
0.330545991659164 0.160711005330086
0.330442994832993 0.160633996129036
0.330341011285782 0.160558998584747
0.33024001121521 0.160484001040459
0.330139994621277 0.16041000187397
0.330040007829666 0.160337001085281
0.329941987991333 0.160264998674393
0.329845011234283 0.160192996263504
0.329748004674911 0.160122007131577
0.32965299487114 0.160052001476288
0.329558998346329 0.159982994198799
0.329465001821518 0.159914001822472
0.329373002052307 0.159845992922783
0.329281002283096 0.159778997302055
0.329190999269485 0.159713000059128
0.329102009534836 0.1596470028162
0.329012989997864 0.159583002328873
0.328925997018814 0.159519001841545
0.328839987516403 0.159455999732018
0.328754991292953 0.15939399600029
0.328671008348465 0.159332007169724
0.328588008880615 0.159272000193596
0.328505992889404 0.159211993217468
0.328426003456116 0.159153997898102
0.328346014022827 0.159096002578735
0.328267991542816 0.159039005637169
0.328191012144089 0.158983007073402
0.328114986419678 0.158928006887436
0.32804000377655 0.158874005079269
0.3279669880867 0.158820003271103
0.327894985675812 0.158767998218536
0.327823996543884 0.158717006444931
0.327753990888596 0.158665999770164
0.327686011791229 0.158617004752159
0.327618986368179 0.158567994832993
0.327553987503052 0.158520996570587
0.327490001916885 0.158474996685982
0.327426999807358 0.158428996801376
0.327365010976791 0.158384993672371
0.327304989099503 0.158342003822327
0.327246993780136 0.158299997448921
0.327190011739731 0.158259004354477
0.327134996652603 0.158218994736671
0.327080994844437 0.158179998397827
0.327028006315231 0.158142998814583
0.326977998018265 0.158105999231339
0.326929003000259 0.158070996403694
0.326880991458893 0.158037006855011
0.326835989952087 0.158004999160767
0.326792001724243 0.157973006367683
0.326750010251999 0.157942995429039
0.326709002256393 0.157913997769356
0.326671004295349 0.157886996865273
0.326633989810944 0.157860994338989
0.326599985361099 0.157836005091667
0.326566994190216 0.157812997698784
0.326537013053894 0.157791003584862
0.326507985591888 0.15777100622654
0.326481997966766 0.157752007246017
0.326458007097244 0.157735005021095
0.326436012983322 0.157719999551773
0.326415985822678 0.157706007361412
0.326398998498917 0.15769399702549
0.326384007930756 0.157682999968529
0.326371997594833 0.157673999667168
0.326362997293472 0.157667994499207
0.326355993747711 0.157663002610207
0.32635098695755 0.157659992575645
0.326350003480911 0.157658994197845
0.32635098695755 0.157659992575645
0.326355993747711 0.157663002610207
0.326362997293472 0.157667994499207
0.326373994350433 0.157675996422768
0.326388001441956 0.157685995101929
0.326406002044678 0.157698005437851
0.326427012681961 0.157712996006012
0.326451987028122 0.157729998230934
0.326481014490128 0.157749995589256
0.32651299238205 0.15777300298214
0.326550006866455 0.157799005508423
0.326591998338699 0.157828003168106
0.326636999845505 0.157859995961189
0.32668799161911 0.157894998788834
0.326743990182877 0.157933995127678
0.326804995536804 0.157976001501083
0.326871007680893 0.158022001385689
0.326943010091782 0.158071994781494
0.327021986246109 0.158126994967461
0.32710599899292 0.158185005187988
0.327197998762131 0.158249005675316
0.327297002077103 0.158316999673843
0.327403008937836 0.158390000462532
0.327517986297607 0.158469006419182
0.327641010284424 0.158554002642632
0.327773988246918 0.158646002411842
0.327915996313095 0.158744007349014
0.328070014715195 0.158849000930786
0.328235000371933 0.158961996436119
0.328413009643555 0.159084007143974
0.328604012727737 0.159215003252029
0.32881098985672 0.159355998039246
0.329034000635147 0.159509003162384
0.329275995492935 0.159673005342484
0.329537987709045 0.159851998090744
0.329822987318039 0.160044997930527
0.330132991075516 0.160255998373032
0.330473005771637 0.160485997796059
0.33084499835968 0.160738006234169
0.331256002187729 0.161016002297401
0.331710994243622 0.161322996020317
0.332217991352081 0.161663994193077
0.332783997058868 0.162045001983643
0.333420991897583 0.162471994757652
0.334136009216309 0.162950992584229
0.334935992956161 0.163486003875732
0.335819989442825 0.164075002074242
0.336773008108139 0.164709001779556
0.337767988443375 0.165370002388954
0.338775992393494 0.166038006544113
0.339772999286652 0.16669699549675
0.340745002031326 0.167337998747826
0.341686993837357 0.167958006262779
0.342597991228104 0.16855700314045
0.343479007482529 0.169136002659798
0.344332009553909 0.169695004820824
0.345160990953445 0.170238003134727
0.345968008041382 0.170765995979309
0.346754014492035 0.17127999663353
0.347523003816605 0.171781003475189
0.348275005817413 0.172271996736526
0.3490130007267 0.172751992940903
0.349738001823425 0.173224002122879
0.35045000910759 0.173686996102333
0.351152002811432 0.174143001437187
0.351842999458313 0.17459200322628
0.352526009082794 0.175034999847412
0.353199988603592 0.175470992922783
0.353866010904312 0.175903007388115
0.354523986577988 0.176329001784325
0.355176985263824 0.176751002669334
0.355821996927261 0.177167996764183
0.356462985277176 0.177581995725632
0.357096999883652 0.17799200117588
0.357726991176605 0.178397998213768
0.35835200548172 0.178801000118256
0.358972012996674 0.179199993610382
0.359587997198105 0.17959700524807
0.360201001167297 0.179991006851196
0.360808998346329 0.180382996797562
0.36141499876976 0.180772006511688
0.36201599240303 0.181159004569054
0.362614989280701 0.181542992591858
0.363211005926132 0.181925997138023
0.363804012537003 0.182307004928589
0.364394992589951 0.182685002684593
0.36498299241066 0.183062002062798
0.36556801199913 0.183438003063202
0.366151988506317 0.183810994029045
0.366733014583588 0.184183999896049
0.367312997579575 0.184553995728493
0.367890000343323 0.184924006462097
0.36846598982811 0.18529200553894
0.369040012359619 0.185659006237984
0.369612991809845 0.186024993658066
0.370182991027832 0.186388999223709
0.370752990245819 0.186753004789352
0.371320992708206 0.187114998698235
0.371888011693954 0.187476992607117
0.37245300412178 0.18783800303936
0.373017996549606 0.188197001814842
0.373580992221832 0.188556000590324
0.374143004417419 0.188914000988007
0.374704986810684 0.189272001385689
0.375265002250671 0.189629003405571
0.375824004411697 0.189983993768692
0.376383006572723 0.190339997410774
0.376940995454788 0.190695002675056
0.377498000860214 0.191048994660378
0.378053992986679 0.19140200316906
0.378609985113144 0.191754996776581
0.37916499376297 0.192108005285263
0.379720002412796 0.192460000514984
0.380273997783661 0.192811995744705
0.380827009677887 0.193162992596626
0.381379991769791 0.193513005971909
0.381933003664017 0.19386400282383
0.382485002279282 0.194214001297951
0.383037000894547 0.194563999772072
0.38358798623085 0.194912999868393
0.384140014648438 0.195261999964714
0.38468998670578 0.195611000061035
0.385241001844406 0.195959001779556
0.38579198718071 0.196308001875877
0.386341989040375 0.196656003594398
0.38689199090004 0.19700400531292
0.387441992759705 0.19735099375248
0.387991011142731 0.197698995471001
0.388541013002396 0.198045998811722
0.389091014862061 0.198394000530243
0.389640003442764 0.198741003870964
0.390188992023468 0.199088007211685
0.390738993883133 0.199433997273445
0.391288012266159 0.199781000614166
0.391838014125824 0.200128003954887
0.392387002706528 0.200475007295609
0.392937004566193 0.200820997357368
0.393485993146896 0.20116800069809
0.394035995006561 0.201514005661011
0.394585996866226 0.201860994100571
0.395135998725891 0.202206999063492
0.395686000585556 0.202554002404213
0.396236002445221 0.202901005744934
0.396786987781525 0.203246995806694
0.39733698964119 0.203593999147415
0.397888004779816 0.203940004110336
0.398438990116119 0.204286992549896
0.398990005254745 0.204633995890617
0.39954200387001 0.204980999231339
0.400094002485275 0.20532800257206
0.40064600110054 0.205675005912781
0.401197999715805 0.206021994352341
0.401751011610031 0.206368997693062
0.402303993701935 0.206716999411583
0.402857005596161 0.207065001130104
0.403411000967026 0.207412004470825
0.403964996337891 0.207760006189346
0.404518991708755 0.208107993006706
0.405074000358582 0.208455994725227
0.405629009008408 0.208804994821548
0.406183987855911 0.20915299654007
0.406740009784698 0.209501996636391
0.407296985387802 0.209850996732712
0.407853007316589 0.210199996829033
0.408410996198654 0.210548996925354
0.40896800160408 0.210898995399475
0.409525990486145 0.211248993873596
0.410084992647171 0.211599007248878
0.410643994808197 0.211949005723
0.411204010248184 0.212300002574921
0.411763995885849 0.212650001049042
0.412324011325836 0.213000997900963
0.412885993719101 0.213352993130684
0.413446992635727 0.213704004883766
0.414009988307953 0.214056000113487
0.41457200050354 0.214407995343208
0.415136009454727 0.214761003851891
0.415699005126953 0.215112999081612
0.416263997554779 0.215465992689133
0.416828989982605 0.215819999575615
0.417394995689392 0.216172993183136
0.417961001396179 0.216527000069618
0.418527990579605 0.2168810069561
0.419095009565353 0.217235997319221
0.41966301202774 0.217591002583504
0.420231997966766 0.217945992946625
0.420801997184753 0.218301996588707
0.42137199640274 0.218658000230789
0.421941995620728 0.219014003872871
0.422513991594315 0.219371005892754
0.423085987567902 0.219727993011475
0.42365899682045 0.220084995031357
0.424232006072998 0.220442995429039
0.424805998802185 0.220800995826721
0.425381004810333 0.221159994602203
0.42595699429512 0.221518993377686
0.42653301358223 0.221878007054329
0.427109986543655 0.222238004207611
0.427688002586365 0.222598001360893
0.428265988826752 0.222957998514175
0.4288449883461 0.223318994045258
0.429425001144409 0.223681002855301
0.430005997419357 0.224041998386383
0.430588006973267 0.224405005574226
0.431169986724854 0.224766999483109
0.431753009557724 0.225130006670952
0.432336986064911 0.225493997335434
0.432922005653381 0.225858002901077
0.433506995439529 0.226221993565559
0.434092998504639 0.226586997509003
0.434680998325348 0.226952999830246
0.435268998146057 0.227318003773689
0.435856997966766 0.227685004472733
0.436446994543076 0.228052005171776
0.437036991119385 0.228419005870819
0.437629014253616 0.228786006569862
0.438221007585526 0.229155004024506
0.438814014196396 0.229523003101349
0.439408004283905 0.229892998933792
0.440003007650375 0.230261996388435
0.440598994493484 0.23063200712204
0.441195011138916 0.231003001332283
0.441792994737625 0.231373995542526
0.442391008138657 0.231746003031731
0.442990005016327 0.232117995619774
0.443590998649597 0.232491001486778
0.444191992282867 0.232864007353783
0.444793999195099 0.233237996697426
0.445396989583969 0.23361200094223
0.446000993251801 0.233987003564835
0.446606010198593 0.234363004565239
0.447212010622025 0.234739005565643
0.447818011045456 0.235115006566048
0.448426008224487 0.235492005944252
0.449034988880157 0.235870003700256
0.449645012617111 0.236248001456261
0.450255006551743 0.236626997590065
0.450866997241974 0.237005993723869
0.451480001211166 0.237386003136635
0.452093988656998 0.237765997648239
0.452708005905151 0.238147005438805
0.453323990106583 0.238528996706009
0.453940987586975 0.238911002874374
0.454558998346329 0.23929400742054
0.455177992582321 0.239676997065544
0.455796986818314 0.24006099998951
0.456418007612228 0.240446001291275
0.457040011882782 0.24083100259304
0.457662999629974 0.241217002272606
0.458287000656128 0.241604000329971
0.458912998437881 0.241990998387337
0.459538996219635 0.242377996444702
0.46016600728035 0.242767006158829
0.460794985294342 0.243156000971794
0.461423993110657 0.24354499578476
0.462054997682571 0.243935003876686
0.462686002254486 0.244325995445251
0.463319003582001 0.244718000292778
0.463952988386154 0.245110005140305
0.464587986469269 0.24550299346447
0.465223997831345 0.245895996689796
0.46586200594902 0.246289998292923
0.466500014066696 0.246684998273849
0.46713998913765 0.247079998254776
0.467781007289886 0.247475996613503
0.468423008918762 0.247872993350029
0.469065994024277 0.248271003365517
0.469709992408752 0.248668998479843
0.470355004072189 0.249068006873131
0.471002012491226 0.249467000365257
0.471650004386902 0.249867007136345
0.472299009561539 0.250268012285233
0.472948998212814 0.250669986009598
0.473600000143051 0.251071989536285
0.474252998828888 0.251475006341934
0.474907010793686 0.251879006624222
0.475562006235123 0.252283006906509
0.476217985153198 0.252689003944397
0.476875990629196 0.253095000982285
0.477535009384155 0.253500998020172
0.478195011615753 0.25390899181366
0.47885599732399 0.254316985607147
0.479517996311188 0.254725009202957
0.480181992053986 0.255134999752045
0.480847001075745 0.255544990301132
0.481514006853104 0.255955994129181
0.482181012630463 0.256368011236191
0.482849985361099 0.256781011819839
0.483520001173019 0.257194012403488
0.48419201374054 0.257607996463776
0.484865009784698 0.258022993803024
0.485538989305496 0.258439004421234
0.486214011907578 0.258854985237122
0.486891001462936 0.259272009134293
0.487569004297256 0.25968998670578
0.488249003887177 0.260109007358551
0.488929986953735 0.260529011487961
0.489612013101578 0.260948985815048
0.490294992923737 0.261370003223419
0.490979999303818 0.261792004108429
0.491667002439499 0.262214988470078
0.49235400557518 0.262638002634048
0.493043005466461 0.263063013553619
0.493734002113342 0.263487994670868
0.494426012039185 0.263913989067078
0.495119005441666 0.264340996742249
0.495813012123108 0.264768987894058
0.496508985757828 0.26519700884819
0.49720698595047 0.2656269967556
0.497905999422073 0.266057014465332
0.498605996370316 0.26648798584938
0.499307990074158 0.266920000314713
0.500011026859283 0.267352014780045
0.500715970993042 0.267785996198654
0.501421988010406 0.268220007419586
0.502129018306732 0.268655985593796
0.502839028835297 0.269091993570328
0.503548979759216 0.269529014825821
0.504261016845703 0.26996698975563
0.504975020885468 0.270406007766724
0.505689978599548 0.270846009254456
0.506406009197235 0.271286010742188
0.507124006748199 0.271728008985519
0.507843971252441 0.272170007228851
0.508565008640289 0.272612988948822
0.509286999702454 0.273057997226715
0.510011970996857 0.273503005504608
0.510737001895905 0.27394899725914
0.51146399974823 0.274396002292633
0.512193024158478 0.274843990802765
0.512924015522003 0.275292009115219
0.51365602016449 0.275741994380951
0.514388978481293 0.276192992925644
0.515124022960663 0.276643991470337
0.515860974788666 0.27709698677063
0.516598999500275 0.277550011873245
0.517338991165161 0.278005003929138
0.51808100938797 0.278459995985031
0.518823981285095 0.278916001319885
0.519568026065826 0.279374003410339
0.520314991474152 0.279832005500793
0.521063029766083 0.280290991067886
0.521812975406647 0.280752003192902
0.522563993930817 0.281212985515594
0.523316979408264 0.281675010919571
0.524071991443634 0.282137989997864
0.524828016757965 0.28260201215744
0.525586009025574 0.283068001270294
0.526346027851105 0.283533990383148
0.527107000350952 0.284000992774963
0.527869999408722 0.28446900844574
0.528635025024414 0.284938007593155
0.529402017593384 0.28540900349617
0.530170023441315 0.285879999399185
0.530939996242523 0.286352008581161
0.531711995601654 0.286826014518738
0.532485008239746 0.287299990653992
0.533259987831116 0.287775009870529
0.534036993980408 0.288251996040344
0.534816026687622 0.288729012012482
0.535597026348114 0.289207994937897
0.536378979682922 0.289687991142273
0.537163019180298 0.290167987346649
0.537949025630951 0.290650010108948
0.538736999034882 0.291132986545563
0.539526998996735 0.291617006063461
0.540318012237549 0.292102009057999
0.541110992431641 0.292587995529175
0.541905999183655 0.293074995279312
0.542702972888947 0.293563008308411
0.543501973152161 0.294052988290787
0.544302999973297 0.294542998075485
0.54510498046875 0.295035004615784
0.545910000801086 0.295527994632721
0.546715974807739 0.296021997928619
0.547523975372314 0.296517014503479
0.548334002494812 0.297013014554977
0.549145996570587 0.297509998083115
0.549960017204285 0.298007994890213
0.55077600479126 0.298507988452911
0.551594018936157 0.299008995294571
0.552412986755371 0.299510985612869
0.553234994411469 0.300013989210129
0.554059028625488 0.300518006086349
0.554884016513824 0.301023006439209
0.555711984634399 0.301530003547668
0.55654102563858 0.302037000656128
0.557372987270355 0.302545994520187
0.558206021785736 0.303056001663208
0.559041976928711 0.303568005561829
0.559880018234253 0.304080009460449
0.560719013214111 0.30459401011467
0.561560988426208 0.305108994245529
0.562404990196228 0.30562499165535
0.563250005245209 0.306142002344131
0.564098000526428 0.306661009788513
0.56494802236557 0.307181000709534
0.56580001115799 0.307702004909515
0.566654026508331 0.308223992586136
0.567510008811951 0.308748006820679
0.568368017673492 0.30927300453186
0.569229006767273 0.309798985719681
0.570091009140015 0.310326009988785
0.570955991744995 0.310855001211166
0.571823000907898 0.311385005712509
0.572691977024078 0.311915993690491
0.573562979698181 0.312449008226395
0.574436008930206 0.312981992959976
0.575311005115509 0.31351700425148
0.576188981533051 0.314054012298584
0.577068984508514 0.314592003822327
0.577951014041901 0.315131008625031
0.578835010528564 0.315670996904373
0.579721987247467 0.316213011741638
0.580609977245331 0.316756010055542
0.581501007080078 0.317299991846085
0.582394003868103 0.31784600019455
0.583289980888367 0.318392992019653
0.584187984466553 0.318940997123718
0.585088014602661 0.319490998983383
0.585990011692047 0.320042014122009
0.586894989013672 0.320594996213913
0.587801992893219 0.321148008108139
0.588711023330688 0.321704000234604
0.589622974395752 0.322259992361069
0.590537011623383 0.322818994522095
0.591453015804291 0.323377996683121
0.592370986938477 0.323938995599747
0.593293011188507 0.324501007795334
0.594215989112854 0.325064986944199
0.595142006874084 0.325630009174347
0.596069991588593 0.326196998357773
0.597001016139984 0.32676500082016
0.597934007644653 0.327333986759186
0.598869025707245 0.327904999256134
0.599807024002075 0.328478008508682
0.600748002529144 0.329052001237869
0.601689994335175 0.329627007246017
0.602635979652405 0.330204010009766
0.603583991527557 0.330781996250153
0.604533970355988 0.331362009048462
0.605486989021301 0.331943988800049
0.606441974639893 0.332525998353958
0.607400000095367 0.333110988140106
0.608361005783081 0.333696991205215
0.609323978424072 0.334284007549286
0.610288977622986 0.334872990846634
0.611257016658783 0.335464000701904
0.612227976322174 0.336055994033813
0.613201975822449 0.336649000644684
0.614178001880646 0.337244004011154
0.61515599489212 0.337841004133224
0.616137027740479 0.338440001010895
0.617120981216431 0.339038997888565
0.618107974529266 0.339641004800797
0.619096994400024 0.340243995189667
0.620088994503021 0.340849012136459
0.62108302116394 0.341455012559891
0.622080981731415 0.342063009738922
0.623081028461456 0.342671990394592
0.624082982540131 0.343284010887146
0.62508898973465 0.343896001577377
0.626097023487091 0.34451100230217
0.627107977867126 0.345126986503601
0.628121972084045 0.345744997262955
0.629137992858887 0.346363991498947
0.630158007144928 0.346985012292862
0.631179988384247 0.347608000040054
0.632205009460449 0.348233014345169
0.63323301076889 0.348859012126923
0.634262979030609 0.349487006664276
0.635297000408173 0.35011699795723
0.636332988739014 0.350748002529144
0.637372970581055 0.351381003856659
0.638414978981018 0.352016001939774
0.639460027217865 0.352652996778488
0.640507996082306 0.353291004896164
0.64155900478363 0.35393100976944
0.642612993717194 0.354573011398315
0.64367002248764 0.355217009782791
0.644729971885681 0.355861991643906
0.64579302072525 0.356509000062943
0.646858990192413 0.357158005237579
0.64792799949646 0.357809007167816
0.648999989032745 0.358462005853653
0.650075018405914 0.359115988016129
0.651153028011322 0.359773010015488
0.652234017848969 0.360430985689163
0.653319001197815 0.361090987920761
0.654406011104584 0.361752986907959
0.655497014522552 0.362415999174118
0.656589984893799 0.363081991672516
0.65768700838089 0.363750010728836
0.65878701210022 0.364419013261795
0.659889996051788 0.365090012550354
0.660996973514557 0.365763992071152
0.662105977535248 0.366439014673233
0.663218975067139 0.367116004228592
0.664335012435913 0.367794990539551
0.665453970432281 0.368476003408432
0.666576981544495 0.369159013032913
0.667702972888947 0.369843989610672
0.668832004070282 0.370530992746353
0.669964015483856 0.371219992637634
0.67110002040863 0.371910989284515
0.672239005565643 0.372602999210358
0.673381984233856 0.373297989368439
0.674526989459991 0.373995006084442
0.675677001476288 0.374693989753723
0.676828980445862 0.375394999980927
0.677985012531281 0.37609800696373
0.679144978523254 0.376803010702133
0.680307984352112 0.377510011196136
0.681473970413208 0.378219991922379
0.682644009590149 0.378930985927582
0.683817982673645 0.379644989967346
0.684994995594025 0.380360007286072
0.686174988746643 0.381078004837036
0.687358975410461 0.3817979991436
0.688547015190125 0.382519990205765
0.689737975597382 0.383244007825851
0.690932989120483 0.383969992399216
0.692130982875824 0.384698003530502
0.693333029747009 0.385428994894028
0.69453901052475 0.386162012815475
0.695747971534729 0.386896997690201
0.696960985660553 0.387634009122849
0.698177993297577 0.388372987508774
0.69939798116684 0.389115005731583
0.700622975826263 0.389858990907669
0.701851010322571 0.390605002641678
0.703082025051117 0.391353994607925
0.704317986965179 0.392103999853134
0.705556988716125 0.392856985330582
0.706799983978271 0.393613010644913
0.708046972751617 0.39436998963356
0.709298014640808 0.395130008459091
0.710552990436554 0.3958919942379
0.711812019348145 0.39665699005127
0.713074028491974 0.397424012422562
0.71434098482132 0.398193001747131
0.71561199426651 0.398965001106262
0.716885983943939 0.399738997220993
0.71816498041153 0.400516003370285
0.719447016716003 0.401293992996216
0.720734000205994 0.402076005935669
0.722024023532867 0.402859002351761
0.723318994045258 0.403645992279053
0.724618017673492 0.404433995485306
0.725920975208282 0.40522500872612
0.727227985858917 0.406019002199173
0.728538990020752 0.406814992427826
0.729853987693787 0.40761399269104
0.731173992156982 0.408414989709854
0.732497990131378 0.409218996763229
0.733825981616974 0.410025000572205
0.735158026218414 0.410834014415741
0.736495018005371 0.411644995212555
0.737836003303528 0.41245898604393
0.739180982112885 0.413275003433228
0.740531027317047 0.414095014333725
0.741885006427765 0.414916008710861
0.743242979049683 0.415740996599197
0.744606018066406 0.416568011045456
0.745972990989685 0.417396992444992
0.747344970703125 0.418229997158051
0.74872100353241 0.419064998626709
0.75010097026825 0.419903010129929
0.751487016677856 0.420742988586426
0.752875983715057 0.421586006879807
0.754270970821381 0.422432005405426
0.755668997764587 0.423281013965607
0.757072985172272 0.424131989479065
0.758481025695801 0.424986988306046
0.759894013404846 0.425844013690948
0.761310994625092 0.426703989505768
0.762732982635498 0.42756599187851
0.764159977436066 0.428431987762451
0.765591979026794 0.429300010204315
0.767027974128723 0.430171996355057
0.768469989299774 0.431046009063721
0.769915997982025 0.431923002004623
0.771367013454437 0.432803004980087
0.772822022438049 0.43368598818779
0.774282991886139 0.434570997953415
0.775749027729034 0.43546000123024
0.777218997478485 0.436352014541626
0.778694987297058 0.437247008085251
0.780175983905792 0.438143998384476
0.781660974025726 0.439045011997223
0.783151984214783 0.439949005842209
0.784648001194 0.440856009721756
0.786148011684418 0.441765993833542
0.787653982639313 0.442678987979889
0.78916597366333 0.443594992160797
0.790682017803192 0.444514006376266
0.792203009128571 0.445436000823975
0.793730020523071 0.446361988782883
0.795261979103088 0.447290986776352
0.796800017356873 0.448222994804382
0.798341989517212 0.449158012866974
0.799889981746674 0.450096011161804
0.801443994045258 0.451036989688873
0.803003013134003 0.451981991529465
0.804566979408264 0.452930003404617
0.806137025356293 0.453880995512009
0.807712018489838 0.454836010932922
0.80929297208786 0.455794006586075
0.810878992080688 0.456755012273788
0.812470972537994 0.457720011472702
0.814068019390106 0.458687990903854
0.815671026706696 0.45965901017189
0.817279994487762 0.460633993148804
0.818894982337952 0.461611986160278
0.820514976978302 0.462592989206314
0.822140991687775 0.46357798576355
0.82377302646637 0.464567005634308
0.825410008430481 0.465559005737305
0.827054023742676 0.466554999351501
0.828702986240387 0.467554003000259
0.830358028411865 0.468555986881256
0.832019984722137 0.469563007354736
0.833687007427216 0.470571994781494
0.835359990596771 0.471585988998413
0.837038993835449 0.472602993249893
0.838724970817566 0.473623991012573
0.840416014194489 0.474647998809814
0.842113971710205 0.475676000118256
0.843818008899689 0.476707994937897
0.84552800655365 0.477742999792099
0.847244024276733 0.478781998157501
0.848966002464294 0.479826003313065
0.850695013999939 0.480872005224228
0.852429986000061 0.481923013925552
0.854171991348267 0.482977002859116
0.855920016765594 0.48403599858284
0.8576740026474 0.485098004341125
0.859435021877289 0.486164003610611
0.861203014850616 0.487233996391296
0.862977027893066 0.488308012485504
0.864758014678955 0.489385992288589
0.866545021533966 0.490467995405197
0.868339002132416 0.491553992033005
0.870139002799988 0.492644011974335
0.87194699048996 0.493737995624542
0.873760998249054 0.494836002588272
0.875581979751587 0.495938003063202
0.877409994602203 0.497043997049332
0.879081010818481 0.498055994510651
0.880199015140533 0.498732000589371
0.880945026874542 0.499184012413025
0.881443977355957 0.499485999345779
0.881775975227356 0.499686986207962
0.881998002529144 0.49982100725174
0.882146000862122 0.499909996986389
0.882219970226288 0.499954998493195
0.882256984710693 0.499978005886078
0.882293999195099 0.5
0.882293999195099 0.5
0.882331013679504 0.500021994113922
0.88236802816391 0.500045001506805
0.882441997528076 0.500090003013611
0.882589995861053 0.50017899274826
0.882812023162842 0.500313997268677
0.883144974708557 0.500514984130859
0.883646011352539 0.500818014144897
0.884397983551025 0.501272976398468
0.885528028011322 0.50195699930191
0.887226998806 0.502986013889313
0.88909900188446 0.504118025302887
0.89097797870636 0.505254983901978
0.892865002155304 0.506397008895874
0.894757986068726 0.507542014122009
0.896659016609192 0.508692979812622
0.898567020893097 0.509846985340118
0.900483012199402 0.511005997657776
0.902405977249146 0.512169003486633
0.904335975646973 0.513337016105652
0.906274020671844 0.51450902223587
0.90821897983551 0.515685975551605
0.910171985626221 0.516867995262146
0.912132024765015 0.518052995204926
0.914099991321564 0.519244015216827
0.916076004505157 0.520439028739929
0.918060004711151 0.521638989448547
0.920050978660583 0.52284300327301
0.922049999237061 0.524052023887634
0.924057006835938 0.525265991687775
0.926072001457214 0.526485025882721
0.928094983100891 0.527707993984222
0.930126011371613 0.528936982154846
0.932165026664734 0.530170023441315
0.934212028980255 0.5314080119133
0.936267018318176 0.532649993896484
0.938331007957458 0.533897995948792
0.940401971340179 0.53515100479126
0.942481994628906 0.536408007144928
0.944570004940033 0.537671029567719
0.946667015552521 0.538938999176025
0.948772013187408 0.540211975574493
0.950886011123657 0.541489005088806
0.953007996082306 0.542771995067596
0.955138981342316 0.544061005115509
0.95727801322937 0.545354008674622
0.959425985813141 0.546652972698212
0.961583018302917 0.547955989837646
0.96374899148941 0.549265027046204
0.965923011302948 0.550580024719238
0.968105971813202 0.551900029182434
0.970299005508423 0.553224980831146
0.972500026226044 0.554554998874664
0.974709987640381 0.55589097738266
0.976930022239685 0.557232975959778
0.979157984256744 0.558579981327057
0.981396019458771 0.559931993484497
0.983642995357513 0.56129002571106
0.985899984836578 0.5626540184021
0.988165974617004 0.564023017883301
0.990441024303436 0.565397977828979
0.992726027965546 0.566779017448425
0.995019972324371 0.568165004253387
0.997323989868164 0.569558024406433
0.999638020992279 0.570955991744995
1.00196003913879 0.572359979152679
1.00428998470306 0.573768973350525
1.00663995742798 0.575185000896454
1.00899004936218 0.57660698890686
1.01135003566742 0.578033983707428
1.0137300491333 0.579468011856079
1.01610994338989 0.580908000469208
1.0184999704361 0.582352995872498
1.02091002464294 0.583805024623871
1.0233199596405 0.585263013839722
1.02574002742767 0.586727976799011
1.0281800031662 0.588198006153107
1.03061997890472 0.589675009250641
1.03307998180389 0.591157972812653
1.03554999828339 0.592648029327393
1.03802001476288 0.594143986701965
1.04051005840302 0.595646023750305
1.04300999641418 0.597154974937439
1.04551994800568 0.598671019077301
1.04804003238678 0.600193023681641
1.05057001113892 0.601720988750458
1.05311000347137 0.60325700044632
1.05566000938416 0.604798972606659
1.05823004245758 0.606347024440765
1.06079995632172 0.607903003692627
1.06339001655579 0.609465003013611
1.06598997116089 0.611033976078033
1.0686000585556 0.61260998249054
1.07122004032135 0.614193022251129
1.07386004924774 0.615782976150513
1.07650005817413 0.617380023002625
1.07915997505188 0.61898398399353
1.08183002471924 0.620595991611481
1.08450996875763 0.622214019298553
1.08720004558563 0.623839974403381
1.08990001678467 0.625473022460938
1.09262001514435 0.627112984657288
1.09535002708435 0.628759980201721
1.09809005260468 0.630415022373199
1.10084998607635 0.632076978683472
1.10361003875732 0.633746981620789
1.10638999938965 0.635424971580505
1.10917997360229 0.637109994888306
1.11198997497559 0.638801991939545
1.11479997634888 0.640502989292145
1.11763000488281 0.642211019992828
1.1204799413681 0.643926978111267
1.12332999706268 0.645650029182434
1.12619996070862 0.647382020950317
1.1290899515152 0.649120986461639
1.13197994232178 0.650869011878967
1.134889960289 0.652624011039734
1.13780999183655 0.654388010501862
1.14075005054474 0.656159996986389
1.14370000362396 0.657939016819
1.14665997028351 0.659727990627289
1.1496399641037 0.661523997783661
1.15262997150421 0.663329005241394
1.15564000606537 0.665141999721527
1.15866005420685 0.666963994503021
1.16168999671936 0.668793976306915
1.16473996639252 0.670633018016815
1.167799949646 0.67247998714447
1.17087996006012 0.674336016178131
1.17396998405457 0.676200985908508
1.17707002162933 0.678075015544891
1.18018996715546 0.67995697259903
1.18333005905151 0.681849002838135
1.1864800453186 0.68374902009964
1.18964004516602 0.685658991336823
1.1928299665451 0.68757700920105
1.19602000713348 0.689504981040955
1.19922995567322 0.691442012786865
1.20246005058289 0.693387985229492
1.20570003986359 0.695343017578125
1.20896005630493 0.697308003902435
1.21222996711731 0.699281990528107
1.21552002429962 0.7012659907341
1.21882998943329 0.703260004520416
1.22214996814728 0.705263018608093
1.22548997402191 0.707274973392487
1.22883999347687 0.709298014640808
1.23221004009247 0.711329996585846
1.23559999465942 0.713371992111206
1.2389999628067 0.71542501449585
1.24241995811462 0.717486977577209
1.24585998058319 0.719559013843536
1.24931001663208 0.721642017364502
1.25277996063232 0.723734021186829
1.2562700510025 0.725836992263794
1.25978004932404 0.727950990200043
1.2632999420166 0.730073988437653
1.2668399810791 0.732209026813507
1.27040004730225 0.734353005886078
1.27397000789642 0.736509025096893
1.27757000923157 0.738674998283386
1.28118002414703 0.740851998329163
1.28480994701385 0.743040025234222
1.28845000267029 0.745239019393921
1.2921199798584 0.747448027133942
1.29580998420715 0.749669015407562
1.29951000213623 0.751900970935822
1.30323004722595 0.754144012928009
1.30697000026703 0.756398975849152
1.31072998046875 0.758664011955261
1.31450998783112 0.760941982269287
1.31831002235413 0.76323002576828
1.32211995124817 0.765531003475189
1.32596004009247 0.767843008041382
1.32982003688812 0.770166993141174
1.3336900472641 0.77250200510025
1.33758997917175 0.774850010871887
1.34150004386902 0.777208983898163
1.34544003009796 0.779581010341644
1.34939002990723 0.781964004039764
1.35336995124817 0.784359991550446
1.35737001895905 0.786768019199371
1.36138999462128 0.789188981056213
1.36541998386383 0.7916219830513
1.36948001384735 0.794067025184631
1.37355995178223 0.79652601480484
1.37766003608704 0.798996984958649
1.38179004192352 0.801479995250702
1.38592994213104 0.803977012634277
1.39010000228882 0.806486010551453
1.39427995681763 0.80900901556015
1.3984899520874 0.811544001102448
1.40272998809814 0.814092993736267
1.40698003768921 0.816655993461609
1.41126000881195 0.819230973720551
1.41554999351501 0.821820020675659
1.41987001895905 0.824423015117645
1.42421996593475 0.827039003372192
1.4285900592804 0.829668998718262
1.4329799413681 0.832313001155853
1.43738996982574 0.834971010684967
1.44182002544403 0.837642014026642
1.44628000259399 0.840327978134155
1.45077002048492 0.843028008937836
1.45527994632721 0.845743000507355
1.45981001853943 0.848470985889435
1.464359998703 0.851215004920959
1.46894001960754 0.853972017765045
1.47354996204376 0.856745004653931
1.47818005084991 0.859531998634338
1.48283004760742 0.862334012985229
1.48750996589661 0.865150988101959
1.49221003055573 0.867982983589172
1.49694001674652 0.870829999446869
1.50169003009796 0.873691976070404
1.50646996498108 0.876569986343384
1.51127994060516 0.879463016986847
1.51610994338989 0.882371008396149
1.52096998691559 0.88529497385025
1.52585005760193 0.888234972953796
1.53076004981995 0.891191005706787
1.53569996356964 0.894163012504578
1.54066002368927 0.897149980068207
1.54565000534058 0.900153994560242
1.55067002773285 0.903173983097076
1.55570995807648 0.906210005283356
1.56078994274139 0.909262001514435
1.56588995456696 0.912330985069275
1.57100999355316 0.915417015552521
1.57616996765137 0.918519020080566
1.58134996891022 0.921638011932373
1.58656001091003 0.924773991107941
1.59179997444153 0.927927017211914
1.59706997871399 0.931097984313965
1.60237002372742 0.93428498506546
1.6076899766922 0.937489986419678
1.61304998397827 0.940711975097656
1.61843001842499 0.943951010704041
1.62383997440338 0.947207987308502
1.62928998470306 0.950483024120331
1.63476002216339 0.953776001930237
1.6402599811554 0.957086980342865
1.64579999446869 0.960415005683899
1.65136003494263 0.963761985301971
1.65694999694824 0.967127025127411
1.66258001327515 0.970510005950928
1.6682300567627 0.973912000656128
1.67392003536224 0.977333009243011
1.67963004112244 0.980772018432617
1.68537998199463 0.984229028224945
1.69115996360779 0.987706005573273
1.69696998596191 0.991200983524323
1.70281994342804 0.994715988636017
1.7086900472641 0.998250007629395
1.71459996700287 1.00179994106293
1.72054004669189 1.00538003444672
1.7265100479126 1.00897002220154
1.7325199842453 1.012580037117
1.73854994773865 1.01620995998383
1.74462997913361 1.01986002922058
1.75073003768921 1.02353000640869
1.75687003135681 1.02722001075745
1.76303994655609 1.03093004226685
1.76924002170563 1.0346599817276
1.77548003196716 1.038409948349
1.78174996376038 1.04218995571136
1.78805994987488 1.04597997665405
1.79439997673035 1.04979002475739
1.8007800579071 1.05361998081207
1.80718994140625 1.05747997760773
1.81363999843597 1.0613499879837
1.82011997699738 1.06525003910065
1.82662999629974 1.06916999816895
1.83317995071411 1.07309997081757
1.83976995944977 1.07705998420715
1.84639000892639 1.08104002475739
1.85304999351501 1.08504998683929
1.8597400188446 1.08906996250153
1.86646997928619 1.09311997890472
1.87323999404907 1.09718000888824
1.88004004955292 1.10126996040344
1.88688004016876 1.10538005828857
1.89375996589661 1.10951995849609
1.90067994594574 1.11366999149323
1.90762996673584 1.11784994602203
1.91461002826691 1.12205004692078
1.9216400384903 1.12627005577087
1.92869997024536 1.13050997257233
1.93579995632172 1.13478004932404
1.94293999671936 1.1390700340271
1.950119972229 1.14338004589081
1.95732998847961 1.14771997928619
1.96458005905151 1.15207004547119
1.97187995910645 1.15645003318787
1.97920000553131 1.16085994243622
1.9865700006485 1.16527998447418
1.99398005008698 1.16972994804382
2.00142002105713 1.17420995235443
2.0089099407196 1.17869997024536
2.01642990112305 1.18322002887726
2.0239999294281 1.18777000904083
2.03159999847412 1.19233000278473
2.03923988342285 1.19692003726959
2.04692006111145 1.20153999328613
2.05464005470276 1.206169962883
2.06240010261536 1.21082997322083
2.07019996643066 1.21552002429962
2.07803988456726 1.22022998332977
2.08592009544373 1.22495996952057
2.09384989738464 1.22971999645233
2.10180997848511 1.23450005054474
2.10981011390686 1.2393000125885
2.11785006523132 1.24413001537323
2.12593007087708 1.24899005889893
2.13405990600586 1.25385999679565
2.14222002029419 1.25875997543335
2.15041995048523 1.26368999481201
2.15866994857788 1.26864004135132
2.1669499874115 1.2736200094223
2.17528009414673 1.27860999107361
2.18365001678467 1.2836400270462
2.1920599937439 1.28868997097015
2.20051002502441 1.29375994205475
2.20900011062622 1.29885995388031
2.21753001213074 1.30397999286652
2.22610998153687 1.3091299533844
2.23471999168396 1.31429994106293
2.24338006973267 1.3194899559021
2.25207996368408 1.32471001148224
2.26081991195679 1.32995998859406
2.26959991455078 1.33522999286652
2.27841997146606 1.34052002429962
2.28729009628296 1.3458399772644
2.29619002342224 1.35118997097015
2.30514001846313 1.35655999183655
2.31413006782532 1.36195003986359
2.32315993309021 1.3673700094223
2.33223009109497 1.37281000614166
2.34134006500244 1.37828004360199
2.35050010681152 1.38376998901367
2.35968995094299 1.38928997516632
2.36893010139465 1.39482998847961
2.37821006774902 1.40040004253387
2.38753008842468 1.40599000453949
2.39689993858337 1.41161000728607
2.40630006790161 1.4172500371933
2.41575002670288 1.42290997505188
2.42523002624512 1.42859995365143
2.43476009368896 1.43431997299194
2.44432997703552 1.4400600194931
2.45393991470337 1.44581997394562
2.4635899066925 1.4516099691391
2.47328996658325 1.45743000507355
2.48302006721497 1.46326005458832
2.49279999732971 1.46913003921509
2.50260996818542 1.47501003742218
2.51247000694275 1.48091995716095
2.52237010002136 1.48686003684998
2.53231000900269 1.49282002449036
2.5422899723053 1.49880003929138
2.5523099899292 1.50480997562408
2.56237006187439 1.51084005832672
2.57246994972229 1.51689994335175
2.58260989189148 1.5229799747467
2.59278988838196 1.52908003330231
2.60301995277405 1.53521001338959
2.6132800579071 1.54136002063751
2.62357997894287 1.54753994941711
2.63391995429993 1.55374002456665
2.64430999755859 1.55996000766754
2.65473008155823 1.5662100315094
2.66518998146057 1.57247996330261
2.6756899356842 1.57877004146576
2.68622994422913 1.58509004116058
2.69681000709534 1.59142994880676
2.70742988586426 1.59779000282288
2.71809005737305 1.60417997837067
2.72878003120422 1.6105899810791
2.73952007293701 1.61702001094818
2.75028991699219 1.62346994876862
2.76111006736755 1.62995004653931
2.77196002006531 1.63645005226135
2.78284001350403 1.64297997951508
2.79377007484436 1.64952003955841
2.8047399520874 1.65609002113342
2.81574010848999 1.66268002986908
2.82678008079529 1.66929996013641
2.83786010742188 1.67593002319336
2.84896993637085 1.68259000778198
2.86012005805969 1.68927001953125
2.87130999565125 1.69597005844116
2.88253998756409 1.70269000530243
2.8938000202179 1.70943999290466
2.90510010719299 1.71619999408722
2.91642999649048 1.72299003601074
2.92779994010925 1.72979998588562
2.93920993804932 1.73662996292114
2.95064997673035 1.74347996711731
2.96213006973267 1.75036001205444
2.97363996505737 1.75724995136261
2.98518991470337 1.76416003704071
2.99677991867065 1.77110004425049
3.00839996337891 1.77805995941162
3.02005004882813 1.78503000736237
3.03173995018005 1.79202997684479
3.04345989227295 1.79904997348785
3.05521988868713 1.80607998371124
3.06700992584229 1.8131400346756
3.07884001731873 1.82021999359131
3.09069991111755 1.82731997966766
3.10259008407593 1.83443999290466
3.11452007293701 1.84157001972198
3.12648010253906 1.84872996807098
3.1384699344635 1.85590994358063
3.15049004554749 1.86310005187988
3.16254997253418 1.87031996250153
3.17463994026184 1.87755000591278
3.18675994873047 1.88480997085571
3.19892001152039 1.89207994937897
3.21110010147095 1.89936995506287
3.22332000732422 1.90667998790741
3.23556995391846 1.9140100479126
3.24784994125366 1.92135000228882
3.26015996932983 1.92871999740601
3.27251005172729 1.93610000610352
3.28487992286682 1.94350004196167
3.29729008674622 1.95091998577118
3.30972003936768 1.95835995674133
3.32219004631042 1.96580994129181
3.33468008041382 1.97328996658325
3.34720993041992 1.98078000545502
3.35976004600525 1.98828995227814
3.37234997749329 1.99581003189087
3.38495993614197 2.00335001945496
3.39759993553162 2.01091003417969
3.41027998924255 2.01849007606506
3.42298007011414 2.02607989311218
3.43570995330811 2.03368997573853
3.4484601020813 2.04132008552551
3.4612500667572 2.04896998405457
3.47407007217407 2.05662989616394
3.48691010475159 2.06430006027222
3.49977993965149 2.07200002670288
3.51268005371094 2.07969999313354
3.52559995651245 2.08743000030518
3.53854990005493 2.09517002105713
3.55152988433838 2.10293006896973
3.56453990936279 2.11069989204407
3.57756996154785 2.11848998069763
3.59063005447388 2.12629008293152
3.60371994972229 2.13410997390747
3.61683011054993 2.14194989204407
3.62997007369995 2.14980006217957
3.64314007759094 2.15767002105713
3.65633010864258 2.16554999351501
3.66953992843628 2.17343997955322
3.68279004096985 2.18134999275208
3.69604992866516 2.18928003311157
3.70935010910034 2.19722008705139
3.72266006469727 2.20516991615295
3.73600006103516 2.21314001083374
3.74937009811401 2.22112989425659
3.76275992393494 2.22913002967834
3.77618002891541 2.23713994026184
3.78961992263794 2.24516010284424
3.8030800819397 2.2532000541687
3.81657004356384 2.26126003265381
3.83008003234863 2.26933002471924
3.84362006187439 2.27741003036499
3.85718011856079 2.28551006317139
3.87075996398926 2.29362010955811
3.88437008857727 2.30173993110657
3.89800000190735 2.30987000465393
3.91164994239807 2.31802010536194
3.92531991004944 2.32618999481201
3.93901991844177 2.33435988426208
3.95273995399475 2.34255003929138
3.96648001670837 2.35075998306274
3.98024988174438 2.35896992683411
3.99404001235962 2.36719989776611
4.00784015655518 2.37543988227844
4.02167987823486 2.38369989395142
4.03553009033203 2.39195990562439
4.04939985275269 2.40023994445801
4.06330013275146 2.40852999687195
4.07721996307373 2.41684007644653
4.09115982055664 2.42515993118286
4.10512018203735 2.43348002433777
4.11910009384155 2.44182991981506
4.1331000328064 2.45018005371094
4.14711999893188 2.45853996276855
4.16117000579834 2.46691989898682
4.17523002624512 2.47531008720398
4.18931007385254 2.48371005058289
4.20342016220093 2.49212002754211
4.2175498008728 2.50055003166199
4.23168992996216 2.50899004936218
4.24586009979248 2.51743006706238
4.26003980636597 2.52589011192322
4.27425003051758 2.5343599319458
4.28846979141235 2.54285001754761
4.30272006988525 2.55134010314941
4.31697988510132 2.55984997749329
4.33127021789551 2.56836009025574
4.34557008743286 2.57688999176025
4.35988998413086 2.58542990684509
4.37423992156982 2.59398007392883
4.38859987258911 2.60254001617432
4.40297985076904 2.61110997200012
4.41737985610962 2.61968994140625
4.43178987503052 2.62828993797302
4.44622993469238 2.63688993453979
4.46068000793457 2.64550995826721
4.47516012191772 2.65412998199463
4.48964977264404 2.66277003288269
4.50415992736816 2.67141008377075
4.51869010925293 2.68006992340088
4.53323984146118 2.68874001502991
4.54780006408691 2.69741988182068
4.56237983703613 2.70609998703003
4.57699012756348 2.71479988098145
4.59159994125366 2.72351002693176
4.60623979568481 2.73222994804382
4.62089014053345 2.74095988273621
4.63557004928589 2.74970006942749
4.65025997161865 2.75845003128052
4.66495990753174 2.76721000671387
4.67968988418579 2.77597999572754
4.69442987442017 2.78475999832153
4.70918989181519 2.79355001449585
4.72395992279053 2.80235004425049
4.73875999450684 2.81116008758545
4.75357007980347 2.81997990608215
4.76840019226074 2.82879996299744
4.78323984146118 2.83764004707336
4.79809999465942 2.84648990631104
4.81298017501831 2.85535001754761
4.82786989212036 2.8642098903656
4.84279012680054 2.87309002876282
4.85770988464355 2.88197994232178
4.8726601600647 2.89087009429932
4.887619972229 2.89978003501892
4.90259981155396 2.90868997573853
4.91759014129639 2.91761994361877
4.9326000213623 2.92654991149902
4.94762992858887 2.93548989295959
4.96266984939575 2.94443988800049
4.97772979736328 2.9533998966217
4.99280023574829 2.96236991882324
5.00789022445679 2.9713499546051
5.02299976348877 2.98034000396729
5.03811979293823 2.98934006690979
5.05325984954834 2.99833989143372
5.06841993331909 3.00735998153687
5.08359003067017 3.01638007164001
5.09877014160156 3.02540993690491
5.11397981643677 3.03446006774902
5.12918996810913 3.04350996017456
5.14443016052246 3.052570104599
5.15966987609863 3.06164002418518
5.17494010925293 3.07070994377136
5.19021987915039 3.07979989051819
5.20551013946533 3.08889007568359
5.22081995010376 3.09800004959106
5.23614978790283 3.10711002349854
5.25149011611938 3.11623001098633
5.2668399810791 3.12536001205444
5.28221988677979 3.13450002670288
5.29759979248047 3.14364004135132
5.31300020217896 3.1528000831604
5.32842016220093 3.1619598865509
5.34385013580322 3.17113995552063
5.35930013656616 3.18032002449036
5.37476015090942 3.18951010704041
5.39024019241333 3.19869995117188
5.4057297706604 3.20791006088257
5.42122983932495 3.21711993217468
5.43674993515015 3.22635006904602
5.45229005813599 3.23557996749878
5.46784019470215 3.24482011795044
5.4834098815918 3.25406002998352
5.49899005889893 3.26331996917725
5.51457977294922 3.27258992195129
5.53018999099731 3.28186011314392
5.54581022262573 3.29114007949829
5.56145000457764 3.30043005943298
5.57709980010986 3.30972003936768
5.59277009963989 3.31903004646301
5.60844993591309 3.32834005355835
5.62414979934692 3.33767008781433
5.63986015319824 3.34699010848999
5.65558004379272 3.35632991790771
5.67131996154785 3.36567997932434
5.68707990646362 3.37503004074097
5.70283985137939 3.38439011573792
5.71862983703613 3.39375996589661
5.73441982269287 3.4031400680542
5.75022983551025 3.41252994537354
5.76605987548828 3.42192006111145
5.78189992904663 3.43131995201111
5.7977499961853 3.44073009490967
5.81362009048462 3.45015001296997
5.82950019836426 3.4595799446106
5.84538984298706 3.4690101146698
5.86129999160767 3.47845005989075
5.87723016738892 3.48790001869202
5.89315986633301 3.49735999107361
5.9091100692749 3.5068199634552
5.92507982254028 3.51629996299744
5.94106006622314 3.52577996253967
5.95704984664917 3.53526997566223
5.973060131073 3.54475998878479
5.98907995223999 3.55427002906799
6.00511980056763 3.5637800693512
6.02116012573242 3.57329988479614
6.03723001480103 3.58282995223999
6.05329990386963 3.59236001968384
6.06938982009888 3.60190010070801
6.08549976348877 3.61145997047424
6.10161018371582 3.62101006507874
6.11775016784668 3.63057994842529
6.13389015197754 3.64015007019043
6.15005016326904 3.64972996711731
6.16622018814087 3.65932011604309
6.18240976333618 3.66892004013062
6.19860982894897 3.67851996421814
6.21481990814209 3.68813991546631
6.23105001449585 3.69776010513306
6.24729013442993 3.70738005638123
6.26353979110718 3.71702003479004
6.27980995178223 3.72666001319885
6.2960901260376 3.73631000518799
6.31238985061646 3.74597001075745
6.32870006561279 3.7556300163269
6.34501981735229 3.76530003547668
6.36135005950928 3.77498006820679
6.37769985198975 3.78467011451721
6.39407014846802 3.79436993598938
6.41043996810913 3.80406999588013
6.42682981491089 3.8137800693512
6.44324016571045 3.82349991798401
6.45965003967285 3.8332200050354
6.4760799407959 3.84295010566711
6.49252986907959 3.85269999504089
6.50897979736328 3.86244010925293
6.52545022964478 3.87220001220703
6.54194021224976 3.88195991516113
6.55844020843506 3.89173007011414
6.57495021820068 3.90151000022888
6.59146976470947 3.91128993034363
6.60800981521606 3.92108988761902
6.62455987930298 3.93089008331299
6.64111995697021 3.94069004058838
6.6577000617981 3.95051002502441
6.6742901802063 3.96033000946045
6.69089984893799 3.97016000747681
6.70750999450684 3.98000001907349
6.72414016723633 3.98984003067017
6.74078989028931 3.99969005584717
6.75745010375977 4.00955009460449
6.77411985397339 4.01942014694214
6.79080009460449 4.02929019927979
6.80749988555908 4.0391697883606
6.82421016693115 4.04905986785889
6.84092998504639 4.0589599609375
6.85766983032227 4.06886005401611
6.87442016601563 4.07877016067505
6.89119005203247 4.08868980407715
6.90795993804932 4.09860992431641
6.92475986480713 4.10855007171631
6.94155979156494 4.11849021911621
6.95838022232056 4.12843990325928
6.97521018981934 4.1383900642395
6.99205017089844 4.14834976196289
7.00891017913818 4.15831995010376
7.02578020095825 4.16830015182495
7.04266023635864 4.17827987670898
7.05955982208252 4.1882700920105
7.07646989822388 4.19826984405518
7.09338998794556 4.20828008651733
7.11033010482788 4.21828985214233
7.12728023529053 4.22831010818481
7.14423990249634 4.23833990097046
7.16122007369995 4.24838018417358
7.17820978164673 4.25841999053955
7.19520998001099 4.26846981048584
7.21222019195557 4.27853012084961
7.22924995422363 4.28858995437622
7.24629020690918 4.29865980148315
7.26335000991821 4.30874013900757
7.28041982650757 4.31883001327515
7.2975001335144 4.32891988754272
7.31459999084473 4.33902978897095
7.33169984817505 4.34913015365601
7.3488302230835 4.35925006866455
7.36596012115479 4.3693699836731
7.38311004638672 4.37949991226196
7.40026998519897 4.38963985443115
7.41744995117188 4.39978981018066
7.43462991714478 4.40993976593018
7.45182991027832 4.42010021209717
7.46904993057251 4.430260181427
7.48627996444702 4.44044017791748
7.50352001190186 4.45062017440796
7.52077007293701 4.46081018447876
7.53804016113281 4.47100019454956
7.55531978607178 4.48121023178101
7.57260990142822 4.49141979217529
7.58992004394531 4.50163984298706
7.60724020004272 4.51185989379883
7.6245698928833 4.52208995819092
7.64192008972168 4.53233003616333
7.65927982330322 4.54258012771606
7.67665004730225 4.55284023284912
7.69403982162476 4.56309986114502
7.71144008636475 4.5733699798584
7.7288498878479 4.58364009857178
7.74628019332886 4.59392976760864
7.76372003555298 4.60421991348267
7.78116989135742 4.61451005935669
7.79863977432251 4.62482023239136
7.81611013412476 4.63512992858887
7.83361005783081 4.64545011520386
7.85110998153687 4.65577983856201
7.86862993240356 4.66611003875732
7.88615989685059 4.67645978927612
7.90370988845825 4.68681001663208
7.92126989364624 4.69715976715088
7.93883991241455 4.70753002166748
7.95642995834351 4.71789979934692
7.97403001785278 4.72827005386353
7.99164009094238 4.73865985870361
8.0092601776123 4.74905014038086
8.02690029144287 4.75944995880127
8.0445499420166 4.769859790802
8.06221961975098 4.78028011322021
8.07989978790283 4.79069995880127
8.09759044647217 4.80112981796265
8.11530017852783 4.81156015396118
8.1330099105835 4.8220100402832
8.15075016021729 4.83245992660522
8.16849040985107 4.84291982650757
8.18624973297119 4.85338020324707
8.20401954650879 4.86386013031006
8.22181034088135 4.87434005737305
8.23960971832275 4.88482999801636
8.25741958618164 4.89531993865967
8.27525043487549 4.90582990646362
8.29308032989502 4.91633987426758
8.31093978881836 4.92684984207153
8.32880020141602 4.93737983703613
8.3466796875 4.94790983200073
8.36458015441895 4.95844984054565
8.38247966766357 4.9689998626709
8.40040016174316 4.97954988479614
8.41833019256592 4.99010992050171
8.43628025054932 5.0006799697876
8.45423984527588 5.01126003265381
8.47220993041992 5.02184009552002
8.49020004272461 5.03243017196655
8.50819969177246 5.04302978515625
8.52622032165527 5.05362987518311
8.54423999786377 5.06424999237061
8.56227970123291 5.07487010955811
8.58034038543701 5.08549022674561
8.59840965270996 5.09612989425659
8.61649036407471 5.10677003860474
8.6345796585083 5.1174201965332
8.65268993377686 5.12807989120483
8.67080974578857 5.13874006271362
8.68894958496094 5.1494197845459
8.70709991455078 5.16009998321533
8.72525978088379 5.17078018188477
8.74343967437744 5.18147993087769
8.76161956787109 5.19218015670776
8.77982997894287 5.20288991928101
8.79804039001465 5.21360015869141
8.81628036499023 5.22432994842529
8.83452033996582 5.23506021499634
8.85278034210205 5.24580001831055
8.87104988098145 5.25653982162476
8.88932991027832 5.26730012893677
8.90762996673584 5.27805995941162
8.92593955993652 5.2888298034668
8.94427013397217 5.29960012435913
8.96261024475098 5.31037998199463
8.98095989227295 5.32117986679077
8.99932956695557 5.33197021484375
9.01770973205566 5.34278011322021
9.03610038757324 5.35359001159668
9.05451011657715 5.36440992355347
9.07293033599854 5.37523984909058
9.09136962890625 5.38607978820801
9.10982036590576 5.3969202041626
9.12827968597412 5.40777015686035
9.14675998687744 5.41863012313843
9.16524982452393 5.4294900894165
9.18375015258789 5.4403600692749
9.20226955413818 5.45125007629395
9.22080039978027 5.46213006973267
9.23935031890869 5.47303009033203
9.25790023803711 5.4839301109314
9.27647972106934 5.49484014511108
9.29506015777588 5.50576019287109
9.31365966796875 5.51667976379395
9.33228015899658 5.5276198387146
9.35091018676758 5.53855991363525
9.36954975128174 5.54951000213623
9.38821029663086 5.56046009063721
9.40686988830566 5.57142019271851
9.42555999755859 5.58238983154297
9.44425964355469 5.59336996078491
9.46296977996826 5.60436010360718
9.48169040679932 5.61534976959229
9.5004301071167 5.62634992599487
9.51918983459473 5.63736009597778
9.53794956207275 5.64837980270386
9.55673027038574 5.65939998626709
9.57553005218506 5.67043018341064
9.59434032440186 5.68146991729736
9.61316013336182 5.69251012802124
9.63199996948242 5.7035698890686
9.65085029602051 5.71463012695313
9.66971015930176 5.72569990158081
9.68859004974365 5.73677015304565
9.70748996734619 5.74785995483398
9.72638988494873 5.75895023345947
9.74530982971191 5.77005004882813
9.76424980163574 5.7811598777771
9.78320026397705 5.79227018356323
9.80216026306152 5.80339002609253
9.82114028930664 5.81451988220215
9.84012985229492 5.82566022872925
9.85914039611816 5.83681011199951
9.87816047668457 5.84795999526978
9.89719009399414 5.85911989212036
9.91623973846436 5.87028980255127
9.93529987335205 5.88146018981934
9.95438003540039 5.89265012741089
9.97346973419189 5.90384006500244
9.99256992340088 5.91504001617432
10.0116996765137 5.92623996734619
