0.447138994932175 0.234694004058838
0.446532994508743 0.234318003058434
0.445928990840912 0.233942002058029
0.44532498717308 0.233567997813225
0.44472199678421 0.23319299519062
0.444119989871979 0.232820004224777
0.443518996238708 0.232445999979973
0.442918986082077 0.23207400739193
0.442319989204407 0.231701999902725
0.441720992326736 0.231330007314682
0.441123992204666 0.230958998203278
0.440526992082596 0.230588003993034
0.439931988716125 0.23021799325943
0.439336985349655 0.229847997426987
0.438742995262146 0.229478999972343
0.438149988651276 0.2291110008955
0.437557995319366 0.228743001818657
0.436966985464096 0.228375002741814
0.436376988887787 0.22800800204277
0.435786992311478 0.227641001343727
0.43519800901413 0.227274999022484
0.43461000919342 0.226908996701241
0.43402299284935 0.226543992757797
0.433436989784241 0.226179003715515
0.432851999998093 0.225814998149872
0.432267010211945 0.225450992584229
0.431683003902435 0.225087001919746
0.431100010871887 0.224723994731903
0.430518001317978 0.224361002445221
0.42993700504303 0.223998993635178
0.429356008768082 0.223637998104095
0.428775995969772 0.223276004195213
0.428196996450424 0.22291499376297
0.427619010210037 0.222554996609688
0.427040994167328 0.222194999456406
0.42646399140358 0.221835002303123
0.425888001918793 0.221476003527641
0.425312012434006 0.221117004752159
0.424737989902496 0.220758005976677
0.424163997173309 0.220400005578995
0.423590004444122 0.220042005181313
0.423016995191574 0.21968500316143
0.422446012496948 0.219328001141548
0.421873986721039 0.218970999121666
0.421303987503052 0.218614995479584
0.420733988285065 0.218259006738663
0.420163989067078 0.21790400147438
0.419595986604691 0.217548996210098
0.419028013944626 0.217194005846977
0.418460011482239 0.216839000582695
0.41789299249649 0.216484993696213
0.417326986789703 0.216131001710892
0.416761994361877 0.215776994824409
0.416197001934052 0.215424001216888
0.415632009506226 0.215070992708206
0.415068000555038 0.214718997478485
0.414505004882813 0.214366003870964
0.413942009210587 0.214013993740082
0.413379997014999 0.213661998510361
0.412818998098373 0.21331100165844
0.412257999181747 0.212959006428719
0.411697000265121 0.212608993053436
0.411137014627457 0.212257996201515
0.410576999187469 0.211906999349594
0.410017997026443 0.211557000875473
0.409460008144379 0.211207002401352
0.408901989459991 0.210857003927231
0.408344000577927 0.21050800383091
0.407786995172501 0.210158005356789
0.407229989767075 0.209809005260468
0.40667399764061 0.209460005164146
0.406118005514145 0.209112003445625
0.405562996864319 0.208763003349304
0.405007004737854 0.208415001630783
0.404453009366989 0.208066999912262
0.403898000717163 0.207718998193741
0.403344988822937 0.20737099647522
0.402790993452072 0.207022994756699
0.402238011360168 0.206674993038177
0.401684999465942 0.206328004598618
0.401131987571716 0.205981001257896
0.400579988956451 0.205633997917175
0.400027990341187 0.205285996198654
0.399475991725922 0.204940006136894
0.398925006389618 0.204593002796173
0.398373007774353 0.204245999455452
0.397821992635727 0.203898996114731
0.397271990776062 0.20355199277401
0.396721005439758 0.20320600271225
0.396171003580093 0.202858999371529
0.395619988441467 0.202512994408607
0.395069986581802 0.202166005969048
0.39452001452446 0.201820001006126
0.393970996141434 0.201472997665405
0.393420994281769 0.201125994324684
0.392870992422104 0.200780004262924
0.3923220038414 0.200433000922203
0.391772001981735 0.200086995959282
0.391223013401031 0.199739992618561
0.390673011541367 0.199393004179001
0.39012399315834 0.19904600083828
0.389573991298676 0.198698997497559
0.389025002717972 0.198351994156837
0.388475000858307 0.198005005717278
0.387926012277603 0.197658002376556
0.387376010417938 0.197310000658035
0.386826008558273 0.196961998939514
0.386276006698608 0.196613997220993
0.385726004838943 0.196265995502472
0.385174989700317 0.195917993783951
0.384624987840652 0.19556899368763
0.384074002504349 0.195219993591309
0.383522987365723 0.194870993494987
0.382970988750458 0.194521993398666
0.382418990135193 0.194171994924545
0.381866991519928 0.193821996450424
0.381314009428024 0.193471997976303
0.380760997533798 0.193121001124382
0.380207985639572 0.192770004272461
0.379653990268707 0.192417994141579
0.379099011421204 0.192065998911858
0.378544002771378 0.191713005304337
0.377988010644913 0.191359996795654
0.377431988716125 0.191006004810333
0.376873999834061 0.190651997923851
0.376316010951996 0.190296992659569
0.375757992267609 0.189942002296448
0.375198006629944 0.189585998654366
0.374637991189957 0.189228996634483
0.374076008796692 0.188871994614601
0.373513996601105 0.188513994216919
0.372951000928879 0.188153997063637
0.372386008501053 0.187794998288155
0.371820002794266 0.187434002757072
0.37125301361084 0.187071993947029
0.370685011148453 0.186709001660347
0.370115011930466 0.186345994472504
0.369543999433517 0.185981005430222
0.36897200345993 0.185615003108978
0.368396997451782 0.185248002409935
0.367821007966995 0.184880003333092
0.367244005203247 0.184509992599487
0.366663992404938 0.184138998389244
0.366082012653351 0.183767005801201
0.36549898982048 0.183393001556396
0.364912986755371 0.183017000555992
0.364324003458023 0.182640001177788
0.363734006881714 0.182261005043983
0.363139986991882 0.181879997253418
0.362544000148773 0.181498005986214
0.361945003271103 0.181113004684448
0.361342012882233 0.180726006627083
0.36073699593544 0.180335998535156
0.360127985477448 0.17994399368763
0.359515011310577 0.179550006985664
0.358898013830185 0.179152995347977
0.35827699303627 0.17875300347805
0.357652008533478 0.178349003195763
0.357021987438202 0.177943006157875
0.356386989355087 0.177533000707626
0.355746001005173 0.177119001746178
0.355098992586136 0.176700994372368
0.354445993900299 0.176277995109558
0.353787004947662 0.175851002335548
0.353119999170303 0.175419002771378
0.352445006370544 0.174981996417046
0.351761013269424 0.174538999795914
0.351069003343582 0.174088999629021
0.350365996360779 0.173631995916367
0.349651992321014 0.173168003559113
0.34892600774765 0.172694995999336
0.348185986280441 0.17221400141716
0.347431987524033 0.171721994876862
0.346661001443863 0.171219006180763
0.34587299823761 0.170702993869781
0.345064014196396 0.1701740026474
0.344231992959976 0.169630005955696
0.343374997377396 0.169067993760109
0.342491000890732 0.168486997485161
0.341576009988785 0.167885005474091
0.340631008148193 0.167263001203537
0.339655011892319 0.166619002819061
0.338656008243561 0.165958002209663
0.337648004293442 0.165289998054504
0.336656987667084 0.164631992578506
0.335711002349854 0.164002999663353
0.334836006164551 0.163418993353844
0.334046006202698 0.162891000509262
0.333341002464294 0.162419006228447
0.332713007926941 0.161998003721237
0.332154005765915 0.161622002720833
0.331654012203217 0.161284998059273
0.331205010414124 0.160981997847557
0.330799013376236 0.160706996917725
0.330430001020432 0.160457998514175
0.330094993114471 0.160229995846748
0.329786986112595 0.160021007061005
0.329504996538162 0.159830003976822
0.329246014356613 0.159652993083
0.329006999731064 0.159490004181862
0.328785985708237 0.159338995814323
0.328581005334854 0.159198999404907
0.32839098572731 0.159069001674652
0.328215003013611 0.158948004245758
0.328051000833511 0.158836007118225
0.327899008989334 0.158731997013092
0.327757000923157 0.158634006977081
0.32762598991394 0.15854400396347
0.327504009008408 0.158460006117821
0.327389985322952 0.158381000161171
0.327284008264542 0.158307999372482
0.32718700170517 0.158241003751755
0.327095985412598 0.158178001642227
0.327012002468109 0.158120006322861
0.326934009790421 0.158066004514694
0.326862990856171 0.158016994595528
0.326797008514404 0.157970994710922
0.326736986637115 0.157929003238678
0.32668200135231 0.157891005277634
0.326631993055344 0.157856002449989
0.326586008071899 0.157823994755745
0.326546013355255 0.157795995473862
0.32650899887085 0.157769992947578
0.326476991176605 0.157747998833656
0.326449006795883 0.157728001475334
0.3264240026474 0.157710999250412
0.326402992010117 0.15769599378109
0.326386004686356 0.157683998346329
0.326373010873795 0.157674998044968
0.326362013816833 0.157666996121407
0.326355010271072 0.157662004232407
0.32635098695755 0.157658994197845
0.326350003480911 0.157658994197845
0.326350003480911 0.157658994197845
0.326353013515472 0.157661005854607
0.326357990503311 0.157664999365807
0.326366007328033 0.157670006155968
0.326377004384995 0.157677993178368
0.326389998197556 0.157686993479729
0.326406002044678 0.157698005437851
0.3264240026474 0.157710999250412
0.326445013284683 0.157726004719734
0.326467007398605 0.157741993665695
0.326492995023727 0.157759994268417
0.326519995927811 0.15777899324894
0.326548993587494 0.157800003886223
0.326579988002777 0.157821998000145
0.326613992452621 0.157846003770828
0.326649010181427 0.15787099301815
0.326687008142471 0.157897993922234
0.326725989580154 0.157925993204117
0.32676699757576 0.157955005764961
0.326810002326965 0.157986000180244
0.32685399055481 0.158017992973328
0.326900988817215 0.158050999045372
0.326949000358582 0.158086001873016
0.326999008655548 0.158121004700661
0.327050000429153 0.158158004283905
0.327102988958359 0.158196002244949
0.327156990766525 0.158234998583794
0.327212989330292 0.158276006579399
0.327271014451981 0.158316999673843
0.327329993247986 0.158360004425049
0.327390998601913 0.158402994275093
0.32745298743248 0.158447995781898
0.327515989542007 0.158493995666504
0.327580988407135 0.158540993928909
0.327647000551224 0.158588007092476
0.327713996171951 0.158637002110481
0.327782988548279 0.158686995506287
0.327852994203568 0.158738002181053
0.327924996614456 0.15879000723362
0.327996999025345 0.158841997385025
0.328070998191833 0.158895999193192
0.328146994113922 0.158950999379158
0.328222990036011 0.159005999565125
0.328299999237061 0.159061998128891
0.32837900519371 0.159119993448257
0.328458994626999 0.159178003668785
0.328539997339249 0.159236997365952
0.32862201333046 0.159297004342079
0.328705996274948 0.159357994794846
0.328790009021759 0.159419998526573
0.328875988721848 0.159482002258301
0.328961998224258 0.159545004367828
0.329050004482269 0.159610003232956
0.329138994216919 0.159675002098083
0.329228013753891 0.159740000963211
0.329319000244141 0.159806996583939
0.329411000013351 0.159874007105827
0.329504013061523 0.159942001104355
0.329598009586334 0.160010993480682
0.329692989587784 0.160080999135971
0.329787999391556 0.16015200316906
0.329885005950928 0.160223007202148
0.329982995986938 0.160294994711876
0.33008199930191 0.160367995500565
0.330181002616882 0.160440996289253
0.330282002687454 0.160514995455742
0.330383002758026 0.160589993000031
0.330485999584198 0.16066600382328
0.33058899641037 0.160741999745369
0.330693006515503 0.160820007324219
0.330798000097275 0.160897001624107
0.330904006958008 0.160975992679596
0.33101099729538 0.161054998636246
0.331119000911713 0.161135002970695
0.331227004528046 0.161216005682945
0.331337004899979 0.161296993494034
0.331447005271912 0.161378994584084
0.331557989120483 0.161461994051933
0.331669986248016 0.161544993519783
0.33178299665451 0.161629006266594
0.331896990537643 0.161714002490044
0.332011014223099 0.161798998713493
0.332127004861832 0.161884993314743
0.332242995500565 0.161972001194954
0.332359999418259 0.162059992551804
0.332477003335953 0.162147998809814
0.332596004009247 0.162236005067825
0.332715004682541 0.162324994802475
0.332834988832474 0.162414997816086
0.332955986261368 0.162505999207497
0.333077013492584 0.162597000598907
0.333200007677078 0.162689000368118
0.333323001861572 0.162781998515129
0.333447009325027 0.16287499666214
0.333572000265121 0.162968993186951
0.333696991205215 0.163063004612923
0.333822995424271 0.163157999515533
0.333950012922287 0.163253992795944
0.334078013896942 0.163350000977516
0.334206014871597 0.163446992635727
0.334334999322891 0.163543999195099
0.334464997053146 0.163642004132271
0.334596008062363 0.163741007447243
0.334726989269257 0.163839995861053
0.334859013557434 0.163939997553825
0.334991991519928 0.164040997624397
0.335124999284744 0.164141997694969
0.335258990526199 0.164242997765541
0.335393995046616 0.164345994591713
0.335530012845993 0.164449006319046
0.335666000843048 0.164552003145218
0.335803002119064 0.16465599834919
0.335940986871719 0.164761006832123
0.336079001426697 0.164866000413895
0.336217999458313 0.164972007274628
0.33635801076889 0.165078997612
0.336497992277145 0.165186002850533
0.336638987064362 0.165292993187904
0.336780995130539 0.165401995182037
0.336923986673355 0.16551099717617
0.337067008018494 0.165619999170303
0.337211012840271 0.165729999542236
0.337354987859726 0.165840998291969
0.337500005960464 0.165951997041702
0.337646007537842 0.166062995791435
0.337792992591858 0.166176006197929
0.337940007448196 0.166289001703262
0.338088005781174 0.166401997208595
0.338236004114151 0.166516005992889
0.338384985923767 0.166630998253822
0.338535010814667 0.166746005415916
0.338685989379883 0.166861996054649
0.338836997747421 0.166978001594543
0.338988989591599 0.167095005512238
0.339141011238098 0.16721299290657
0.339293986558914 0.167330995202065
0.339448004961014 0.167448997497559
0.339601993560791 0.167568996548653
0.339756995439529 0.167687997221947
0.339913010597229 0.167808994650841
0.340068995952606 0.167930006980896
0.340225994586945 0.16805100440979
0.340384006500244 0.168173000216484
0.340541988611221 0.168295994400978
0.340701013803482 0.168419003486633
0.340860992670059 0.168542996048927
0.341021001338959 0.168667003512383
0.341181993484497 0.168791994452477
0.341342985630035 0.168917998671532
0.341504991054535 0.169044002890587
0.341668009757996 0.169171005487442
0.341830998659134 0.169297993183136
0.341995000839233 0.169425994157791
0.342159986495972 0.169553995132446
0.342325001955032 0.169682994484901
0.342491000890732 0.169813007116318
0.342658013105392 0.169943004846573
0.342824995517731 0.170073002576828
0.342992007732391 0.170204997062683
0.34316098690033 0.170335993170738
0.34332999587059 0.170469000935555
0.34349998831749 0.17060199379921
0.343670010566711 0.170735001564026
0.34384098649025 0.170868992805481
0.34401199221611 0.171003997325897
0.344184994697571 0.171139001846313
0.344357013702393 0.17127500474453
0.344530999660492 0.171410992741585
0.344704985618591 0.171547994017601
0.344879001379013 0.171685993671417
0.345055013895035 0.171823993325233
0.345230996608734 0.171963006258011
0.345407009124756 0.172102004289627
0.345584005117416 0.172242000699043
0.345762014389038 0.172381997108459
0.345941007137299 0.172523006796837
0.346119999885559 0.172664999961853
0.34629899263382 0.172806993126869
0.346480011940002 0.172949999570847
0.346661001443863 0.173093006014824
0.346841990947723 0.17323699593544
0.347023993730545 0.173381000757217
0.347207009792328 0.173526003956795
0.34739100933075 0.173672005534172
0.347575008869171 0.173818007111549
0.347759008407593 0.173965007066727
0.347945004701614 0.174112007021904
0.348129987716675 0.174260005354881
0.348316997289658 0.174409002065659
0.34850400686264 0.174557998776436
0.348691999912262 0.174707993865013
0.348879992961884 0.174858003854752
0.349068999290466 0.175008997321129
0.349258989095688 0.175160005688667
0.349449008703232 0.175311997532845
0.349640011787415 0.175465002655983
0.349831998348236 0.17561799287796
0.35002401471138 0.175771996378899
0.350217014551163 0.175926998257637
0.350410014390945 0.176082000136375
0.350603997707367 0.176237002015114
0.35079899430275 0.176394000649452
0.350993990898132 0.176550000905991
0.351190000772476 0.176707997918129
0.351386994123459 0.176865994930267
0.351583987474442 0.177025005221367
0.351781994104385 0.177184000611305
0.35198101401329 0.177343994379044
0.352180004119873 0.177504003047943
0.352378994226456 0.177664995193481
0.352580010890961 0.177827000617981
0.352780997753143 0.17798900604248
0.352982997894287 0.178151994943619
0.353184998035431 0.178315997123718
0.353388011455536 0.178479999303818
0.353590995073318 0.178644999861717
0.353796005249023 0.178810000419617
0.354000002145767 0.178975999355316
0.354205995798111 0.179142996668816
0.354411989450455 0.179309993982315
0.35461899638176 0.179478004574776
0.354826003313065 0.179646000266075
0.355033993721008 0.179814994335175
0.355242997407913 0.179985001683235
0.355452001094818 0.180154994130135
0.355661988258362 0.180325999855995
0.355872988700867 0.180498003959656
0.356083989143372 0.180669993162155
0.356296002864838 0.180842995643616
0.356509000062943 0.181015998125076
0.356721997261047 0.181189998984337
0.356936007738113 0.181364998221397
0.357151001691818 0.181540995836258
0.357365995645523 0.181716993451118
0.357582002878189 0.18189300596714
0.357798010110855 0.182071000337601
0.358016014099121 0.182248994708061
0.358233004808426 0.182427003979683
0.358451992273331 0.182606995105743
0.358671009540558 0.182786002755165
0.358891010284424 0.182967007160187
0.35911101102829 0.183147996664047
0.359333008527756 0.183329999446869
0.35955399274826 0.183513000607491
0.359777003526688 0.183696001768112
0.360000014305115 0.183880001306534
0.360224008560181 0.184064000844955
0.360448002815247 0.184248998761177
0.360673993825912 0.184434995055199
0.36089900135994 0.184622004628181
0.361126005649567 0.184808999300003
0.361353009939194 0.184997007250786
0.36158099770546 0.185185000300407
0.361809998750687 0.18537500500679
0.362038999795914 0.185563996434212
0.362269014120102 0.185754999518394
0.362498998641968 0.185946002602577
0.362731009721756 0.18613800406456
0.362962990999222 0.186331003904343
0.36319500207901 0.186524003744125
0.363429009914398 0.186718001961708
0.363662987947464 0.186912998557091
0.363898009061813 0.187107995152473
0.36413300037384 0.187304005026817
0.364369004964828 0.1875009983778
0.364605993032455 0.187698006629944
0.364843010902405 0.187896996736526
0.365081995725632 0.18809500336647
0.365321010351181 0.188295006752014
0.365559995174408 0.188494995236397
0.365801006555557 0.188695996999741
0.366041988134384 0.188897997140884
0.366282999515533 0.189099997282028
0.366526007652283 0.189302995800972
0.36676898598671 0.189506992697716
0.36701300740242 0.189712002873421
0.367258012294769 0.189916998147964
0.367502987384796 0.190123006701469
0.367749005556107 0.190329998731613
0.367996007204056 0.190537005662918
0.368243008852005 0.190745994448662
0.368490993976593 0.190953999757767
0.368739992380142 0.191164001822472
0.368990004062653 0.191375002264977
0.369239985942841 0.191586002707481
0.369491010904312 0.191798001527786
0.3697429895401 0.192010000348091
0.369996011257172 0.192223995923996
0.370249003171921 0.192438006401062
0.370503008365631 0.192653000354767
0.37075799703598 0.192867994308472
0.371013998985291 0.193084999918938
0.371270000934601 0.193302005529404
0.37152698636055 0.193519994616508
0.371785014867783 0.193738996982574
0.372043013572693 0.19395799934864
0.372303009033203 0.194178000092506
0.372563004493713 0.194398999214172
0.372824013233185 0.194620996713638
0.373084992170334 0.194843992590904
0.373347997665405 0.195067003369331
0.373611003160477 0.195290997624397
0.373874008655548 0.195516005158424
0.374139010906219 0.19574199616909
0.37440499663353 0.195968002080917
0.374671012163162 0.196196004748344
0.374938011169434 0.196424007415771
0.375205010175705 0.196652993559837
0.375474005937576 0.196881994605064
0.375743001699448 0.197113007307053
0.37601301074028 0.19734400510788
0.376284003257751 0.197576001286507
0.376556009054184 0.197808995842934
0.376828014850616 0.198043003678322
0.377101987600327 0.198277994990349
0.377375990152359 0.198513001203537
0.377649992704391 0.198750004172325
0.377925992012024 0.198987007141113
0.378201991319656 0.19922499358654
0.378479987382889 0.199462994933128
0.378758013248444 0.199702993035316
0.379036992788315 0.199943006038666
0.379316002130508 0.200185000896454
0.379597008228302 0.200426995754242
0.379878014326096 0.200670003890991
0.380160003900528 0.200913995504379
0.380443006753922 0.201158002018929
0.380726993083954 0.201404005289078
0.381011992692947 0.201649993658066
0.381296992301941 0.201897993683815
0.381583005189896 0.202145993709564
0.381870001554489 0.202395007014275
0.382158011198044 0.202645003795624
0.382447004318237 0.202895998954773
0.382737010717392 0.203148007392883
0.383026987314224 0.203400000929832
0.383318990468979 0.203654006123543
0.383610993623734 0.203907996416092
0.383904010057449 0.204162999987602
0.384198009967804 0.204420000314713
0.384492993354797 0.204677000641823
0.384788006544113 0.204934999346733
0.385084986686707 0.205193996429443
0.385381996631622 0.205454006791115
0.385679990053177 0.205714002251625
0.385978996753693 0.205975994467735
0.386278986930847 0.206238999962807
0.386579990386963 0.206502005457878
0.38688200712204 0.206766992807388
0.387185007333755 0.20703199505806
0.387488007545471 0.207298994064331
0.387793004512787 0.207565993070602
0.388098001480103 0.207834005355835
0.388404011726379 0.208103999495506
0.388711005449295 0.208373993635178
0.389019995927811 0.20864500105381
0.389328002929688 0.208917006850243
0.389638006687164 0.209189996123314
0.38994899392128 0.209463998675346
0.390260994434357 0.209738999605179
0.390572994947433 0.210014998912811
0.39088699221611 0.210291996598244
0.391202002763748 0.210569992661476
0.391517013311386 0.21085000038147
0.391833007335663 0.211129993200302
0.39215099811554 0.211410999298096
0.392468988895416 0.211693003773689
0.392787992954254 0.211976006627083
0.393108010292053 0.212259992957115
0.393429011106491 0.212544992566109
0.393750995397568 0.212831005454063
0.394073992967606 0.213118001818657
0.394398003816605 0.21340599656105
0.394722998142242 0.213695004582405
0.395049005746841 0.213985994458199
0.395375996828079 0.214276999235153
0.395704001188278 0.214569002389908
0.396032989025116 0.214863002300262
0.396362990140915 0.215157002210617
0.396692991256714 0.215452998876572
0.397024989128113 0.215748995542526
0.397358000278473 0.216047003865242
0.397691994905472 0.216345995664597
0.398027002811432 0.216646000742912
0.398362010717392 0.216947004199028
0.39869898557663 0.217249006032944
0.399037003517151 0.217552006244659
0.399376004934311 0.217856004834175
0.39971598982811 0.218161001801491
0.40005698800087 0.218467995524406
0.400398999452591 0.218775004148483
0.400741994380951 0.219083994626999
0.401086002588272 0.219393998384476
0.401430994272232 0.219705000519753
0.401776999235153 0.220017001032829
0.402123987674713 0.220329999923706
0.402471989393234 0.220643997192383
0.402821987867355 0.220960006117821
0.403171986341476 0.221276998519897
0.403522998094559 0.221594005823135
0.403876006603241 0.221913993358612
0.404228985309601 0.22223399579525
0.404583990573883 0.222554996609688
0.404940009117126 0.222877994179726
0.405297011137009 0.223201006650925
0.40565499663353 0.223526000976563
0.406013995409012 0.22385199368
0.406374007463455 0.224179998040199
0.406735002994537 0.224508002400398
0.407097011804581 0.224838003516197
0.407460987567902 0.225169003009796
0.407824993133545 0.225501000881195
0.408190995454788 0.225834995508194
0.408558011054993 0.226169005036354
0.408926010131836 0.226504996418953
0.409294992685318 0.226842999458313
0.409664988517761 0.227181002497673
0.410037010908127 0.227521002292633
0.41040900349617 0.227862000465393
0.410782992839813 0.228203997015953
0.411157995462418 0.228547006845474
0.411534011363983 0.228891998529434
0.411911010742188 0.229238003492355
0.412288993597031 0.229586005210876
0.412669003009796 0.229934006929398
0.4130499958992 0.230284005403519
0.413432002067566 0.23063600063324
0.41381499171257 0.230987995862961
0.414198994636536 0.231342002749443
0.414584994316101 0.231698006391525
0.414970993995667 0.232053995132446
0.415358990430832 0.232411995530128
0.41574901342392 0.232771992683411
0.416139006614685 0.233132004737854
0.41653099656105 0.233494997024536
0.416923999786377 0.233858004212379
0.417317986488342 0.234222993254662
0.417712986469269 0.234588995575905
0.418110013008118 0.234956994652748
0.418507993221283 0.235326007008553
0.418906986713409 0.235696002840996
0.419308006763458 0.236067995429039
0.419708997011185 0.236441001296043
0.420112013816833 0.236816003918648
0.42051699757576 0.237192004919052
0.420922011137009 0.237570002675056
0.421328991651535 0.237948998808861
0.421736985445023 0.238328993320465
0.422147005796432 0.238710999488831
0.422558009624481 0.239095002412796
0.422969996929169 0.239480003714561
0.423382997512817 0.239866003394127
0.423797994852066 0.240253999829292
0.424214005470276 0.240642994642258
0.424632012844086 0.241034001111984
0.425051003694534 0.241426005959511
0.425471007823944 0.241819992661476
0.425893008708954 0.242216005921364
0.426315993070602 0.24261300265789
0.426739990711212 0.243010997772217
0.427165985107422 0.243411004543304
0.427592992782593 0.243812993168831
0.428021013736725 0.244215995073318
0.428451001644135 0.244620993733406
0.428882002830505 0.245027005672455
0.429315000772476 0.245434999465942
0.429749011993408 0.245845004916191
0.430184990167618 0.246255993843079
0.430622011423111 0.246668994426727
0.431059986352921 0.247082993388176
0.431499987840652 0.247499004006386
0.431941986083984 0.247916996479034
0.432384997606277 0.248336002230644
0.432828992605209 0.248757004737854
0.433275014162064 0.249180004000664
0.433721989393234 0.249604001641273
0.434170991182327 0.250030994415283
0.434621006250381 0.250458002090454
0.435072988271713 0.250887989997864
0.435526013374329 0.251318991184235
0.435981005430222 0.251751989126205
0.436437010765076 0.252186000347137
0.43689501285553 0.252622991800308
0.437353998422623 0.25306099653244
0.437815010547638 0.253500998020172
0.438277989625931 0.253942012786865
0.438742011785507 0.254386007785797
0.4392069876194 0.254830986261368
0.439673990011215 0.255277991294861
0.44014298915863 0.255726009607315
0.440613001585007 0.256177008152008
0.441085010766983 0.25662899017334
0.441558986902237 0.257084012031555
0.442034006118774 0.257539987564087
0.442510992288589 0.257997989654541
0.442988991737366 0.258457005023956
0.443468987941742 0.25891900062561
0.443951010704041 0.259382992982864
0.444435000419617 0.25984799861908
0.444920003414154 0.260315001010895
0.44540598988533 0.260785013437271
0.445894986391068 0.261256009340286
0.446384996175766 0.261729001998901
0.446877002716064 0.262203991413116
0.447369992733002 0.262681007385254
0.447865009307861 0.263159990310669
0.448361992835999 0.263640999794006
0.448861002922058 0.264124006032944
0.449360996484756 0.264609009027481
0.449862986803055 0.265094995498657
0.450367003679276 0.265583992004395
0.450872987508774 0.266074985265732
0.451380014419556 0.266568005084991
0.451889008283615 0.267062991857529
0.452399998903275 0.267560988664627
0.452912986278534 0.268059998750687
0.453428000211716 0.268561005592346
0.453943997621536 0.269064009189606
0.454461991786957 0.269569993019104
0.4549820125103 0.270078003406525
0.45550400018692 0.270586997270584
0.456028014421463 0.271099001169205
0.456553995609283 0.271613001823425
0.457080990076065 0.272128999233246
0.457610994577408 0.272648006677628
0.458142012357712 0.273167997598648
0.458674997091293 0.27369099855423
0.459210008382797 0.274215996265411
0.459746986627579 0.274742990732193
0.460285991430283 0.275272995233536
0.460826992988586 0.275804996490479
0.46136999130249 0.276338994503021
0.461914986371994 0.276874989271164
0.46246200799942 0.277413994073868
0.463010996580124 0.277954995632172
0.46356201171875 0.278497993946075
0.464114010334015 0.279042989015579
0.464668989181519 0.279590994119644
0.465225994586945 0.280140995979309
0.465784996747971 0.280694007873535
0.466345995664597 0.281248986721039
0.466908991336823 0.281807005405426
0.467474013566971 0.282366007566452
0.468041002750397 0.282929003238678
0.468609988689423 0.283493012189865
0.469182014465332 0.284061014652252
0.469754993915558 0.284630000591278
0.470331013202667 0.285201996564865
0.470908999443054 0.285777002573013
0.471487998962402 0.286354005336761
0.472070008516312 0.286933988332748
0.47265499830246 0.287515997886658
0.473241001367569 0.288100987672806
0.473830014467239 0.288688004016876
0.474420994520187 0.289278000593185
0.475014001131058 0.289871007204056
0.475609004497528 0.290466010570526
0.476206004619598 0.291063994169235
0.47680601477623 0.291664004325867
0.477407991886139 0.292266994714737
0.478013008832932 0.292872995138168
0.478619009256363 0.293482005596161
0.479227989912033 0.294093012809753
0.479838997125626 0.294707000255585
0.480453014373779 0.295323997735977
0.481068998575211 0.29594299197197
0.481687009334564 0.296564996242523
0.482308000326157 0.297190010547638
0.482930988073349 0.297818005084991
0.483556002378464 0.298449009656906
0.484183996915817 0.29908299446106
0.484815001487732 0.299719005823135
0.485446989536285 0.30035799741745
0.4860819876194 0.301001012325287
0.486719995737076 0.301645994186401
0.487360000610352 0.302293986082077
0.488002985715866 0.302944988012314
0.488647997379303 0.303598999977112
0.489295989274979 0.304255992174149
0.489946007728577 0.304915994405746
0.490599006414413 0.305579006671906
0.49125400185585 0.306244999170303
0.491912007331848 0.306914001703262
0.492572993040085 0.307586997747421
0.493236005306244 0.30826199054718
0.493901014328003 0.3089399933815
0.49456998705864 0.30962198972702
0.495240986347198 0.310306996107101
0.495914995670319 0.310995012521744
0.496591001749039 0.311686009168625
0.497269988059998 0.312379986047745
0.49795201420784 0.313077986240387
0.498636990785599 0.31377899646759
0.49932399392128 0.314482986927032
0.500014007091522 0.315191000699997
0.500706970691681 0.315901011228561
0.501402974128723 0.316615998744965
0.502101004123688 0.31733301281929
0.502803027629852 0.318053990602493
0.503507018089294 0.31877800822258
0.504213988780975 0.319505989551544
0.50492399930954 0.320237010717392
0.505636990070343 0.320971995592117
0.50635302066803 0.321709990501404
0.507071018218994 0.322452008724213
0.507793009281158 0.32319700717926
0.508517980575562 0.323945999145508
0.509244978427887 0.324699014425278
0.509976029396057 0.325455009937286
0.510710000991821 0.326213985681534
0.511447012424469 0.326977998018265
0.512185990810394 0.327744990587234
0.512929022312164 0.328514993190765
0.513674974441528 0.329290002584457
0.514424979686737 0.330067992210388
0.515177011489868 0.330850005149841
0.515932023525238 0.331636011600494
0.516691029071808 0.332426011562347
0.517453014850616 0.333218991756439
0.518217980861664 0.334015995264053
0.518985986709595 0.334818005561829
0.519757986068726 0.335622996091843
0.520532011985779 0.336432009935379
0.521309971809387 0.337244987487793
0.52209198474884 0.338061988353729
0.522876977920532 0.338883996009827
0.523665010929108 0.339709013700485
0.524456024169922 0.340537995100021
0.525250971317291 0.341372013092041
0.526049971580505 0.342209011316299
0.526850998401642 0.343050986528397
0.527656972408295 0.343897014856339
0.52846497297287 0.344747006893158
0.529277980327606 0.345602005720139
0.530094027519226 0.346460998058319
0.53091299533844 0.347324013710022
0.531736016273499 0.348190993070602
0.532562017440796 0.349063009023666
0.533393025398254 0.349938988685608
0.53422600030899 0.350820004940033
0.535063982009888 0.351705014705658
0.535905003547668 0.352595001459122
0.536750018596649 0.353489011526108
0.53759902715683 0.354387998580933
0.538451015949249 0.35529100894928
0.539306998252869 0.356198996305466
0.540166974067688 0.357111990451813
0.541031002998352 0.358029007911682
0.541899025440216 0.35895100235939
0.542770981788635 0.35987800359726
0.543645977973938 0.360808998346329
0.544525980949402 0.361744999885559
0.545409023761749 0.362686991691589
0.546297013759613 0.363633006811142
0.547187983989716 0.364583998918533
0.548084020614624 0.365539997816086
0.548983991146088 0.366499990224838
0.549887001514435 0.367466002702713
0.550795018672943 0.368436992168427
0.551707029342651 0.369414001703262
0.552622973918915 0.370395004749298
0.553543984889984 0.371381014585495
0.554468989372253 0.372373014688492
0.555396974086761 0.373369991779327
0.556330978870392 0.374372005462646
0.557268023490906 0.375378996133804
0.558210015296936 0.376392006874084
0.559157013893127 0.377409994602203
0.560106992721558 0.378434002399445
0.561061978340149 0.379462987184525
0.562021970748901 0.380497008562088
0.562986016273499 0.38153800368309
0.563955008983612 0.382582992315292
0.564927995204926 0.383635014295578
0.5659059882164 0.384692013263702
0.566888988018036 0.385753989219666
0.567875981330872 0.386822998523712
0.568867981433868 0.38789701461792
0.569863975048065 0.388976991176605
0.570865988731384 0.390062987804413
0.571871995925903 0.391155004501343
0.572883009910583 0.392253011465073
0.57389897108078 0.393357008695602
0.574919998645782 0.394466996192932
0.575945019721985 0.395583003759384
0.576976001262665 0.396705001592636
0.578011989593506 0.397832989692688
0.579051971435547 0.398968011140823
0.58009797334671 0.400108993053436
0.581148982048035 0.401255995035172
0.58220499753952 0.402408987283707
0.583266019821167 0.403569012880325
0.584333002567291 0.404736012220383
0.585403978824615 0.40590900182724
0.586480975151062 0.40708801150322
0.58756297826767 0.408273994922638
0.5886510014534 0.40946701169014
0.589743971824646 0.410665988922119
0.590843021869659 0.411873012781143
0.591947019100189 0.413085997104645
0.59305602312088 0.41430601477623
0.594170987606049 0.415533006191254
0.595291972160339 0.416765987873077
0.596418023109436 0.418006986379623
0.597549974918365 0.419254988431931
0.598688006401062 0.420509994029999
0.599830985069275 0.421772986650467
0.600980997085571 0.423041999340057
0.602136015892029 0.424318999052048
0.603296995162964 0.425603002309799
0.604463994503021 0.426894992589951
0.605637013912201 0.428193986415863
0.606815993785858 0.429500013589859
0.608000993728638 0.430813997983932
0.60919201374054 0.432135999202728
0.61039000749588 0.433465987443924
0.611593008041382 0.434803009033203
0.612802982330322 0.43614798784256
0.614018976688385 0.437501013278961
0.615242004394531 0.43886199593544
0.616470992565155 0.440230995416641
0.617706000804901 0.441608011722565
0.618947982788086 0.442992985248566
0.620195984840393 0.444386005401611
0.621451020240784 0.445787996053696
0.622713029384613 0.447198003530502
0.62398099899292 0.448615998029709
0.62525600194931 0.450042992830276
0.626537978649139 0.451478004455566
0.627826988697052 0.452921986579895
0.629122018814087 0.454373985528946
0.630424976348877 0.455835998058319
0.631735026836395 0.457305997610092
0.633050978183746 0.458784997463226
0.634374976158142 0.460272997617722
0.635706007480621 0.461769998073578
0.637044012546539 0.463275998830795
0.638390004634857 0.464790999889374
0.639742016792297 0.466315001249313
0.641102015972137 0.467848986387253
0.642470002174377 0.469392001628876
0.643845021724701 0.470945000648499
0.645228028297424 0.472506999969482
0.646618008613586 0.474079012870789
0.648015975952148 0.475659996271133
0.649421989917755 0.477250993251801
0.650835990905762 0.478852987289429
0.652257025241852 0.48046401143074
0.653687000274658 0.482084989547729
0.655124008655548 0.483716011047363
0.656570017337799 0.485356986522675
0.658022999763489 0.487008988857269
0.65948498249054 0.488671004772186
0.660955011844635 0.490343004465103
0.662433981895447 0.492026001214981
0.663920998573303 0.49371999502182
0.66541600227356 0.495424002408981
0.666786015033722 0.496986985206604
0.667702972888947 0.498034000396729
0.668317019939423 0.498733997344971
0.668726027011871 0.499200999736786
0.669000029563904 0.499514013528824
0.669182002544403 0.499722003936768
0.669304013252258 0.499861001968384
0.669364988803864 0.499929994344711
0.66939502954483 0.499965012073517
0.669426023960114 0.5
0.669426023960114 0.5
0.669456005096436 0.500034987926483
0.669486999511719 0.500069975852966
0.669547975063324 0.500138998031616
0.669668972492218 0.500277996063232
0.669852018356323 0.50048702955246
0.670126974582672 0.500801026821136
0.670539021492004 0.501272022724152
0.671159029006958 0.501981019973755
0.672092020511627 0.503046989440918
0.673497021198273 0.504652976989746
0.675046980381012 0.506426990032196
0.676605999469757 0.508212983608246
0.67817497253418 0.510010004043579
0.679751992225647 0.511817991733551
0.681339025497437 0.513638019561768
0.682934999465942 0.515470027923584
0.684539973735809 0.517314016819
0.686155021190643 0.519169986248016
0.687779009342194 0.521037995815277
0.689413011074066 0.522917985916138
0.691057026386261 0.524810016155243
0.692709982395172 0.526714980602264
0.69437301158905 0.528631985187531
0.696045994758606 0.530561983585358
0.697728991508484 0.532504975795746
0.699423015117645 0.534460008144379
0.701125979423523 0.536428987979889
0.702839970588684 0.538410007953644
0.704563021659851 0.540404975414276
0.706297993659973 0.542412996292114
0.708042979240417 0.544434010982513
0.709797978401184 0.54646897315979
0.711565017700195 0.548518002033234
0.713342010974884 0.550580024719238
0.715129017829895 0.55265599489212
0.716928005218506 0.554745972156525
0.7187380194664 0.556851029396057
0.720559000968933 0.558969020843506
0.722392022609711 0.561101973056793
0.724236011505127 0.563250005245209
0.726091027259827 0.565411984920502
0.727958023548126 0.567588984966278
0.729835987091064 0.569781005382538
0.731727004051208 0.571987986564636
0.733628988265991 0.574209988117218
0.735543012619019 0.576447010040283
0.737469017505646 0.578700006008148
0.739407002925873 0.580968022346497
0.741357982158661 0.583252012729645
0.743321001529694 0.585551977157593
0.745297014713287 0.587867975234985
0.747285008430481 0.590201020240784
0.749285995960236 0.592549026012421
0.751299977302551 0.594914019107819
0.753325998783112 0.597295999526978
0.755366027355194 0.599694013595581
0.757418990135193 0.602109014987946
0.759486019611359 0.604541003704071
0.761565029621124 0.606990993022919
0.763659000396729 0.609458029270172
0.765766024589539 0.611941993236542
0.767886996269226 0.614444017410278
0.770021975040436 0.616964995861053
0.772170007228851 0.619503021240234
0.774333000183105 0.622058987617493
0.776511013507843 0.624633014202118
0.778702020645142 0.627227008342743
0.78090900182724 0.629837989807129
0.783129990100861 0.632468998432159
0.785365998744965 0.635119020938873
0.787617027759552 0.637787997722626
0.789883017539978 0.640477001667023
0.792164027690887 0.643185019493103
0.794459998607635 0.645913004875183
0.796773016452789 0.648661017417908
0.799100995063782 0.651428997516632
0.801443994045258 0.654217004776001
0.803803980350494 0.657025992870331
0.806180000305176 0.659856021404266
0.808571994304657 0.662706017494202
0.810980021953583 0.665578007698059
0.813404977321625 0.668470978736877
0.815846979618073 0.671386003494263
0.818306028842926 0.674322009086609
0.820780992507935 0.677280008792877
0.82327401638031 0.680261015892029
0.825784981250763 0.683264017105103
0.828312993049622 0.686289012432098
0.830857992172241 0.689337015151978
0.833422005176544 0.692408978939056
0.836003005504608 0.695502996444702
0.838603019714355 0.698620975017548
0.84122097492218 0.701762974262238
0.843856990337372 0.704928994178772
0.846512973308563 0.70811802148819
0.849187016487122 0.711332976818085
0.851880013942719 0.714570999145508
0.854592978954315 0.717835009098053
0.85732501745224 0.721123993396759
0.860077023506165 0.724438011646271
0.862847983837128 0.727777004241943
0.865639984607697 0.731142997741699
0.86845201253891 0.734534978866577
0.871284008026123 0.737953007221222
0.874136984348297 0.741397023200989
0.877011001110077 0.744867980480194
0.879904985427856 0.748367011547089
0.882821023464203 0.751892983913422
0.885757982730865 0.755446970462799
0.888716995716095 0.759028017520905
0.891698002815247 0.762637972831726
0.89470100402832 0.766276001930237
0.897725999355316 0.769942998886108
0.900774002075195 0.773639023303986
0.903843998908997 0.777364015579224
0.906937003135681 0.781118988990784
0.910053014755249 0.784904003143311
0.913192987442017 0.788718998432159
0.916356027126312 0.79256397485733
0.919543027877808 0.79644101858139
0.922753989696503 0.800347983837128
0.925989985466003 0.804287016391754
0.929250001907349 0.808256983757019
0.932533979415894 0.81225997209549
0.935844004154205 0.816294014453888
0.939179003238678 0.820361971855164
0.942539989948273 0.824461996555328
0.945926010608673 0.828595995903015
0.949338018894196 0.832763016223907
0.952777028083801 0.836965024471283
0.956242024898529 0.841199994087219
0.959733009338379 0.845470011234283
0.963252007961273 0.849775016307831
0.966798007488251 0.854116022586823
0.970372021198273 0.858492016792297
0.973972976207733 0.862904012203217
0.977603018283844 0.86735200881958
0.981261014938354 0.871837019920349
0.984947025775909 0.87635999917984
0.988663017749786 0.880918979644775
0.992407977581024 0.885515987873077
0.996182024478912 0.890151977539063
0.999985992908478 0.894825994968414
1.00381994247437 0.899538993835449
1.00768005847931 0.904290974140167
1.01157999038696 0.909083008766174
1.01550996303558 0.913914978504181
1.01945996284485 0.918787002563477
1.0234500169754 0.923699975013733
1.02746999263763 0.928655028343201
1.03153002262115 0.933650016784668
1.03560996055603 0.938687980175018
1.03972995281219 0.943768978118896
1.04387998580933 0.948891997337341
1.04806995391846 0.954057991504669
1.05227994918823 0.959267973899841
1.05654001235962 0.964522004127502
1.06081998348236 0.969820022583008
1.06514000892639 0.975162982940674
1.06949996948242 0.980552017688751
1.07388997077942 0.985985994338989
1.07832002639771 0.991466999053955
1.08278000354767 0.996993005275726
1.08728003501892 1.00257003307343
1.09182000160217 1.00819003582001
1.09639000892639 1.01385998725891
1.10099995136261 1.0195699930191
1.10564994812012 1.02533996105194
1.11033999919891 1.03115999698639
1.11505997180939 1.03701996803284
1.11983001232147 1.04294002056122
1.12462997436523 1.0489000082016
1.12946999073029 1.05491995811462
1.13435995578766 1.06098997592926
1.139279961586 1.06710994243622
1.14424002170563 1.07327997684479
1.14924001693726 1.07949995994568
1.15428996086121 1.0857800245285
1.15936994552612 1.09211003780365
1.16449999809265 1.09850001335144
1.16966998577118 1.10494005680084
1.17489004135132 1.11143004894257
1.18014001846313 1.11798000335693
1.18543994426727 1.12459003925323
1.19078004360199 1.13125002384186
1.19616997241974 1.13796997070313
1.20159995555878 1.14474999904633
1.20708000659943 1.15157997608185
1.21259999275208 1.1584700345993
1.21817004680634 1.1654200553894
1.2237800359726 1.17244005203247
1.22943997383118 1.17949998378754
1.23513996601105 1.18663001060486
1.24089002609253 1.19381999969482
1.24669003486633 1.20107996463776
1.25253999233246 1.2083899974823
1.25843000411987 1.21575999259949
1.26437997817993 1.22319996356964
1.27037000656128 1.23070001602173
1.27640998363495 1.23826003074646
1.28250002861023 1.24588000774384
1.28864002227783 1.25356996059418
1.29481995105743 1.26131999492645
1.30105996131897 1.26914000511169
1.30735003948212 1.27701997756958
1.3136899471283 1.28497004508972
1.3200900554657 1.29298996925354
1.32652997970581 1.30106997489929
1.33302998542786 1.30920994281769
1.33957004547119 1.31743001937866
1.34616994857788 1.32571005821228
1.35282003879547 1.33405005931854
1.35952997207642 1.34247004985809
1.36628997325897 1.35095000267029
1.37310004234314 1.35950994491577
1.37996995449066 1.36812996864319
1.38689005374908 1.37681996822357
1.39385998249054 1.38557994365692
1.40088999271393 1.39441001415253
1.40796995162964 1.40331995487213
1.41510999202728 1.41228997707367
1.42230999469757 1.42132997512817
1.42955005168915 1.43043994903564
1.4368599653244 1.43963003158569
1.44421994686127 1.4488799571991
1.45164000988007 1.45820999145508
1.45911002159119 1.46761000156403
1.46663999557495 1.47707998752594
1.47423005104065 1.48662996292114
1.48187005519867 1.49624001979828
1.48957002162933 1.50592994689941
1.49732995033264 1.51568996906281
1.50513994693756 1.52552998065948
1.51301002502441 1.53542995452881
1.52093994617462 1.54541003704071
1.52892005443573 1.55546998977661
1.53697001934052 1.56559002399445
1.54507005214691 1.57579004764557
1.55323004722595 1.58606994152069
1.56143999099731 1.59641003608704
1.56972002983093 1.60683000087738
1.57805001735687 1.61732995510101
1.58643996715546 1.62788999080658
1.59488999843597 1.63853001594543
1.60338997840881 1.64925003051758
1.61195003986359 1.66003000736237
1.62056994438171 1.67088997364044
1.62925004959106 1.6818300485611
1.63798999786377 1.6928299665451
1.64678001403809 1.70390999317169
1.65562999248505 1.71505999565125
1.66454005241394 1.72627997398376
1.67349994182587 1.73757994174957
1.68253004550934 1.74895000457764
1.69160997867584 1.76038002967834
1.70073997974396 1.77190005779266
1.70993995666504 1.78348004817963
1.71919000148773 1.79513001441956
1.72848999500275 1.80685997009277
1.73784995079041 1.81865000724792
1.74726998806 1.83052003383636
1.75674998760223 1.84245002269745
1.76627004146576 1.85446000099182
1.77585995197296 1.86652994155884
1.78550004959106 1.87866997718811
1.7951899766922 1.89089000225067
1.80493998527527 1.90316998958588
1.81474995613098 1.91551005840302
1.82460999488831 1.92792999744415
1.83451998233795 1.94041001796722
1.84448003768921 1.95296001434326
1.85450005531311 1.96556997299194
1.86457002162933 1.9782600402832
1.87469005584717 1.99100005626678
1.88487005233765 2.00380992889404
1.89509999752045 2.01669001579285
1.90538001060486 2.029629945755
1.91570997238159 2.0426299571991
1.92609000205994 2.05569005012512
1.9365199804306 2.06881999969482
1.94700002670288 2.08201003074646
1.95753002166748 2.09525990486145
1.9681099653244 2.10857009887695
1.97873997688293 2.12193989753723
1.98942005634308 2.13537001609802
2.00014996528625 2.14885997772217
2.01092004776001 2.16241002082825
2.0217399597168 2.17600989341736
2.0326099395752 2.18967008590698
2.04352998733521 2.20338988304138
2.0544900894165 2.21717000007629
2.06549000740051 2.23099994659424
2.07655000686646 2.24488997459412
2.08764004707336 2.25883007049561
2.09877991676331 2.27281999588013
2.10997009277344 2.28687000274658
2.12120008468628 2.30097007751465
2.13246989250183 2.31511998176575
2.14377999305725 2.32932996749878
2.1551399230957 2.3435800075531
2.16653990745544 2.35788989067078
2.17797994613647 2.37224006652832
2.18946003913879 2.3866400718689
2.20097994804382 2.4010899066925
2.21254992485046 2.4155900478363
2.22414994239807 2.43014001846313
2.23579001426697 2.44473004341125
2.24746990203857 2.45936989784241
2.25919008255005 2.47406005859375
2.27094006538391 2.4887900352478
2.28274011611938 2.50356006622314
2.29456996917725 2.51837992668152
2.30644011497498 2.53324007987976
2.31834006309509 2.54815006256104
2.3302800655365 2.56309008598328
2.34225988388062 2.57807993888855
2.35426998138428 2.59311008453369
2.36631989479065 2.60818004608154
2.37840008735657 2.62329006195068
2.39051008224487 2.63843011856079
2.40265989303589 2.65362000465393
2.41483998298645 2.66883993148804
2.42705988883972 2.68410992622375
2.43931007385254 2.69940996170044
2.45159006118774 2.71474003791809
2.46390008926392 2.73011994361877
2.47623991966248 2.74552011489868
2.48861002922058 2.76097011566162
2.5010199546814 2.77644991874695
2.51344990730286 2.79196000099182
2.52590990066528 2.80749988555908
2.538409948349 2.82308006286621
2.55093002319336 2.83870005607605
2.56347990036011 2.85434007644653
2.57607007026672 2.87001991271973
2.58867001533508 2.88572001457214
2.60131001472473 2.90145993232727
2.61398005485535 2.91722989082336
2.62666988372803 2.93302989006042
2.63938999176025 2.94885993003845
2.65212988853455 2.96470999717712
2.66491007804871 2.98060011863708
2.67770004272461 2.99652004241943
2.6905300617218 3.01245999336243
2.70338010787964 3.02842998504639
2.71624994277954 3.04443001747131
2.72915005683899 3.06045007705688
2.74207997322083 3.07649993896484
2.75502991676331 3.09258008003235
2.76799988746643 3.10868000984192
2.78099989891052 3.12480998039246
2.79401993751526 3.14095997810364
2.80707001686096 3.15714001655579
2.82013010978699 3.17334008216858
2.83323001861572 3.18955993652344
2.84633994102478 3.20581007003784
2.8594799041748 3.22207999229431
2.87262988090515 3.23837995529175
2.88580989837646 3.25469994544983
2.89901995658875 3.27103996276855
2.91224002838135 3.28740000724792
2.92547988891602 3.30378007888794
2.93875002861023 3.32018995285034
2.95203995704651 3.33661007881165
2.96534991264343 3.35306000709534
2.97866988182068 3.36952996253967
2.99201989173889 3.38600993156433
3.00538992881775 3.40251994132996
3.01877999305725 3.41904997825623
3.0321900844574 3.43559002876282
3.04561996459961 3.4521598815918
3.05906009674072 3.46873998641968
3.07253003120422 3.48534989356995
3.08601999282837 3.50197005271912
3.09951996803284 3.51861000061035
3.11303997039795 3.53525996208191
3.12659001350403 3.55193996429443
3.14015007019043 3.56862998008728
3.15371990203857 3.58534002304077
3.16732001304626 3.60207009315491
3.18093991279602 3.61880993843079
3.19457006454468 3.63557004928589
3.2082200050354 3.65234994888306
3.22187995910645 3.66914010047913
3.23556995391846 3.68595004081726
3.24926996231079 3.70278000831604
3.26298999786377 3.71961998939514
3.27673006057739 3.73646998405457
3.29047989845276 3.75334000587463
3.30425000190735 3.77023005485535
3.31803011894226 3.78713011741638
3.33184003829956 3.80403995513916
3.34564995765686 3.82097005844116
3.35948991775513 3.83791995048523
3.37333989143372 3.85487008094788
3.38720989227295 3.87185001373291
3.4010899066925 3.88882994651794
3.41498994827271 3.90582990646362
3.42890000343323 3.92284989356995
3.44283008575439 3.93987011909485
3.4567699432373 3.95690989494324
3.47073006629944 3.97396993637085
3.48470997810364 3.99102997779846
3.49869990348816 4.00811004638672
3.5127100944519 4.02519989013672
3.52673006057739 4.0423002243042
3.5407600402832 4.05942010879517
3.55481004714966 4.07655000686646
3.56888008117676 4.09368991851807
3.5829598903656 4.11083984375
3.59704995155334 4.12800979614258
3.61116003990173 4.14518022537231
3.62527990341187 4.16237020492554
3.63942003250122 4.17957019805908
3.65356993675232 4.19678020477295
3.66773009300232 4.21400022506714
3.68191003799438 4.23123979568481
3.69611001014709 4.24847984313965
3.7103099822998 4.2657299041748
3.72453999519348 4.28299999237061
3.73877000808716 4.30028009414673
3.75302004814148 4.31757020950317
3.76728010177612 4.33485984802246
3.78155994415283 4.35216999053955
3.79585003852844 4.36949014663696
3.8101499080658 4.38681983947754
3.82446002960205 4.4041600227356
3.83878993988037 4.42151021957397
3.85314011573792 4.43886995315552
3.86749005317688 4.45624017715454
3.88186001777649 4.47361993789673
3.89623999595642 4.49100017547607
3.910640001297 4.50839996337891
3.9250500202179 4.52580976486206
3.93947005271912 4.5432300567627
3.95390009880066 4.56065988540649
3.96834993362427 4.57809019088745
3.98281002044678 4.59554004669189
3.99727988243103 4.61298990249634
4.01176977157593 4.63045978546143
4.0262598991394 4.64793014526367
4.04077005386353 4.66541004180908
4.05530023574829 4.68289995193481
4.0698299407959 4.70039987564087
4.08438014984131 4.71790981292725
4.09893989562988 4.73542976379395
4.11351013183594 4.75296020507813
4.12809991836548 4.77049016952515
4.1427001953125 4.78803014755249
4.15731000900269 4.80558013916016
4.17192983627319 4.82314014434814
4.18656015396118 4.84071016311646
4.20121002197266 4.85829019546509
4.21586990356445 4.87587976455688
4.23053979873657 4.89346981048584
4.24522018432617 4.91106986999512
4.25992012023926 4.92867994308472
4.27463006973267 4.94630002975464
4.2893500328064 4.96392011642456
4.30408000946045 4.98156023025513
4.31881999969482 4.99919986724854
4.33358001708984 5.01684999465942
4.34834003448486 5.03450012207031
4.36312007904053 5.05216979980469
4.37791013717651 5.06983995437622
4.39272022247314 5.08752012252808
4.40752983093262 5.1052098274231
4.42235994338989 5.12290000915527
4.43720006942749 5.1406102180481
4.45205020904541 5.15831995010376
4.46690988540649 5.1760401725769
4.48178005218506 5.19375991821289
4.49666976928711 5.21149015426636
4.51155996322632 5.22922992706299
4.52647018432617 5.2469801902771
4.54138994216919 5.26473999023438
4.55632019042969 5.28249979019165
4.57126998901367 5.30027008056641
4.58621978759766 5.318039894104
4.60119009017944 5.3358302116394
4.61615991592407 5.35362005233765
4.63114976882935 5.37140989303589
4.6461501121521 5.38922023773193
4.66117000579834 5.40703010559082
4.67618989944458 5.42484998703003
4.69122982025146 5.44266986846924
4.70627021789551 5.46050977706909
4.72133016586304 5.4783501625061
4.73640012741089 5.49619007110596
4.75148010253906 5.51403999328613
4.76657009124756 5.53189992904663
4.7816801071167 5.54976987838745
4.79679012298584 5.56763982772827
4.81192016601563 5.58551979064941
4.82706022262573 5.60340976715088
4.842209815979 5.6213002204895
4.85736989974976 5.63920021057129
4.87253999710083 5.6571102142334
4.88772010803223 5.67502021789551
4.90291976928711 5.69294023513794
4.91811990737915 5.71086978912354
4.93334007263184 5.72879981994629
4.94856977462769 5.74673986434937
4.96380996704102 5.76467990875244
4.97906017303467 5.78262996673584
4.99431991577148 5.80059003829956
5.00959014892578 5.8185601234436
5.02487993240356 5.83653020858765
5.04017019271851 5.85450983047485
5.05548000335693 5.87248992919922
5.07079982757568 5.89048004150391
5.08613014221191 5.90848016738892
5.10146999359131 5.92647981643677
5.11681985855103 5.9444899559021
5.13218021392822 5.96250009536743
5.14755010604858 5.98051977157593
5.16294002532959 5.9985499382019
5.17833995819092 6.01658010482788
5.19373989105225 6.03461980819702
5.20915985107422 6.05267000198364
5.22458982467651 6.07072019577026
5.24002981185913 6.08877992630005
5.25547981262207 6.10684013366699
5.27094984054565 6.1249098777771
5.28641986846924 6.14299011230469
5.30190992355347 6.16106986999512
5.3173999786377 6.17916011810303
5.33291006088257 6.1972599029541
5.34843015670776 6.21536016464233
5.36395978927612 6.23345994949341
5.37949991226196 6.25158023834229
5.39505004882813 6.26969003677368
5.41062021255493 6.28781986236572
5.42618989944458 6.30595016479492
5.44178009033203 6.32409000396729
5.45736980438232 6.34222984313965
5.47298002243042 6.36038017272949
5.48859977722168 6.37853002548218
5.50423002243042 6.39668989181519
5.51986980438232 6.41485977172852
5.53552007675171 6.433030128479
5.55118989944458 6.45120000839233
5.56686019897461 6.46938991546631
5.58255004882813 6.48757982254028
5.59823989868164 6.50577020645142
5.6139497756958 6.52397012710571
5.62967014312744 6.54218006134033
5.64540004730225 6.56038999557495
5.66113996505737 6.57860994338989
5.67688989639282 6.59682989120483
5.69265985488892 6.6150598526001
5.70842981338501 6.63329982757568
5.72421979904175 6.65153980255127
5.74000978469849 6.66978979110718
5.75581979751587 6.68803977966309
5.77163982391357 6.70629978179932
5.7874698638916 6.72455978393555
5.80330991744995 6.7428297996521
5.81915998458862 6.76109981536865
5.83503007888794 6.77938985824585
5.85090017318726 6.79766988754272
5.86678981781006 6.81595993041992
5.88267993927002 6.83425998687744
5.89859008789063 6.85257005691528
5.91450977325439 6.87088012695313
5.93043994903564 6.88919019699097
5.94638013839722 6.90750980377197
5.96233987808228 6.92583990097046
5.97830009460449 6.94416999816895
5.99426984786987 6.96251010894775
6.01026010513306 6.98085021972656
6.0262598991394 6.99919986724854
6.04227018356323 7.01754999160767
6.05829000473022 7.03591012954712
6.07431983947754 7.05427980422974
6.09036016464233 7.07264995574951
6.10641002655029 7.09102010726929
6.1224799156189 7.10939979553223
6.1385498046875 7.12778997421265
6.15464019775391 7.14618015289307
6.17074012756348 7.16457986831665
6.18685007095337 7.18299007415771
6.20297002792358 7.20139980316162
6.21909999847412 7.21981000900269
6.23523998260498 7.23823022842407
6.25139999389648 7.25665998458862
6.26756000518799 7.27509021759033
6.28374004364014 7.29352998733521
6.29993009567261 7.31197023391724
6.3161301612854 7.33042001724243
6.33233976364136 7.34886980056763
6.34855985641479 7.3673300743103
6.36478996276855 7.38578987121582
6.38104009628296 7.40426015853882
6.39729022979736 7.42273998260498
6.41355991363525 7.44121980667114
6.42984008789063 7.45971012115479
6.44612979888916 7.47819995880127
6.46243000030518 7.49669981002808
6.47874021530151 7.51520013809204
6.49506998062134 7.53371000289917
6.51140022277832 7.5522198677063
6.52775001525879 7.57074022293091
6.54409980773926 7.58926010131836
6.56047010421753 7.60778999328613
6.57684993743896 7.62632989883423
6.59324979782104 7.64486980438232
6.60965013504028 7.6634202003479
6.62606000900269 7.68197011947632
6.64248991012573 7.70053005218506
6.6589298248291 7.7190899848938
6.67537021636963 7.73765993118286
6.69183015823364 7.75622987747192
6.7083101272583 7.77480983734131
6.72479009628296 7.79338979721069
6.74128007888794 7.8119797706604
6.75779008865356 7.83058023452759
6.77431011199951 7.84918022155762
6.79083013534546 7.86778020858765
6.80737018585205 7.886390209198
6.82392978668213 7.90501022338867
6.84048986434937 7.92363023757935
6.85705995559692 7.94225978851318
6.87365007400513 7.96088981628418
6.89025020599365 7.9795298576355
6.90685987472534 7.99816989898682
6.92348003387451 8.01681995391846
6.940110206604 8.03547954559326
6.95674991607666 8.05414009094238
6.97341012954712 8.07279968261719
6.99006986618042 8.09146976470947
7.00675010681152 8.11015033721924
7.02343988418579 8.12882995605469
7.04014015197754 8.14752006530762
7.05685997009277 8.16621017456055
7.07357978820801 8.18490982055664
7.09032011032104 8.20361042022705
7.10705995559692 8.22231960296631
7.12381982803345 8.24102973937988
7.14059019088745 8.25975036621094
7.15738010406494 8.27847957611084
7.17417001724243 8.29720020294189
7.19097995758057 8.31593990325928
7.2077898979187 8.33467960357666
7.22461986541748 8.35342979431152
7.24145984649658 8.37217998504639
7.25830984115601 8.39093017578125
7.27517986297607 8.40970039367676
7.29204988479614 8.42846012115479
7.30893993377686 8.44723987579346
7.32583999633789 8.46601009368896
7.34275007247925 8.48480033874512
7.35967016220093 8.50358963012695
7.37660980224609 8.52237987518311
7.39354991912842 8.54117965698242
7.41051006317139 8.55998039245605
7.42748022079468 8.57878971099854
7.44445991516113 8.59761047363281
7.46146011352539 8.61643028259277
7.47845983505249 8.6352596282959
7.49548006057739 8.65408992767334
7.51250982284546 8.67292976379395
7.52955007553101 8.69176959991455
7.54659986495972 8.71061992645264
7.56366014480591 8.72947025299072
7.58073997497559 8.74833011627197
7.59782981872559 8.76718997955322
7.61493015289307 8.78606033325195
7.63204002380371 8.80494022369385
7.64915990829468 8.82382011413574
7.66629981994629 8.84270000457764
7.68344020843506 8.86159038543701
7.70060014724731 8.88049030303955
7.71777009963989 8.89939022064209
7.73496007919312 8.91829967498779
7.75215005874634 8.93721008300781
7.76936006546021 8.956130027771
7.78658008575439 8.97504997253418
7.80381011962891 8.99398040771484
7.82105016708374 9.01290988922119
7.83830976486206 9.03184986114502
7.85556983947754 9.05078983306885
7.87284994125366 9.06974029541016
7.89014005661011 9.08870029449463
7.9074501991272 9.1076602935791
7.92475986480713 9.12662029266357
7.94209003448486 9.14560031890869
7.95943021774292 9.16456985473633
7.97677993774414 9.18354988098145
7.99414014816284 9.20254039764404
8.01152038574219 9.22152996063232
8.02890014648438 9.24053001403809
8.04629993438721 9.25953960418701
8.06371021270752 9.27855014801025
8.08113956451416 9.29755973815918
8.09856986999512 9.31657981872559
8.11602020263672 9.33559989929199
8.13348007202148 9.35463047027588
8.15095043182373 9.37366962432861
8.1684398651123 9.39270973205566
8.18593978881836 9.4117603302002
8.20343971252441 9.43080997467041
8.22097015380859 9.44987010955811
8.23849964141846 9.4689302444458
8.2560396194458 9.48799991607666
8.27359962463379 9.50706958770752
8.29117012023926 9.52614974975586
8.30875015258789 9.54524040222168
8.32635021209717 9.56433010101318
8.34395980834961 9.58341979980469
8.36157989501953 9.60251998901367
8.37921047210693 9.62162971496582
8.39684963226318 9.64074039459229
8.41450977325439 9.6598596572876
8.43218040466309 9.67897987365723
8.44985961914063 9.69810009002686
8.46755027770996 9.71724033355713
8.48526000976563 9.73637962341309
8.50296974182129 9.75551986694336
8.52070999145508 9.7746696472168
8.53845024108887 9.79382038116455
8.55620002746582 9.81297969818115
8.57396984100342 9.83215045928955
8.5917501449585 9.85132026672363
8.60953998565674 9.87049961090088
8.62734985351563 9.88967990875244
8.64517021179199 9.90886974334717
8.66300010681152 9.92805957794189
8.68083953857422 9.9472599029541
8.69869995117188 9.96646022796631
8.71656036376953 9.98567008972168
8.73443984985352 10.0048999786377
8.75234031677246 10.0241003036499
8.77023983001709 10.0432996749878
8.78816032409668 10.0626001358032
8.80609035491943 10.0818004608154
8.82402992248535 10.1009998321533
8.84199047088623 10.1203002929688
8.85995960235596 10.1394996643066
8.87794017791748 10.1588001251221
8.89593029022217 10.1780996322632
8.9139404296875 10.1972999572754
8.931960105896 10.2166004180908
8.94999027252197 10.2358999252319
8.96802997589111 10.2552003860474
8.9860897064209 10.2744998931885
9.00415992736816 10.2938003540039
9.02223968505859 10.313099861145
9.04034042358398 10.3324003219604
9.05844020843506 10.3516998291016
9.07656002044678 10.371000289917
9.09469985961914 10.3902997970581
9.1128396987915 10.4096002578735
9.13099956512451 10.4289999008179
9.149169921875 10.4483003616333
9.16736030578613 10.4677000045776
9.18556022644043 10.4870004653931
9.20376968383789 10.5064001083374
9.22198963165283 10.5256996154785
9.24022960662842 10.5451002120972
9.258469581604 10.5644998550415
9.27674007415771 10.5838003158569
9.29500961303711 10.6031999588013
9.31330013275146 10.6225996017456
9.33160018920898 10.6420001983643
9.34990978240967 10.6613998413086
9.36824035644531 10.6808004379272
9.38658046722412 10.7002000808716
9.40493011474609 10.7195997238159
9.42329025268555 10.7391004562378
9.44167041778564 10.7585000991821
9.46006011962891 10.7778997421265
9.47846984863281 10.7974004745483
9.49687957763672 10.8168001174927
9.51531028747559 10.8362998962402
9.53376007080078 10.8556995391846
9.55220985412598 10.8752002716064
9.57067966461182 10.8945999145508
9.58917045593262 10.9140996932983
9.6076602935791 10.9336004257202
9.62617015838623 10.9531002044678
9.64468955993652 10.9725999832153
9.66322994232178 10.9920997619629
9.6817798614502 11.0115995407104
9.70034027099609 11.0311002731323
9.71891021728516 11.0506000518799
9.73750019073486 11.0700998306274
9.75609970092773 11.089599609375
9.77470970153809 11.1091003417969
9.79333972930908 11.1287002563477
9.81198024749756 11.1482000350952
9.83063983917236 11.167799949646
9.84930038452148 11.1872997283936
9.86798000335693 11.2068996429443
9.88667964935303 11.2264003753662
9.90538024902344 11.246000289917
9.92409992218018 11.2656002044678
9.94283962249756 11.2850999832153
9.96158027648926 11.3046998977661
9.98034000396729 11.3242998123169
9.99911975860596 11.3438997268677
10.0179004669189 11.3634996414185
