0.54102498292923 0.229411005973816
0.540543973445892 0.229074001312256
0.540064990520477 0.228736996650696
0.539587020874023 0.228402003645897
0.539111018180847 0.228067994117737
0.538636028766632 0.227734997868538
0.538161993026733 0.227403998374939
0.537689983844757 0.22707399725914
0.537220001220703 0.226744994521141
0.536750972270966 0.226417005062103
0.536283016204834 0.226089999079704
0.53581702709198 0.225765004754066
0.535353004932404 0.225440993905067
0.534889996051788 0.22511799633503
0.534428000450134 0.224795997142792
0.533967971801758 0.224475994706154
0.533509016036987 0.224156007170677
0.533051013946533 0.223838001489639
0.532594978809357 0.223520994186401
0.532140970230103 0.223205000162125
0.53168797492981 0.222891002893448
0.531235992908478 0.222577005624771
0.530785977840424 0.222265005111694
0.530336976051331 0.221954002976418
0.529888987541199 0.221643999218941
0.529443025588989 0.221334993839264
0.528998017311096 0.221028000116348
0.528554975986481 0.220721006393433
0.528113007545471 0.220415994524956
0.527671992778778 0.22011099755764
0.527233004570007 0.219807997345924
0.526795029640198 0.219505995512009
0.526358008384705 0.219205006957054
0.525923013687134 0.218905001878738
0.525488972663879 0.218606993556023
0.525056004524231 0.218309000134468
0.52462500333786 0.218013003468513
0.52419501543045 0.217717006802559
0.523765981197357 0.217423006892204
0.523338973522186 0.21713000535965
0.522912979125977 0.216837003827095
0.522487998008728 0.21654599905014
0.522064983844757 0.216255992650986
0.521642982959747 0.215966999530792
0.521221995353699 0.215679004788399
0.520802021026611 0.215391993522644
0.520384013652802 0.215106993913651
0.519967019557953 0.214821994304657
0.519550979137421 0.214537993073463
0.519137024879456 0.214255005121231
0.518724024295807 0.213973999023438
0.518311977386475 0.213692992925644
0.517901003360748 0.213413000106812
0.5174919962883 0.213135004043579
0.517084002494812 0.212856993079185
0.516677021980286 0.212580993771553
0.516270995140076 0.212304994463921
0.515866994857788 0.212029993534088
0.5154629945755 0.211757004261017
0.515061020851135 0.211484000086784
0.514661014080048 0.211212992668152
0.51426100730896 0.210942000150681
0.513863027095795 0.210672006011009
0.513464987277985 0.210403993725777
0.513069987297058 0.210135996341705
0.512674987316132 0.209868997335434
0.512281000614166 0.209603995084763
0.511888980865479 0.209338992834091
0.511497974395752 0.209075003862381
0.511107981204987 0.20881199836731
0.510719001293182 0.208550006151199
0.510330975055695 0.208288997411728
0.509944975376129 0.208029001951218
0.509559988975525 0.207770004868507
0.509175002574921 0.207512006163597
0.508791983127594 0.207255005836487
0.50841099023819 0.206999003887177
0.508029997348785 0.206743001937866
0.507650971412659 0.206488996744156
0.507272005081177 0.206236004829407
0.506895005702972 0.205982998013496
0.506519019603729 0.205731004476547
0.506143987178802 0.205480992794037
0.505770027637482 0.205230996012688
0.505397975444794 0.204981997609138
0.50502598285675 0.204733997583389
0.50465601682663 0.20448699593544
0.504285991191864 0.204239994287491
0.503917992115021 0.203995004296303
0.503551006317139 0.203750997781754
0.503184974193573 0.203507006168365
0.502820014953613 0.203263998031616
0.50245600938797 0.203023001551628
0.502093970775604 0.20278200507164
0.501731991767883 0.202540993690491
0.50137197971344 0.202301993966103
0.501012027263641 0.202063992619514
0.500653982162476 0.201826006174088
0.500297009944916 0.201590001583099
0.499940991401672 0.201353996992111
0.49958598613739 0.201119005680084
0.499231994152069 0.200884997844696
0.498878985643387 0.200652003288269
0.498526990413666 0.200420007109642
0.498176008462906 0.200187996029854
0.497826009988785 0.199956998229027
0.497478008270264 0.199726998806
0.497130006551743 0.199497997760773
0.496784001588821 0.199269995093346
0.4964379966259 0.19904300570488
0.496093988418579 0.198816001415253
0.49575001001358 0.198590993881226
0.495407998561859 0.19836600124836
0.495067000389099 0.198142006993294
0.494726002216339 0.197917997837067
0.494387000799179 0.197696000337601
0.49404901266098 0.197474002838135
0.49371200799942 0.197253003716469
0.493375986814499 0.197033002972603
0.4930399954319 0.196814000606537
0.492706000804901 0.196595996618271
0.492372989654541 0.196377992630005
0.492040991783142 0.1961610019207
0.491710007190704 0.195944994688034
0.491380006074905 0.195730000734329
0.491050988435745 0.195515006780624
0.490723013877869 0.195301994681358
0.490395992994308 0.195088997483253
0.490069985389709 0.194876998662949
0.489744991064072 0.194664999842644
0.489421010017395 0.194454997777939
0.489098012447357 0.194244995713234
0.488775998353958 0.19403600692749
0.48845499753952 0.193828001618385
0.488135010004044 0.19361999630928
0.487814992666245 0.193413004279137
0.487497001886368 0.193206995725632
0.48717999458313 0.193002000451088
0.486864000558853 0.192798003554344
0.486548990011215 0.1925940066576
0.486234992742538 0.192390993237495
0.485922008752823 0.192188993096352
0.485608994960785 0.191986992955208
0.485298007726669 0.191786006093025
0.484988003969193 0.191586002707481
0.484678000211716 0.191386997699738
0.484369993209839 0.191189005970955
0.484062999486923 0.190990999341011
0.483756005764008 0.190794005990028
0.483451008796692 0.190596997737885
0.483146011829376 0.190402001142502
0.482843011617661 0.190207004547119
0.482540011405945 0.190013006329536
0.482237994670868 0.189818993210793
0.481936991214752 0.189627006649971
0.481638014316559 0.189435005187988
0.481339007616043 0.189243003726006
0.481041014194489 0.189052999019623
0.480744004249573 0.18886299431324
0.480448007583618 0.188674002885818
0.480152994394302 0.188485994935036
0.479858994483948 0.188298001885414
0.479566007852554 0.188111007213593
0.479272991418839 0.18792499601841
0.478982001543045 0.187738999724388
0.47869199514389 0.187554001808167
0.478401988744736 0.187370002269745
0.478114008903503 0.187187001109123
0.477825999259949 0.187003999948502
0.477539002895355 0.18682199716568
0.477252990007401 0.186639994382858
0.476969003677368 0.186460003256798
0.476684987545013 0.186279997229576
0.476402014493942 0.186101004481316
0.476119995117188 0.185921996831894
0.475838989019394 0.185744002461433
0.475558012723923 0.185567006468773
0.475279003381729 0.185389995574951
0.475001007318497 0.185213997960091
0.474723011255264 0.18503899872303
0.474447011947632 0.18486499786377
0.474171012639999 0.184690997004509
0.473895996809006 0.184517994523048
0.473621994256973 0.184345006942749
0.473349004983902 0.184173002839088
0.473076999187469 0.184001997113228
0.472806006669998 0.183832004666328
0.472535997629166 0.183661997318268
0.472267001867294 0.183493003249168
0.471998006105423 0.183324992656708
0.471731007099152 0.183156996965408
0.47146400809288 0.182989999651909
0.471199005842209 0.182823002338409
0.470934003591537 0.18265800178051
0.470670014619827 0.18249200284481
0.470407009124756 0.182328000664711
0.470144987106323 0.182163998484612
0.469884008169174 0.182000994682312
0.469622999429703 0.181839004158974
0.469363987445831 0.181676998734474
0.469105988740921 0.181516006588936
0.468847990036011 0.181354999542236
0.468591004610062 0.181195005774498
0.46833598613739 0.181035995483398
0.468080997467041 0.18087799847126
0.467826992273331 0.180720001459122
0.467574000358582 0.180563002824783
0.467321991920471 0.180406004190445
0.467070013284683 0.180250003933907
0.466820001602173 0.180095002055168
0.466569989919662 0.17994000017643
0.466322004795074 0.179785996675491
0.466073989868164 0.179633006453514
0.465826988220215 0.179480001330376
0.465580999851227 0.179327994585037
0.465335994958878 0.17917700111866
0.46509200334549 0.179025992751122
0.46484899520874 0.178875997662544
0.464607000350952 0.178727000951767
0.464365005493164 0.17857800424099
0.464125007390976 0.178430005908012
0.463885009288788 0.178281992673874
0.4636470079422 0.178134992718697
0.463409006595612 0.17798900604248
0.463171988725662 0.177843004465103
0.462936013936996 0.177698001265526
0.462700992822647 0.177553996443748
0.462467014789581 0.177410006523132
0.462233006954193 0.177267000079155
0.462000995874405 0.177125006914139
0.461769998073578 0.176982998847961
0.461539000272751 0.176842004060745
0.461308985948563 0.176701992750168
0.461080998182297 0.176561996340752
0.460853010416031 0.176422998309135
0.460626006126404 0.176284000277519
0.460399985313416 0.176146000623703
0.460175007581711 0.176008999347687
0.459950000047684 0.175871998071671
0.459726989269257 0.175735995173454
0.459504991769791 0.175601005554199
0.459282994270325 0.175466001033783
0.459062993526459 0.175331994891167
0.458842992782593 0.175199002027512
0.458624988794327 0.175065994262695
0.458407014608383 0.17493399977684
0.458189994096756 0.174802005290985
0.45797398686409 0.174670994281769
0.457758992910385 0.174540996551514
0.457545012235641 0.174410998821259
0.457331985235214 0.174281999468803
0.457120001316071 0.174153998494148
0.456907987594604 0.174026995897293
0.456698000431061 0.173898994922638
0.456488996744156 0.173773005604744
0.456279993057251 0.173647001385689
0.456072986125946 0.173521995544434
0.455866008996964 0.17339800298214
0.455660998821259 0.173273995518684
0.455455988645554 0.17315100133419
0.45525199174881 0.173028007149696
0.455049991607666 0.172906994819641
0.454847991466522 0.172784999012947
0.45464700460434 0.172664999961853
0.454447001218796 0.172545000910759
0.454248011112213 0.172426000237465
0.454050004482269 0.172306999564171
0.453853994607925 0.172188997268677
0.453658014535904 0.172071993350983
0.453462988138199 0.17195500433445
0.453269004821777 0.171839997172356
0.453076004981995 0.171724006533623
0.452883988618851 0.171609997749329
0.452692985534668 0.171496003866196
0.452502995729446 0.171381995081902
0.452313989400864 0.171269997954369
0.452125996351242 0.171158000826836
0.451938986778259 0.171047002077103
0.451752990484238 0.17093600332737
0.451568007469177 0.170826002955437
0.451384007930756 0.170717000961304
0.451200991868973 0.170607998967171
0.451018989086151 0.170499995350838
0.450837999582291 0.170393005013466
0.45065900683403 0.170286998152733
0.45048001408577 0.170181006193161
0.450302004814148 0.170075997710228
0.450125992298126 0.169971004128456
0.449950009584427 0.169868007302284
0.449775993824005 0.169764995574951
0.449602007865906 0.169661998748779
0.449429988861084 0.169560998678207
0.449259012937546 0.169459998607635
0.449088990688324 0.169359996914864
0.448920011520386 0.169259995222092
0.448751986026764 0.169161006808281
0.448585003614426 0.169063001871109
0.448419988155365 0.168965995311737
0.448255002498627 0.168869003653526
0.448092013597488 0.168772995471954
0.447930008172989 0.168678000569344
0.447768986225128 0.168584004044533
0.447609007358551 0.168489992618561
0.447450011968613 0.16839699447155
0.447292000055313 0.168304994702339
0.447136014699936 0.168213993310928
0.446981012821198 0.168123006820679
0.446826994419098 0.168033003807068
0.446673989295959 0.167943999171257
0.446523010730743 0.167855992913246
0.446372002363205 0.167768001556396
0.446222990751266 0.167680993676186
0.44607600569725 0.167594999074936
0.445928990840912 0.167510002851486
0.445784002542496 0.167426005005836
0.445639997720718 0.167342007160187
0.445497006177902 0.167258992791176
0.445356011390686 0.167177006602287
0.445216000080109 0.167096003890038
0.445077985525131 0.167015999555588
0.444940000772476 0.166935995221138
0.444804012775421 0.166858002543449
0.444669991731644 0.1667799949646
0.44453701376915 0.166703000664711
0.444404989480972 0.166627004742622
0.444274991750717 0.166552007198334
0.444146007299423 0.166476994752884
0.444018006324768 0.166403993964195
0.443892985582352 0.166330993175507
0.443767994642258 0.166260004043579
0.443645000457764 0.16618900001049
0.44352400302887 0.166118994355202
0.443403989076614 0.166050001978874
0.443286001682281 0.165983006358147
0.443168997764587 0.165915995836258
0.443053990602493 0.16584999859333
0.44293999671936 0.165784999728203
0.442829012870789 0.165720999240875
0.442717999219894 0.165657997131348
0.442609995603561 0.16559599339962
0.44250300526619 0.165535002946854
0.442398011684418 0.165474995970726
0.442295014858246 0.16541600227356
0.442194014787674 0.165358006954193
0.442093998193741 0.165300995111465
0.44199600815773 0.165245994925499
0.441900014877319 0.165190994739532
0.441805988550186 0.165138006210327
0.441713988780975 0.165085002779961
0.441623985767365 0.165033996105194
0.441536009311676 0.164984002709389
0.441449999809265 0.164936006069183
0.441365987062454 0.164887994527817
0.441285014152527 0.164841994643211
0.441204994916916 0.164796993136406
0.441127985715866 0.164753004908562
0.441053003072739 0.164710998535156
0.440979987382889 0.164670005440712
0.440908998250961 0.164629995822906
0.440840989351273 0.164590999484062
0.440775007009506 0.164553999900818
0.440712004899979 0.164518997073174
0.440650999546051 0.164484992623329
0.440593004226685 0.164452001452446
0.440537989139557 0.164421007037163
0.440485000610352 0.164390996098518
0.440434992313385 0.164362996816635
0.44038799405098 0.164336994290352
0.440344005823135 0.16431200504303
0.44030299782753 0.164288997650146
0.440264999866486 0.164268001914024
0.440230011940002 0.164249002933502
0.440198987722397 0.16423100233078
0.440169990062714 0.164214998483658
0.44014498591423 0.164201006293297
0.440124005079269 0.164189994335175
0.440106987953186 0.164179995656013
0.440093010663986 0.164171993732452
0.440082997083664 0.164166003465652
0.440077006816864 0.164162993431091
0.440075010061264 0.164161995053291
0.440075010061264 0.164161995053291
0.440077990293503 0.164164006710052
0.440084993839264 0.164168000221252
0.440097004175186 0.164174005389214
0.440113008022308 0.164183005690575
0.44013500213623 0.164195001125336
0.440162003040314 0.164210006594658
0.440194010734558 0.16422800719738
0.440232008695602 0.164249002933502
0.440275013446808 0.164271995425224
0.440324991941452 0.164299994707108
0.44038000702858 0.164330005645752
0.440443009138107 0.164364993572235
0.440513014793396 0.164403006434441
0.440589010715485 0.164444997906685
0.440674006938934 0.16449099779129
0.440766006708145 0.164542004466057
0.440867990255356 0.164597004652023
0.440977990627289 0.16465699672699
0.441096991300583 0.164721995592117
0.441226989030838 0.164792999625206
0.441368013620377 0.164868995547295
0.441520988941193 0.164951995015144
0.441684991121292 0.165041998028755
0.441863000392914 0.165138006210327
0.442056000232697 0.165242001414299
0.442263007164001 0.165354996919632
0.442488014698029 0.165475994348526
0.442730993032455 0.165607005357742
0.442992985248566 0.165748000144958
0.443278014659882 0.165902003645897
0.443587005138397 0.166068002581596
0.443922996520996 0.166247993707657
0.444288998842239 0.166444003582001
0.444689005613327 0.166657999157906
0.445127010345459 0.166893005371094
0.445609003305435 0.167150005698204
0.446141004562378 0.167434006929398
0.446732014417648 0.167748004198074
0.447389990091324 0.168097004294395
0.44812598824501 0.168487995862961
0.448953986167908 0.168926000595093
0.449885010719299 0.169418007135391
0.45092698931694 0.169967994093895
0.452078998088837 0.170572996139526
0.453323006629944 0.171225994825363
0.454625010490417 0.171908006072044
0.455949008464813 0.172600001096725
0.457262009382248 0.173284992575645
0.458546996116638 0.173953995108604
0.459794014692307 0.174602001905441
0.461001992225647 0.175228998064995
0.462173014879227 0.175835996866226
0.46330800652504 0.176422998309135
0.464410990476608 0.176992997527122
0.465485990047455 0.177548006176949
0.466535001993179 0.178088992834091
0.467561006546021 0.178617000579834
0.468564987182617 0.179133996367455
0.469550997018814 0.179640993475914
0.470519006252289 0.180138006806374
0.47147199511528 0.180627003312111
0.472411006689072 0.181107997894287
0.473336011171341 0.181583002209663
0.474249005317688 0.182050004601479
0.475151985883713 0.182512000203133
0.476043999195099 0.182968005537987
0.476927012205124 0.18341900408268
0.477800995111465 0.183864995837212
0.478666990995407 0.184306994080544
0.479524999856949 0.184744998812675
0.480376988649368 0.185177996754646
0.481222003698349 0.185608997941017
0.482059985399246 0.186035007238388
0.482892990112305 0.186459004878998
0.483720988035202 0.186880007386208
0.484542995691299 0.187297999858856
0.485361009836197 0.187712997198105
0.486173987388611 0.188125997781754
0.486983001232147 0.188536003232002
0.487787991762161 0.18894399702549
0.488588988780975 0.189349994063377
0.489387005567551 0.189753994345665
0.490182012319565 0.190155997872353
0.490972995758057 0.19055700302124
0.49176099896431 0.190955996513367
0.492545992136002 0.191352993249893
0.493328988552094 0.19174799323082
0.494109004735947 0.192141994833946
0.494886994361877 0.192534998059273
0.495662987232208 0.192927002906799
0.4964359998703 0.193316996097565
0.49720698595047 0.193706005811691
0.497976988554001 0.194094002246857
0.498744010925293 0.194481000304222
0.499509990215302 0.194866999983788
0.500275015830994 0.195252001285553
0.501037001609802 0.195636004209518
0.501798987388611 0.196018993854523
0.502559006214142 0.196401000022888
0.50331699848175 0.196781992912292
0.504074990749359 0.197163000702858
0.50483101606369 0.197542995214462
0.50558602809906 0.197923004627228
0.506340026855469 0.198301002383232
0.507094025611877 0.198679998517036
0.507845997810364 0.199056997895241
0.508598029613495 0.199433997273445
0.50934898853302 0.199810996651649
0.510098993778229 0.200186997652054
0.510847985744476 0.200562998652458
0.511596977710724 0.200938001275063
0.512345016002655 0.201313003897667
0.513092994689941 0.20168699324131
0.513840019702911 0.202060997486115
0.514586985111237 0.202435001730919
0.515332996845245 0.202807992696762
0.516079008579254 0.203181996941566
0.516825020313263 0.203555002808571
0.517570018768311 0.203926995396614
0.518315970897675 0.204300001263618
0.519061028957367 0.204671993851662
0.519805014133453 0.205044001340866
0.520550012588501 0.205415993928909
0.521295011043549 0.205788001418114
0.522038996219635 0.206158995628357
0.522783994674683 0.206531003117561
0.523527979850769 0.206901997327805
0.524272978305817 0.207273006439209
0.525017023086548 0.207644999027252
0.525762021541595 0.208015993237495
0.526506006717682 0.2083870023489
0.527251005172729 0.208757996559143
0.527996003627777 0.209129005670547
0.528741002082825 0.209499999880791
0.529487013816833 0.209870994091034
0.530232012271881 0.210243001580238
0.53097802400589 0.210613995790482
0.531723976135254 0.210985004901886
0.532469987869263 0.211355999112129
0.533217012882233 0.211728006601334
0.533963978290558 0.212099000811577
0.534712016582489 0.21247099339962
0.535458981990814 0.212842002511024
0.536207020282745 0.213213995099068
0.536956012248993 0.213586002588272
0.53770500421524 0.213957995176315
0.538453996181488 0.21433000266552
0.539204001426697 0.214701995253563
0.539955019950867 0.215075001120567
0.540705978870392 0.215448006987572
0.541456997394562 0.215819999575615
0.542209029197693 0.216193005442619
0.54296201467514 0.216566994786263
0.543715000152588 0.216940000653267
0.544467985630035 0.217314004898071
0.545222997665405 0.217687994241714
0.545978009700775 0.218061998486519
0.546733021736145 0.218436002731323
0.547488987445831 0.218811005353928
0.548246026039124 0.219185993075371
0.549004018306732 0.219560995697975
0.549762010574341 0.21993599832058
0.550521016120911 0.220311999320984
0.551280975341797 0.220688000321388
0.552040994167328 0.221064001321793
0.552802979946136 0.221441000699997
0.553564012050629 0.221818000078201
0.554327011108398 0.222194999456406
0.555091023445129 0.22257299721241
0.555854976177216 0.222950994968414
0.556620001792908 0.223328992724419
0.557385981082916 0.223707005381584
0.558152973651886 0.224086001515388
0.558920979499817 0.224465996026993
0.559688985347748 0.224845007061958
0.560459017753601 0.225225001573563
0.56122899055481 0.225605994462967
0.561999976634979 0.225986003875732
0.562772989273071 0.226367995142937
0.563546001911163 0.226749002933502
0.564320027828217 0.227130994200706
0.565095007419586 0.227513000369072
0.565871000289917 0.227896004915237
0.566648006439209 0.228278994560242
0.567425012588501 0.228662997484207
0.568203985691071 0.229047000408173
0.568983972072601 0.229432001709938
0.569764971733093 0.229817003011703
0.570546984672546 0.230202004313469
0.571330010890961 0.230588003993034
0.572113990783691 0.2309740036726
0.572898983955383 0.231361001729965
0.573686003684998 0.231747999787331
0.574473023414612 0.232135996222496
0.575260996818542 0.232523992657661
0.576050996780396 0.232913002371788
0.576840996742249 0.233301997184753
0.577633023262024 0.23369200527668
0.578426003456116 0.234081998467445
0.579219996929169 0.234472006559372
0.580015003681183 0.234863996505737
0.580811023712158 0.235255002975464
0.581609010696411 0.235646992921829
0.582406997680664 0.236039996147156
0.583207011222839 0.236432999372482
0.584007978439331 0.236827000975609
0.584810018539429 0.237222000956535
0.585614025592804 0.237616002559662
0.586417973041534 0.238012000918388
0.587224006652832 0.238407999277115
0.588032007217407 0.238803997635841
0.588840007781982 0.239201992750168
0.589649975299835 0.239599004387856
0.590461015701294 0.239997997879982
0.591273009777069 0.240395992994308
0.592086017131805 0.240795999765396
0.592900991439819 0.241196006536484
0.593717992305756 0.24159599840641
0.594534993171692 0.241998001933098
0.595354020595551 0.242399007081985
0.596174001693726 0.242801994085312
0.596996009349823 0.243204995989799
0.59781801700592 0.243607997894287
0.598643004894257 0.244012996554375
0.599467992782593 0.244417995214462
0.600295007228851 0.24482299387455
0.601123988628387 0.245229005813599
0.601953029632568 0.245636001229286
0.602784991264343 0.246042996644974
0.603617012500763 0.246451005339622
0.60445100069046 0.24685999751091
0.60528701543808 0.247270002961159
0.606123983860016 0.247679993510246
0.606962025165558 0.248089998960495
0.607801973819733 0.248502001166344
0.608642995357513 0.248914003372192
0.609485983848572 0.249326005578041
0.610329985618591 0.24974000453949
0.611176013946533 0.250153988599777
0.612024009227753 0.250568985939026
0.612872004508972 0.250984013080597
0.61372298002243 0.251399993896484
0.614575028419495 0.251816987991333
0.61542797088623 0.252234995365143
0.616282999515533 0.252653002738953
0.617139995098114 0.253071993589401
0.617998003959656 0.253491997718811
0.618857026100159 0.253912001848221
0.6197190284729 0.254332989454269
0.620581984519958 0.254754990339279
0.621446013450623 0.25517800450325
0.622312009334564 0.255600988864899
0.623179972171783 0.256024986505508
0.624049007892609 0.256449997425079
0.624920010566711 0.256875991821289
0.625792980194092 0.257301986217499
0.626667022705078 0.257730007171631
0.627542972564697 0.258157998323441
0.628421008586884 0.25858598947525
0.629299998283386 0.259016007184982
0.630181014537811 0.259445995092392
0.631062984466553 0.259876996278763
0.631947994232178 0.260309010744095
0.632834017276764 0.260740995407104
0.633722007274628 0.261175006628036
0.634611010551453 0.261608988046646
0.635502994060516 0.262044012546539
0.636395990848541 0.262479990720749
0.637291014194489 0.262917011976242
0.638186991214752 0.263354003429413
0.639084994792938 0.263792991638184
0.639985978603363 0.264232009649277
0.640887975692749 0.264672011137009
0.641790986061096 0.265112012624741
0.642696976661682 0.265554010868073
0.643603980541229 0.265996992588043
0.644513010978699 0.266440004110336
0.645425021648407 0.266883999109268
0.64633697271347 0.267329007387161
0.647252023220062 0.267774999141693
0.648168981075287 0.268222004175186
0.649087011814117 0.268669992685318
0.650008022785187 0.269118010997772
0.650929987430573 0.269567996263504
0.651853978633881 0.270018011331558
0.652779996395111 0.270469009876251
0.653707981109619 0.270920991897583
0.65463799238205 0.271373987197876
0.655569970607758 0.27182799577713
0.656503975391388 0.272282987833023
0.657440006732941 0.272738993167877
0.65837699174881 0.273194998502731
0.659317016601563 0.273653000593185
0.660259008407593 0.27411100268364
0.661203026771545 0.274571001529694
0.662147998809814 0.275031000375748
0.663096010684967 0.275492012500763
0.664045989513397 0.275954008102417
0.66499799489975 0.276418000459671
0.665951013565063 0.276881992816925
0.666907012462616 0.27734699845314
0.667864978313446 0.277812987565994
0.668824970722198 0.278279989957809
0.669786989688873 0.278748005628586
0.670750975608826 0.279217004776001
0.671718001365662 0.279686987400055
0.672685980796814 0.280158013105392
0.673655986785889 0.280629992485046
0.674628973007202 0.281102001667023
0.675603985786438 0.281576007604599
0.676581025123596 0.282050997018814
0.677559971809387 0.28252699971199
0.678541004657745 0.283003985881805
0.679524004459381 0.283481985330582
0.680509984493256 0.283960998058319
0.681496977806091 0.284440994262695
0.682487010955811 0.284922003746033
0.683480024337769 0.285403996706009
0.684473991394043 0.285887002944946
0.685470998287201 0.286370992660522
0.68646901845932 0.28685599565506
0.687470972537994 0.287342995405197
0.688473999500275 0.287829995155334
0.689480006694794 0.288318008184433
0.690487027168274 0.288807988166809
0.691497981548309 0.289297997951508
0.692510008811951 0.289790004491806
0.693525016307831 0.290282994508743
0.694541990756989 0.290776014328003
0.69556200504303 0.29127100110054
0.696583986282349 0.291767001152039
0.69760799407959 0.292264014482498
0.698634028434753 0.292762994766235
0.699662983417511 0.293262004852295
0.700694978237152 0.293761998414993
0.701727986335754 0.294263988733292
0.702763974666595 0.294766992330551
0.70380300283432 0.295269995927811
0.704843997955322 0.29577499628067
0.705887019634247 0.296281009912491
0.70693302154541 0.296788990497589
0.707980990409851 0.29729700088501
0.709031999111176 0.29780700802803
0.710085988044739 0.298316985368729
0.711140990257263 0.298828989267349
0.712199985980988 0.299342006444931
0.713259994983673 0.29985699057579
0.714323997497559 0.300372004508972
0.715389013290405 0.300888985395432
0.716458022594452 0.301407009363174
0.717528998851776 0.301925987005234
0.718602001667023 0.302446007728577
0.719677984714508 0.302967011928558
0.720757007598877 0.30349001288414
0.721837997436523 0.30401399731636
0.722922027111053 0.304538995027542
0.724008977413177 0.305065989494324
0.725098013877869 0.305593013763428
0.726189970970154 0.306122004985809
0.727284014225006 0.306652009487152
0.728381991386414 0.307184010744095
0.729480981826782 0.307716012001038
0.730584025382996 0.30825001001358
0.731688976287842 0.308784991502762
0.732797026634216 0.309321999549866
0.733907997608185 0.309859991073608
0.735020995140076 0.310398995876312
0.736137986183167 0.310939013957977
0.737255990505219 0.31148099899292
0.73837798833847 0.312023997306824
0.739503026008606 0.312568008899689
0.740629971027374 0.313113987445831
0.741760015487671 0.313661009073257
0.742892980575562 0.314209014177322
0.744028985500336 0.314758986234665
0.745167970657349 0.315310001373291
0.746308982372284 0.315861999988556
0.747453987598419 0.316415995359421
0.748601019382477 0.316971004009247
0.749750971794128 0.317526996135712
0.750904977321625 0.318085014820099
0.752061009407043 0.318643987178802
0.753220021724701 0.31920400261879
0.754382014274597 0.319766014814377
0.755546987056732 0.320329993963242
0.756714999675751 0.320894986391068
0.757885992527008 0.321460992097855
0.759059011936188 0.322028011083603
0.760236024856567 0.322596997022629
0.761416018009186 0.323168009519577
0.762598991394043 0.323740005493164
0.763786017894745 0.324313014745712
0.764975011348724 0.324887990951538
0.766166985034943 0.325464010238647
0.767361998558044 0.326041996479034
0.768561005592346 0.326620995998383
0.769761979579926 0.327201992273331
0.77096700668335 0.32778400182724
0.772175014019012 0.328366994857788
0.773386001586914 0.328952997922897
0.774600982666016 0.329539000988007
0.77581799030304 0.330127000808716
0.777038991451263 0.330716997385025
0.778262972831726 0.331308007240295
0.779489994049072 0.331901013851166
0.780719995498657 0.332495003938675
0.781953990459442 0.333090990781784
0.783191025257111 0.333687990903854
0.784430980682373 0.334286987781525
0.78567498922348 0.334888011217117
0.786921977996826 0.335489988327026
0.788172006607056 0.336093008518219
0.789425015449524 0.33669900894165
0.790682017803192 0.337305009365082
0.79194301366806 0.337913990020752
0.793206989765167 0.338524013757706
0.794474005699158 0.339136004447937
0.795744001865387 0.33974900841713
0.797017991542816 0.340364009141922
0.798295974731445 0.340979993343353
0.799576997756958 0.341598987579346
0.800861001014709 0.342218011617661
0.802150011062622 0.342839986085892
0.803440988063812 0.343463003635406
0.804736018180847 0.344087988138199
0.806034982204437 0.344713985919952
0.807336986064911 0.345342993736267
0.808642983436584 0.345973014831543
0.809952020645142 0.346603989601135
0.811264991760254 0.347238004207611
0.812582015991211 0.347873002290726
0.813902020454407 0.348509013652802
0.815226018428802 0.349148005247116
0.816554009914398 0.349788010120392
0.817885994911194 0.350430011749268
0.819221019744873 0.351074010133743
0.820559978485107 0.351720005273819
0.821901977062225 0.352367013692856
0.823248982429504 0.35301598906517
0.824599027633667 0.353666990995407
0.825953006744385 0.354319989681244
0.827310979366302 0.354974001646042
0.828671991825104 0.355630993843079
0.830038011074066 0.356288999319077
0.831407010555267 0.356949001550674
0.83278101682663 0.357611000537872
0.834158003330231 0.358274012804031
0.835538983345032 0.358940005302429
0.836924016475677 0.359607011079788
0.838312983512878 0.360276997089386
0.839706003665924 0.360947996377945
0.84110301733017 0.361620992422104
0.842504024505615 0.362295985221863
0.843909978866577 0.362973004579544
0.845318973064423 0.363651990890503
0.846732020378113 0.364333003759384
0.848149001598358 0.365015000104904
0.849570989608765 0.365700006484985
0.850996017456055 0.366387009620667
0.852425992488861 0.367074996232986
0.853860020637512 0.367765992879868
0.855297982692719 0.36845800280571
0.856741011142731 0.369152992963791
0.858187019824982 0.369850009679794
0.859637975692749 0.370548009872437
0.861092984676361 0.371248990297318
0.862551987171173 0.371951013803482
0.864015996456146 0.372655987739563
0.865483999252319 0.373362988233566
0.866955995559692 0.374071002006531
0.868432998657227 0.374781996011734
0.869913995265961 0.375494986772537
0.871399998664856 0.376210004091263
0.872889995574951 0.376926988363266
0.874383985996246 0.377647012472153
0.875882983207703 0.378367990255356
0.877385973930359 0.379090994596481
0.878893971443176 0.379817008972168
0.880406975746155 0.380544990301132
0.881923973560333 0.381274998188019
0.883445024490356 0.382007002830505
0.884971976280212 0.382741004228592
0.886502027511597 0.383477985858917
0.888037979602814 0.384216010570526
0.889577984809875 0.384956985712051
0.891122996807098 0.385699987411499
0.892672002315521 0.386445999145508
0.894226014614105 0.387192994356155
0.895784974098206 0.387942999601364
0.897348999977112 0.388695001602173
0.898917973041534 0.389450013637543
0.900490999221802 0.390206009149551
0.902068972587585 0.390965014696121
0.903653025627136 0.391725987195969
0.905241012573242 0.3924899995327
0.906834006309509 0.393256008625031
0.908430993556976 0.394024014472961
0.910034000873566 0.394795000553131
0.911642014980316 0.395568013191223
0.913254976272583 0.396342992782593
0.914873003959656 0.397121012210846
0.916495978832245 0.397900998592377
0.91812402009964 0.398683995008469
0.919757008552551 0.399468988180161
0.921395003795624 0.400256007909775
0.923039019107819 0.401046007871628
0.924687027931213 0.401838004589081
0.926340997219086 0.402633011341095
0.927999973297119 0.403430014848709
0.929664015769958 0.404229998588562
0.931334018707275 0.405032992362976
0.933009028434753 0.405836999416351
0.934688985347748 0.406644999980927
0.936375021934509 0.407454997301102
0.938066005706787 0.408266991376877
0.939761996269226 0.409081995487213
0.941464006900787 0.409900009632111
0.94317102432251 0.410719990730286
0.94488400220871 0.411543011665344
0.946603000164032 0.41236799955368
0.948325991630554 0.413195997476578
0.95005601644516 0.414027005434036
0.951790988445282 0.414860010147095
0.953531980514526 0.415695995092392
0.955277979373932 0.41653499007225
0.95702999830246 0.417376011610031
0.958787977695465 0.418220013380051
0.960551023483276 0.419066995382309
0.962320983409882 0.419916987419128
0.964096009731293 0.42076900601387
0.965876996517181 0.421624004840851
0.967664003372192 0.422482013702393
0.969456017017365 0.423343002796173
0.971255004405975 0.424205988645554
0.973060011863708 0.425072997808456
0.974870026111603 0.425942003726959
0.976687014102936 0.426813989877701
0.97850900888443 0.427688986063004
0.980337977409363 0.428566008806229
0.982173025608063 0.429446995258331
0.984013974666595 0.430330991744995
0.985861003398895 0.431217014789581
0.987713992595673 0.432107001543045
0.989573001861572 0.432999014854431
0.991438984870911 0.433894008398056
0.993310987949371 0.434792995452881
0.995189011096954 0.435694009065628
0.997074007987976 0.436598002910614
0.99896502494812 0.4375059902668
1.00085997581482 0.438416004180908
1.002769947052 0.439328998327255
1.00468003749847 0.440245985984802
1.00659000873566 0.441166013479233
1.00852000713348 0.442088007926941
1.01045000553131 0.443013995885849
1.01238000392914 0.443942993879318
1.01433002948761 0.444875001907349
1.01628005504608 0.445811003446579
1.01822996139526 0.446749001741409
1.02020001411438 0.44769099354744
1.02216994762421 0.448635995388031
1.02415001392365 0.449584007263184
1.02612996101379 0.450536012649536
1.02812004089355 0.451490014791489
1.03012001514435 0.452448010444641
1.03211998939514 0.453409999608994
1.03412997722626 0.454373985528946
1.0361499786377 0.455341994762421
1.03817999362946 0.456313997507095
1.04021000862122 0.45728799700737
1.0422500371933 0.458267003297806
1.04429996013641 0.459248006343842
1.04635000228882 0.460233002901077
1.04841995239258 0.461221009492874
1.05049002170563 0.462213009595871
1.05255997180939 0.463209003210068
1.05464994907379 0.464208006858826
1.05674004554749 0.465209990739822
1.05884003639221 0.466215997934341
1.06094002723694 0.467224985361099
1.06306004524231 0.468237996101379
1.06517994403839 0.469255000352859
1.06730997562408 0.470275014638901
1.06944000720978 0.47129899263382
1.07158994674683 0.472326993942261
1.07374000549316 0.473358005285263
1.07589995861053 0.474393010139465
1.07807004451752 0.475430995225906
1.08024001121521 0.476473987102509
1.08241999149323 0.477519989013672
1.08461999893188 0.478570014238358
1.08682000637054 0.47962298989296
1.0890200138092 0.480681002140045
1.09124004840851 0.48174199461937
1.09345996379852 0.482807010412216
1.09569001197815 0.48387598991394
1.09792995452881 0.484948992729187
1.10018002986908 0.486025989055634
1.10243999958038 0.487107008695602
1.10469996929169 0.488191992044449
1.10697996616364 0.489280998706818
1.10925996303558 0.490372985601425
1.11154997348785 0.491470009088516
1.11384999752045 0.492570996284485
1.11615002155304 0.493676006793976
1.11846995353699 0.494785010814667
1.12079000473022 0.495898008346558
1.12312996387482 0.497014999389648
1.12525999546051 0.49803701043129
1.12669003009796 0.498719990253448
1.12764000892639 0.499175995588303
1.12828004360199 0.499480009078979
1.12870001792908 0.499684005975723
1.12898004055023 0.49981901049614
1.12916994094849 0.499909996986389
1.12926995754242 0.499954998493195
1.12931001186371 0.499976992607117
1.12935996055603 0.5
1.12935996055603 0.5
1.12941002845764 0.500023007392883
1.12945997714996 0.500045001506805
1.12954998016357 0.500090003013611
1.12973999977112 0.500181019306183
1.13002002239227 0.500316977500916
1.13045001029968 0.500519990921021
1.13109004497528 0.500826001167297
1.13205003738403 0.501285970211029
1.13348996639252 0.501976013183594
1.1356600522995 0.503014981746674
1.13804996013641 0.504158973693848
1.14045000076294 0.505307018756866
1.14285004138947 0.50645899772644
1.14526998996735 0.507615983486176
1.14769005775452 0.508777022361755
1.15013003349304 0.509943008422852
1.15257000923157 0.511112987995148
1.15503001213074 0.512287020683289
1.15749001502991 0.513466000556946
1.1599600315094 0.514648973941803
1.16244995594025 0.515837013721466
1.16493999958038 0.517030000686646
1.16744005680084 0.518226981163025
1.16995000839233 0.519428014755249
1.17246997356415 0.520635008811951
1.17499995231628 0.521845996379852
1.17753994464874 0.523060977458954
1.18008995056152 0.524281978607178
1.18264997005463 0.525506973266602
1.18522000312805 0.52673602104187
1.1878000497818 0.527971029281616
1.19038999080658 0.529209971427917
1.19298994541168 0.530454993247986
1.19561004638672 0.531704008579254
1.19823002815247 0.532957971096039
1.20086002349854 0.534215986728668
1.20350003242493 0.53548002243042
1.20615005493164 0.536749005317688
1.20881998538971 0.538022994995117
1.21149003505707 0.539301991462708
1.21416997909546 0.540585994720459
1.21686995029449 0.541875004768372
1.21957004070282 0.543169021606445
1.2222900390625 0.544467985630035
1.2250200510025 0.545772016048431
1.22775995731354 0.547082006931305
1.23050999641418 0.54839700460434
1.23327004909515 0.549717009067535
1.23603999614716 0.551042020320892
1.23881995677948 0.552372992038727
1.24161994457245 0.553708970546722
1.24442005157471 0.555051028728485
1.24723994731903 0.556397974491119
1.25006997585297 0.55774998664856
1.25291001796722 0.559108018875122
1.25575995445251 0.560470998287201
1.25862002372742 0.561839997768402
1.26150000095367 0.563215017318726
1.26437997817993 0.564594984054565
1.26727998256683 0.565980017185211
1.27019000053406 0.567372024059296
1.27312004566193 0.568768978118896
1.27604997158051 0.570172011852264
1.27900004386902 0.571579992771149
1.28196001052856 0.572995007038116
1.28492999076843 0.574415028095245
1.28790998458862 0.575841009616852
1.29091000556946 0.577273011207581
1.29392004013062 0.578710973262787
1.29693996906281 0.58015501499176
1.29997003078461 0.581605017185211
1.30302000045776 0.58306097984314
1.30607998371124 0.584523022174835
1.30914998054504 0.585991024971008
1.31224000453949 0.587464988231659
1.31534004211426 0.588945984840393
1.31844997406006 0.59043300151825
1.32157003879547 0.591925978660583
1.32471001148224 0.59342497587204
1.32785999774933 0.59493100643158
1.33103001117706 0.596442997455597
1.33421003818512 0.597961008548737
1.33739995956421 0.599485993385315
1.34060001373291 0.601016998291016
1.34381997585297 0.602554976940155
1.34705996513367 0.604099988937378
1.35029995441437 0.605651021003723
1.35356998443604 0.607208013534546
1.3568400144577 0.608772993087769
1.36012995243073 0.610343992710114
1.36343002319336 0.611921012401581
1.36675000190735 0.613506019115448
1.37007999420166 0.615097999572754
1.37343001365662 0.616696000099182
1.37679004669189 0.618300974369049
1.38016998767853 0.619912981987
1.38355994224548 0.62153297662735
1.38696002960205 0.623158991336823
1.3903900384903 0.624791979789734
1.39382004737854 0.62643301486969
1.39726996421814 0.628080010414124
1.40074002742767 0.629734992980957
1.40421998500824 0.631397008895874
1.40771996974945 0.633067011833191
1.41122996807098 0.634742975234985
1.41475999355316 0.636427998542786
1.41830003261566 0.638118982315063
1.42185997962952 0.639818012714386
1.42543005943298 0.641524970531464
1.42902004718781 0.64323902130127
1.43262994289398 0.644959986209869
1.43624997138977 0.646690011024475
1.4398900270462 0.64842700958252
1.44354999065399 0.650171995162964
1.4472199678421 0.651924014091492
1.45090997219086 0.653684973716736
1.45460999011993 0.655453026294708
1.45834004878998 0.657229006290436
1.46206998825073 0.659012973308563
1.46582996845245 0.660806000232697
1.4695999622345 0.662606000900269
1.47338998317719 0.66441398859024
1.47720003128052 0.666230976581573
1.48101997375488 0.668056011199951
1.48485994338989 0.669888973236084
1.48872005939484 0.671729981899261
1.49259996414185 0.6735799908638
1.49649000167847 0.675437986850739
1.50040996074677 0.677304983139038
1.50434005260468 0.679180026054382
1.50829005241394 0.681064009666443
1.51224994659424 0.682955980300903
1.51624000072479 0.68485701084137
1.52023994922638 0.686766982078552
1.5242600440979 0.68868499994278
1.52830004692078 0.690612018108368
1.53235995769501 0.692548990249634
1.53644001483917 0.694494009017944
1.54053997993469 0.696448028087616
1.54464995861053 0.698410987854004
1.54878997802734 0.700383007526398
1.55294001102448 0.702364981174469
1.55710995197296 0.704355001449585
1.5613100528717 0.706354975700378
1.56552004814148 0.708364009857178
1.56974995136261 0.710381984710693
1.574010014534 0.712409973144531
1.57827997207642 0.714447975158691
1.58256995677948 0.716494023799896
1.58687996864319 0.718550980091095
1.59122002124786 0.7206169962883
1.59556996822357 0.722693026065826
1.59993994235992 0.72477799654007
1.60433995723724 0.726873993873596
1.60874998569489 0.728978991508484
1.61319005489349 0.731094002723694
1.61765003204346 0.733219027519226
1.62213003635406 0.735354006290436
1.62662994861603 0.737498998641968
1.63115000724792 0.739655017852783
1.63568997383118 0.741820991039276
1.6402599811554 0.743996024131775
1.64484000205994 0.746182978153229
1.64944994449615 0.748378992080688
1.65408003330231 0.750585973262787
1.65873003005981 0.752803981304169
1.663409948349 0.755032002925873
1.66811001300812 0.757270991802216
1.67282998561859 0.759519994258881
1.67756998538971 0.761780977249146
1.68233001232147 0.764051973819733
1.68711996078491 0.766333997249603
1.69193005561829 0.768626987934113
1.69676995277405 0.770931005477905
1.70162999629974 0.773245990276337
1.70650994777679 0.775572001934052
1.71141004562378 0.777908980846405
1.71633994579315 0.780257999897003
1.72130000591278 0.782616972923279
1.72626996040344 0.78498899936676
1.73126995563507 0.787370979785919
1.73629999160767 0.789766013622284
1.74135005474091 0.792172014713287
1.7464200258255 0.794588983058929
1.75152003765106 0.797017991542816
1.7566499710083 0.799458980560303
1.76180005073547 0.801912009716034
1.766970038414 0.804377019405365
1.77216994762421 0.806852996349335
1.77739000320435 0.80934202671051
1.78264999389648 0.811842978000641
1.78791999816895 0.814356029033661
1.79322004318237 0.816881000995636
1.79855000972748 0.819418013095856
1.80390000343323 0.821968019008636
1.80928003787994 0.824530005455017
1.81468999385834 0.827104985713959
1.82011997699738 0.829692006111145
1.82558000087738 0.832292020320892
1.83106994628906 0.834905028343201
1.83658003807068 0.837530016899109
1.84212005138397 0.840167999267578
1.84768998622894 0.842818975448608
1.85328996181488 0.845483005046844
1.85890996456146 0.848160028457642
1.86456000804901 0.850850999355316
1.87023997306824 0.853554010391235
1.87593996524811 0.856271028518677
1.88168001174927 0.859000027179718
1.88743996620178 0.861743986606598
1.89322996139526 0.864499986171722
1.89904999732971 0.867269992828369
1.90489995479584 0.870054006576538
1.91077995300293 0.872851014137268
1.91667997837067 0.87566202878952
1.92262005805969 0.87848699092865
1.92858004570007 0.881326019763947
1.93456995487213 0.884177982807159
1.94060003757477 0.8870450258255
1.94665002822876 0.889925003051758
1.95272994041443 0.892820000648499
1.95884001255035 0.895729005336761
1.96499001979828 0.898652017116547
1.97116005420685 0.901588976383209
1.97736001014709 0.904541015625
1.98359000682831 0.907507002353668
1.98986005783081 0.91048800945282
1.99615001678467 0.913483023643494
2.00248003005981 0.916492998600006
2.00884008407593 0.919516980648041
2.01521992683411 0.92255699634552
2.02164006233215 0.925611019134521
2.02809000015259 0.928680002689362
2.03457999229431 0.931764006614685
2.04109001159668 0.934862971305847
2.04764008522034 0.937977015972137
2.05421996116638 0.941106021404266
2.06083011627197 0.944249987602234
2.06747007369995 0.947409987449646
2.0741400718689 0.950585007667542
2.08084988594055 0.953774988651276
2.08758997917175 0.956981003284454
2.09436011314392 0.960201978683472
2.1011700630188 0.963438987731934
2.10801005363464 0.966691970825195
2.11488008499146 0.96995997428894
2.12178993225098 0.97324401140213
2.12873005867004 0.97654402256012
2.1356999874115 0.979860007762909
2.14270997047424 0.983192026615143
2.14974999427795 0.986539006233215
2.15682005882263 0.989902973175049
2.16392993927002 0.993282973766327
2.17107009887695 0.99667900800705
2.1782500743866 1.00009000301361
2.18546009063721 1.00352001190186
2.19270992279053 1.00696003437042
2.19999003410339 1.01042997837067
2.20729994773865 1.0139000415802
2.21464991569519 1.01740002632141
2.22203993797302 1.02091002464294
2.22946000099182 1.02444005012512
2.23691010475159 1.02797996997833
2.24441003799438 1.03154003620148
2.25192999839783 1.03512001037598
2.25949001312256 1.0387099981308
2.26709008216858 1.04232001304626
2.27472996711731 1.04595005512238
2.28239989280701 1.04960000514984
2.29010009765625 1.05325996875763
2.2978401184082 1.05693995952606
2.30561995506287 1.06062996387482
2.31343007087708 1.06433999538422
2.32128000259399 1.06807005405426
2.3291699886322 1.07182002067566
2.33709001541138 1.0755900144577
2.34505009651184 1.07937002182007
2.35304999351501 1.08317005634308
2.36107993125916 1.08697998523712
2.36914992332458 1.09081995487213
2.3772599697113 1.09467005729675
2.38540005683899 1.09853994846344
2.39357995986938 1.10241997241974
2.40179991722107 1.106330037117
2.41005992889404 1.1102499961853
2.41834998130798 1.11418998241425
2.42668008804321 1.11813998222351
2.43505001068115 1.12212002277374
2.44344997406006 1.12610995769501
2.45188999176025 1.13012003898621
2.46037006378174 1.13415002822876
2.46888995170593 1.13819003105164
2.47744989395142 1.14224994182587
2.48604011535645 1.14632999897003
2.49466991424561 1.15042996406555
2.50334000587463 1.15454995632172
2.51203989982605 1.1586799621582
2.52079010009766 1.16282999515533
2.52957010269165 1.16700005531311
2.53838992118835 1.17119002342224
2.54725003242493 1.17540001869202
2.55613994598389 1.17962002754211
2.56507992744446 1.18385994434357
2.574049949646 1.18812000751495
2.58306002616882 1.1923999786377
2.59210991859436 1.19668996334076
2.60119009017944 1.20100998878479
2.61032009124756 1.20534002780914
2.61947989463806 1.20968997478485
2.62867999076843 1.21405005455017
2.63791990280151 1.21844005584717
2.64720010757446 1.2228399515152
2.6565101146698 1.22725999355316
2.66586995124817 1.23169994354248
2.67526006698608 1.23616003990173
2.68468999862671 1.24063003063202
2.69415998458862 1.24512004852295
2.7036600112915 1.24963998794556
2.713210105896 1.25416004657745
2.72279000282288 1.25871002674103
2.73240995407104 1.26327002048492
2.7420699596405 1.26786005496979
2.75177001953125 1.27245998382568
2.76149988174438 1.27708005905151
2.77127003669739 1.28171002864838
2.78109002113342 1.28636002540588
2.7909300327301 1.29103994369507
2.80082011222839 1.29572999477386
2.81073999404907 1.30043005943298
2.82070994377136 1.30516004562378
2.83070993423462 1.3099000453949
2.84073996543884 1.31465995311737
2.85082006454468 1.31944000720978
2.8609299659729 1.32422995567322
2.87107992172241 1.32904994487762
2.88126993179321 1.33387994766235
2.89148998260498 1.33872997760773
2.90176010131836 1.34359002113342
2.91206002235413 1.3484799861908
2.92238998413086 1.35337996482849
2.9327700138092 1.35829997062683
2.94318008422852 1.36322999000549
2.95362997055054 1.36819005012512
2.96410989761353 1.37316000461578
2.97463011741638 1.37813997268677
2.98518991470337 1.38314998149872
2.99579000473022 1.38817000389099
3.00641989707947 1.39321005344391
3.01709008216858 1.39827001094818
3.02779006958008 1.40333998203278
3.03853011131287 1.40842998027802
3.04930996894836 1.4135400056839
3.06012010574341 1.4186600446701
3.07097005844116 1.42379999160767
3.08186006546021 1.42895996570587
3.09278011322021 1.43413996696472
3.10373997688293 1.43932998180389
3.11472988128662 1.44454002380371
3.12576007843018 1.44975996017456
3.13682007789612 1.45501005649567
3.14791989326477 1.46026003360748
3.15904998779297 1.46554005146027
3.17021989822388 1.47082996368408
3.18143010139465 1.47614002227783
3.19267010688782 1.48145997524261
3.20393991470337 1.48679995536804
3.21525001525879 1.49215996265411
3.2265899181366 1.49752998352051
3.23797011375427 1.50292003154755
3.24938011169434 1.50831997394562
3.26081991195679 1.51373994350433
3.27230000495911 1.51918005943298
3.28381991386414 1.52462995052338
3.29536008834839 1.5300999879837
3.30694007873535 1.53558003902435
3.31855988502502 1.54107999801636
3.33020997047424 1.54659998416901
3.34189009666443 1.55212998390198
3.353600025177 1.55766999721527
3.36535000801086 1.56323003768921
3.37713003158569 1.5688099861145
3.38894009590149 1.57439994812012
3.40077996253967 1.58001005649567
3.41265988349915 1.58563005924225
3.42457008361816 1.59126996994019
3.43651008605957 1.59692001342773
3.44848990440369 1.60258996486664
3.46048998832703 1.60827004909515
3.47252988815308 1.61397004127502
3.48460006713867 1.61968004703522
3.49670004844666 1.62539994716644
3.50883007049561 1.6311399936676
3.52098989486694 1.63689994812012
3.53319001197815 1.64267003536224
3.54540991783142 1.6484500169754
3.55767011642456 1.65425002574921
3.56995010375977 1.66006004810333
3.58226990699768 1.66588997840881
3.59460997581482 1.67173004150391
3.60699009895325 1.67759001255035
3.61940002441406 1.68345999717712
3.63182997703552 1.68933999538422
3.64429998397827 1.69523000717163
3.65680003166199 1.70114994049072
3.66932010650635 1.7070699930191
3.68187999725342 1.71300995349884
3.69445991516113 1.71896004676819
3.70707011222839 1.72492003440857
3.71971988677979 1.73090004920959
3.7323899269104 1.73688995838165
3.74507999420166 1.74290001392365
3.75781011581421 1.74890995025635
3.77057003974915 1.75495004653931
3.78334999084473 1.76099002361298
3.79615998268127 1.76705002784729
3.80900001525879 1.77312004566193
3.82187008857727 1.7791999578476
3.83476996421814 1.78529000282288
3.84769010543823 1.79139995574951
3.86064004898071 1.79752004146576
3.87361001968384 1.80366003513336
3.88662004470825 1.80980002880096
3.89965009689331 1.81596004962921
3.91270995140076 1.82212996482849
3.92579007148743 1.82832002639771
3.93889999389648 1.83450996875763
3.95203995704651 1.84072005748749
3.96519994735718 1.84694004058838
3.97838997840881 1.85317003726959
3.99161005020142 1.85941004753113
4.00484991073608 1.86566996574402
4.01811981201172 1.87194001674652
4.03141021728516 1.87821996212006
4.0447301864624 1.8845100402832
4.05807018280029 1.89081001281738
4.07144021987915 1.89713001251221
4.08482980728149 1.90345001220703
4.09824991226196 1.9097900390625
4.11169004440308 1.916139960289
4.12516021728516 1.92250001430511
4.13864994049072 1.92886996269226
4.15217018127441 1.93525004386902
4.16570997238159 1.94165003299713
4.17926979064941 1.94805002212524
4.19286012649536 1.954470038414
4.20647001266479 1.96089994907379
4.2201099395752 1.96732997894287
4.23376989364624 1.9737800359726
4.24744987487793 1.98023998737335
4.26115989685059 1.98670995235443
4.27488994598389 1.99319994449615
4.28865003585815 1.99969005584717
4.30242013931274 2.00619006156921
4.31621980667114 2.01270008087158
4.33003997802734 2.01922988891602
4.34389019012451 2.02575993537903
4.35775995254517 2.03231000900269
4.37165021896362 2.03886008262634
4.38556003570557 2.04542994499207
4.39949989318848 2.05200004577637
4.41344976425171 2.05858993530273
4.42743015289307 2.06518006324768
4.44143009185791 2.07178997993469
4.45546007156372 2.07840991020203
4.46950006484985 2.08503007888794
4.48357009887695 2.09167003631592
4.49765014648438 2.0983099937439
4.51176023483276 2.10496997833252
4.52588987350464 2.11162996292114
4.54005002975464 2.11830997467041
4.55422019958496 2.12498998641968
4.56840991973877 2.13169002532959
4.5826301574707 2.1383900642395
4.5968599319458 2.14510011672974
4.61112022399902 2.15182995796204
4.62540006637573 2.15856003761292
4.63969993591309 2.16529989242554
4.65400981903076 2.17204999923706
4.66835021972656 2.17880988121033
4.68271017074585 2.1855800151825
4.69709014892578 2.19235992431641
4.71149015426636 2.19915008544922
4.72591018676758 2.20595002174377
4.74034976959229 2.21274995803833
4.75480985641479 2.21956992149353
4.76928997039795 2.22638988494873
4.78378009796143 2.23322010040283
4.79829978942871 2.240070104599
4.8128399848938 2.24692010879517
4.82740020751953 2.25377988815308
4.84196996688843 2.26063990592957
4.85656976699829 2.2675199508667
4.87118005752563 2.27441000938416
4.88581991195679 2.28130006790161
4.90046977996826 2.28820991516113
4.91514015197754 2.29512000083923
4.9298300743103 2.30204010009766
4.94454002380371 2.30896997451782
4.95927000045776 2.31591010093689
4.97400999069214 2.32284998893738
4.98878002166748 2.32980990409851
5.00356006622314 2.33677005767822
5.01837015151978 2.34373998641968
5.03318977355957 2.35071992874146
5.04801988601685 2.35770988464355
5.06288003921509 2.36470007896423
5.07776021957397 2.37171006202698
5.09264993667603 2.37872004508972
5.10756015777588 2.38574004173279
5.12248992919922 2.39277005195618
5.13744020462036 2.39981007575989
5.15240001678467 2.4068500995636
5.16737985610962 2.41390991210938
5.18238019943237 2.42096996307373
5.19740009307861 2.42804002761841
5.2124400138855 2.43511009216309
5.22748994827271 2.44219994544983
5.24255990982056 2.44929003715515
5.25764989852905 2.45638990402222
5.27274990081787 2.46350002288818
5.28787994384766 2.47060990333557
5.30302000045776 2.47774004936218
5.31817007064819 2.48486995697021
5.33335018157959 2.49201011657715
5.34853982925415 2.49916005134583
5.36374998092651 2.5063099861145
5.3789701461792 2.5134699344635
5.39420986175537 2.52063989639282
5.40947008132935 2.52782011032104
5.42474985122681 2.53501009941101
5.44004011154175 2.54220008850098
5.45534992218018 2.54940009117126
5.47067022323608 2.55661010742188
5.48601007461548 2.56381988525391
5.50136995315552 2.57103991508484
5.5167498588562 2.57826995849609
5.53213977813721 2.58551001548767
5.54755020141602 2.59276008605957
5.56297016143799 2.60000991821289
5.57841014862061 2.60727000236511
5.59387016296387 2.61454010009766
5.60934019088745 2.62180995941162
5.62482976913452 2.62909007072449
5.64032983779907 2.6363799571991
5.65584993362427 2.64367008209229
5.67139005661011 2.65097999572754
5.68695020675659 2.65828990936279
5.70250988006592 2.66560006141663
5.71810007095337 2.67293000221252
5.73369979858398 2.68025994300842
5.7493200302124 2.68759989738464
5.76494979858398 2.69494009017944
5.78060007095337 2.70230007171631
5.79625988006592 2.70966005325317
5.81194019317627 2.71702003479004
5.82764005661011 2.72440004348755
5.84334993362427 2.73178005218506
5.85907983779907 2.73917007446289
5.87482023239136 2.74656009674072
5.89058017730713 2.7539598941803
5.90635013580322 2.76136994361877
5.92214012145996 2.76879000663757
5.93794012069702 2.77621006965637
5.95376014709473 2.78363990783691
5.96960020065308 2.79106998443604
5.98544979095459 2.7985200881958
6.00130987167358 2.80596995353699
6.01718997955322 2.81342005729675
6.03309011459351 2.82088994979858
6.04899978637695 2.82836008071899
6.0649299621582 2.83582997322083
6.08087015151978 2.8433198928833
6.09682989120483 2.85081005096436
6.11280012130737 2.85829997062683
6.12877988815308 2.86580991744995
6.1447901725769 2.87332010269165
6.16079998016357 2.88083004951477
6.17682981491089 2.88836002349854
6.19288015365601 2.8958899974823
6.20894002914429 2.90342998504639
6.22501993179321 2.91096997261047
6.24110984802246 2.91851997375488
6.25721979141235 2.92607998847961
6.27334022521973 2.93364000320435
6.28948020935059 2.9412100315094
6.30563020706177 2.94879007339478
6.32179021835327 2.95637011528015
6.33796977996826 2.96395993232727
6.35416984558105 2.97156000137329
6.37037992477417 2.97916007041931
6.38660001754761 2.98676991462708
6.40284013748169 2.99437999725342
6.41908979415894 3.00201010704041
6.43535995483398 3.00963997840881
6.45165014266968 3.0172700881958
6.46793985366821 3.02490997314453
6.48426008224487 3.03256011009216
6.50057983398438 3.04021000862122
6.51692008972168 3.04787993431091
6.53327989578247 3.05554008483887
6.54965019226074 3.06322002410889
6.56603002548218 3.07089996337891
6.58242988586426 3.07857990264893
6.59884977340698 3.08628010749817
6.61527013778687 3.09398007392883
6.63172006607056 3.1016800403595
6.64816999435425 3.10939002037048
6.66464996337891 3.11711001396179
6.68112993240356 3.12484002113342
6.69762992858887 3.13257002830505
6.71413993835449 3.14031004905701
6.73066997528076 3.14805006980896
6.74722003936768 3.15580010414124
6.76377010345459 3.16355991363525
6.78034019470215 3.17131996154785
6.79692983627319 3.17909002304077
6.81352996826172 3.18686008453369
6.83014011383057 3.19464993476868
6.8467698097229 3.20243000984192
6.86342000961304 3.21023011207581
6.88007020950317 3.21802997589111
6.8967399597168 3.225830078125
6.91343021392822 3.23364996910095
6.93013000488281 3.24147009849548
6.94683980941772 3.24928998947144
6.96357011795044 3.25711989402771
6.98030996322632 3.26496005058289
6.99706983566284 3.2728099822998
7.01384019851685 3.28065991401672
7.03062009811401 3.28851008415222
7.04742002487183 3.29637002944946
7.06422996520996 3.30423998832703
7.08105993270874 3.31211996078491
7.09789991378784 3.3199999332428
7.11474990844727 3.32788991928101
7.13161993026733 3.33577990531921
7.14849996566772 3.34367990493774
7.16540002822876 3.3515899181366
7.18231010437012 3.35949993133545
7.19924020767212 3.36741995811462
7.21617984771729 3.3753399848938
7.23312997817993 3.3832700252533
7.25010013580322 3.39121007919312
7.26707983016968 3.39914989471436
7.28407001495361 3.4070999622345
7.30108022689819 3.41506004333496
7.31809997558594 3.42301988601685
7.33514022827148 3.43097996711731
7.3521900177002 3.43896007537842
7.36924982070923 3.44693994522095
7.38633012771606 3.45492005348206
7.40342998504639 3.46290993690491
7.42052984237671 3.47091007232666
7.43765020370483 3.47891998291016
7.45479011535645 3.48692989349365
7.47194004058838 3.49494004249573
7.48909997940063 3.50296998023987
7.50626993179321 3.51098990440369
7.52345991134644 3.51903009414673
7.5406699180603 3.52707004547119
7.55788993835449 3.53512001037598
7.575119972229 3.54316997528076
7.59236001968384 3.55122995376587
7.60962009429932 3.55928993225098
7.62690019607544 3.56735992431641
7.6441798210144 3.57543992996216
7.66148996353149 3.58351993560791
7.67880010604858 3.59160995483398
7.69612979888916 3.59970998764038
7.71346998214722 3.60781002044678
7.73083019256592 3.6159200668335
7.74819993972778 3.62403011322021
7.76559019088745 3.63214993476868
7.78298997879028 3.64028000831604
7.80039978027344 3.6484100818634
7.81782007217407 3.65653991699219
7.83525991439819 3.6646900177002
7.85271978378296 3.6728401184082
7.87019014358521 3.68098998069763
7.88767004013062 3.68916010856628
7.90515995025635 3.69731998443604
7.92266988754272 3.70549988746643
7.94019985198975 3.71368002891541
7.95773983001709 3.7218599319458
7.97528982162476 3.73006010055542
7.99284982681274 3.73825001716614
8.01043033599854 3.7464599609375
8.02801990509033 3.75466990470886
8.04563045501709 3.76289010047913
8.0632495880127 3.77111005783081
8.08088970184326 3.77934002876282
8.09854030609131 3.78756999969482
8.11620044708252 3.79580998420715
8.13387012481689 3.8040599822998
8.15155982971191 3.81230998039246
8.16926956176758 3.82056999206543
8.18698978424072 3.8288300037384
8.20471954345703 3.83711004257202
8.22245979309082 3.84538006782532
8.24022006988525 3.85366010665894
8.25800037384033 3.8619499206543
8.27579021453857 3.87024998664856
8.29358959197998 3.87855005264282
8.31140041351318 3.88685989379883
8.32923030853271 3.89516997337341
8.34708023071289 3.90349006652832
8.36493015289307 3.91180992126465
8.38280010223389 3.9201500415802
8.40069007873535 3.92847990989685
8.41858959197998 3.93683004379272
8.43649959564209 3.94517993927002
8.45442962646484 3.95353007316589
8.47237014770508 3.96188998222351
8.49032020568848 3.97025990486145
8.50829029083252 3.97863006591797
8.52626991271973 3.98701000213623
8.54426956176758 3.99539995193481
8.56227970123291 4.0037899017334
8.58030986785889 4.0121898651123
8.59834003448486 4.02058982849121
8.61639976501465 4.02899980545044
8.63446044921875 4.03741979598999
8.65254020690918 4.04583978652954
8.67063999176025 4.05426979064941
8.68875026702881 4.06269979476929
8.70687007904053 4.07113981246948
8.72500991821289 4.07958984375
8.74316024780273 4.08803987503052
8.76132011413574 4.09649991989136
8.77950000762939 4.1049599647522
8.79769039154053 4.11343002319336
8.81589984893799 4.12191009521484
8.83411979675293 4.13039016723633
8.85235023498535 4.13887977600098
8.8705997467041 4.14737987518311
8.88885974884033 4.15587997436523
8.90713977813721 4.16438007354736
8.92543029785156 4.17290019989014
8.94373989105225 4.18140983581543
8.96205997467041 4.18993997573853
8.98038959503174 4.19847011566162
8.99874019622803 4.20700979232788
9.01710033416748 4.2155499458313
9.0354700088501 4.22410011291504
9.05385971069336 4.23265981674194
9.07227039337158 4.24121999740601
9.09068012237549 4.24979019165039
9.10912036895752 4.25835990905762
9.12755966186523 4.26694011688232
9.14601993560791 4.2755298614502
9.16450023651123 4.28412008285522
9.18297958374023 4.29271984100342
9.20149040222168 4.30132007598877
9.22000026702881 4.30992984771729
9.23853015899658 4.31855010986328
9.257080078125 4.32716989517212
9.27563953399658 4.33580017089844
9.29421043395996 4.3444299697876
9.31280040740967 4.35306978225708
9.33139991760254 4.36172008514404
9.35002040863037 4.37037992477417
9.36865043640137 4.37903022766113
9.38729000091553 4.38770008087158
9.40594959259033 4.39636993408203
9.42461967468262 4.4050498008728
9.44330978393555 4.41373014450073
9.46201038360596 4.42242002487183
9.4807300567627 4.43111991882324
9.49946022033691 4.43981981277466
9.5181999206543 4.44853019714355
9.53695964813232 4.45725011825562
9.55574035644531 4.46597003936768
9.57452011108398 4.47468996047974
9.59333038330078 4.48342990875244
9.61213970184326 4.49216985702515
9.6309700012207 4.50090980529785
9.64982032775879 4.50965976715088
9.66868019104004 4.51842021942139
9.68754959106445 4.52719020843506
9.70643997192383 4.53596019744873
9.72533988952637 4.5447301864624
9.74425983428955 4.5535101890564
9.76319026947021 4.56230020523071
9.78213024139404 4.57110023498535
9.80109024047852 4.57989978790283
9.82007026672363 4.58870983123779
9.83905982971191 4.59751987457275
9.85805988311768 4.60633993148804
9.87707996368408 4.61517000198364
9.89610958099365 4.62400007247925
9.9151496887207 4.63284015655518
9.93422031402588 4.64167976379395
9.95328998565674 4.6505298614502
9.97237968444824 4.65938997268677
9.99149036407471 4.66825008392334
10.0106000900269 4.67712020874023
