1.22495996952057 0.671085000038147
1.22162997722626 0.669128000736237
1.21832001209259 0.667181015014648
1.21502995491028 0.665243029594421
1.21175003051758 0.663312971591949
1.20849001407623 0.661392986774445
1.20525002479553 0.659482002258301
1.20201003551483 0.657580018043518
1.19879996776581 0.655686974525452
1.1956000328064 0.653802990913391
1.19240999221802 0.65192699432373
1.18923997879028 0.650059998035431
1.18608999252319 0.648202002048492
1.1829400062561 0.646351993083954
1.17981994152069 0.644510984420776
1.17671000957489 0.64267897605896
1.17360997200012 0.640855014324188
1.17051994800568 0.639038980007172
1.1674599647522 0.6372309923172
1.16439998149872 0.635432004928589
1.16136002540588 0.633641004562378
1.15832996368408 0.631857991218567
1.15532004833221 0.630083978176117
1.15232002735138 0.62831699848175
1.14934003353119 0.626558005809784
1.146360039711 0.624808013439178
1.14340996742249 0.623064994812012
1.14046001434326 0.62133002281189
1.13752996921539 0.619602978229523
1.13461005687714 0.617883026599884
1.13171005249023 0.616172015666962
1.12881994247437 0.614467978477478
1.12593996524811 0.612770974636078
1.12307000160217 0.611082971096039
1.12021994590759 0.609400987625122
1.11738002300262 0.607726991176605
1.11454999446869 0.606060981750488
1.1117399930954 0.604402005672455
1.10894000530243 0.60275000333786
1.10615003108978 0.601105988025665
1.10336995124817 0.599467992782593
1.10060000419617 0.59783798456192
1.09784996509552 0.596215009689331
1.09511005878448 0.594600021839142
1.09238004684448 0.59299099445343
1.0896600484848 0.591389000415802
1.08695995807648 0.589793980121613
1.08427000045776 0.588205993175507
1.08159005641937 0.586624979972839
1.07892000675201 0.585051000118256
1.07625997066498 0.583483994007111
1.07360994815826 0.581923007965088
1.07097995281219 0.580368995666504
1.06835997104645 0.578822016716003
1.0657399892807 0.57728099822998
1.0631400346756 0.575747013092041
1.06054997444153 0.574218988418579
1.0579799413681 0.572697997093201
1.05541002750397 0.571183979511261
1.05285000801086 0.569675028324127
1.05031001567841 0.568172991275787
1.04777002334595 0.566677987575531
1.04525005817413 0.565189003944397
1.04273998737335 0.56370598077774
1.04023003578186 0.562228977680206
1.03773999214172 0.560757994651794
1.03525996208191 0.559293985366821
1.03278994560242 0.55783599615097
1.03032994270325 0.556383013725281
1.0278799533844 0.55493700504303
1.02543997764587 0.553497016429901
1.02301001548767 0.55206298828125
1.0205899477005 0.550634026527405
1.01818001270294 0.549211978912354
1.01577997207642 0.547794997692108
1.01338994503021 0.54638397693634
1.01101005077362 0.544978976249695
1.00864005088806 0.543579995632172
1.00627994537354 0.54218602180481
1.00392997264862 0.540798008441925
1.00159001350403 0.539416015148163
0.999261975288391 0.538039028644562
0.996940016746521 0.536668002605438
0.99462902545929 0.535301983356476
0.992326021194458 0.533941984176636
0.990032970905304 0.532586991786957
0.987748980522156 0.5312380194664
0.98547500371933 0.52989399433136
0.983209013938904 0.528555989265442
0.980952978134155 0.527222990989685
0.978706002235413 0.525894999504089
0.976468026638031 0.524572014808655
0.974238991737366 0.523254990577698
0.972019016742706 0.521942973136902
0.969807028770447 0.520636022090912
0.967604994773865 0.519334018230438
0.965411007404327 0.518037021160126
0.963226020336151 0.516745984554291
0.961049973964691 0.515459001064301
0.958881974220276 0.514177978038788
0.956722974777222 0.51290100812912
0.954572021961212 0.511629998683929
0.952430009841919 0.510362982749939
0.950295984745026 0.50910097360611
0.948171019554138 0.507843971252441
0.946053981781006 0.506591975688934
0.943944990634918 0.505344986915588
0.94184398651123 0.504103004932404
0.939751982688904 0.502865016460419
0.937667012214661 0.50163197517395
0.935590982437134 0.500404000282288
0.933522999286652 0.499179989099503
0.931461989879608 0.497961014509201
0.929409980773926 0.496746987104416
0.927365005016327 0.495537996292114
0.925329029560089 0.494331985712051
0.92330002784729 0.493131995201111
0.921279013156891 0.49193599820137
0.91926497220993 0.49074399471283
0.917259991168976 0.48955699801445
0.915260970592499 0.488373994827271
0.913271009922028 0.487195998430252
0.911288022994995 0.486021995544434
0.909312009811401 0.484852999448776
0.907343983650208 0.483687996864319
0.905382990837097 0.482526987791061
0.903429985046387 0.481370002031326
0.901482999324799 0.48021799325943
0.89954400062561 0.479070007801056
0.897612988948822 0.477925986051559
0.895687997341156 0.476785987615585
0.89377099275589 0.475650995969772
0.891861021518707 0.474519014358521
0.889958024024963 0.473392009735107
0.888060986995697 0.472268998622894
0.886171996593475 0.471150010824203
0.884289979934692 0.47003498673439
0.882414996623993 0.468923002481461
0.880545973777771 0.46781599521637
0.878683984279633 0.466713011264801
0.876829028129578 0.46561399102211
0.874980986118317 0.464518994092941
0.873139977455139 0.463427990674973
0.871304988861084 0.462339997291565
0.869476974010468 0.461257010698318
0.867654979228973 0.460177004337311
0.865840017795563 0.459100991487503
0.864031970500946 0.458029001951218
0.862230002880096 0.456959992647171
0.860433995723724 0.455895990133286
0.858645021915436 0.454834997653961
0.856862008571625 0.453777998685837
0.855086028575897 0.452724009752274
0.853316009044647 0.451674997806549
0.85155200958252 0.450628012418747
0.849793970584869 0.449586004018784
0.848043024539948 0.448547005653381
0.846297025680542 0.447512000799179
0.844558000564575 0.446480005979538
0.842824995517731 0.445452004671097
0.841098010540009 0.444427013397217
0.839376986026764 0.443405985832214
0.837661981582642 0.442387998104095
0.835952997207642 0.441374003887177
0.834249019622803 0.440362989902496
0.832552015781403 0.439355999231339
0.83086097240448 0.438351988792419
0.829174995422363 0.437350988388062
0.827494978904724 0.436354011297226
0.825820982456207 0.435360014438629
0.824153006076813 0.434370011091232
0.822489976882935 0.433382004499435
0.820833027362823 0.432397991418839
0.819181978702545 0.431418001651764
0.817535996437073 0.430440008640289
0.815895974636078 0.429466009140015
0.814261972904205 0.428494989871979
0.812632977962494 0.427527993917465
0.811008989810944 0.426562994718552
0.809391021728516 0.425601989030838
0.807778000831604 0.424643993377686
0.806171000003815 0.423689007759094
0.804569005966187 0.422737002372742
0.802972018718719 0.42178800702095
0.80138099193573 0.420841991901398
0.799794018268585 0.419898986816406
0.798214018344879 0.418960005044937
0.796638011932373 0.418022990226746
0.795067012310028 0.417088985443115
0.793501973152161 0.416159003973007
0.791942000389099 0.415230989456177
0.790386974811554 0.41430601477623
0.788837015628815 0.413385003805161
0.787292003631592 0.412465989589691
0.78575199842453 0.411549985408783
0.784217000007629 0.410636991262436
0.78268700838089 0.40972700715065
0.781162023544312 0.408820003271103
0.77964198589325 0.407914996147156
0.778127014636993 0.407014012336731
0.776615977287292 0.406114995479584
0.775111019611359 0.405218988656998
0.77360999584198 0.404325991868973
0.772113978862762 0.403436005115509
0.770623028278351 0.402547985315323
0.769136011600494 0.40166300535202
0.76765501499176 0.400781005620956
0.766176998615265 0.399901986122131
0.764705002307892 0.399024993181229
0.763236999511719 0.398151010274887
0.761774003505707 0.397278994321823
0.760315001010895 0.396411001682281
0.758861005306244 0.395543992519379
0.757411003112793 0.394681006669998
0.755966007709503 0.393819987773895
0.754526019096375 0.392962008714676
0.753089010715485 0.392105996608734
0.751658022403717 0.391252994537354
0.750230014324188 0.390401989221573
0.748807013034821 0.389553993940353
0.747389018535614 0.388709008693695
0.745974004268646 0.387865990400314
0.74456399679184 0.387024998664856
0.743158996105194 0.386186987161636
0.741756975650787 0.385351985692978
0.740360021591187 0.384519010782242
0.738967001438141 0.383688002824783
0.737577974796295 0.382860004901886
0.736193001270294 0.382034003734589
0.73481297492981 0.381209999322891
0.73343700170517 0.380389004945755
0.732064008712769 0.379570990800858
0.730696022510529 0.378753989934921
0.729331970214844 0.377939999103546
0.727971971035004 0.37712898850441
0.726616024971008 0.376318991184235
0.725264012813568 0.375512003898621
0.723914980888367 0.374707013368607
0.722571015357971 0.373905003070831
0.721230983734131 0.373104989528656
0.719895005226135 0.372307002544403
0.718562006950378 0.37151101231575
0.717233002185822 0.370718002319336
0.715909004211426 0.369926005601883
0.714587986469269 0.369136989116669
0.713270008563995 0.368349999189377
0.711956977844238 0.367565989494324
0.710646986961365 0.366782993078232
0.709340989589691 0.366003006696701
0.708038985729218 0.365224987268448
0.706740975379944 0.364448994398117
0.705446004867554 0.363674998283386
0.704155027866364 0.362902998924255
0.702866971492767 0.362132996320724
0.701583027839661 0.361364990472794
0.700303018093109 0.360599994659424
0.699025988578796 0.359836012125015
0.697753012180328 0.359073996543884
0.696483016014099 0.358314990997314
0.69521701335907 0.357556998729706
0.693953990936279 0.356801986694336
0.692695021629333 0.356047987937927
0.691438972949982 0.35529699921608
0.690186023712158 0.354546993970871
0.68893700838089 0.353799998760223
0.687691986560822 0.353053987026215
0.686448991298676 0.352310001850128
0.685211002826691 0.351568996906281
0.683974981307983 0.350829005241394
0.682743012905121 0.350091010332108
0.681514024734497 0.349355012178421
0.680288016796112 0.348621010780334
0.679066002368927 0.347887992858887
0.677847027778625 0.347158014774323
0.676630973815918 0.346428990364075
0.675418019294739 0.34570300579071
0.674207985401154 0.344978004693985
0.673002004623413 0.344253987073898
0.671799004077911 0.343533009290695
0.670598983764648 0.34281399846077
0.669402003288269 0.342096000909805
0.668208003044128 0.341380000114441
0.667016983032227 0.340665012598038
0.665829002857208 0.339953005313873
0.664644002914429 0.33924201130867
0.663461983203888 0.338533014059067
0.662283003330231 0.337826013565063
0.661108016967773 0.337119996547699
0.659934997558594 0.336416006088257
0.658765017986298 0.335714012384415
0.65759801864624 0.335013002157211
0.656433999538422 0.334313988685608
0.655273020267487 0.333617001771927
0.654114007949829 0.332920998334885
0.652958989143372 0.332226991653442
0.651805996894836 0.331535011529922
0.65065598487854 0.330844014883041
0.649509012699127 0.330154985189438
0.648365020751953 0.329466998577118
0.647222995758057 0.328781008720398
0.646084010601044 0.328096002340317
0.64494800567627 0.327412992715836
0.643814980983734 0.326732009649277
0.642683982849121 0.326052010059357
0.641556024551392 0.325372993946075
0.640430986881256 0.324696004390717
0.639307975769043 0.324021011590958
0.638188004493713 0.323347002267838
0.637070000171661 0.322674006223679
0.635954976081848 0.32200300693512
0.634842991828918 0.321334004402161
0.633732974529266 0.32066598534584
0.632625997066498 0.319999009370804
0.631520986557007 0.319332987070084
0.630419015884399 0.318668991327286
0.62931901216507 0.318006992340088
0.628220975399017 0.317346006631851
0.627125978469849 0.316686004400253
0.626034021377563 0.316026985645294
0.624943971633911 0.315369993448257
0.623856008052826 0.314714998006821
0.622770011425018 0.314060002565384
0.621686995029449 0.313407003879547
0.620606005191803 0.312754988670349
0.619527995586395 0.312103986740112
0.61845201253891 0.311455011367798
0.617377996444702 0.3108069896698
0.616306006908417 0.310160011053085
0.615235984325409 0.309514999389648
0.614169001579285 0.308871001005173
0.613103985786438 0.308227002620697
0.612040996551514 0.307586014270782
0.610979974269867 0.306944996118546
0.609921991825104 0.30630499124527
0.608865022659302 0.305667012929916
0.607810974121094 0.305029988288879
0.606757998466492 0.304394006729126
0.605708003044128 0.303759008646011
0.604659974575043 0.303124994039536
0.603613972663879 0.302491992712021
0.602568984031677 0.301860988140106
0.601526975631714 0.301230013370514
0.600486993789673 0.300601005554199
0.599448025226593 0.299973011016846
0.598411977291107 0.29934498667717
0.597377002239227 0.298718988895416
0.596345007419586 0.298094004392624
0.595314025878906 0.297468990087509
0.594285011291504 0.296846002340317
0.593257009983063 0.296223998069763
0.59223198890686 0.29560199379921
0.591207981109619 0.294981986284256
0.5901859998703 0.294362992048264
0.589165985584259 0.293743997812271
0.58814799785614 0.293125987052917
0.587131023406982 0.292510002851486
0.586115002632141 0.291893988847733
0.585102021694183 0.29127898812294
0.584089994430542 0.290665000677109
0.583078980445862 0.290051013231277
0.582071006298065 0.289438992738724
0.581062972545624 0.288827002048492
0.58005702495575 0.2882159948349
0.579052984714508 0.287606000900269
0.578050017356873 0.286996990442276
0.577049016952515 0.286388009786606
0.576048970222473 0.285780012607574
0.575049996376038 0.285172998905182
0.57405298948288 0.28456699848175
0.573056995868683 0.283960998058319
0.572062015533447 0.283354997634888
0.571069002151489 0.282750993967056
0.570077002048492 0.282146990299225
0.569086015224457 0.281543999910355
0.568095982074738 0.280941009521484
0.567107021808624 0.280339002609253
0.566120028495789 0.279736995697021
0.565132975578308 0.279136002063751
0.564148008823395 0.278535008430481
0.563162982463837 0.277934998273849
0.562179982662201 0.277334988117218
0.561197996139526 0.276735991239548
0.560216009616852 0.276136994361877
0.559234976768494 0.275537997484207
0.558255970478058 0.274940013885498
0.557277023792267 0.274342000484467
0.556298971176147 0.273745000362396
0.555320978164673 0.273148000240326
0.554343998432159 0.272551000118256
0.553367972373962 0.271953999996185
0.552393019199371 0.271356999874115
0.551418006420135 0.270761013031006
0.5504429936409 0.270164996385574
0.549468994140625 0.269569009542465
0.548496007919312 0.268972992897034
0.547522008419037 0.268377006053925
0.546549022197723 0.267780989408493
0.545576989650726 0.267185002565384
0.544604003429413 0.266588985919952
0.543631970882416 0.265992999076843
0.542659997940063 0.265395998954773
0.541688024997711 0.264800012111664
0.540715992450714 0.264203011989594
0.539744019508362 0.263606995344162
0.538770973682404 0.263009011745453
0.537799000740051 0.262412011623383
0.536826014518738 0.261813998222351
0.535853028297424 0.261216014623642
0.53487902879715 0.260616987943649
0.533905029296875 0.260017991065979
0.532930016517639 0.25941801071167
0.531955003738403 0.258818000555038
0.53097802400589 0.258215993642807
0.530000984668732 0.257613986730576
0.529022991657257 0.257012009620667
0.528043985366821 0.256408005952835
0.527064025402069 0.255802989006042
0.52608197927475 0.255198001861572
0.525098979473114 0.25459098815918
0.524114012718201 0.253982990980148
0.523127973079681 0.253372997045517
0.522140026092529 0.252763003110886
0.52114999294281 0.252149999141693
0.520156979560852 0.251536011695862
0.519163012504578 0.250921010971069
0.51816600561142 0.250304013490677
0.517166018486023 0.249684005975723
0.516164004802704 0.24906300008297
0.515157997608185 0.248438999056816
0.514149010181427 0.247813999652863
0.513136982917786 0.247185006737709
0.512120008468628 0.246554002165794
0.511099994182587 0.24592000246048
0.510074973106384 0.245282992720604
0.509046018123627 0.244643002748489
0.508010983467102 0.243999004364014
0.506972014904022 0.243350997567177
0.505926012992859 0.24269999563694
0.504873991012573 0.242044001817703
0.503814995288849 0.241383001208305
0.502749025821686 0.240716993808746
0.501675009727478 0.240046992897987
0.50059300661087 0.239370003342628
0.49950098991394 0.238686993718147
0.498400002717972 0.237996995449066
0.497287005186081 0.237299993634224
0.496163010597229 0.236595004796982
0.495025992393494 0.235881000757217
0.49387401342392 0.235157996416092
0.492707997560501 0.234424993395805
0.491524010896683 0.233679994940758
0.49032199382782 0.232922002673149
0.489098995923996 0.232151001691818
0.48785400390625 0.231364995241165
0.486584007740021 0.230562999844551
0.485287010669708 0.229742005467415
0.483960002660751 0.228900998830795
0.48260098695755 0.228038996458054
0.481209009885788 0.22715400159359
0.479784995317459 0.226246997714043
0.478330999612808 0.225319996476173
0.476861000061035 0.224380001425743
0.475392013788223 0.223440006375313
0.473957002162933 0.222518995404243
0.472591996192932 0.221642002463341
0.471329003572464 0.220827996730804
0.47018900513649 0.220091000199318
0.469173014163971 0.21943399310112
0.468273997306824 0.218851000070572
0.46748098731041 0.218335002660751
0.466778993606567 0.217877998948097
0.466156989336014 0.21747200191021
0.465602993965149 0.217109993100166
0.46510899066925 0.216786995530128
0.46466600894928 0.216497004032135
0.464269012212753 0.216235995292664
0.463912010192871 0.216001003980637
0.463591009378433 0.215789005160332
0.463301986455917 0.215599000453949
0.463041007518768 0.215425997972488
0.462805986404419 0.21527099609375
0.462594985961914 0.215130999684334
0.462406009435654 0.215005993843079
0.462237000465393 0.214892998337746
0.462085008621216 0.214792996644974
0.461950987577438 0.214702993631363
0.461831986904144 0.214624002575874
0.461728990077972 0.214554995298386
0.461638003587723 0.214495003223419
0.461560994386673 0.214442998170853
0.461495995521545 0.214398995041847
0.461441993713379 0.214362993836403
0.461398005485535 0.21433399617672
0.461365014314651 0.214312002062798
0.461342006921768 0.214295998215675
0.461326986551285 0.214285999536514
0.461322009563446 0.214283004403114
0.461322993040085 0.214284002780914
0.461333006620407 0.214289993047714
0.461349993944168 0.214301005005836
0.461374014616013 0.214318007230759
0.461405009031296 0.214339002966881
0.46144300699234 0.214364007115364
0.461486995220184 0.214394003152847
0.461537003517151 0.214429005980492
0.461593985557556 0.214467003941536
0.461656004190445 0.21450899541378
0.461724013090134 0.214555993676186
0.461796998977661 0.214606001973152
0.461876004934311 0.214659005403519
0.461959004402161 0.214716002345085
0.46204799413681 0.214776992797852
0.462141007184982 0.214839994907379
0.462238997220993 0.214907005429268
0.462341010570526 0.214976996183395
0.462446987628937 0.215049996972084
0.462558001279831 0.215125992894173
0.462673008441925 0.215204998850822
0.462792009115219 0.215286999940872
0.462915003299713 0.215371996164322
0.463041990995407 0.215459004044533
0.463171988725662 0.215549007058144
0.46330600976944 0.215641006827354
0.463443994522095 0.215736001729965
0.463584989309311 0.215834006667137
0.463730007410049 0.215933993458748
0.463876992464066 0.216036006808281
0.464029014110565 0.216141000390053
0.464183002710342 0.216248005628586
0.464341014623642 0.216358006000519
0.464500993490219 0.216469004750252
0.464664995670319 0.216582998633385
0.464832007884979 0.216699004173279
0.465000987052917 0.216817006468773
0.465173989534378 0.216937005519867
0.465348988771439 0.217059999704361
0.46552699804306 0.217184007167816
0.465707987546921 0.21730999648571
0.465891003608704 0.217437997460365
0.466078013181686 0.21756899356842
0.466266006231308 0.217701002955437
0.46645799279213 0.217834994196892
0.466652005910873 0.217970997095108
0.466847985982895 0.218108996748924
0.4670470058918 0.21824899315834
0.467247992753983 0.218390002846718
0.467451989650726 0.218532994389534
0.467658013105392 0.218678995966911
0.467866986989975 0.218825995922089
0.468077003955841 0.218973994255066
0.468290001153946 0.219125002622604
0.468506008386612 0.219276994466782
0.468722999095917 0.21943099796772
0.468942999839783 0.219585999846458
0.469164997339249 0.219742998480797
0.469390004873276 0.219901993870735
0.469615995883942 0.220063000917435
0.46984401345253 0.220225006341934
0.470075011253357 0.220387995243073
0.470308005809784 0.220553994178772
0.470542997121811 0.220721006393433
0.470779001712799 0.220889002084732
0.471017986536026 0.221058994531631
0.471258997917175 0.221230998635292
0.471502006053925 0.221404001116753
0.471747010946274 0.221579000353813
0.471994012594223 0.221755996346474
0.472243010997772 0.221933007240295
0.47249299287796 0.222112998366356
0.472746014595032 0.222294002771378
0.473001003265381 0.222476005554199
0.473257005214691 0.222660005092621
0.47351598739624 0.222846001386642
0.473776012659073 0.223031997680664
0.474038004875183 0.223221004009247
0.474301993846893 0.223410993814468
0.474568009376526 0.223601996898651
0.474835991859436 0.223794996738434
0.475104987621307 0.223988994956017
0.47537699341774 0.22418500483036
0.475650012493134 0.224381998181343
0.475924998521805 0.224581003189087
0.476202011108398 0.224781006574631
0.476480007171631 0.224981993436813
0.476759999990463 0.225185006856918
0.477041989564896 0.225389003753662
0.47732600569725 0.225594997406006
0.477611988782883 0.225802004337311
0.477898985147476 0.226010993123055
0.478188008069992 0.226220995187759
0.478478997945786 0.226431995630264
0.47877100110054 0.226644992828369
0.479066014289856 0.226859003305435
0.479362010955811 0.22707499563694
0.479658991098404 0.227292001247406
0.479959011077881 0.227510005235672
0.480260014533997 0.227730005979538
0.480562001466751 0.227951005101204
0.480866998434067 0.22817300260067
0.481173008680344 0.228396996855736
0.481480985879898 0.228623002767563
0.481790006160736 0.228848993778229
0.482100993394852 0.229077994823456
0.48241400718689 0.229306995868683
0.482728004455566 0.22953799366951
0.483043998479843 0.229770004749298
0.48336198925972 0.230003997683525
0.483682006597519 0.230239003896713
0.484003007411957 0.23047499358654
0.484324991703033 0.230712994933128
0.484649986028671 0.230951994657516
0.48497599363327 0.231191992759705
0.48530301451683 0.231434002518654
0.485632002353668 0.231677994132042
0.485962986946106 0.231922000646591
0.486295998096466 0.23216800391674
0.486629992723465 0.23241600394249
0.486966013908386 0.232665002346039
0.487302988767624 0.232914999127388
0.487641990184784 0.233165994286537
0.487982988357544 0.233419001102448
0.488324999809265 0.233673006296158
0.488669008016586 0.233928993344307
0.489015012979507 0.234185993671417
0.489362001419067 0.234445005655289
0.489710986614227 0.234705001115799
0.490061014890671 0.234965994954109
0.490413010120392 0.235229000449181
0.490767002105713 0.235493004322052
0.491122007369995 0.235758006572723
0.491479009389877 0.236025005578995
0.491836994886398 0.236293002963066
0.492197006940842 0.236562997102737
0.492558985948563 0.23683400452137
0.492922008037567 0.237105995416641
0.493286997079849 0.237379997968674
0.493654012680054 0.237654998898506
0.494022011756897 0.237931996583939
0.49439200758934 0.238209992647171
0.494764000177383 0.238489001989365
0.495137006044388 0.238769993185997
0.495512008666992 0.239052996039391
0.495887994766235 0.239335998892784
0.496266007423401 0.239620998501778
0.496645987033844 0.239907994866371
0.497027009725571 0.240196004509926
0.497409999370575 0.240485996007919
0.49779400229454 0.240776002407074
0.498180985450745 0.241069003939629
0.498569011688232 0.241363003849983
0.498957991600037 0.241658002138138
0.499348998069763 0.241953998804092
0.49974200129509 0.242253005504608
0.500136017799377 0.242551997303963
0.500532984733582 0.242853000760078
0.50093001127243 0.243156000971794
0.501330018043518 0.24345999956131
0.501730978488922 0.243764996528625
0.502134025096893 0.244072005152702
0.502538025379181 0.244380995631218
0.502943992614746 0.244690999388695
0.503351986408234 0.245002001523972
0.503760993480682 0.245315000414848
0.504172027111053 0.245628997683525
0.504585027694702 0.245945006608963
0.504999995231628 0.24626299738884
0.505415976047516 0.246581003069878
0.505833983421326 0.246902003884315
0.506253004074097 0.247224003076553
0.506673991680145 0.247547000646591
0.507097005844116 0.247871994972229
0.507521986961365 0.248199000954628
0.507948994636536 0.248527005314827
0.508377015590668 0.248855993151665
0.508805990219116 0.249188005924225
0.509238004684448 0.249520003795624
0.509670972824097 0.249854996800423
0.510106027126312 0.250189989805222
0.510542988777161 0.250528007745743
0.510981023311615 0.250867009162903
0.511421978473663 0.251206994056702
0.511864006519318 0.251549988985062
0.512306988239288 0.251893013715744
0.512753009796143 0.252238988876343
0.513199985027313 0.252586007118225
0.513648986816406 0.252934008836746
0.514100015163422 0.253284007310867
0.514551997184753 0.253636002540588
0.515007019042969 0.253989011049271
0.5154629945755 0.25434398651123
0.515920996665955 0.254700988531113
0.516381025314331 0.255059003829956
0.516842007637024 0.255418986082077
0.5173060297966 0.25578099489212
0.517771005630493 0.256143987178802
0.518238008022308 0.256509006023407
0.518706023693085 0.256875991821289
0.5191770195961 0.257243990898132
0.519649982452393 0.257613986730576
0.520124018192291 0.257986009120941
0.520600020885468 0.258358985185623
0.521077990531921 0.258733987808228
0.521557986736298 0.259110987186432
0.522040009498596 0.259488999843597
0.522522985935211 0.259869992733002
0.52300900220871 0.260251998901367
0.523495972156525 0.260634988546371
0.523985028266907 0.261020988225937
0.524477005004883 0.261408001184464
0.52496999502182 0.26179701089859
0.52546501159668 0.262187987565994
0.525961995124817 0.262580007314682
0.526459991931915 0.262973994016647
0.526961028575897 0.263370990753174
0.527463972568512 0.2637679874897
0.527967989444733 0.264167994260788
0.528474986553192 0.264569997787476
0.528984010219574 0.264973014593124
0.529493987560272 0.265377998352051
0.530007004737854 0.2657850086689
0.530520975589752 0.266193985939026
0.531036972999573 0.266604989767075
0.531556010246277 0.267017006874084
0.532076001167297 0.267432004213333
0.532598972320557 0.267848014831543
0.533123016357422 0.268267005681992
0.533649981021881 0.268687009811401
0.534178018569946 0.269109010696411
0.534708976745605 0.269533008337021
0.535242021083832 0.269959002733231
0.535776019096375 0.270386010408401
0.536312997341156 0.270815998315811
0.53685200214386 0.271248012781143
0.537392973899841 0.271681010723114
0.537935972213745 0.272116988897324
0.538480997085571 0.272554993629456
0.539027988910675 0.272994011640549
0.539577007293701 0.273436009883881
0.540129005908966 0.273880004882813
0.540682971477509 0.274325013160706
0.541238009929657 0.274773001670837
0.541796028614044 0.27522200345993
0.542356014251709 0.275673985481262
0.542918026447296 0.276127994060516
0.543483018875122 0.27658399939537
0.544049024581909 0.277042001485825
0.544618010520935 0.277502000331879
0.545189023017883 0.277963995933533
0.545762002468109 0.278427988290787
0.546338021755219 0.278894007205963
0.546914994716644 0.279363006353378
0.547495007514954 0.279832988977432
0.548078000545502 0.28030601143837
0.548662006855011 0.280781000852585
0.549248993396759 0.2812579870224
0.549838006496429 0.281736999750137
0.550428986549377 0.282218992710114
0.551023006439209 0.282701998949051
0.551617980003357 0.283187985420227
0.55221700668335 0.283675998449326
0.552816987037659 0.284166991710663
0.553420007228851 0.284658998250961
0.554024994373322 0.285154014825821
0.554633021354675 0.285650998353958
0.555243015289307 0.286150991916656
0.555855989456177 0.286651998758316
0.556469976902008 0.287155985832214
0.557088017463684 0.287661999464035
0.557707011699677 0.288170993328094
0.558328986167908 0.288682013750076
0.558954000473022 0.289195001125336
0.559580981731415 0.289710998535156
0.560209989547729 0.290228992700577
0.560841977596283 0.290749996900558
0.56147700548172 0.291272014379501
0.562114000320435 0.291797995567322
0.562753021717072 0.292324990034103
0.563395023345947 0.292856007814407
0.564040005207062 0.29338800907135
0.564687013626099 0.293922990560532
0.565335988998413 0.294461011886597
0.565989017486572 0.295001000165939
0.566644012928009 0.295543998479843
0.567300975322723 0.296088993549347
0.567960977554321 0.296635985374451
0.568624019622803 0.297187000513077
0.569289028644562 0.297738999128342
0.56995701789856 0.298294991254807
0.570627987384796 0.298853009939194
0.571300983428955 0.299412995576859
0.571977019309998 0.299975991249084
0.572655975818634 0.300541996955872
0.573337018489838 0.30111101269722
0.574021995067596 0.301681995391846
0.574708998203278 0.302255988121033
0.575398027896881 0.302832007408142
0.57609099149704 0.30341100692749
0.576785981655121 0.303992986679077
0.577484011650085 0.304578006267548
0.578185021877289 0.305164992809296
0.578889012336731 0.305756002664566
0.579595983028412 0.306349009275436
0.580304980278015 0.306944996118546
0.581017971038818 0.307543009519577
0.581732988357544 0.308144986629486
0.582450985908508 0.308748990297318
0.583172023296356 0.30935600399971
0.583895981311798 0.309965997934341
0.584622979164124 0.310579001903534
0.585353016853333 0.311194986104965
0.586085975170135 0.31181401014328
0.586821973323822 0.312436014413834
0.587561011314392 0.313060998916626
0.588303029537201 0.313688993453979
0.589048981666565 0.314319998025894
0.589797019958496 0.31495401263237
0.590547978878021 0.315589994192123
0.591302990913391 0.316229999065399
0.592060029506683 0.316873013973236
0.592821002006531 0.317519992589951
0.593585014343262 0.318168997764587
0.594352006912231 0.318821012973785
0.59512197971344 0.319476991891861
0.595894992351532 0.32013601064682
0.596671998500824 0.320798009634018
0.597451984882355 0.321462988853455
0.598235011100769 0.322131007909775
0.599021017551422 0.322802990674973
0.599811017513275 0.323478013277054
0.600603997707367 0.324155986309052
0.601400971412659 0.324836999177933
0.602199971675873 0.325522005558014
0.603003025054932 0.326211005449295
0.603810012340546 0.326902002096176
0.604619979858398 0.327596992254257
0.605432987213135 0.328296005725861
0.606249988079071 0.328996986150742
0.607070028781891 0.329703003168106
0.607894003391266 0.330410987138748
0.608721971511841 0.331124007701874
0.609552025794983 0.331840008497238
0.610387027263641 0.332558989524841
0.611225008964539 0.333281993865967
0.612065970897675 0.334008008241653
0.612911999225616 0.334737986326218
0.613759994506836 0.335471987724304
0.614612996578217 0.336210012435913
0.615468978881836 0.336950987577438
0.6163290143013 0.337695986032486
0.617192983627319 0.338443994522095
0.618059992790222 0.339195996522903
0.618930995464325 0.339953005313873
0.619805991649628 0.340712010860443
0.62068498134613 0.341475993394852
0.621567010879517 0.342243999242783
0.622453987598419 0.343014985322952
0.623344004154205 0.343789994716644
0.624238014221191 0.344570010900497
0.625136971473694 0.345353007316589
0.626039028167725 0.346139997243881
0.626945018768311 0.346931010484695
0.627855002880096 0.347727000713348
0.628768980503082 0.348526000976563
0.629687011241913 0.349328994750977
0.630608975887299 0.350136995315552
0.63153600692749 0.350948005914688
0.632466018199921 0.351763993501663
0.633400976657867 0.352584004402161
0.634339988231659 0.353408008813858
0.63528299331665 0.354236990213394
0.636229991912842 0.355069011449814
0.637180984020233 0.355906009674072
0.638136982917786 0.356748014688492
0.639096975326538 0.35759299993515
0.640061974525452 0.35844299197197
0.64103102684021 0.35929799079895
0.642004013061523 0.360157012939453
0.642980992794037 0.361019998788834
0.643962979316711 0.361887991428375
0.644949972629547 0.362760990858078
0.645941019058228 0.363638013601303
0.646937012672424 0.364519000053406
0.647936999797821 0.365406006574631
0.648940980434418 0.366297006607056
0.649950981140137 0.367192000150681
0.650964975357056 0.368093013763428
0.651983976364136 0.368997991085052
0.653006970882416 0.369908004999161
0.654034972190857 0.370822012424469
0.655067980289459 0.371742010116577
0.656105995178223 0.372667014598846
0.657148003578186 0.373596012592316
0.658195972442627 0.374529987573624
0.659247994422913 0.375470012426376
0.660305023193359 0.376414000988007
0.661366999149323 0.377364009618759
0.662434995174408 0.378318011760712
0.663506984710693 0.379278004169464
0.66458398103714 0.380243003368378
0.665665984153748 0.381213009357452
0.666754007339478 0.382189005613327
0.667846977710724 0.383168995380402
0.668944001197815 0.384155005216599
0.670047998428345 0.385147005319595
0.671155989170074 0.386142998933792
0.672269999980927 0.387145012617111
0.67338901758194 0.388152986764908
0.674512982368469 0.389165997505188
0.675643026828766 0.390184998512268
0.676778018474579 0.391209006309509
0.677918970584869 0.39223900437355
0.679064989089966 0.393274992704391
0.680217027664185 0.394315987825394
0.68137401342392 0.395363003015518
0.682537019252777 0.396416008472443
0.683705985546112 0.397475004196167
0.684880018234253 0.398539006710052
0.686061024665833 0.399610012769699
0.687246978282928 0.400685995817184
0.68843799829483 0.401769012212753
0.689635992050171 0.402857005596161
0.690840005874634 0.40395200252533
0.692049026489258 0.405052989721298
0.693265020847321 0.406159996986389
0.694486021995544 0.40727299451828
0.695713996887207 0.408392995595932
0.696947991847992 0.409518003463745
0.698188006877899 0.410650998353958
0.699433982372284 0.411789000034332
0.700685977935791 0.412934005260468
0.701945006847382 0.414086014032364
0.70320999622345 0.41524401307106
0.704482018947601 0.416408985853195
0.705758988857269 0.417580008506775
0.707044005393982 0.418758988380432
0.708334982395172 0.419943988323212
0.709631979465485 0.421135008335114
0.710936009883881 0.422333985567093
0.712247014045715 0.423539996147156
0.713564991950989 0.424751996994019
0.714888989925385 0.425972014665604
0.716220021247864 0.427197992801666
0.717558026313782 0.428431987762451
0.718903005123138 0.429672986268997
0.720254004001617 0.430920988321304
0.721612989902496 0.432177007198334
0.722979009151459 0.433439999818802
0.72435200214386 0.434709995985031
0.725732028484344 0.435988008975983
0.727119982242584 0.437272995710373
0.728515028953552 0.438565999269485
0.729916989803314 0.439866006374359
0.73132598400116 0.441175013780594
0.73274302482605 0.442490994930267
0.734166979789734 0.443814009428024
0.735598981380463 0.44514599442482
0.737039029598236 0.446485996246338
0.738485991954803 0.447833001613617
0.739941000938416 0.449189007282257
0.741402983665466 0.450552999973297
0.742874026298523 0.451925009489059
0.744351983070374 0.453305006027222
0.74583899974823 0.454694002866745
0.747332990169525 0.456090986728668
0.748835980892181 0.457497000694275
0.750346004962921 0.458911001682281
0.751865029335022 0.460332989692688
0.753392994403839 0.461764991283417
0.75492799282074 0.463205009698868
0.756471991539001 0.464653998613358
0.758023977279663 0.46611100435257
0.759585022926331 0.467577993869781
0.761155009269714 0.469054013490677
0.762732982635498 0.470539003610611
0.764319002628326 0.472032010555267
0.765914976596832 0.473536014556885
0.767520010471344 0.475048005580902
0.769132971763611 0.476570010185242
0.770756006240845 0.478101998567581
0.772387027740479 0.479642987251282
0.77402800321579 0.481193006038666
0.775677978992462 0.48275300860405
0.77733701467514 0.484322994947433
0.779004991054535 0.48590299487114
0.780682981014252 0.487493008375168
0.782370984554291 0.489093005657196
0.784067988395691 0.490702986717224
0.785775005817413 0.492323011159897
0.787491023540497 0.493954002857208
0.789218008518219 0.495595008134842
0.790799021720886 0.497099012136459
0.791858017444611 0.498106986284256
0.792566001415253 0.498780995607376
0.79303902387619 0.49923101067543
0.793354988098145 0.499532014131546
0.793565988540649 0.499731987714767
0.793705999851227 0.499866008758545
0.793776988983154 0.499933004379272
0.793811976909637 0.499967008829117
0.793847024440765 0.5
0.793847024440765 0.5
0.793882012367249 0.500033020973206
0.793917000293732 0.500066995620728
0.793987989425659 0.500133991241455
0.794128000736237 0.50026798248291
0.794340014457703 0.500469028949738
0.794656991958618 0.50077098608017
0.795132994651794 0.501224994659424
0.795849025249481 0.501906991004944
0.796925008296967 0.502933025360107
0.798547983169556 0.504481017589569
0.800337970256805 0.506188988685608
0.802137970924377 0.50790798664093
0.803948998451233 0.509638011455536
0.805770993232727 0.511380016803741
0.807603001594543 0.513132989406586
0.809445977210999 0.514896988868713
0.811299979686737 0.516673028469086
0.813165009021759 0.518459975719452
0.81504100561142 0.520259022712708
0.816928029060364 0.522069990634918
0.818826019763947 0.523892998695374
0.820735991001129 0.525726974010468
0.822656989097595 0.527574002742767
0.824589014053345 0.529433012008667
0.826533019542694 0.531304001808167
0.828489005565643 0.533187985420227
0.830456018447876 0.535084009170532
0.83243602514267 0.536993026733398
0.834426999092102 0.538914024829865
0.83643102645874 0.540848970413208
0.838446021080017 0.542796015739441
0.840474009513855 0.54475599527359
0.842513978481293 0.546729981899261
0.844567000865936 0.548717021942139
0.846633017063141 0.550716996192932
0.848711013793945 0.552730977535248
0.850802004337311 0.554758012294769
0.852904975414276 0.556798994541168
0.855022013187408 0.558853983879089
0.857151985168457 0.560922980308533
0.859296023845673 0.563006997108459
0.861451983451843 0.565104007720947
0.863623023033142 0.567215979099274
0.865805983543396 0.569342017173767
0.868004024028778 0.571483016014099
0.870214998722076 0.57363897562027
0.872440993785858 0.575810015201569
0.874679982662201 0.577995002269745
0.876933991909027 0.580196022987366
0.879202008247375 0.582412004470825
0.881483972072601 0.584644019603729
0.883781015872955 0.586890995502472
0.886093020439148 0.589154005050659
0.888418972492218 0.591431975364685
0.890761017799377 0.593726992607117
0.893117010593414 0.596037983894348
0.895488977432251 0.598365008831024
0.897876024246216 0.600709021091461
0.900278985500336 0.603069007396698
0.902697026729584 0.605445981025696
0.905131995677948 0.607840001583099
0.907581984996796 0.610249996185303
0.910048007965088 0.612677991390228
0.91253000497818 0.615123987197876
0.915028989315033 0.617586970329285
0.917544007301331 0.620067000389099
0.920076012611389 0.622565984725952
0.922625005245209 0.625082015991211
0.925189971923828 0.627615988254547
0.927772998809814 0.630168974399567
0.930373013019562 0.63274097442627
0.93299001455307 0.635330975055695
0.935625016689301 0.637938976287842
0.938278019428253 0.640567004680634
0.940948009490967 0.643213987350464
0.943637013435364 0.645880997180939
0.946343004703522 0.648567020893097
0.949068009853363 0.651271998882294
0.951812028884888 0.653998017311096
0.95457398891449 0.656744003295898
0.957355976104736 0.659509003162384
0.96015602350235 0.662295997142792
0.962975025177002 0.665103018283844
0.965813994407654 0.667931020259857
0.96867299079895 0.670780003070831
0.97155100107193 0.673650026321411
0.974448978900909 0.676540970802307
0.977366983890533 0.679454028606415
0.980306029319763 0.6823890209198
0.983264982700348 0.685346007347107
0.986244976520538 0.688326001167297
0.989244997501373 0.691326975822449
0.99226701259613 0.694351971149445
0.995310008525848 0.697399020195007
0.998373985290527 0.700469017028809
1.00145995616913 0.70356297492981
1.00457000732422 0.706679999828339
1.00769996643066 0.709820985794067
1.01084995269775 0.712985992431641
1.01402997970581 0.716175019741058
1.01722002029419 0.719388008117676
1.02043998241425 0.722625970840454
1.02368998527527 0.725889027118683
1.02695000171661 0.729176998138428
1.03024005889893 0.732491016387939
1.03356003761292 0.735830008983612
1.03689002990723 0.739193975925446
1.04025995731354 0.742585003376007
1.04364001750946 0.746002018451691
1.04704999923706 0.749445974826813
1.05049002170563 0.752915978431702
1.05394995212555 0.756413996219635
1.05744004249573 0.759939014911652
1.06095004081726 0.763490974903107
1.06448996067047 0.767071008682251
1.06805002689362 0.770678997039795
1.07164001464844 0.774316012859344
1.07526004314423 0.777980983257294
1.07889997959137 0.781674981117249
1.08256995677948 0.785398006439209
1.08626997470856 0.789151012897491
1.08999001979828 0.792932987213135
1.09373998641968 0.796745002269745
1.09751999378204 0.800588011741638
1.10133004188538 0.804461002349854
1.10517001152039 0.808363974094391
1.10904002189636 0.812299013137817
1.11293005943298 0.816264986991882
1.1168600320816 0.820263028144836
1.12081003189087 0.82429301738739
1.12479996681213 0.828355014324188
1.12881004810333 0.832449972629547
1.13285005092621 0.836576998233795
1.13692998886108 0.840736985206604
1.14103996753693 0.84493100643158
1.14516997337341 0.849159002304077
1.14934003353119 0.853420972824097
1.15354001522064 0.857716977596283
1.15778005123138 0.862047970294952
1.16203999519348 0.866412997245789
1.16633999347687 0.870814025402069
1.17067003250122 0.875250995159149
1.17504000663757 0.879723012447357
1.17943000793457 0.884231984615326
1.18386995792389 0.8887779712677
1.18833005428314 0.893360018730164
1.1928299665451 0.897979021072388
1.19737005233765 0.902635991573334
1.20193994045258 0.907330989837646
1.20653998851776 0.912064015865326
1.21117997169495 0.916836023330688
1.21586000919342 0.921645998954773
1.22056996822357 0.926496028900146
1.22531998157501 0.931384980678558
1.23011004924774 0.936313986778259
1.23494005203247 0.941282987594604
1.23979997634888 0.946292996406555
1.24469995498657 0.95134299993515
1.24962997436523 0.956435024738312
1.25460994243622 0.961569011211395
1.25962996482849 0.966744005680084
1.26468002796173 0.97196102142334
1.26977002620697 0.97722202539444
1.27490997314453 0.982524991035461
1.28007996082306 0.987870991230011
1.2853000164032 0.993260979652405
1.29054999351501 0.998695015907288
1.29585003852844 1.00416994094849
1.30118000507355 1.00969994068146
1.30656003952026 1.0152599811554
1.31198000907898 1.02087998390198
1.31745004653931 1.02654004096985
1.32295000553131 1.03224003314972
1.32850003242493 1.03798997402191
1.33408999443054 1.04378998279572
1.33973002433777 1.04964005947113
1.34540998935699 1.05552995204926
1.35113000869751 1.06147003173828
1.35689997673035 1.06745994091034
1.36272001266479 1.07349002361298
1.36856997013092 1.07957994937897
1.37448000907898 1.08571004867554
1.38042998313904 1.09189999103546
1.38643002510071 1.09812998771667
1.39247000217438 1.10441994667053
1.39856004714966 1.11074995994568
1.40469002723694 1.11713004112244
1.41087996959686 1.12356996536255
1.41710996627808 1.13005995750427
1.4233900308609 1.13660001754761
1.42972004413605 1.14319002628326
1.43608999252319 1.14982998371124
1.44252002239227 1.15652000904083
1.44898998737335 1.16326999664307
1.45552003383636 1.17007005214691
1.46209001541138 1.17692995071411
1.46870994567871 1.18384003639221
1.47538995742798 1.19079995155334
1.48211002349854 1.19781994819641
1.48889005184174 1.20489001274109
1.49571001529694 1.21201002597809
1.50258994102478 1.21919000148773
1.50952005386353 1.22643005847931
1.5164999961853 1.23371994495392
1.52353000640869 1.24107003211975
1.5306099653244 1.24846994876862
1.53775000572205 1.25592994689941
1.54493999481201 1.26344001293182
1.55218005180359 1.2710200548172
1.55947005748749 1.27864003181458
1.56682002544403 1.28632998466492
1.5742199420929 1.29407000541687
1.58167004585266 1.30186998844147
1.58917999267578 1.309730052948
1.59674000740051 1.31764996051788
1.60435998439789 1.32562005519867
1.61203002929688 1.33364999294281
1.61975002288818 1.34174001216888
1.62752997875214 1.3498899936676
1.6353600025177 1.35809004306793
1.64324998855591 1.36635005474091
1.65119004249573 1.37468004226685
1.65919005870819 1.38305997848511
1.66724002361298 1.3914999961853
1.67534995079041 1.39998996257782
1.68350994586945 1.40855002403259
1.69173002243042 1.41716003417969
1.70000004768372 1.42584002017975
1.70833003520966 1.43456995487213
1.71670997142792 1.44335997104645
1.72514998912811 1.45220994949341
1.73363995552063 1.4611200094223
1.74219000339508 1.47009003162384
1.75080001354218 1.4791100025177
1.75944995880127 1.48819994926453
1.76816999912262 1.49733996391296
1.77693998813629 1.50654995441437
1.78576004505157 1.51581001281738
1.79463994503021 1.52512001991272
1.80358004570007 1.53450000286102
1.81255996227264 1.54393994808197
1.82160997390747 1.55342996120453
1.83071005344391 1.56298005580902
1.83985996246338 1.57258999347687
1.84906995296478 1.58226001262665
1.8583300113678 1.59197998046875
1.86765003204346 1.60176002979279
1.87702000141144 1.61160004138947
1.88644003868103 1.62149000167847
1.89592003822327 1.6314400434494
1.90544998645782 1.64145004749298
1.91503000259399 1.65151000022888
1.92466998100281 1.66163003444672
1.93436002731323 1.67181003093719
1.94410002231598 1.68203997612
1.95389997959137 1.69231998920441
1.96375000476837 1.70265996456146
1.9736499786377 1.71306002140045
1.98360002040863 1.72351002693176
1.99361002445221 1.7340099811554
2.00365996360779 1.74456000328064
2.01377010345459 1.75516998767853
2.0239200592041 1.76584005355835
2.03413009643555 1.77655005455017
2.04438996315002 1.78732001781464
2.05468988418579 1.79814004898071
2.06504988670349 1.80901002883911
2.0754599571228 1.81992995738983
2.0859100818634 1.83089995384216
2.09642004966736 1.84193003177643
2.1069700717926 1.85300004482269
2.11756992340088 1.86412000656128
2.12822008132935 1.87529003620148
2.13891005516052 1.886510014534
2.14965009689331 1.89777994155884
2.16043996810913 1.90910005569458
2.17127990722656 1.92045998573303
2.18215990066528 1.93187999725342
2.19308996200562 1.94333004951477
2.20406007766724 1.95483994483948
2.21507000923157 1.96639001369476
2.22613000869751 1.97799003124237
2.23724007606506 1.98962998390198
2.24838995933533 2.00131011009216
2.25957989692688 2.01304006576538
2.27081990242004 2.02482008934021
2.28208994865417 2.03662991523743
2.29341006278992 2.04849004745483
2.30478000640869 2.06040000915527
2.31617999076843 2.07234001159668
2.32763004302979 2.0843300819397
2.33910989761353 2.0963499546051
2.35064005851746 2.10841989517212
2.36220002174377 2.12052989006042
2.3738100528717 2.13267993927002
2.38544988632202 2.14486002922058
2.39714002609253 2.15708994865417
2.40885996818542 2.16934990882874
2.42061996459961 2.18164992332458
2.43242001533508 2.19398999214172
2.44425010681152 2.20637011528015
2.45612001419067 2.21878004074097
2.46802997589111 2.23123002052307
2.47997999191284 2.24372005462646
2.49196004867554 2.25623989105225
2.50397992134094 2.26879000663757
2.51603007316589 2.28137993812561
2.52812004089355 2.29400992393494
2.54024004936218 2.30666995048523
2.55239009857178 2.31936001777649
2.56457996368408 2.33207988739014
2.57680010795593 2.34484004974365
2.58906006813049 2.35763001441956
2.60135006904602 2.37045001983643
2.61367011070251 2.38330006599426
2.6260199546814 2.39617991447449
2.63840007781982 2.40909004211426
2.65082001686096 2.42203998565674
2.66326999664307 2.43500995635986
2.67574000358582 2.44800996780396
2.68825006484985 2.46104001998901
2.70078992843628 2.47410011291504
2.71336007118225 2.48719000816345
2.72595000267029 2.50030994415283
2.73857998847961 2.51344990730286
2.75123000144958 2.52661991119385
2.76392006874084 2.53981995582581
2.77662992477417 2.55304002761841
2.78937005996704 2.5662899017334
2.8021399974823 2.57956004142761
2.8149299621582 2.59286999702454
2.82774996757507 2.60618996620178
2.84060001373291 2.61953997612
2.85348010063171 2.63292002677917
2.86637997627258 2.64631009101868
2.87930989265442 2.65973997116089
2.89226007461548 2.673180103302
2.90524005889893 2.6866500377655
2.91824007034302 2.70015001296997
2.9312698841095 2.71366000175476
2.9443199634552 2.72720003128052
2.95740008354187 2.74076008796692
2.97051000595093 2.75433993339539
2.98362994194031 2.76794004440308
2.99677991867065 2.78155994415283
3.00994992256165 2.79520988464355
3.0231499671936 2.80887007713318
3.03637003898621 2.82256007194519
3.04960989952087 2.83626008033752
3.06288003921509 2.84998989105225
3.07616996765137 2.86372995376587
3.08947992324829 2.87750005722046
3.10280990600586 2.89127993583679
3.11615991592407 2.90508008003235
3.12953996658325 2.91890001296997
3.14294004440308 2.93273997306824
3.15634989738464 2.94659996032715
3.16979002952576 2.96046996116638
3.18324995040894 2.97435998916626
3.19672989845276 2.98827004432678
3.21023011207581 3.00219988822937
3.22375988960266 3.01614999771118
3.23729991912842 3.03010988235474
3.25085997581482 3.04409003257751
3.26444005966187 3.05807995796204
3.27803993225098 3.0720899105072
3.29166007041931 3.08611989021301
3.30529999732971 3.10015988349915
3.31895995140076 3.11421990394592
3.33263993263245 3.12828993797302
3.34632992744446 3.14237999916077
3.36004996299744 3.15648007392883
3.37378001213074 3.17059993743896
3.38753008842468 3.184730052948
3.40129995346069 3.1988799571991
3.41509008407593 3.2130401134491
3.42890000343323 3.22722005844116
3.44271993637085 3.24141001701355
3.45655989646912 3.25560998916626
3.47041988372803 3.26982998847961
3.48429989814758 3.28406000137329
3.49818992614746 3.29831004142761
3.51209998130798 3.31257009506226
3.52603006362915 3.32683992385864
3.53997993469238 3.34112000465393
3.55394005775452 3.35542011260986
3.56791996955872 3.36972999572754
3.58190989494324 3.38404989242554
3.59592008590698 3.39839005470276
3.60995006561279 3.41273999214172
3.62399005889893 3.42709994316101
3.6380500793457 3.44146990776062
3.65212988853455 3.45584988594055
3.66621994972229 3.47024989128113
3.68033003807068 3.4846498966217
3.69445991516113 3.49906992912292
3.70860004425049 3.51349997520447
3.72274994850159 3.52794003486633
3.73692011833191 3.54239988327026
3.7511100769043 3.55685997009277
3.76531004905701 3.57133007049561
3.77953004837036 3.5858199596405
3.79376006126404 3.6003201007843
3.80801010131836 3.61482000350952
3.82226991653442 3.62933993339539
3.83654999732971 3.64387011528015
3.85084009170532 3.65841007232666
3.86513996124268 3.67296004295349
3.87947010993958 3.68752002716064
3.8938000202179 3.7020800113678
3.90814995765686 3.7166600227356
3.92251992225647 3.73125004768372
3.9368999004364 3.74585008621216
3.95128989219666 3.76045989990234
3.96569991111755 3.77507996559143
3.98011994361877 3.78971004486084
3.99456000328064 3.80433988571167
4.00900983810425 3.81898999214172
4.02346992492676 3.8336501121521
4.03795003890991 3.8483099937439
4.05244016647339 3.86298990249634
4.06694984436035 3.87767004966736
4.08147001266479 3.89235997200012
4.09600019454956 3.90705990791321
4.11054992675781 3.9217700958252
4.12511014938354 3.93649005889893
4.13967990875244 3.95122003555298
4.15427017211914 3.96596002578735
4.168869972229 3.98070001602173
4.18347978591919 3.99546003341675
4.19811010360718 4.01022005081177
4.21274995803833 4.02499008178711
4.22740983963013 4.03977012634277
4.2420802116394 4.05456018447876
4.25676012039185 4.06934976577759
4.27145004272461 4.0841498374939
4.28615999221802 4.09896993637085
4.30087995529175 4.1137900352478
4.3156099319458 4.12861013412476
4.3303599357605 4.1434497833252
4.34511995315552 4.15828990936279
4.35988998413086 4.17314004898071
4.37467002868652 4.18800020217896
4.38947010040283 4.20286989212036
4.40428018569946 4.21775007247925
4.41910982131958 4.23262977600098
4.43393993377686 4.24751996994019
4.44879007339478 4.26242017745972
4.46365022659302 4.27731990814209
4.47852993011475 4.29223012924194
4.49341011047363 4.30714988708496
4.50830984115601 4.32208013534546
4.52322006225586 4.3370099067688
4.5381498336792 4.35196018218994
4.5530800819397 4.3668999671936
4.56802988052368 4.38185977935791
4.58299016952515 4.39682006835938
4.5979700088501 4.411789894104
4.61294984817505 4.42677021026611
4.6279501914978 4.44176006317139
4.64296007156372 4.45674991607666
4.65798997879028 4.47173976898193
4.67301988601685 4.48675012588501
4.68806982040405 4.50176000595093
4.70312976837158 4.51677989959717
4.71820020675659 4.53180980682373
4.73328018188477 4.54684019088745
4.74838018417358 4.56188011169434
4.76349020004272 4.57692003250122
4.77861022949219 4.59197998046875
4.79373979568481 4.60703992843628
4.80888986587524 4.62209987640381
4.82403993606567 4.63716983795166
4.83921003341675 4.65224981307983
4.85439014434814 4.66733980178833
4.86958980560303 4.68242979049683
4.88478994369507 4.69752979278564
4.90001010894775 4.71262979507446
4.9152398109436 4.7277398109436
4.93048000335693 4.74285984039307
4.94573020935059 4.75798988342285
4.9609899520874 4.77311992645264
4.97627019882202 4.78824996948242
4.9915599822998 4.80339002609253
5.00685977935791 4.81854009628296
5.0221700668335 4.83370018005371
5.03748989105225 4.8488597869873
5.0528302192688 4.86402988433838
5.06818008422852 4.87919998168945
5.08352994918823 4.89438009262085
5.09890985488892 4.90957021713257
5.11429023742676 4.92475986480713
5.12968015670776 4.93996000289917
5.14509010314941 4.95516014099121
5.16051006317139 4.97036981582642
5.17594003677368 4.9855899810791
5.1913800239563 5.00081014633179
5.20683002471924 5.01603984832764
5.2222900390625 5.03127002716064
5.23777008056641 5.04651021957397
5.25326013565063 5.06174993515015
5.26876020431519 5.07701015472412
5.2842698097229 5.09225988388062
5.2997899055481 5.10753011703491
5.31533002853394 5.12278985977173
5.33087015151978 5.13807010650635
5.3464298248291 5.15334987640381
5.36199998855591 5.16864013671875
5.37758016586304 5.18392992019653
5.39317989349365 5.1992301940918
5.40878009796143 5.2145299911499
5.42439985275269 5.22983980178833
5.4400200843811 5.24515008926392
5.45565986633301 5.26046991348267
5.47131013870239 5.2758002281189
5.48697996139526 5.29113006591797
5.50264978408813 5.30646991729736
5.51834011077881 5.32180976867676
5.53402996063232 5.33716011047363
5.54973983764648 5.35250997543335
5.56546020507813 5.36786985397339
5.58120012283325 5.38324022293091
5.59694004058838 5.39861011505127
5.61268997192383 5.41398000717163
5.62845993041992 5.42936992645264
5.64423990249634 5.44474983215332
5.66002988815308 5.46014976501465
5.67582988739014 5.47554016113281
5.69163990020752 5.49095010757446
5.70746994018555 5.50636005401611
5.72329998016357 5.52177000045776
5.73915004730225 5.53718996047974
5.75501012802124 5.55260992050171
5.77088022232056 5.56804990768433
5.78675985336304 5.58347988128662
5.80265998840332 5.59891986846924
5.8185601234436 5.61436986923218
5.83447980880737 5.62981986999512
5.85040998458862 5.64527988433838
5.8663501739502 5.66073989868164
5.88229990005493 5.67620992660522
5.89826011657715 5.69167995452881
5.91422986984253 5.70715999603271
5.93022012710571 5.72265005111694
5.94621992111206 5.73813009262085
5.96223020553589 5.7536301612854
5.97825002670288 5.76913022994995
5.9942798614502 5.78462982177734
6.01032018661499 5.80013990402222
6.02638006210327 5.81565999984741
6.04244995117188 5.83118009567261
6.05851984024048 5.84671020507813
6.07461023330688 5.86223983764648
6.09072017669678 5.877769947052
6.10683012008667 5.89332008361816
6.12295007705688 5.908860206604
6.13909006118774 5.92440986633301
6.15524005889893 5.93997001647949
6.17140007019043 5.95553016662598
6.18757009506226 5.97109985351563
6.2037501335144 5.98667001724243
6.21994018554688 6.00225019454956
6.23614978790283 6.01783990859985
6.25236988067627 6.03342008590698
6.26859998703003 6.0490198135376
6.28484010696411 6.06462001800537
6.30108976364136 6.08022022247314
6.31734991073608 6.09582996368408
6.33363008499146 6.11144018173218
6.34990978240967 6.12705993652344
6.36620998382568 6.14268016815186
6.38252019882202 6.15830993652344
6.39883995056152 6.1739501953125
6.41518020629883 6.1895899772644
6.43151998519897 6.20523023605347
6.44787979125977 6.22088003158569
6.46425008773804 6.23652982711792
6.48062992095947 6.25219011306763
6.49701976776123 6.2678599357605
6.51342010498047 6.28353023529053
6.52983999252319 6.2992000579834
6.54625988006592 6.31487989425659
6.56269979476929 6.33057022094727
6.57915019989014 6.34626007080078
6.59561014175415 6.3619499206543
6.61208009719849 6.37764978408813
6.62857007980347 6.39336013793945
6.64507007598877 6.40907001495361
6.66157007217407 6.42477989196777
6.67809009552002 6.44049978256226
6.69463014602661 6.45623016357422
6.7111701965332 6.47196006774902
6.72771978378296 6.48768997192383
6.74428987503052 6.50342988967896
6.7608699798584 6.5191798210144
6.7774600982666 6.53493022918701
6.79406023025513 6.55068016052246
6.81066989898682 6.56644010543823
6.82730007171631 6.58221006393433
6.84393978118896 6.59798002243042
6.8605899810791 6.61374998092651
6.87725019454956 6.62952995300293
6.89391994476318 6.64530992507935
6.91060018539429 6.66109991073608
6.92729997634888 6.67689990997314
6.94400978088379 6.69269990921021
6.96073007583618 6.70849990844727
6.97745990753174 6.72430992126465
6.99420022964478 6.74012994766235
7.0109601020813 6.75594997406006
7.02772998809814 6.77177000045776
7.04450988769531 6.78760004043579
7.0612998008728 6.80344009399414
7.07810020446777 6.81927013397217
7.09491014480591 6.83512020111084
7.11174011230469 6.85096979141235
7.12858009338379 6.86681985855103
7.14543008804321 6.88267993927002
7.16229009628296 6.89855003356934
7.17916011810303 6.91441011428833
7.19605016708374 6.93029022216797
7.21295022964478 6.94616985321045
7.22985982894897 6.96204996109009
7.24677991867065 6.97794008255005
7.26371002197266 6.99383020401001
7.2806601524353 7.00972986221313
7.29761981964111 7.02562999725342
7.3145899772644 7.04154014587402
7.33157014846802 7.05745983123779
7.34855985641479 7.0733699798584
7.36557006835938 7.08930015563965
7.38258981704712 7.10521984100342
7.39962005615234 7.12116003036499
7.41665983200073 7.13710021972656
7.4337100982666 7.15303993225098
7.45077991485596 7.16899013519287
7.46785020828247 7.18493986129761
7.48494005203247 7.20090007781982
7.50204992294312 7.21685981750488
7.51915979385376 7.23283004760742
7.53629016876221 7.2487998008728
7.5534200668335 7.26477003097534
7.57056999206543 7.28075981140137
7.58773994445801 7.29674005508423
7.60490989685059 7.31272983551025
7.62209987640381 7.32873010635376
7.63929986953735 7.34472990036011
7.65650987625122 7.36074018478394
7.67372989654541 7.37674999237061
7.69096994400024 7.3927698135376
7.70820999145508 7.40879011154175
7.72547006607056 7.42480993270874
7.74274015426636 7.44083976745605
7.76002979278564 7.45688009262085
7.77731990814209 7.47291994094849
7.79463005065918 7.48896980285645
7.81195020675659 7.50502014160156
7.82928991317749 7.52107000350952
7.84663009643555 7.5371298789978
7.86398983001709 7.55319976806641
7.88136005401611 7.56927013397217
7.8987398147583 7.58534002304077
7.91613006591797 7.6014199256897
7.93353986740112 7.61750984191895
7.95096015930176 7.63360023498535
7.96838998794556 7.6496901512146
7.98582983016968 7.66579008102417
8.0032901763916 7.68190002441406
8.02075958251953 7.69800996780396
8.03824043273926 7.71411991119385
8.05572986602783 7.73023986816406
8.07324028015137 7.74635982513428
8.09074974060059 7.76248979568481
8.10828018188477 7.77862977981567
8.12582969665527 7.79476022720337
8.1433801651001 7.81091022491455
8.16094970703125 7.82706022262573
8.17852973937988 7.84321022033691
8.196120262146 7.85937023162842
8.21372985839844 7.87552976608276
8.2313404083252 7.89169979095459
8.24897003173828 7.90786981582642
8.26661014556885 7.92404985427856
8.28427028656006 7.94022989273071
8.30193996429443 7.95641994476318
8.31962013244629 7.97260999679565
8.33730983734131 7.98881006240845
8.35501003265381 8.00500965118408
8.37273025512695 8.02122020721436
8.39046001434326 8.03742980957031
8.40820026397705 8.05364990234375
8.42595958709717 8.06986999511719
8.4437198638916 8.08609962463379
8.46150016784668 8.10233020782471
8.47929954528809 8.11857032775879
8.49709987640381 8.13481044769287
8.51492023468018 8.15106010437012
8.53275012969971 8.16730976104736
8.55060005187988 8.18356037139893
8.56844997406006 8.19983005523682
8.58631992340088 8.21609020233154
8.60420036315918 8.23235988616943
8.62209987640381 8.2486400604248
8.64000034332275 8.26492023468018
8.65791988372803 8.28120994567871
8.67584991455078 8.29749965667725
8.69379997253418 8.3137903213501
8.71175956726074 8.3300895690918
8.72972965240479 8.34640026092529
8.74771022796631 8.36270999908447
8.76570987701416 8.37903022766113
8.78372001647949 8.39535045623779
8.80173969268799 8.41166973114014
8.81976985931396 8.42800045013428
8.83782005310059 8.44433975219727
8.85587978363037 8.46068000793457
8.87395000457764 8.47702026367188
8.89204025268555 8.49337005615234
8.91014003753662 8.50973033905029
8.92825031280518 8.52608966827393
8.94637966156006 8.54244995117188
8.96450996398926 8.55881977081299
8.9826602935791 8.57520008087158
9.00082969665527 8.59158039093018
9.01900005340576 8.60795974731445
9.03719043731689 8.62434959411621
9.05539989471436 8.64074993133545
9.07361030578613 8.65715026855469
9.09183979034424 8.67354965209961
9.11007976531982 8.68995952606201
9.12833976745605 8.70637035369873
9.14659976959229 8.7227897644043
9.16487979888916 8.73921966552734
9.18317985534668 8.75564956665039
9.2014799118042 8.77208042144775
9.21979999542236 8.78851985931396
9.23814010620117 8.80496025085449
9.25648021697998 8.82141017913818
9.27484035491943 8.83786964416504
9.29321002960205 8.85433006286621
9.31159973144531 8.87078952789307
9.32999992370605 8.88726043701172
9.34840965270996 8.90373039245605
9.36682987213135 8.92020988464355
9.38527011871338 8.93669986724854
9.40371990203857 8.95318031311035
9.42218971252441 8.9696798324585
9.44067001342773 8.98618030548096
9.45915985107422 9.0026798248291
9.47766017913818 9.01918983459473
9.49617958068848 9.03569984436035
9.51471042633057 9.05222034454346
9.5332498550415 9.06875038146973
9.5518102645874 9.085280418396
9.57038021087646 9.10181045532227
9.58897018432617 9.1183500289917
9.60756015777588 9.13488960266113
9.62617015838623 9.15143966674805
9.64480018615723 9.16798973083496
9.66343975067139 9.18455028533936
9.68208980560303 9.20112037658691
9.70075035095215 9.21769046783447
9.7194299697876 9.23425960540771
9.73812007904053 9.25084018707275
9.75681972503662 9.26741981506348
9.77554035186768 9.28400993347168
9.79426956176758 9.30060958862305
9.81301975250244 9.31719970703125
9.83178043365479 9.3338098526001
9.85054969787598 9.35041999816895
9.86933040618896 9.36703014373779
9.88813018798828 9.3836498260498
9.90694999694824 9.40027046203613
9.9257698059082 9.41689968109131
9.94460964202881 9.43354034423828
9.96345996856689 9.45018005371094
9.98233032226563 9.46681976318359
10.00119972229 9.48346996307373
