1.07129001617432 0.773961007595062
1.06770002841949 0.770326972007751
1.06413996219635 0.76672101020813
1.06061005592346 0.763144016265869
1.05710005760193 0.759594023227692
1.05360996723175 0.756071984767914
1.05015003681183 0.752577006816864
1.04672002792358 0.749109029769897
1.04331004619598 0.745667994022369
1.03992998600006 0.742254018783569
1.03656995296478 0.738865971565247
1.03322994709015 0.735503017902374
1.02991998195648 0.73216700553894
1.02663004398346 0.728856027126312
1.02337002754211 0.725570023059845
1.02013003826141 0.7223100066185
1.01690995693207 0.719074010848999
1.01372003555298 0.715862989425659
1.01054000854492 0.712677001953125
1.00739002227783 0.709514021873474
1.0042599439621 0.706376016139984
1.00116002559662 0.703261017799377
0.998075008392334 0.700169026851654
0.995012998580933 0.69710099697113
0.991972029209137 0.69405597448349
0.988951981067657 0.691034018993378
0.985953986644745 0.688035011291504
0.982976019382477 0.685057997703552
0.980018973350525 0.682102978229523
0.977082014083862 0.67917001247406
0.974165976047516 0.676258981227875
0.971270024776459 0.673368990421295
0.968393981456757 0.670500993728638
0.965537011623383 0.667653977870941
0.962700009346008 0.664829015731812
0.959882020950317 0.662024021148682
0.957084000110626 0.659238994121552
0.954304993152618 0.656475007534027
0.951543986797333 0.653732001781464
0.94880199432373 0.651008009910583
0.946079015731812 0.648303985595703
0.94337397813797 0.645619988441467
0.940687000751495 0.642956018447876
0.938018023967743 0.640311002731323
0.935368001461029 0.637685000896454
0.93273401260376 0.635078012943268
0.930118978023529 0.632489025592804
0.927520990371704 0.62992000579834
0.92493999004364 0.627368986606598
0.922375977039337 0.624836027622223
0.91982901096344 0.622321009635925
0.917298018932343 0.619825005531311
0.914785027503967 0.617345988750458
0.912288010120392 0.614884972572327
0.909807026386261 0.612441003322601
0.90734201669693 0.610014975070953
0.90489399433136 0.607605993747711
0.902460992336273 0.60521399974823
0.900044023990631 0.602837979793549
0.897643029689789 0.600480020046234
0.895256996154785 0.598137974739075
0.892886996269226 0.595812022686005
0.89053201675415 0.593502998352051
0.888191998004913 0.591210007667542
0.88586699962616 0.588932991027832
0.883557021617889 0.586670994758606
0.881260991096497 0.584425985813141
0.878979980945587 0.582195997238159
0.8767129778862 0.579981029033661
0.874460995197296 0.577781975269318
0.872223019599915 0.575598001480103
0.86999899148941 0.573427975177765
0.867788970470428 0.571273982524872
0.865593016147614 0.569135010242462
0.863411009311676 0.56700998544693
0.8612419962883 0.564899027347565
0.859085977077484 0.562802970409393
0.856944024562836 0.560720980167389
0.854816019535065 0.558654010295868
0.852699995040894 0.556599974632263
0.850597023963928 0.554560005664825
0.84850800037384 0.552533984184265
0.846431016921997 0.550522029399872
0.844367027282715 0.548523008823395
0.842315018177032 0.546536982059479
0.840276002883911 0.54456502199173
0.838249027729034 0.542605996131897
0.836234986782074 0.54066002368927
0.834232985973358 0.538726985454559
0.832242012023926 0.536805987358093
0.83026397228241 0.534898996353149
0.828297972679138 0.533003985881805
0.82634299993515 0.531122028827667
0.824401021003723 0.529250979423523
0.822468996047974 0.527393996715546
0.820549011230469 0.525547981262207
0.818641006946564 0.523715019226074
0.816744029521942 0.52189302444458
0.814858019351959 0.520083010196686
0.812982976436615 0.518285989761353
0.811119019985199 0.516498982906342
0.809265971183777 0.514725029468536
0.807424008846283 0.512961983680725
0.805593013763428 0.511210024356842
0.803772985935211 0.509468972682953
0.801962971687317 0.507740020751953
0.800162971019745 0.506021976470947
0.798373997211456 0.50431501865387
0.796594977378845 0.502619028091431
0.794826984405518 0.500932991504669
0.793067991733551 0.499258011579514
0.791320025920868 0.497593998908997
0.789582014083862 0.495941013097763
0.787853002548218 0.494298011064529
0.786135017871857 0.492664992809296
0.784425973892212 0.491043001413345
0.782727003097534 0.489430993795395
0.781036972999573 0.487828999757767
0.779357016086578 0.486236989498138
0.777687013149261 0.484654992818832
0.776024997234344 0.483081996440887
0.774374008178711 0.481519997119904
0.772731006145477 0.479968011379242
0.771098017692566 0.478424996137619
0.769473016262054 0.47689101099968
0.767858028411865 0.47536700963974
0.766251981258392 0.4738529920578
0.764653980731964 0.472348004579544
0.763064980506897 0.470851987600327
0.761484980583191 0.469365000724792
0.759913980960846 0.46788701415062
0.758351027965546 0.466419011354446
0.756797015666962 0.464958995580673
0.755252003669739 0.463508009910583
0.753714025020599 0.462065994739532
0.752186000347137 0.460633009672165
0.750665009021759 0.459208995103836
0.749153017997742 0.457792997360229
0.747648000717163 0.456385999917984
0.746151983737946 0.454986989498138
0.744664013385773 0.453595995903015
0.743183970451355 0.452214002609253
0.741711974143982 0.450841009616852
0.740247011184692 0.449474990367889
0.738790988922119 0.44811800122261
0.737342000007629 0.44676798582077
0.73590099811554 0.445427000522614
0.734467029571533 0.444094002246857
0.733042001724243 0.442768007516861
0.731622993946075 0.441449999809265
0.730211973190308 0.44014099240303
0.728808999061584 0.438838988542557
0.727411985397339 0.437543988227844
0.726023018360138 0.436257004737854
0.724641978740692 0.434978008270264
0.723267018795013 0.433705985546112
0.72189998626709 0.432442009449005
0.720538973808289 0.431183993816376
0.719186007976532 0.42993500828743
0.717840015888214 0.428692013025284
0.716499984264374 0.427457004785538
0.715167999267578 0.426229000091553
0.71384197473526 0.425007998943329
0.712522983551025 0.423794001340866
0.711211025714874 0.422587007284164
0.709905982017517 0.421386986970901
0.708607017993927 0.420192986726761
0.707315027713776 0.419007003307343
0.706028997898102 0.417827010154724
0.704750001430511 0.416655004024506
0.703477025032043 0.415488004684448
0.702210009098053 0.414328992366791
0.700950026512146 0.413176000118256
0.699697017669678 0.41202899813652
0.698449015617371 0.410888999700546
0.697207987308502 0.409756004810333
0.695972979068756 0.40862900018692
0.694743990898132 0.407507985830307
0.693521022796631 0.406392991542816
0.692304015159607 0.405285000801086
0.691093027591705 0.404183000326157
0.689888000488281 0.403086990118027
0.688688993453979 0.401996999979019
0.6874960064888 0.400913000106812
0.686308979988098 0.399836003780365
0.685127973556519 0.39876401424408
0.6839519739151 0.397697985172272
0.682781994342804 0.396638005971909
0.681617975234985 0.395583987236023
0.680459976196289 0.39453598856926
0.679306983947754 0.393492996692657
0.67815899848938 0.392455995082855
0.677016973495483 0.391425013542175
0.675881028175354 0.390399992465973
0.674749970436096 0.389380007982254
0.673623979091644 0.388365000486374
0.672504007816315 0.387356996536255
0.671388983726501 0.386352986097336
0.670279979705811 0.3853560090065
0.669175982475281 0.384362995624542
0.668076992034912 0.383376002311707
0.666983008384705 0.38239398598671
0.665893971920013 0.381417989730835
0.664811015129089 0.38044598698616
0.663733005523682 0.379480004310608
0.662658989429474 0.378520011901855
0.661590993404388 0.377564013004303
0.660528004169464 0.376612991094589
0.659470021724701 0.375667989253998
0.658415973186493 0.374727010726929
0.657368004322052 0.373791992664337
0.656324028968811 0.372862011194229
0.655286014080048 0.371935993432999
0.654251992702484 0.371015012264252
0.653222978115082 0.370099991559982
0.652198016643524 0.369188994169235
0.651178002357483 0.368281990289688
0.650162994861603 0.367381006479263
0.649152994155884 0.366483986377716
0.648146986961365 0.365592002868652
0.647145986557007 0.364704996347427
0.64614999294281 0.363822996616364
0.645157992839813 0.3629449903965
0.644169986248016 0.362071007490158
0.643186986446381 0.361202001571655
0.642208993434906 0.360338002443314
0.641234993934631 0.359477996826172
0.640264987945557 0.358622997999191
0.639299988746643 0.357771992683411
0.638338983058929 0.356925010681152
0.637381970882416 0.356083005666733
0.636430025100708 0.355244994163513
0.635480999946594 0.354411005973816
0.634536981582642 0.353581994771957
0.633598029613495 0.352757006883621
0.632661998271942 0.351936012506485
0.631730973720551 0.351119011640549
0.630804002285004 0.350306987762451
0.629881024360657 0.349498003721237
0.628961980342865 0.348693996667862
0.628046989440918 0.347894012928009
0.627135992050171 0.347097992897034
0.626228988170624 0.346305996179581
0.625325977802277 0.345517992973328
0.624427020549774 0.344734013080597
0.623531997203827 0.343953996896744
0.622641026973724 0.343178004026413
0.621752977371216 0.342404991388321
0.620869994163513 0.34163698554039
0.619989991188049 0.340873003005981
0.619114995002747 0.340112000703812
0.618242979049683 0.339354991912842
0.617375016212463 0.338602006435394
0.616509974002838 0.337853014469147
0.615649998188019 0.337107002735138
0.614793002605438 0.336365014314651
0.613938987255096 0.335626989603043
0.613089978694916 0.334892004728317
0.612244009971619 0.334161013364792
0.61140102148056 0.333433985710144
0.610562980175018 0.33270999789238
0.609727025032043 0.331990003585815
0.608896017074585 0.331274002790451
0.608067989349365 0.330561012029648
0.607243001461029 0.329851001501083
0.606422007083893 0.329145014286041
0.605605006217957 0.328442990779877
0.604790985584259 0.327744007110596
0.603980004787445 0.327048003673553
0.603173017501831 0.326355993747711
0.602369010448456 0.32566699385643
0.601567983627319 0.32498100399971
0.600771009922028 0.32429900765419
0.599977016448975 0.323619991540909
0.599187016487122 0.322943985462189
0.598399996757507 0.322272002696991
0.597616016864777 0.321603000164032
0.596835017204285 0.320937007665634
0.596058011054993 0.320273995399475
0.595283985137939 0.319615006446838
0.59451299905777 0.31895899772644
0.593744993209839 0.318305999040604
0.592980980873108 0.317656010389328
0.59222000837326 0.317009001970291
0.591461002826691 0.316365003585815
0.590705990791321 0.31572499871254
0.589954018592834 0.315086990594864
0.589205980300903 0.31445300579071
0.588460028171539 0.313820987939835
0.587716996669769 0.313192993402481
0.586977005004883 0.312566995620728
0.586241006851196 0.311944991350174
0.585506975650787 0.311325013637543
0.584775984287262 0.310708999633789
0.584048986434937 0.310095012187958
0.583324015140533 0.309484004974365
0.582602024078369 0.308876007795334
0.581883013248444 0.308270990848541
0.581167995929718 0.307669013738632
0.580455005168915 0.30706998705864
0.579743981361389 0.30647400021553
0.579037010669708 0.305880010128021
0.578333020210266 0.305289000272751
0.577630996704102 0.304701000452042
0.576933026313782 0.304116010665894
0.57623702287674 0.303532987833023
0.575543999671936 0.302953988313675
0.574853003025055 0.302376002073288
0.574165999889374 0.301802009344101
0.573481023311615 0.301230013370514
0.572799026966095 0.300660997629166
0.572120010852814 0.300094991922379
0.571443021297455 0.299531012773514
0.570769011974335 0.298970013856888
0.570097982883453 0.298411995172501
0.569428980350494 0.297856003046036
0.568763017654419 0.297302007675171
0.568099975585938 0.296752005815506
0.567439019680023 0.296204000711441
0.566780984401703 0.295657992362976
0.566125988960266 0.295114994049072
0.565473020076752 0.294573992490768
0.564822971820831 0.294036000967026
0.564175009727478 0.293500006198883
0.563530027866364 0.292966991662979
0.562888026237488 0.292436987161636
0.56224799156189 0.291907995939255
0.561609983444214 0.291382998228073
0.560975015163422 0.290859013795853
0.560343027114868 0.290338009595871
0.559713006019592 0.289819985628128
0.559085011482239 0.289303988218307
0.558459997177124 0.288789987564087
0.557838022708893 0.288278013467789
0.557218015193939 0.287768989801407
0.556599974632263 0.287261992692947
0.555984973907471 0.286758005619049
0.555371999740601 0.286255985498428
0.554760992527008 0.28575599193573
0.554153025150299 0.285257995128632
0.553547024726868 0.284763008356094
0.552944004535675 0.284269988536835
0.552343010902405 0.283778995275497
0.551743984222412 0.283291012048721
0.551147997379303 0.282804012298584
0.550553023815155 0.282319992780685
0.549961984157562 0.281837999820709
0.549372017383575 0.281358987092972
0.548784971237183 0.280880987644196
0.548200011253357 0.28040599822998
0.547617971897125 0.279933005571365
0.5470370054245 0.27946200966835
0.546459019184113 0.278993010520935
0.545882999897003 0.27852600812912
0.545309007167816 0.278061002492905
0.544737994670868 0.277599006891251
0.544169008731842 0.277137994766235
0.543601989746094 0.276679992675781
0.543036997318268 0.276223987340927
0.542473971843719 0.275768995285034
0.541913986206055 0.275317013263702
0.541355013847351 0.274866998195648
0.540799021720886 0.274419009685516
0.540244996547699 0.273972988128662
0.539692997932434 0.27352899312973
0.539143025875092 0.273086994886398
0.538595974445343 0.272646993398666
0.5380499958992 0.272208988666534
0.537506997585297 0.271773010492325
0.536965012550354 0.271338999271393
0.53642600774765 0.270907014608383
0.535889029502869 0.270476013422012
0.535354018211365 0.27004799246788
0.534820973873138 0.269621998071671
0.534290015697479 0.269198000431061
0.533761024475098 0.26877498626709
0.533234000205994 0.268355011940002
0.532709002494812 0.267935991287231
0.532185971736908 0.267518997192383
0.531665027141571 0.267103999853134
0.531145989894867 0.266690999269485
0.530628979206085 0.266279995441437
0.530113995075226 0.265870988368988
0.529601991176605 0.265464007854462
0.529091000556946 0.265058010816574
0.528581976890564 0.264654010534286
0.528074979782104 0.264252007007599
0.527570009231567 0.263852000236511
0.527067005634308 0.263453990221024
0.52656501531601 0.263058006763458
0.52606600522995 0.262663006782532
0.525569021701813 0.262270003557205
0.525072991847992 0.261878997087479
0.524580001831055 0.261489003896713
0.524088025093079 0.261101990938187
0.523599028587341 0.260715991258621
0.52311098575592 0.260331988334656
0.522625029087067 0.259950011968613
0.522140979766846 0.259568989276886
0.521659016609192 0.259189993143082
0.521179020404816 0.258812993764877
0.520699977874756 0.258437991142273
0.52022397518158 0.25806400179863
0.519748985767365 0.257692009210587
0.519276022911072 0.257322013378143
0.518805027008057 0.256953001022339
0.518335998058319 0.256585985422134
0.517868995666504 0.256220996379852
0.51740300655365 0.255856990814209
0.516938984394073 0.255495011806488
0.516476988792419 0.255134999752045
0.516017019748688 0.254776000976563
0.515559017658234 0.25441899895668
0.515102982521057 0.254063993692398
0.514648020267487 0.253710001707077
0.514195024967194 0.253358006477356
0.513743996620178 0.253006994724274
0.513293981552124 0.252658993005753
0.512847006320953 0.252310991287231
0.512400984764099 0.251965999603271
0.511956989765167 0.25162199139595
0.511514008045197 0.25127899646759
0.511074006557465 0.25093799829483
0.510635018348694 0.25059899687767
0.510197997093201 0.250261008739471
0.509761989116669 0.249925002455711
0.50932902097702 0.249589994549751
0.508897006511688 0.249256998300552
0.508467018604279 0.248925998806953
0.508037984371185 0.248595997691154
0.507611989974976 0.248267993330956
0.507187008857727 0.247941002249718
0.506762981414795 0.247614994645119
0.506341993808746 0.247291997075081
0.505922019481659 0.246968999505043
0.505502998828888 0.246648997068405
0.505087018013 0.246328994631767
0.504671990871429 0.246012002229691
0.504258990287781 0.245694994926453
0.503847002983093 0.245380997657776
0.503437995910645 0.245067998766899
0.503030002117157 0.244755998253822
0.502623021602631 0.244445994496346
0.502218008041382 0.24413700401783
0.501815021038055 0.243829995393753
0.501414000988007 0.243524000048637
0.501013994216919 0.243220001459122
0.500616014003754 0.242917001247406
0.500220000743866 0.24261499941349
0.499825000762939 0.242314994335175
0.499431997537613 0.24201700091362
0.499040007591248 0.241720005869865
0.498650014400482 0.24142399430275
0.498261988162994 0.241129994392395
0.49787500500679 0.240838006138802
0.497491002082825 0.240547001361847
0.497106999158859 0.240256994962692
0.496726006269455 0.239968001842499
0.496345996856689 0.239682003855705
0.495967000722885 0.239396005868912
0.495591014623642 0.239112004637718
0.495214998722076 0.238829001784325
0.494841992855072 0.238547995686531
0.494470000267029 0.238268002867699
0.494100004434586 0.237990006804466
0.493730992078781 0.237712994217873
0.493364006280899 0.23743799328804
0.492998987436295 0.237163007259369
0.492635011672974 0.236891001462936
0.49227300286293 0.236618995666504
0.491912990808487 0.236349999904633
0.491553992033005 0.236081004142761
0.491196990013123 0.23581400513649
0.490841001272202 0.235548004508018
0.49048700928688 0.235284000635147
0.490135014057159 0.235020995140076
0.489784002304077 0.234759002923965
0.489434987306595 0.234498992562294
0.489086985588074 0.234239995479584
0.488741993904114 0.233982995152473
0.488397002220154 0.233726993203163
0.488054990768433 0.233473002910614
0.487713992595673 0.233218997716904
0.487374007701874 0.232967004179955
0.487037003040314 0.232717007398605
0.486699998378754 0.232467994093895
0.486366003751755 0.232219994068146
0.486032992601395 0.231974005699158
0.485702008008957 0.231729000806808
0.485372006893158 0.231484994292259
0.485044002532959 0.231242999434471
0.48471799492836 0.231002002954483
0.484393000602722 0.230763003230095
0.484070003032684 0.230525001883507
0.483749002218246 0.230287998914719
0.48342901468277 0.23005299270153
0.483110994100571 0.229818999767303
0.482795000076294 0.229587003588676
0.482479989528656 0.229355007410049
0.48216700553894 0.229126006364822
0.481855005025864 0.228897005319595
0.481545001268387 0.228670001029968
0.48123699426651 0.228444993495941
0.480931013822556 0.228220000863075
0.480625987052917 0.227998003363609
0.480322986841202 0.227776005864143
0.480022013187408 0.227556005120277
0.479721993207932 0.227337002754211
0.479423999786377 0.227119997143745
0.479128003120422 0.226904004812241
0.478832989931107 0.226689994335175
0.478540003299713 0.22647699713707
0.47824901342392 0.226264998316765
0.477959990501404 0.22605499625206
0.477672010660172 0.225845992565155
0.477385997772217 0.225638002157211
0.477102011442184 0.225431993603706
0.476819008588791 0.225227996706963
0.476538985967636 0.225024998188019
0.476260006427765 0.224822998046875
0.475982993841171 0.224621996283531
0.475706994533539 0.224424004554749
0.475434005260468 0.224225997924805
0.475161999464035 0.224030002951622
0.474891990423203 0.223836004734039
0.474624007940292 0.223642006516457
0.47435799241066 0.223451003432274
0.474092990159988 0.223260998725891
0.473830997943878 0.22307200729847
0.473569989204407 0.222884997725487
0.473311007022858 0.222699001431465
0.473053991794586 0.222515001893044
0.472799003124237 0.222332000732422
0.472546011209488 0.2221509963274
0.472294986248016 0.22197100520134
0.472045987844467 0.221792995929718
0.471798986196518 0.221615999937057
0.47155299782753 0.221441000699997
0.471309989690781 0.221266999840736
0.471069008111954 0.221094995737076
0.470829010009766 0.220925003290176
0.470591992139816 0.220755994319916
0.470357000827789 0.220588997006416
0.470124006271362 0.220422998070717
0.469893008470535 0.220258995890617
0.469664007425308 0.220096006989479
0.469437003135681 0.21993599832058
0.469211995601654 0.219776004552841
0.468989998102188 0.219619005918503
0.468769013881683 0.219463005661964
0.468551009893417 0.219309002161026
0.46833598613739 0.219155997037888
0.468122005462646 0.21900600194931
0.467911005020142 0.218857005238533
0.467702001333237 0.218709006905556
0.467494994401932 0.218564003705978
0.467290997505188 0.218419998884201
0.467088997364044 0.218278005719185
0.466890007257462 0.218137994408607
0.466693013906479 0.217999994754791
0.466497987508774 0.217862993478775
0.466306000947952 0.21772900223732
0.46611699461937 0.217595994472504
0.465930014848709 0.217465996742249
0.465745985507965 0.217336997389793
0.465564996004105 0.217209994792938
0.465386003255844 0.217085003852844
0.465209990739822 0.216962993144989
0.465036988258362 0.216841995716095
0.464866995811462 0.216723993420601
0.464700013399124 0.216607004404068
0.464534997940063 0.216492995619774
0.464374005794525 0.216380998492241
0.464215993881226 0.216270998120308
0.464060992002487 0.216163992881775
0.46390900015831 0.216058000922203
0.463759988546371 0.215955004096031
0.463615000247955 0.215855002403259
0.463472992181778 0.215756997466087
0.463335007429123 0.215661004185677
0.463200002908707 0.215568006038666
0.46306899189949 0.215478003025055
0.462940990924835 0.215389996767044
0.462817996740341 0.215305000543594
0.462698012590408 0.215222001075745
0.462581992149353 0.215142995119095
0.46246999502182 0.215066000819206
0.462363004684448 0.214992001652718
0.462260007858276 0.214921995997429
0.462161004543304 0.214854001998901
0.462067008018494 0.214790001511574
0.461977005004883 0.214728996157646
0.461892992258072 0.21467100083828
0.461813002824783 0.214616999030113
0.461739003658295 0.214566007256508
0.461670011281967 0.214518994092941
0.46160700917244 0.214476004242897
0.461549013853073 0.214435994625092
0.461497008800507 0.214401006698608
0.46145099401474 0.214369997382164
0.461412012577057 0.214343994855881
0.461380004882813 0.214322000741959
0.461353987455368 0.214304000139236
0.461335986852646 0.214292004704475
0.461324989795685 0.214285001158714
0.461322009563446 0.214283004403114
0.461322009563446 0.214283004403114
0.461327999830246 0.214286997914314
0.461342006921768 0.214295998215675
0.46136599779129 0.214312002062798
0.461398988962173 0.21433499455452
0.461441993713379 0.214364007115364
0.461497008800507 0.214399993419647
0.461562007665634 0.214443996548653
0.461640000343323 0.214496001601219
0.461730003356934 0.214555993676186
0.461834013462067 0.214625999331474
0.461953014135361 0.214705005288124
0.462087988853455 0.214793995022774
0.462238997220993 0.214894995093346
0.462408989667892 0.21500800549984
0.462599009275436 0.215133994817734
0.462810009717941 0.215274006128311
0.463045001029968 0.215428993105888
0.46330600976944 0.215601995587349
0.463595986366272 0.215792998671532
0.463918000459671 0.216004997491837
0.464275985956192 0.216240003705025
0.464673012495041 0.216500997543335
0.465117007493973 0.21679200232029
0.46561199426651 0.217115998268127
0.466167002916336 0.217479005455971
0.466789990663528 0.217885002493858
0.467492997646332 0.218343004584312
0.468288004398346 0.218860000371933
0.469188004732132 0.219444006681442
0.470205992460251 0.220102995634079
0.471349000930786 0.220841005444527
0.472613006830215 0.221655994653702
0.473980009555817 0.222534000873566
0.475416004657745 0.223455995321274
0.476884990930557 0.224396005272865
0.478356003761292 0.225336000323296
0.479808986186981 0.226262003183365
0.48123300075531 0.227169007062912
0.482623994350433 0.228053003549576
0.483981996774673 0.228915005922318
0.48530900478363 0.229754999279976
0.486606001853943 0.230575993657112
0.487875014543533 0.231378003954887
0.489120006561279 0.232163995504379
0.490341991186142 0.23293499648571
0.491544008255005 0.23369200527668
0.492727011442184 0.234437003731728
0.493894010782242 0.235170006752014
0.495045006275177 0.235892996191978
0.49618199467659 0.236607000231743
0.497305989265442 0.237312003970146
0.498418003320694 0.238009005784988
0.499518990516663 0.23869800567627
0.500611007213593 0.23938100039959
0.5016930103302 0.24005800485611
0.502767026424408 0.240729004144669
0.503832995891571 0.241393998265266
0.504890978336334 0.242054998874664
0.50594300031662 0.242709994316101
0.506989002227783 0.243361994624138
0.508028984069824 0.244010001420975
0.509063005447388 0.24465300142765
0.51009202003479 0.245294004678726
0.511116981506348 0.245930999517441
0.512136995792389 0.246564999222755
0.51315301656723 0.24719600379467
0.514165997505188 0.247823998332024
0.515174984931946 0.248449996113777
0.516179978847504 0.249072998762131
0.517183005809784 0.249695003032684
0.518181979656219 0.250313997268677
0.519178986549377 0.250930994749069
0.520174026489258 0.251547008752823
0.521166026592255 0.252160012722015
0.522156000137329 0.252772986888885
0.523144006729126 0.253383010625839
0.524131000041962 0.253993004560471
0.525115013122559 0.254601001739502
0.526098012924194 0.255207985639572
0.527079999446869 0.255813002586365
0.528060019016266 0.256417989730835
0.529039025306702 0.257021993398666
0.530017971992493 0.257624000310898
0.530995011329651 0.258226007223129
0.531970977783203 0.258828014135361
0.532945990562439 0.25942799448967
0.533921003341675 0.260028004646301
0.534895002841949 0.260627001523972
0.535869002342224 0.261225998401642
0.536841988563538 0.261824011802673
0.537814974784851 0.262421995401382
0.538787007331848 0.263018995523453
0.539759993553162 0.263615995645523
0.540732026100159 0.264212995767593
0.541703999042511 0.264809995889664
0.542675971984863 0.265406012535095
0.54364800453186 0.266001999378204
0.544620990753174 0.266598999500275
0.545593023300171 0.267194986343384
0.546566009521484 0.267791002988815
0.547537982463837 0.268386006355286
0.548511981964111 0.268981993198395
0.54948502779007 0.269578009843826
0.550459027290344 0.270175009965897
0.551433980464935 0.270770996809006
0.552408993244171 0.271367013454437
0.553384006023407 0.271964013576508
0.554359972476959 0.272560000419617
0.555337011814117 0.273157000541687
0.556315004825592 0.273755013942719
0.557292997837067 0.274352014064789
0.558272004127502 0.274949997663498
0.559252023696899 0.275548011064529
0.560231983661652 0.2761470079422
0.561214029788971 0.27674600481987
0.562196016311646 0.27734500169754
0.563180029392242 0.277945011854172
0.564163982868195 0.278544992208481
0.565150022506714 0.279145985841751
0.566136002540588 0.279747009277344
0.567124009132385 0.280348986387253
0.568112015724182 0.280950993299484
0.569101989269257 0.281554013490677
0.570092976093292 0.282157003879547
0.571084976196289 0.282761007547379
0.572079002857208 0.28336501121521
0.573073029518127 0.283971011638641
0.574069023132324 0.284577012062073
0.575066983699799 0.285183012485504
0.576065003871918 0.285789996385574
0.577064990997314 0.286397993564606
0.578067004680634 0.287007004022598
0.579069972038269 0.287616014480591
0.58007401227951 0.288226008415222
0.58108001947403 0.288836985826492
0.582086980342865 0.289449006319046
0.583096027374268 0.290062010288239
0.584106981754303 0.290675014257431
0.585119009017944 0.291289001703262
0.586131989955902 0.291904002428055
0.587146997451782 0.292519986629486
0.58816397190094 0.293137013912201
0.58918297290802 0.293754011392593
0.590202987194061 0.294373005628586
0.591225028038025 0.294991999864578
0.592248976230621 0.295612990856171
0.593273997306824 0.296234011650085
0.594301998615265 0.296855986118317
0.595331013202667 0.29747998714447
0.596361994743347 0.298103988170624
0.597393989562988 0.298729002475739
0.598429024219513 0.299356013536453
0.599466025829315 0.299982994794846
0.600503981113434 0.300610989332199
0.60154402256012 0.301241010427475
0.602586984634399 0.301871001720428
0.603631019592285 0.302502989768982
0.604677021503448 0.303135991096497
0.605726003646851 0.303768992424011
0.606775999069214 0.304403990507126
0.6078280210495 0.305040001869202
0.608883023262024 0.305678009986877
0.609938979148865 0.306315988302231
0.610997974872589 0.306955009698868
0.612058997154236 0.307595998048782
0.61312198638916 0.308237999677658
0.614187002182007 0.308881014585495
0.615253984928131 0.309525996446609
0.616324007511139 0.310171008110046
0.617394983768463 0.310817986726761
0.618468999862671 0.311466008424759
0.619545996189117 0.312115013599396
0.620624005794525 0.31276598572731
0.621704995632172 0.313418000936508
0.62278801202774 0.314070999622345
0.623874008655548 0.314725011587143
0.624961972236633 0.315380990505219
0.626052021980286 0.316038012504578
0.627143979072571 0.316697001457214
0.628239989280701 0.317357003688812
0.629337012767792 0.318017989397049
0.630437016487122 0.318679988384247
0.631538987159729 0.319344013929367
0.63264399766922 0.320010006427765
0.63375198841095 0.320677012205124
0.634860992431641 0.321345001459122
0.635973989963531 0.322014003992081
0.637089014053345 0.322685986757278
0.638207018375397 0.323357999324799
0.639326989650726 0.324032008647919
0.640448987483978 0.324708014726639
0.64157497882843 0.325385004281998
0.642702996730804 0.326063007116318
0.643833994865417 0.326743006706238
0.644967019557953 0.327425003051758
0.646103024482727 0.328108012676239
0.64724200963974 0.328792005777359
0.648383975028992 0.329477995634079
0.649528026580811 0.330166012048721
0.650674998760223 0.330855011940002
0.65182501077652 0.331546008586884
0.652978003025055 0.332239001989365
0.654133021831512 0.332933008670807
0.655291974544525 0.333629012107849
0.656453013420105 0.33432599902153
0.657616972923279 0.335025012493134
0.658783972263336 0.335725992918015
0.659954011440277 0.336427986621857
0.661126971244812 0.337132006883621
0.66230297088623 0.337837994098663
0.663482010364532 0.338544994592667
0.664663970470428 0.33925399184227
0.665848016738892 0.339964985847473
0.66703599691391 0.340676993131638
0.668227016925812 0.341392010450363
0.669421017169952 0.342108011245728
0.670617997646332 0.342824995517731
0.671818971633911 0.343544989824295
0.673021972179413 0.344265997409821
0.674228012561798 0.344989985227585
0.675437986850739 0.34571498632431
0.676651000976563 0.346441000699997
0.677866995334625 0.347169995307922
0.679086029529572 0.347900003194809
0.680307984352112 0.348632991313934
0.681533992290497 0.349366992712021
0.682762980461121 0.350102990865707
0.683995008468628 0.350840985774994
0.68523097038269 0.351581007242203
0.686469972133636 0.352322995662689
0.687712013721466 0.353067010641098
0.688957989215851 0.353812009096146
0.690207004547119 0.354559987783432
0.691459000110626 0.355309009552002
0.692714989185333 0.356061011552811
0.69397497177124 0.356813997030258
0.69523698091507 0.357569992542267
0.69650399684906 0.358327001333237
0.697773993015289 0.359086990356445
0.699047029018402 0.359849005937576
0.70032399892807 0.360612004995346
0.701604008674622 0.361378014087677
0.702888011932373 0.362145990133286
0.704176008701324 0.362915009260178
0.705466985702515 0.363687008619308
0.70676201581955 0.364461004734039
0.70806097984314 0.365238010883331
0.709362983703613 0.366016000509262
0.710668981075287 0.366795986890793
0.71197897195816 0.367579013109207
0.713292002677917 0.368364006280899
0.714609026908875 0.369150012731552
0.715930998325348 0.369940012693405
0.717254996299744 0.370730996131897
0.718584001064301 0.371524006128311
0.719916999340057 0.372319996356964
0.721252977848053 0.373118013143539
0.722593009471893 0.373917996883392
0.72393798828125 0.374720990657806
0.72528600692749 0.375526010990143
0.72663801908493 0.376332998275757
0.727994024753571 0.377142012119293
0.729354977607727 0.377954006195068
0.730718970298767 0.378767997026443
0.732087016105652 0.379584014415741
0.733458995819092 0.380403012037277
0.734835982322693 0.381224006414413
0.736216008663177 0.38204699754715
0.737600982189178 0.382872998714447
0.738990008831024 0.383702009916306
0.74038302898407 0.384532004594803
0.741779983043671 0.3853659927845
0.743182003498077 0.386200994253159
0.744588017463684 0.387039005756378
0.745998024940491 0.387879997491837
0.747412025928497 0.388722985982895
0.74883097410202 0.389568001031876
0.750253975391388 0.390417009592056
0.7516810297966 0.391267001628876
0.753112971782684 0.392120003700256
0.754549026489258 0.392975986003876
0.755990028381348 0.393833994865417
0.757435023784637 0.39469501376152
0.758885025978088 0.395559012889862
0.760339021682739 0.396425008773804
0.761798024177551 0.397294014692307
0.763261020183563 0.398164987564087
0.764729022979736 0.399039000272751
0.766201972961426 0.399915993213654
0.76767897605896 0.400795996189117
0.769160985946655 0.401677995920181
0.770648002624512 0.402563005685806
0.772139012813568 0.403450012207031
0.773635029792786 0.404341012239456
0.77513599395752 0.405234009027481
0.776641011238098 0.406129986047745
0.778151988983154 0.407029002904892
0.779667019844055 0.407929986715317
0.781186997890472 0.408834993839264
0.782711982727051 0.409741997718811
0.784242987632751 0.410652011632919
0.785777986049652 0.411565005779266
0.787317991256714 0.412481009960175
0.788863003253937 0.413399994373322
0.790413022041321 0.41432198882103
0.791967988014221 0.41524600982666
0.793528020381927 0.416173994541168
0.79509299993515 0.417104989290237
0.796663999557495 0.418038010597229
0.798240005970001 0.418974995613098
0.799821019172668 0.419914990663528
0.801406979560852 0.42085799574852
0.802998006343842 0.421802997589111
0.804594993591309 0.422751992940903
0.806196987628937 0.423703998327255
0.807805001735687 0.424659013748169
0.809417009353638 0.42561799287796
0.811035990715027 0.426578998565674
0.812659025192261 0.427543997764587
0.814288973808289 0.428510993719101
0.815922975540161 0.429482012987137
0.817564010620117 0.43045699596405
0.819208979606628 0.431434005498886
0.820860981941223 0.432415008544922
0.822517991065979 0.433398991823196
0.824181020259857 0.434385985136032
0.825848996639252 0.435375988483429
0.827522993087769 0.436369985342026
0.829203009605408 0.437368005514145
0.830888986587524 0.438367992639542
0.832579970359802 0.439372003078461
0.834277987480164 0.44038000702858
0.835981011390686 0.441390991210938
0.837689995765686 0.442404985427856
0.839405000209808 0.443423002958298
0.841126024723053 0.444444000720978
0.842854022979736 0.445468991994858
0.844587028026581 0.446496993303299
0.846325993537903 0.44752898812294
0.848070979118347 0.448563992977142
0.849822998046875 0.449602991342545
0.85158097743988 0.450646013021469
0.853344976902008 0.45169198513031
0.855114996433258 0.452742010354996
0.856891989707947 0.453794986009598
0.858675003051758 0.454852998256683
0.860463976860046 0.455913007259369
0.862259984016418 0.456977993249893
0.864062011241913 0.45804700255394
0.865869998931885 0.459118992090225
0.86768501996994 0.460195004940033
0.869507014751434 0.461273998022079
0.871335029602051 0.462357997894287
0.873170018196106 0.463445991277695
0.8750119805336 0.464536994695663
0.876860022544861 0.465631991624832
0.878714978694916 0.466731995344162
0.880577027797699 0.467835009098053
0.882445991039276 0.468941986560822
0.884320974349976 0.470052987337112
0.886202991008759 0.471168011426926
0.888092994689941 0.472286999225616
0.889989018440247 0.473410993814468
0.89189201593399 0.474537998437881
0.893803000450134 0.475668996572495
0.8957200050354 0.476805001497269
0.897644996643066 0.477944999933243
0.899577021598816 0.479088991880417
0.901516020298004 0.480237007141113
0.903461992740631 0.481388986110687
0.905414998531342 0.482546001672745
0.907375991344452 0.483707010746002
0.909344971179962 0.48487201333046
0.911319971084595 0.486041992902756
0.913303971290588 0.487215995788574
0.915293991565704 0.488393992185593
0.917293012142181 0.489576995372772
0.919299006462097 0.490763992071152
0.921311974525452 0.491955995559692
0.923332989215851 0.493151992559433
0.92536199092865 0.494352012872696
0.927398979663849 0.495557993650436
0.929444015026093 0.49676701426506
0.931313991546631 0.497873991727829
0.93256402015686 0.498612999916077
0.933399975299835 0.499107003211975
0.933956980705261 0.499437004327774
0.934328973293304 0.49965700507164
0.934576988220215 0.499803990125656
0.934742987155914 0.499902009963989
0.934825003147125 0.499951004981995
0.934867024421692 0.499976009130478
0.934907972812653 0.5
0.934907972812653 0.5
0.934949994087219 0.500024020671844
0.934991002082825 0.500048995018005
0.935073971748352 0.500097990036011
0.935239017009735 0.500195980072021
0.935487985610962 0.500343024730682
0.935860991477966 0.500563979148865
0.936420977115631 0.500895023345947
0.937261998653412 0.501393020153046
0.93852698802948 0.502140998840332
0.940428972244263 0.503265976905823
0.942524015903473 0.504504978656769
0.944626986980438 0.505748987197876
0.946739017963409 0.506998002529144
0.948858976364136 0.508251011371613
0.950986981391907 0.509509980678558
0.953122973442078 0.510773003101349
0.955268025398254 0.512040972709656
0.957422018051147 0.513314008712769
0.95958399772644 0.514591991901398
0.961754024028778 0.515875995159149
0.963932991027832 0.517163991928101
0.966121017932892 0.518456995487213
0.968317985534668 0.519755005836487
0.970522999763489 0.521058976650238
0.972737014293671 0.522368013858795
0.974960029125214 0.523680984973907
0.977191984653473 0.524999976158142
0.979433000087738 0.526324987411499
0.981683015823364 0.527653992176056
0.983941972255707 0.528989017009735
0.986211001873016 0.530328989028931
0.988488018512726 0.531674981117249
0.990774989128113 0.533025979995728
0.993071019649506 0.534381985664368
0.995377004146576 0.53574401140213
0.997691988945007 0.53711199760437
1.00002002716064 0.538484990596771
1.00234997272491 0.539862990379333
1.0046900510788 0.541247010231018
1.00705003738403 0.54263699054718
1.00941002368927 0.544032990932465
1.01178002357483 0.54543399810791
1.01417005062103 0.546841025352478
1.01655995845795 0.548252999782562
1.01895999908447 0.54967200756073
1.02137005329132 0.551096022129059
1.02380001544952 0.552527010440826
1.02622997760773 0.553963005542755
1.02866995334625 0.555405020713806
1.03112995624542 0.556852996349335
1.03358995914459 0.558308005332947
1.03605997562408 0.55976802110672
1.03855001926422 0.561233997344971
1.04103994369507 0.562707006931305
1.04355001449585 0.564185976982117
1.04606997966766 0.565671026706696
1.04858994483948 0.567161977291107
1.05113005638123 0.568659007549286
1.05367994308472 0.570163011550903
1.05623996257782 0.571673989295959
1.05880999565125 0.573189973831177
1.06139004230499 0.574714004993439
1.06397998332977 0.576242983341217
1.0665899515152 0.57778000831604
1.06920003890991 0.579321980476379
1.07183003425598 0.580871999263763
1.07447004318237 0.582427978515625
1.0771199464798 0.58399099111557
1.07977998256683 0.585560977458954
1.08245003223419 0.58713698387146
1.08513998985291 0.58872002363205
1.08783996105194 0.590309977531433
1.09054005146027 0.591907024383545
1.09326004981995 0.593510985374451
1.09599995613098 0.595122992992401
1.09873998165131 0.596741020679474
1.10150003433228 0.598366022109985
1.10426998138428 0.599997997283936
1.1070499420166 0.60163801908493
1.10984003543854 0.603285014629364
1.11265003681183 0.604938983917236
1.11547005176544 0.606599986553192
1.11829996109009 0.608268976211548
1.12114000320435 0.609944999217987
1.12399995326996 0.611629009246826
1.12687003612518 0.613319993019104
1.12975001335144 0.615019023418427
1.13265001773834 0.616725981235504
1.13556003570557 0.618439972400665
1.13847994804382 0.620162010192871
1.14140999317169 0.621891021728516
1.14435994625092 0.623628973960876
1.14733004570007 0.625374019145966
1.15030002593994 0.62712699174881
1.15329003334045 0.62888902425766
1.15629994869232 0.630657970905304
1.15930998325348 0.632435023784637
1.16234004497528 0.634221017360687
1.16539001464844 0.636013984680176
1.16844999790192 0.63781601190567
1.17151999473572 0.639626026153564
1.17461001873016 0.641444981098175
1.17771005630493 0.64327198266983
1.18083000183105 0.645106971263885
1.1839599609375 0.646951019763947
1.18710994720459 0.648802995681763
1.190269947052 0.65066397190094
1.19343996047974 0.652534008026123
1.19663000106812 0.654411971569061
1.19983994960785 0.656300008296967
1.20306003093719 0.658195972442627
1.2063000202179 0.660100996494293
1.20955002307892 0.662015020847321
1.21281003952026 0.663937985897064
1.21609997749329 0.665870010852814
1.2193900346756 0.66781097650528
1.22271001338959 0.669761002063751
1.2260400056839 0.6717209815979
1.22938001155853 0.673690021038055
1.23275005817413 0.675668001174927
1.23611998558044 0.67765599489212
1.23951995372772 0.679652988910675
1.24293005466461 0.681659996509552
1.24635004997253 0.68367600440979
1.24979996681213 0.68570202589035
1.25326001644135 0.687738001346588
1.25673997402191 0.689783990383148
1.2602299451828 0.691839993000031
1.26373994350433 0.693904995918274
1.26726996898651 0.695981025695801
1.27082002162933 0.698065996170044
1.27437996864319 0.700161993503571
1.27795994281769 0.702268004417419
1.28155994415283 0.704384028911591
1.2851699590683 0.7065110206604
1.28881001472473 0.708648025989532
1.2924599647522 0.710795998573303
1.29612994194031 0.712953984737396
1.29981994628906 0.715121984481812
1.30351996421814 0.717302024364471
1.30725002288818 0.719492018222809
1.31098997592926 0.721692979335785
1.31474995613098 0.723905026912689
1.31852996349335 0.726127982139587
1.32232999801636 0.728362023830414
1.32614994049072 0.730606973171234
1.32999002933502 0.732863008975983
1.33385002613068 0.73513001203537
1.33772003650665 0.737408995628357
1.34161996841431 0.739700019359589
1.34554004669189 0.742000997066498
1.34947001934052 0.744315028190613
1.3534300327301 0.746640026569366
1.35739994049072 0.748975992202759
1.3614000082016 0.751325011253357
1.36541998386383 0.753684997558594
1.36944997310638 0.756057977676392
1.3735100030899 0.758441984653473
1.37758994102478 0.760837972164154
1.38169002532959 0.763247013092041
1.38581001758575 0.765667974948883
1.38995003700256 0.76810097694397
1.39410996437073 0.770546972751617
1.39830005168915 0.77300500869751
1.4025000333786 0.775475978851318
1.40673005580902 0.777958989143372
1.4109799861908 0.780454993247986
1.41524994373322 0.782965004444122
1.4195499420166 0.785485982894897
1.42385995388031 0.78802102804184
1.42820000648499 0.790570020675659
1.43255996704102 0.793130993843079
1.43694996833801 0.795705020427704
1.44134998321533 0.798292994499207
1.44578003883362 0.800894021987915
1.45024001598358 0.803508996963501
1.45471000671387 0.806137979030609
1.45921003818512 0.808780014514923
1.46372997760773 0.811434984207153
1.4682799577713 0.814104974269867
1.47284996509552 0.816788971424103
1.47745001316071 0.819486975669861
1.48206996917725 0.82219797372818
1.48670995235443 0.824923992156982
1.49137997627258 0.827664971351624
1.49607002735138 0.830420017242432
1.50078999996185 0.833189010620117
1.50552999973297 0.835973024368286
1.51030004024506 0.838770985603333
1.5150899887085 0.841584980487823
1.5199099779129 0.844412982463837
1.52476000785828 0.847256004810333
1.529629945755 0.850113987922668
1.53452003002167 0.852986991405487
1.53945004940033 0.85587602853775
1.54439997673035 0.858780026435852
1.5493700504303 0.861698985099792
1.55437004566193 0.864633977413177
1.55939996242523 0.867583990097046
1.56446003913879 0.870549976825714
1.56954002380371 0.873531997203827
1.57465004920959 0.87652999162674
1.57978999614716 0.879543006420135
1.58494997024536 0.882573008537292
1.59014999866486 0.885618984699249
1.595370054245 0.888682007789612
1.60062003135681 0.891759991645813
1.60589003562927 0.894855976104736
1.61119997501373 0.897966980934143
1.61652994155884 0.901095986366272
1.62189996242523 0.904241025447845
1.62729001045227 0.907402992248535
1.63270998001099 0.910582005977631
1.63815999031067 0.913778007030487
1.64364004135132 0.916990995407104
1.64915001392365 0.920221984386444
1.65469002723694 0.923469007015228
1.66025996208191 0.926734983921051
1.66586005687714 0.930016994476318
1.67148995399475 0.933318018913269
1.67715001106262 0.936635971069336
1.68283998966217 0.93997198343277
1.68856000900269 0.943325996398926
1.69430994987488 0.946698009967804
1.70009994506836 0.950088024139404
1.70590996742249 0.953496992588043
1.7117600440979 0.956923007965088
1.71764004230499 0.960368990898132
1.72354996204376 0.963832020759583
1.72949004173279 0.967315018177032
1.73546004295349 0.970816016197205
1.74146997928619 0.974335014820099
1.74750995635986 0.977873980998993
1.7535799741745 0.981432020664215
1.7596800327301 0.985009014606476
1.76582002639771 0.98860502243042
1.77198994159698 0.992220997810364
1.77820003032684 0.995855987071991
1.78444004058838 0.999509990215302
1.79070997238159 1.00318002700806
1.79700994491577 1.00688004493713
1.80334997177124 1.01058995723724
1.809730052948 1.01432001590729
1.81613004207611 1.01807999610901
1.82257997989655 1.02184998989105
1.82904994487762 1.02564001083374
1.83556997776031 1.02945995330811
1.84211003780365 1.03329002857208
1.84869003295898 1.03715002536774
1.85530996322632 1.04102003574371
1.86196005344391 1.04491996765137
1.86864995956421 1.04883003234863
1.87538003921509 1.05277001857758
1.88214004039764 1.05673003196716
1.88892996311188 1.06070995330811
1.89576995372772 1.06471002101898
1.90262997150421 1.06872999668121
1.90954005718231 1.07276999950409
1.9164799451828 1.07684004306793
1.92346000671387 1.08091998100281
1.93048000335693 1.08502995967865
1.93753004074097 1.08915996551514
1.944620013237 1.09329998493195
1.95175004005432 1.09748005867004
1.95890998840332 1.10167002677917
1.96610999107361 1.10588002204895
1.97335004806519 1.11012005805969
1.98063004016876 1.11438000202179
1.98794996738434 1.11865997314453
1.99530005455017 1.12296998500824
2.002690076828 1.12729001045227
2.01012992858887 1.13163995742798
2.01760005950928 1.13601005077362
2.02509999275208 1.14040005207062
2.03264999389648 1.14481997489929
2.04024004936218 1.14925003051758
2.04785990715027 1.15371000766754
2.05553007125854 1.15820002555847
2.06323003768921 1.16270005702972
2.07097005844116 1.16723001003265
2.07874989509583 1.17177999019623
2.08657002449036 1.17636001110077
2.0944299697876 1.18096005916595
2.10233998298645 1.1855800151825
2.11028003692627 1.19021999835968
2.1182599067688 1.19489002227783
2.1262800693512 1.19957995414734
2.1343400478363 1.20429003238678
2.1424400806427 1.2090300321579
2.15057992935181 1.21379005908966
2.15876007080078 1.21856999397278
2.16698002815247 1.22336995601654
2.17524003982544 1.22819995880127
2.18354988098145 1.23306000232697
2.191890001297 1.23793005943298
2.20026993751526 1.242840051651
2.20869994163513 1.24776005744934
2.21715998649597 1.25270998477936
2.22567009925842 1.25768005847931
2.23421001434326 1.26267004013062
2.24279999732971 1.2676899433136
2.25143003463745 1.27272999286652
2.2600998878479 1.27779996395111
2.26881003379822 1.28288996219635
2.27755999565125 1.28799998760223
2.28635001182556 1.29314005374908
2.29519009590149 1.29830002784729
2.3040599822998 1.30349004268646
2.31297993659973 1.30868995189667
2.32192993164063 1.31393003463745
2.33092999458313 1.31918001174927
2.33997011184692 1.32446002960205
2.34905004501343 1.32976996898651
2.35817003250122 1.33509004116058
2.3673300743103 1.34045004844666
2.37653994560242 1.34581995010376
2.38578009605408 1.35122001171112
2.39507007598877 1.35663998126984
2.40439009666443 1.36208999156952
2.41375994682312 1.36756002902985
2.42317008972168 1.37304997444153
2.43262004852295 1.37856996059418
2.44211006164551 1.38410997390747
2.45163989067078 1.38968002796173
2.46121001243591 1.39525997638702
2.47082996368408 1.40087997913361
2.48047995567322 1.40650999546051
2.49017000198364 1.41217005252838
2.49991011619568 1.41785001754761
2.50969004631042 1.4235600233078
2.51950001716614 1.42929005622864
2.52936005592346 1.43503999710083
2.5392599105835 1.44081997871399
2.54919004440308 1.44661998748779
2.55917000770569 1.45244002342224
2.56919002532959 1.45828998088837
2.57925009727478 1.46415996551514
2.58934998512268 1.47004997730255
2.59948992729187 1.47596001625061
2.60966992378235 1.48189997673035
2.61987996101379 1.48785996437073
2.63014006614685 1.49384999275208
2.64043998718262 1.49986004829407
2.65077996253967 1.50589001178741
2.6611499786377 1.51194000244141
2.67157006263733 1.51801002025604
2.68201994895935 1.52410995960236
2.69251990318298 1.5302300453186
2.70304989814758 1.53637003898621
2.71361994743347 1.54253995418549
2.72423005104065 1.5487300157547
2.73487997055054 1.55493998527527
2.74556994438171 1.56116998195648
2.75628995895386 1.56742000579834
2.76706004142761 1.57369995117188
2.77785992622375 1.57999002933502
2.78870010375977 1.58631002902985
2.79958009719849 1.59265005588531
2.81048989295959 1.59902000427246
2.82144999504089 1.60539996623993
2.83243989944458 1.61180996894836
2.84346008300781 1.61822998523712
2.85453009605408 1.62468004226685
2.86562991142273 1.63115000724792
2.87677001953125 1.63763999938965
2.88793992996216 1.64416003227234
2.89914989471436 1.65068995952606
2.91039991378784 1.65724003314972
2.92167997360229 1.66382002830505
2.93300008773804 1.67041003704071
2.94436001777649 1.67702996730804
2.95574998855591 1.68366003036499
2.96718001365662 1.69032001495361
2.97864007949829 1.69700002670288
2.99013996124268 1.70369005203247
3.00166988372803 1.71040999889374
3.01323008537292 1.71714997291565
3.02484011650085 1.72389996051788
3.03646993637085 1.73067998886108
3.04814004898071 1.73748004436493
3.05984997749329 1.74428999423981
3.07158994674683 1.75112998485565
3.08335995674133 1.75797998905182
3.09516000747681 1.76486003398895
3.10700011253357 1.77174997329712
3.11888003349304 1.77866005897522
3.13077998161316 1.78559005260468
3.14271998405457 1.79253995418549
3.15469002723694 1.79951000213623
3.16669988632202 1.80649995803833
3.17873001098633 1.81350004673004
3.19079995155334 1.82053005695343
3.20289993286133 1.82756996154785
3.21502995491028 1.83463001251221
3.22720003128052 1.84170997142792
3.23938989639282 1.84879994392395
3.251620054245 1.85591995716095
3.26388001441956 1.86304998397827
3.27617001533508 1.87020003795624
3.28849005699158 1.87736999988556
3.30083990097046 1.8845499753952
3.31322002410889 1.89174997806549
3.3256299495697 1.89897000789642
3.33806991577148 1.90620994567871
3.35053992271423 1.91346001625061
3.36303997039795 1.92072999477386
3.37557005882263 1.92802000045776
3.3881299495697 1.93532001972198
3.40071988105774 1.94263994693756
3.41334009170532 1.94998002052307
3.42599010467529 1.95734000205994
3.43865990638733 1.96470999717712
3.45137000083923 1.97209000587463
3.4640998840332 1.97949004173279
3.47686004638672 1.9869099855423
3.48965001106262 1.99434995651245
3.50246000289917 2.00179004669189
3.51531004905701 2.00925993919373
3.52817988395691 2.01674008369446
3.54107999801636 2.02424001693726
3.55399990081787 2.03174996376038
3.56696009635925 2.03927993774414
3.5799400806427 2.04681992530823
3.59294009208679 2.05437994003296
3.60597991943359 2.06194996833801
3.61904001235962 2.06954002380371
3.63211989402771 2.07714009284973
3.64523005485535 2.08475995063782
3.65837001800537 2.0923900604248
3.67153000831604 2.10002994537354
3.68472003936768 2.10769009590149
3.69794011116028 2.11537003517151
3.71116995811462 2.12305998802185
3.72444009780884 2.13075995445251
3.73773002624512 2.13847994804382
3.75103998184204 2.14620995521545
3.76437997817993 2.15395998954773
3.77774000167847 2.16172003746033
3.79113006591797 2.16949009895325
3.80453991889954 2.17727994918823
3.81798005104065 2.18508005142212
3.83143997192383 2.19288992881775
3.84491991996765 2.2007200717926
3.85842990875244 2.2085599899292
3.87195992469788 2.21640992164612
3.88550996780396 2.22428011894226
3.899090051651 2.23216009140015
3.91268992424011 2.24005007743835
3.92631006240845 2.24795007705688
3.93996000289917 2.25587010383606
3.95362997055054 2.26379990577698
3.96731996536255 2.27174997329712
3.98102998733521 2.27970004081726
3.99477005004883 2.28766989707947
4.0085301399231 2.29565000534058
4.02230978012085 2.30364990234375
4.03610992431641 2.3116500377655
4.04993009567261 2.31966996192932
4.06377983093262 2.32769989967346
4.07764005661011 2.3357400894165
4.09152984619141 2.34380006790161
4.10544013977051 2.35186004638672
4.1193699836731 2.35994005203247
4.13331985473633 2.36803007125854
4.14729976654053 2.37613010406494
4.16129016876221 2.38423991203308
4.17530012130737 2.39236998558044
4.18934011459351 2.40051007270813
4.20340013504028 2.40864992141724
4.21747016906738 2.41681003570557
4.23156976699829 2.42497992515564
4.24567985534668 2.43316006660461
4.25981998443604 2.44135999679565
4.27398014068604 2.44955992698669
4.2881498336792 2.45777988433838
4.30235004425049 2.46600008010864
4.31655979156494 2.47424006462097
4.33080005645752 2.48249006271362
4.34504985809326 2.49074006080627
4.35933017730713 2.49901008605957
4.37362003326416 2.50728988647461
4.38792991638184 2.51557993888855
4.40225982666016 2.52389001846313
4.41661977767944 2.53220009803772
4.43099021911621 2.54051995277405
4.44537019729614 2.54885005950928
4.45978021621704 2.55719995498657
4.47420978546143 2.56555008888245
4.48864984512329 2.57390999794006
4.5031099319458 2.58228993415833
4.51759004592896 2.59067010879517
4.53209018707275 2.59907007217407
4.54660987854004 2.60747003555298
4.56115007400513 2.61588001251221
4.57569980621338 2.62431001663208
4.59027004241943 2.63274002075195
4.60485982894897 2.64119005203247
4.61947011947632 2.64964008331299
4.63408994674683 2.65809988975525
4.6487398147583 2.66657996177673
4.66340017318726 2.67506003379822
4.6780800819397 2.68354988098145
4.69277000427246 2.6920599937439
4.70747995376587 2.70057010650635
4.72220993041992 2.70908999443054
4.73695993423462 2.71761989593506
4.75171995162964 2.72616004943848
4.76651000976563 2.73470997810364
4.78130006790161 2.74326992034912
4.79612016677856 2.75184011459351
4.81094980239868 2.76042008399963
4.8257999420166 2.76900005340576
4.84067010879517 2.77760004997253
4.85554981231689 2.78621006011963
4.87045001983643 2.79482007026672
4.88536977767944 2.80344009399414
4.90030002593994 2.81207990646362
4.91524982452393 2.82071995735168
4.93021011352539 2.82937002182007
4.94518995285034 2.83803009986877
4.96018981933594 2.84669995307922
4.97521018981934 2.85538005828857
4.9902400970459 2.86405992507935
5.00528001785278 2.87276005744934
5.02033996582031 2.88145995140076
5.03541994094849 2.89017009735107
5.0505199432373 2.89890003204346
5.06562995910645 2.90762996673584
5.08074998855591 2.91636991500854
5.09590005874634 2.92511010169983
5.11105012893677 2.93387007713318
5.12622976303101 2.94263005256653
5.14141988754272 2.95141005516052
5.15662002563477 2.96019005775452
5.17184019088745 2.96898007392883
5.18707990646362 2.97778010368347
5.20233011245728 2.98657989501953
5.21759986877441 2.99539995193481
5.23288011550903 3.0042200088501
5.24817991256714 3.01306009292603
5.26349020004272 3.02189993858337
5.2788200378418 3.03075003623962
5.29415988922119 3.03959989547729
5.30951976776123 3.04847002029419
5.32489013671875 3.0573399066925
5.34028005599976 3.06622004508972
5.35569000244141 3.07510995864868
5.37109994888306 3.08400988578796
5.38653993606567 3.09292006492615
5.40198993682861 3.10183000564575
5.41744995117188 3.11074995994568
5.43292999267578 3.11968994140625
5.44842004776001 3.1286199092865
5.46393013000488 3.13756990432739
5.47945022583008 3.14652991294861
5.49498987197876 3.15548992156982
5.51055002212524 3.16445994377136
5.52611017227173 3.17343997955322
5.5416898727417 3.18242001533508
5.55729007720947 3.19142007827759
5.57289981842041 3.20041990280151
5.58853006362915 3.20942997932434
5.60416984558105 3.21845006942749
5.61982011795044 3.22746992111206
5.63548994064331 3.23651003837585
5.65117979049683 3.24554991722107
5.6668701171875 3.25460004806519
5.68259000778198 3.26364994049072
5.69830989837646 3.27272009849548
5.71404981613159 3.28179001808167
5.72981023788452 3.29086995124817
5.74558019638062 3.299959897995
5.76136016845703 3.3090500831604
5.77716016769409 3.31816005706787
5.79297018051147 3.32727003097534
5.8088002204895 3.33638000488281
5.82463979721069 3.34551000595093
5.84048986434937 3.35464000701904
5.85635995864868 3.3637900352478
5.87225008010864 3.37293004989624
5.8881402015686 3.38209009170532
5.90404987335205 3.39124989509583
5.9199800491333 3.40041995048523
5.93591976165771 3.40960001945496
5.95186996459961 3.418790102005
5.96784019470215 3.42797994613647
5.98381996154785 3.43718004226685
5.99981021881104 3.44638991355896
6.01582002639771 3.45561003684998
6.03184986114502 3.46482992172241
6.04788017272949 3.47406005859375
6.06393003463745 3.48329997062683
6.07999992370605 3.49254989624023
6.09606981277466 3.50180006027222
6.11217021942139 3.51105999946594
6.12827014923096 3.52032995223999
6.14439010620117 3.52959990501404
6.16052007675171 3.53888988494873
6.17667007446289 3.548180103302
6.19283008575439 3.55747008323669
6.20901012420654 3.56678009033203
6.22519016265869 3.57609009742737
6.24139976501465 3.58541011810303
6.25760984420776 3.59473991394043
6.27383995056152 3.60406994819641
6.29008007049561 3.61340999603271
6.30634021759033 3.62276005744934
6.32260990142822 3.63211011886597
6.33889007568359 3.64147996902466
6.35518980026245 3.65085005760193
6.37150001525879 3.66021990776062
6.38781976699829 3.66961002349854
6.4041600227356 3.67899990081787
6.42050981521606 3.68840003013611
6.43688011169434 3.69779992103577
6.45325994491577 3.70722007751465
6.46964979171753 3.71663999557495
6.48605012893677 3.72606992721558
6.50247001647949 3.73550009727478
6.51889991760254 3.74494004249573
6.53534984588623 3.754390001297
6.55180978775024 3.76384997367859
6.56828022003174 3.77330994606018
6.58477020263672 3.78277993202209
6.60127019882202 3.79225993156433
6.61778020858765 3.80173993110657
6.63430023193359 3.81123995780945
6.65083980560303 3.82072997093201
6.66739988327026 3.83024001121521
6.6839599609375 3.83975005149841
6.70054006576538 3.84927010536194
6.71714019775391 3.85879993438721
6.73373985290527 3.86834001541138
6.75036001205444 3.87788009643555
6.76700019836426 3.88742995262146
6.78363990783691 3.89698004722595
6.80030012130737 3.90653991699219
6.81697988510132 3.91611003875732
6.83366012573242 3.9256899356842
6.85035991668701 3.93527007102966
6.8670802116394 3.94486999511719
6.88380002975464 3.95445990562439
6.90053987503052 3.96407008171082
6.9173002243042 3.97368001937866
6.93406009674072 3.98329997062683
6.95083999633789 3.99292993545532
6.9676399230957 4.00256013870239
6.98443984985352 4.01219987869263
7.00125980377197 4.02185010910034
7.01809978485107 4.0314998626709
7.03493976593018 4.04116010665894
7.05179977416992 4.05082988739014
7.06866979598999 4.0605001449585
7.0855598449707 4.07018995285034
7.10245990753174 4.07988023757935
7.1193699836731 4.08957004547119
7.1363000869751 4.09926986694336
7.15324020385742 4.10898017883301
7.17018985748291 4.11870002746582
7.1871600151062 4.12842988967896
7.20414018630981 4.13816022872925
7.22112989425659 4.14790010452271
7.23813009262085 4.15763998031616
7.25514984130859 4.16738986968994
7.27218008041382 4.17714977264404
7.28922986984253 4.18692016601563
7.30629014968872 4.19669008255005
7.32335996627808 4.20647001266479
7.34044981002808 4.21625995635986
7.35754013061523 4.22604990005493
7.3746600151062 4.23584985733032
7.39177989959717 4.24565982818604
7.40891981124878 4.25546979904175
7.42607021331787 4.26529979705811
7.44324016571045 4.27511978149414
7.46041011810303 4.28495979309082
7.47761011123657 4.2947998046875
7.49481010437012 4.3046498298645
7.51203012466431 4.31450986862183
7.52926015853882 4.32436990737915
7.54650020599365 4.3342399597168
7.56375980377197 4.34412002563477
7.58102989196777 4.35400009155273
7.59832000732422 4.36390018463135
7.61561012268066 4.37378978729248
7.6329197883606 4.38369989395142
7.65024995803833 4.39361000061035
7.66758012771606 4.40353012084961
7.68493986129761 4.41345977783203
7.70230007171631 4.42338991165161
7.7196798324585 4.43333005905151
7.73707008361816 4.44328022003174
7.754469871521 4.4532299041748
7.77189016342163 4.46319007873535
7.78931999206543 4.47315979003906
7.80675983428955 4.48312997817993
7.82422018051147 4.49312019348145
7.84169006347656 4.50309991836548
7.85916996002197 4.51310014724731
7.87666988372803 4.52309989929199
7.8941798210144 4.53311014175415
7.9116997718811 4.54312992095947
7.92924022674561 4.55315017700195
7.94679021835327 4.5631799697876
7.96435022354126 4.57321977615356
7.98192977905273 4.58326005935669
7.99951982498169 4.5933198928833
8.01712036132813 4.60337018966675
8.03474044799805 4.61344003677368
8.05237007141113 4.62350988388062
8.0700101852417 4.63359022140503
8.08767032623291 4.64368009567261
8.10534000396729 4.65376996994019
8.12302017211914 4.66386985778809
8.14072036743164 4.67398023605347
8.1584300994873 4.68409013748169
8.17615985870361 4.69421005249023
8.19388961791992 4.7043399810791
8.21164035797119 4.71446990966797
8.22941017150879 4.72461986541748
8.24717998504639 4.73476982116699
8.26498031616211 4.7449197769165
8.28277969360352 4.7550802230835
8.30060005187988 4.76525020599365
8.31842994689941 4.77543020248413
8.33627033233643 4.78561019897461
8.35412979125977 4.79581022262573
8.37199974060059 4.80600023269653
8.38988971710205 4.81620979309082
8.407790184021 4.82641983032227
8.42570018768311 4.83663988113403
8.44361972808838 4.8468599319458
8.46156024932861 4.85710000991821
8.47951030731201 4.86734008789063
8.49748039245605 4.87758016586304
8.51546001434326 4.88783979415894
8.53345012664795 4.89809989929199
8.55146026611328 4.90837001800537
8.56947994232178 4.91864013671875
8.58751010894775 4.92891979217529
8.60556030273438 4.93920993804932
8.62362003326416 4.94951009750366
8.64169025421143 4.95980978012085
8.65977954864502 4.97011995315552
8.67788028717041 4.98044013977051
8.69600009918213 4.99075984954834
8.71411991119385 5.00109004974365
8.73227024078369 5.01142978668213
8.75041961669922 5.02178001403809
8.76858997344971 5.03212976455688
8.78676986694336 5.04249000549316
8.80496978759766 5.05284976959229
8.82318019866943 5.06323003768921
8.84140014648438 5.07360982894897
8.85964012145996 5.08400011062622
8.87788963317871 5.09438991546631
8.89614963531494 5.10479021072388
8.91442966461182 5.11520004272461
8.93272018432617 5.12561988830566
8.95102977752686 5.13604021072388
8.96934986114502 5.14647006988525
8.98768043518066 5.15690994262695
9.00603008270264 5.16734981536865
9.02439022064209 5.17780017852783
9.04275989532471 5.18826007843018
9.06114959716797 5.19872999191284
9.07954978942871 5.20919990539551
9.0979700088501 5.2196798324585
9.11639976501465 5.23016023635864
9.13484001159668 5.24066019058228
9.15328979492188 5.25116014480591
9.17175960540771 5.26167011260986
9.19025039672852 5.27218008041382
9.20874977111816 5.2827000617981
9.22725963592529 5.2932300567627
9.2457799911499 5.30377006530762
9.26432037353516 5.31431007385254
9.28287982940674 5.32486009597778
9.30144023895264 5.33542013168335
9.32001972198486 5.34599018096924
9.33862018585205 5.35656023025513
9.3572301864624 5.36713981628418
9.37584972381592 5.37772989273071
9.39449024200439 5.38831996917725
9.41314029693604 5.3989200592041
9.43179988861084 5.40953016281128
9.45048046112061 5.4201397895813
9.46916961669922 5.43076992034912
9.48787975311279 5.44140005111694
9.50660037994385 5.45203018188477
9.52532958984375 5.46267986297607
9.54407978057861 5.47333002090454
9.56284046173096 5.48399019241333
9.58160972595215 5.49464988708496
9.6003999710083 5.50532007217407
9.6192102432251 5.51599979400635
9.63803005218506 5.5266900062561
9.6568603515625 5.53739023208618
9.67570018768311 5.5480899810791
9.69456005096436 5.5588002204895
9.71343994140625 5.56950998306274
9.73233032226563 5.58023977279663
9.75123023986816 5.59097003936768
9.77013969421387 5.60169982910156
9.78907012939453 5.61245012283325
9.80801963806152 5.62319993972778
9.826979637146 5.63395977020264
9.84595012664795 5.64473009109497
9.86493968963623 5.65549993515015
9.88393974304199 5.66627979278564
9.90295028686523 5.67707014083862
9.9219799041748 5.68787002563477
9.94102954864502 5.69866991043091
9.96008014678955 5.70947980880737
9.97916030883789 5.72030019760132
9.99824047088623 5.73112010955811
10.0172996520996 5.74196004867554
