0.453280985355377 0.238501995801926
0.452665001153946 0.238121002912521
0.452050000429153 0.237738996744156
0.451436012983322 0.237359002232552
0.45082300901413 0.236977994441986
0.450210988521576 0.236598998308182
0.449600011110306 0.236220002174377
0.448989987373352 0.235842004418373
0.448379993438721 0.235464006662369
0.447771996259689 0.235085994005203
0.447165012359619 0.234709993004799
0.446559011936188 0.234334006905556
0.445953994989395 0.233958005905151
0.445349007844925 0.233583003282547
0.444745987653732 0.233208000659943
0.444142997264862 0.232833996415138
0.443542003631592 0.232461005449295
0.442941009998322 0.232087999582291
0.442342013120651 0.231714993715286
0.441742986440659 0.231343001127243
0.441145002841949 0.230972006917
0.440548002719879 0.230600997805595
0.439951986074448 0.230230003595352
0.4393570125103 0.229861006140709
0.438762009143829 0.229490995407104
0.438169002532959 0.229121997952461
0.437575995922089 0.228753998875618
0.436984002590179 0.228385999798775
0.43639400601387 0.228018000721931
0.4358029961586 0.227651000022888
0.435214012861252 0.227284997701645
0.434626013040543 0.226918995380402
0.434038013219833 0.226552993059158
0.433452010154724 0.226188004016876
0.432866007089615 0.225823000073433
0.432280987501144 0.22545899450779
0.431695997714996 0.225095003843307
0.431113004684448 0.224731996655464
0.4305300116539 0.224369004368782
0.429948002099991 0.224005997180939
0.429367005825043 0.223644003272057
0.428786009550095 0.223281994462013
0.428205996751785 0.222920998930931
0.427628010511398 0.222560003399849
0.42704901099205 0.222200006246567
0.426472008228302 0.221839994192123
0.425895005464554 0.221479997038841
0.425318986177444 0.221120998263359
0.424744009971619 0.220761999487877
0.42416900396347 0.220403999090195
0.423595011234283 0.220045998692513
0.423022001981735 0.21968799829483
0.422448992729187 0.219329997897148
0.4218769967556 0.218972995877266
0.421306014060974 0.218617007136345
0.420736014842987 0.218261003494263
0.420165985822678 0.21790499985218
0.419595986604691 0.217548996210098
0.419028013944626 0.217194005846977
0.418460011482239 0.216839000582695
0.417892009019852 0.216483995318413
0.417324990034103 0.216130003333092
0.416759014129639 0.215775996446609
0.41619399189949 0.215422004461288
0.415628999471664 0.215068995952606
0.415064007043839 0.214716002345085
0.414499998092651 0.214362993836403
0.413937002420425 0.214010998606682
0.413374006748199 0.213658004999161
0.412811994552612 0.213305994868279
0.412250012159348 0.212954998016357
0.411689013242722 0.212603002786636
0.411128014326096 0.212252005934715
0.410567998886108 0.211900994181633
0.410008013248444 0.211550995707512
0.409449011087418 0.211199998855591
0.408890008926392 0.21085000038147
0.408331990242004 0.210500001907349
0.40777400135994 0.210150003433228
0.407216012477875 0.209800004959106
0.406659007072449 0.209451004862785
0.406102001667023 0.209102004766464
0.405546009540558 0.208753004670143
0.404989987611771 0.208404004573822
0.404435008764267 0.208055004477501
0.403880000114441 0.20770700275898
0.403324991464615 0.207358002662659
0.40277099609375 0.207010000944138
0.402217000722885 0.206661999225616
0.40166300535202 0.206313997507095
0.401109009981155 0.205965995788574
0.400555998086929 0.205619007349014
0.400002986192703 0.205271005630493
0.399450987577438 0.204924002289772
0.398898005485535 0.204576000571251
0.39834600687027 0.20422899723053
0.397794008255005 0.203880995512009
0.39724200963974 0.203534007072449
0.396690994501114 0.203187003731728
0.39614000916481 0.202840000391006
0.395588010549545 0.202492997050285
0.395036995410919 0.202144995331764
0.394486010074615 0.201798006892204
0.393936008214951 0.201451003551483
0.393384993076324 0.201104000210762
0.392834007740021 0.200756996870041
0.392284005880356 0.20040899515152
0.39173299074173 0.20006200671196
0.391182988882065 0.199715003371239
0.390632003545761 0.199367001652718
0.390082001686096 0.199018999934196
0.38953098654747 0.198671996593475
0.388980001211166 0.198323994874954
0.38842898607254 0.197975993156433
0.387879014015198 0.197628006339073
0.387327998876572 0.197279006242752
0.386777013540268 0.196931004524231
0.386224985122681 0.19658200442791
0.385673999786377 0.196233004331589
0.385122001171112 0.195884004235268
0.384570002555847 0.195535004138947
0.384018003940582 0.195185005664825
0.383464992046356 0.194835007190704
0.382912009954453 0.194483995437622
0.382358998060226 0.194133996963501
0.381805002689362 0.19378300011158
0.381251007318497 0.193431004881859
0.380695998668671 0.193078994750977
0.380140990018845 0.192726999521255
0.37958499789238 0.192374005913734
0.379029005765915 0.192020997405052
0.378472000360489 0.191667005419731
0.377914011478424 0.191312998533249
0.377355992794037 0.190957993268967
0.376796990633011 0.190603002905846
0.376237004995346 0.190246999263763
0.37567600607872 0.189889997243881
0.375115007162094 0.189532995223999
0.374552011489868 0.189174994826317
0.37398898601532 0.188815996050835
0.373423993587494 0.188455998897552
0.372857987880707 0.18809600174427
0.372292011976242 0.187733992934227
0.371722996234894 0.187371999025345
0.371154010295868 0.187009006738663
0.37058299779892 0.186644002795219
0.370011001825333 0.186278998851776
0.369437009096146 0.185911998152733
0.368860989809036 0.18554499745369
0.368283987045288 0.185175999999046
0.36770498752594 0.184805005788803
0.367123991250992 0.184433996677399
0.366540998220444 0.184061005711555
0.365956008434296 0.183686003088951
0.365368992090225 0.183310002088547
0.364778995513916 0.182932004332542
0.364187002182007 0.182551994919777
0.363591998815536 0.182170003652573
0.362993985414505 0.181786999106407
0.362392991781235 0.181400999426842
0.361788988113403 0.181013002991676
0.361182004213333 0.18062299489975
0.360570996999741 0.180230006575584
0.359957009553909 0.179833993315697
0.359337985515594 0.17943599820137
0.358714997768402 0.179034993052483
0.358087986707687 0.178629994392395
0.357454985380173 0.178222998976707
0.356817990541458 0.177810996770859
0.356175005435944 0.17739599943161
0.355524986982346 0.1769759953022
0.35486900806427 0.176551997661591
0.354207009077072 0.17612299323082
0.353536009788513 0.175688996911049
0.352858006954193 0.175249993801117
0.352169990539551 0.174804002046585
0.35147300362587 0.174352005124092
0.350764989852905 0.173892006278038
0.350044995546341 0.173424005508423
0.349312990903854 0.172947004437447
0.348565995693207 0.172461003065109
0.347802996635437 0.171964004635811
0.347021996974945 0.17145399749279
0.34621998667717 0.170930996537209
0.345396012067795 0.170392006635666
0.344545990228653 0.16983500123024
0.34366500377655 0.169257998466492
0.342750012874603 0.168657004833221
0.341796010732651 0.168029993772507
0.340797990560532 0.16737300157547
0.339753985404968 0.166684001684189
0.338665992021561 0.165965005755424
0.337552011013031 0.165226995944977
0.33645099401474 0.164495006203651
0.335411995649338 0.163803994655609
0.334475994110107 0.163178995251656
0.333654999732971 0.162628993391991
0.332940012216568 0.162149995565414
0.332314997911453 0.161730006337166
0.331766992807388 0.161360993981361
0.331281989812851 0.161033004522324
0.330848008394241 0.160741001367569
0.330458998680115 0.160476997494698
0.330107986927032 0.160238996148109
0.329787999391556 0.160022005438805
0.329497009515762 0.159823998808861
0.329230010509491 0.159641996026039
0.328985005617142 0.15947499871254
0.328759014606476 0.159320995211601
0.32855099439621 0.159179002046585
0.328357994556427 0.159046992659569
0.328179985284805 0.158924996852875
0.328016012907028 0.158812001347542
0.32786300778389 0.158706992864609
0.327720999717712 0.158609002828598
0.327589005231857 0.158518999814987
0.327468007802963 0.158435001969337
0.32735401391983 0.158356994390488
0.327250003814697 0.158283993601799
0.327152997255325 0.158216997981071
0.327062994241714 0.158154994249344
0.326979994773865 0.158097997307777
0.326903998851776 0.158044993877411
0.326833993196487 0.157996997237206
0.326770007610321 0.1579519957304
0.326710999011993 0.157911002635956
0.326658010482788 0.157874003052711
0.32660898566246 0.157839998602867
0.326564997434616 0.157810002565384
0.326525986194611 0.157782003283501
0.326492011547089 0.157757997512817
0.326460987329483 0.157737001776695
0.326434999704361 0.157718002796173
0.326411992311478 0.157701998949051
0.326393008232117 0.15768900513649
0.326377987861633 0.157677993178368
0.326366007328033 0.157670006155968
0.326357007026672 0.157664000988007
0.326352000236511 0.157659992575645
0.326350003480911 0.157658994197845
0.326350003480911 0.157658994197845
0.326353996992111 0.157661005854607
0.326359987258911 0.157665997743607
0.326368004083633 0.157672002911568
0.326380014419556 0.157680004835129
0.326393991708755 0.15769000351429
0.326411008834839 0.157701998949051
0.3264299929142 0.157714992761612
0.326451003551483 0.157729998230934
0.326474994421005 0.157747000455856
0.32650101184845 0.157765999436378
0.326528996229172 0.157785996794701
0.326559007167816 0.157807007431984
0.326591014862061 0.157829999923706
0.326626002788544 0.157855004072189
0.326662003993988 0.157881006598473
0.326700985431671 0.157907992601395
0.326741009950638 0.157937005162239
0.326783001422882 0.157967001199722
0.326826989650726 0.157997995615005
0.326873004436493 0.15803100168705
0.326920002698898 0.158065006136894
0.326968997716904 0.158099994063377
0.327019989490509 0.158136993646622
0.327071994543076 0.158173993229866
0.327127009630203 0.158213004469872
0.327181994915009 0.158252999186516
0.327239006757736 0.158294007182121
0.327297985553741 0.158336997032166
0.32735800743103 0.158380001783371
0.327419996261597 0.158425003290176
0.327482998371124 0.158470004796982
0.327547997236252 0.158517003059387
0.327614009380341 0.158564001321793
0.327681005001068 0.158612996339798
0.327749997377396 0.158663004636765
0.327820003032684 0.15871399641037
0.327890992164612 0.158765003085136
0.327964007854462 0.158818006515503
0.32803800702095 0.158870995044708
0.328112989664078 0.158925995230675
0.328188985586166 0.158981993794441
0.328267008066177 0.159038007259369
0.328346014022827 0.159095004200935
0.328426003456116 0.159153997898102
0.328507006168365 0.159213006496429
0.328588992357254 0.159272998571396
0.328671991825104 0.159334003925323
0.328756988048553 0.15939499437809
0.328842997550964 0.159457996487617
0.328929990530014 0.159520998597145
0.329017013311386 0.159585997462273
0.329106003046036 0.1596509963274
0.329196006059647 0.159716993570328
0.329286992549896 0.159784004092216
0.329378992319107 0.159850999712944
0.329472988843918 0.159920006990433
0.329566985368729 0.15998899936676
0.329661995172501 0.160059005022049
0.329757988452911 0.160128995776176
0.329854995012283 0.160200998187065
0.329953014850616 0.160273000597954
0.330051988363266 0.160346001386642
0.330152004957199 0.160420000553131
0.330253005027771 0.16049399971962
0.330354988574982 0.160569995641708
0.330457985401154 0.160646006464958
0.330561995506287 0.160722002387047
0.33066600561142 0.160799995064735
0.330772012472153 0.160878002643585
0.330877989530563 0.160956993699074
0.330985009670258 0.161035999655724
0.331093996763229 0.161117002367973
0.331203013658524 0.161198005080223
0.331313014030457 0.161278992891312
0.33142301440239 0.161362007260323
0.331535011529922 0.161445006728172
0.331647992134094 0.161528006196022
0.331761002540588 0.161613002419472
0.331874996423721 0.161697998642921
0.331990003585815 0.161783993244171
0.332105994224548 0.161870002746582
0.332222998142242 0.161956995725632
0.332340002059937 0.162045001983643
0.332457989454269 0.162132993340492
0.332576990127563 0.162222996354103
0.332697004079819 0.162312000989914
0.332818001508713 0.162403002381325
0.332938998937607 0.162494003772736
0.333061993122101 0.162585005164146
0.333184987306595 0.162678003311157
0.333308011293411 0.162771001458168
0.333433002233505 0.162863999605179
0.333557993173599 0.16295899450779
0.333683997392654 0.163053005933762
0.333811014890671 0.163148999214172
0.333938986063004 0.163245007395744
0.334066987037659 0.163341999053955
0.334196001291275 0.163439005613327
0.33432599902153 0.163536995649338
0.334457010030746 0.16363599896431
0.33458799123764 0.163735002279282
0.334719985723495 0.163835003972054
0.334852993488312 0.163935005664825
0.334986001253128 0.164036005735397
0.335119992494583 0.164138004183769
0.335254997014999 0.164240002632141
0.335391014814377 0.164342999458313
0.335527002811432 0.164446994662285
0.335664004087448 0.164551004767418
0.335801988840103 0.16465499997139
0.335940003395081 0.164761006832123
0.336079001426697 0.164866998791695
0.336219012737274 0.164973005652428
0.33636000752449 0.165079995989799
0.336501002311707 0.165187999606133
0.336643010377884 0.165296003222466
0.3367860019207 0.165405005216599
0.336928993463516 0.165514007210732
0.337072998285294 0.165623992681503
0.337217003107071 0.165735006332397
0.337363004684448 0.16584600508213
0.337509006261826 0.165958002209663
0.337655007839203 0.166070997714996
0.33780300617218 0.166183993220329
0.337951004505157 0.166297003626823
0.338099986314774 0.166410997509956
0.338248997926712 0.16652600467205
0.338398993015289 0.166640996932983
0.338550001382828 0.166757002472878
0.338701009750366 0.166874006390572
0.338853001594543 0.166990995407104
0.339006006717682 0.167107999324799
0.33915901184082 0.167226999998093
0.339313000440598 0.167345002293587
0.339468002319336 0.167465001344681
0.339623004198074 0.167585000395775
0.339778989553452 0.167704999446869
0.33993598818779 0.167825996875763
0.340092986822128 0.167947992682457
0.340250998735428 0.168070003390312
0.340409010648727 0.168192997574806
0.340568989515305 0.168317005038261
0.340728998184204 0.168440997600555
0.340889006853104 0.168565005064011
0.341049998998642 0.168689996004105
0.341212004423141 0.16881600022316
0.341374009847641 0.168942004442215
0.34153801202774 0.16906900703907
0.341701000928879 0.169196993112564
0.341865986585617 0.169324994087219
0.342031002044678 0.169452995061874
0.342195987701416 0.16958299279213
0.342362999916077 0.169712007045746
0.342528998851776 0.169843003153801
0.342696994543076 0.169973999261856
0.342864990234375 0.170104995369911
0.343033999204636 0.170237004756927
0.343203991651535 0.170369997620583
0.343374013900757 0.170503005385399
0.343544006347656 0.170636996626854
0.343715995550156 0.17077100276947
0.343888014554977 0.170906007289886
0.344060003757477 0.171041995286942
0.344233989715576 0.171177998185158
0.344408005475998 0.171314001083374
0.344581991434097 0.17145200073719
0.344756990671158 0.171590000391006
0.34493300318718 0.171728000044823
0.345108985900879 0.171866998076439
0.345286011695862 0.172006994485855
0.345463991165161 0.172147005796432
0.345642000436783 0.172288000583649
0.345820993185043 0.172428995370865
0.346000999212265 0.172571003437042
0.346181005239487 0.172712996602058
0.346361994743347 0.172856003046036
0.346543997526169 0.172999992966652
0.34672600030899 0.173143997788429
0.346908003091812 0.173289000988007
0.347092002630234 0.173435002565384
0.347276002168655 0.173581004142761
0.347460001707077 0.173727005720139
0.347645998001099 0.173874005675316
0.347831010818481 0.174022004008293
0.348017990589142 0.17417100071907
0.348205000162125 0.174319997429848
0.348392993211746 0.174468994140625
0.348580986261368 0.174619004130363
0.348769992589951 0.174769997596741
0.348960012197495 0.174921005964279
0.349150002002716 0.175072997808456
0.349341005086899 0.175226002931595
0.34953299164772 0.175378993153572
0.349725008010864 0.17553299665451
0.349918007850647 0.175687000155449
0.35011100769043 0.175842002034187
0.350306004285812 0.175998002290726
0.350499987602234 0.176154002547264
0.350695997476578 0.176311001181602
0.350892007350922 0.176467999815941
0.351087987422943 0.176625996828079
0.351285994052887 0.176785007119179
0.351484000682831 0.176944002509117
0.351682007312775 0.177103996276855
0.351882010698318 0.177264004945755
0.352081000804901 0.177424997091293
0.352281987667084 0.177587002515793
0.352483004331589 0.177748993039131
0.352685004472733 0.177911996841431
0.352887004613876 0.17807500064373
0.353089988231659 0.17823900282383
0.353293985128403 0.178404003381729
0.353498011827469 0.178569003939629
0.353702992200851 0.178735002875328
0.353908985853195 0.178902000188828
0.354115009307861 0.179068997502327
0.354321986436844 0.179236993193626
0.35453000664711 0.179405003786087
0.354737997055054 0.179574996232986
0.354947000741959 0.179744005203247
0.355156987905502 0.179914996027946
0.355367004871368 0.180086001753807
0.355578005313873 0.180256992578506
0.355789005756378 0.180428996682167
0.356000989675522 0.180601999163628
0.356213986873627 0.180776000022888
0.356427997350693 0.180950000882149
0.356642007827759 0.181125000119209
0.356857001781464 0.18129999935627
0.357071995735168 0.18147599697113
0.357288002967834 0.181652992963791
0.357504993677139 0.181831002235413
0.357722997665405 0.182008996605873
0.357941001653671 0.182187005877495
0.358159989118576 0.182366997003555
0.358379006385803 0.182547003030777
0.358599007129669 0.182726994156837
0.358819991350174 0.182908996939659
0.359041005373001 0.183090999722481
0.359263986349106 0.183273002505302
0.359486013650894 0.183457002043724
0.35971000790596 0.183641001582146
0.359934002161026 0.183825001120567
0.360159009695053 0.184010997414589
0.360385000705719 0.184196993708611
0.360610991716385 0.184383004903793
0.360837996006012 0.184570997953415
0.361065000295639 0.184759005904198
0.361292988061905 0.184946998953819
0.361521989107132 0.185137003660202
0.36175200343132 0.185326993465424
0.361981987953186 0.185517996549606
0.362212985754013 0.185708999633789
0.362444996833801 0.185901001095772
0.362677991390228 0.186094000935555
0.362910985946655 0.186287999153137
0.363144010305405 0.18648199737072
0.363379001617432 0.186676993966103
0.363613992929459 0.186872005462646
0.363849997520447 0.187068998813629
0.364086985588074 0.187266007065773
0.364324003458023 0.187463000416756
0.364562004804611 0.1876620054245
0.364800989627838 0.187860995531082
0.365040004253387 0.188060998916626
0.365280002355576 0.18826100230217
0.365521013736725 0.188462004065514
0.365763008594513 0.188664004206657
0.366005003452301 0.188867002725601
0.36624801158905 0.189070999622345
0.366492003202438 0.189274996519089
0.366735994815826 0.189480006694794
0.366980999708176 0.189685001969337
0.367226988077164 0.189890995621681
0.367473989725113 0.190099000930786
0.367720991373062 0.19030599296093
0.367969006299973 0.190514996647835
0.368218004703522 0.19072400033474
0.368467003107071 0.190934002399445
0.36871799826622 0.191145002841949
0.368968993425369 0.191357001662254
0.369219988584518 0.191569000482559
0.36947301030159 0.191781997680664
0.369726002216339 0.191995993256569
0.369980007410049 0.192210003733635
0.370234996080399 0.19242599606514
0.37049001455307 0.192642003297806
0.370746999979019 0.192857995629311
0.371003001928329 0.193075999617577
0.37126100063324 0.193294003605843
0.371520012617111 0.193514004349709
0.37177899479866 0.193734005093575
0.372038990259171 0.19395400583744
0.372299998998642 0.194176003336906
0.372561007738113 0.194398000836372
0.372824013233185 0.194620996713638
0.373086988925934 0.194845005869865
0.373351007699966 0.195069998502731
0.373614996671677 0.195295006036758
0.373881012201309 0.195520997047424
0.374146997928619 0.195748001337051
0.374413996934891 0.195976004004478
0.374682009220123 0.196205005049706
0.374949991703033 0.196434006094933
0.375218987464905 0.19666500389576
0.375490009784698 0.196896001696587
0.375759989023209 0.197127997875214
0.376031994819641 0.197359994053841
0.376305013895035 0.197594001889229
0.376578003168106 0.197827994823456
0.376852005720139 0.198063999414444
0.37712699174881 0.198300004005432
0.377402991056442 0.19853700697422
0.377678990364075 0.198773995041847
0.377956986427307 0.199012994766235
0.378235012292862 0.199251994490623
0.378513991832733 0.199493005871773
0.378794014453888 0.199734002351761
0.37907400727272 0.199975997209549
0.379355996847153 0.200219005346298
0.379637986421585 0.200461998581886
0.379920989274979 0.200707003474236
0.380205005407333 0.200951993465424
0.380490005016327 0.201198995113373
0.38077500462532 0.201445996761322
0.381062000989914 0.201693996787071
0.381348997354507 0.20194299519062
0.381637006998062 0.202193006873131
0.381926000118256 0.20244400203228
0.38221600651741 0.202694997191429
0.382506996393204 0.202948004007339
0.382798999547958 0.203200995922089
0.383091002702713 0.203455999493599
0.383383989334106 0.203711003065109
0.383677989244461 0.20396700501442
0.383973002433777 0.20422400534153
0.384268999099731 0.20448200404644
0.384566009044647 0.20474100112915
0.384864002466202 0.205000996589661
0.385161995887756 0.205262005329132
0.385461986064911 0.205522999167442
0.385762006044388 0.205786004662514
0.386063009500504 0.206049993634224
0.386366009712219 0.206313997507095
0.386669009923935 0.206579998135567
0.386972010135651 0.206845998764038
0.387277007102966 0.207112997770309
0.387582987546921 0.207381993532181
0.387890011072159 0.207651004195213
0.388197004795074 0.207920998334885
0.38850599527359 0.208193004131317
0.388814985752106 0.208464995026588
0.389124989509583 0.208737999200821
0.389436990022659 0.209012001752853
0.389748990535736 0.209287002682686
0.390062004327774 0.209564000368118
0.390376001596451 0.209840998053551
0.390691012144089 0.210118994116783
0.391007006168365 0.210398003458977
0.391324013471603 0.210677996277809
0.391640990972519 0.210960000753403
0.391959995031357 0.211242005228996
0.392280012369156 0.211524993181229
0.392599999904633 0.211808994412422
0.392922013998032 0.212095007300377
0.393245011568069 0.21238100528717
0.393568009138107 0.212668001651764
0.393893003463745 0.212956994771957
0.394217997789383 0.213246002793312
0.394544988870621 0.213536992669106
0.394872009754181 0.21382799744606
0.395200997591019 0.214120998978615
0.395529985427856 0.214414998888969
0.395860999822617 0.214708998799324
0.396192014217377 0.215004995465279
0.396524995565414 0.215302005410194
0.396858006715775 0.215599998831749
0.397193014621735 0.215899005532265
0.397527992725372 0.216199994087219
0.397864997386932 0.216500997543335
0.398202985525131 0.216802999377251
0.398541003465652 0.217106997966766
0.398880988359451 0.217410996556282
0.399221003055573 0.217717006802559
0.399563014507294 0.218024000525475
0.399906009435654 0.21833199262619
0.400249987840652 0.218640998005867
0.400595009326935 0.218952000141144
0.400940001010895 0.219263002276421
0.401286989450455 0.219576001167297
0.401634991168976 0.219889000058174
0.401984989643097 0.220203995704651
0.402334988117218 0.220520004630089
0.4026859998703 0.220836997032166
0.403037995100021 0.221156001091003
0.403391987085342 0.221475005149841
0.403746008872986 0.221796005964279
0.404101997613907 0.222118005156517
0.404458999633789 0.222441002726555
0.404816001653671 0.222765997052193
0.405175000429153 0.223091006278992
0.405535012483597 0.223417997360229
0.405896991491318 0.223746001720428
0.406259000301361 0.224075004458427
0.406621992588043 0.224406003952026
0.406987011432648 0.224738001823425
0.407353013753891 0.225070998072624
0.407718986272812 0.225404992699623
0.408086985349655 0.225740000605583
0.40845599770546 0.226077005267143
0.408827006816864 0.226414993405342
0.409197986125946 0.226753994822502
0.40957099199295 0.227094992995262
0.409943997859955 0.227436006069183
0.410319000482559 0.227779999375343
0.410695999860764 0.228123992681503
0.411072999238968 0.228469997644424
0.411451011896133 0.228817000985146
0.411830991506577 0.229165002703667
0.412212014198303 0.229515001177788
0.412593990564346 0.229865998029709
0.412977010011673 0.23021799325943
0.413361996412277 0.230572000145912
0.413747996091843 0.230927005410194
0.414135009050369 0.231282994151115
0.414523005485535 0.231640994548798
0.414911985397339 0.23199999332428
0.415302991867065 0.232360005378723
0.415695011615753 0.232721999287605
0.41608801484108 0.233085006475449
0.416482001543045 0.233449995517731
0.416878014802933 0.233815997838974
0.417275011539459 0.234182998538017
0.417672991752625 0.234551995992661
0.418072998523712 0.234922006726265
0.418473988771439 0.235293999314308
0.418875992298126 0.235667005181313
0.419279009103775 0.236041992902756
0.419683992862701 0.23641799390316
0.420089989900589 0.236794993281364
0.420497000217438 0.23717400431633
0.420906007289886 0.237554997205734
0.421315997838974 0.2379370033741
0.421727001667023 0.238319993019104
0.422140002250671 0.238704994320869
0.422553986310959 0.239090994000435
0.42296901345253 0.239479005336761
0.423386007547379 0.239868000149727
0.423803985118866 0.240259006619453
0.424223989248276 0.240651994943619
0.424643993377686 0.241045996546745
0.425067007541656 0.241440996527672
0.425489991903305 0.241837993264198
0.425915002822876 0.242237001657486
0.426342010498047 0.242636993527412
0.426768988370895 0.2430389970541
0.427199006080627 0.243441998958588
0.427628993988037 0.243846997618675
0.428061008453369 0.244253993034363
0.428494989871979 0.244662001729012
0.428930014371872 0.24507200717926
0.429365992546082 0.245483994483948
0.429803997278214 0.245896995067596
0.430242985486984 0.246310994029045
0.430684000253677 0.246728003025055
0.431125998497009 0.247145995497704
0.431569993495941 0.247565001249313
0.432015001773834 0.247987002134323
0.432462006807327 0.248410001397133
0.432909995317459 0.248834997415543
0.433360010385513 0.249261006712914
0.433811008930206 0.249688997864723
0.434264004230499 0.250119000673294
0.434718996286392 0.250550985336304
0.435173988342285 0.250984013080597
0.435631990432739 0.251419991254807
0.436091005802155 0.251855999231339
0.436551004648209 0.252294987440109
0.437013000249863 0.252736002206802
0.437476992607117 0.253178000450134
0.437941998243332 0.253621995449066
0.438409000635147 0.254067987203598
0.438877999782562 0.254516005516052
0.439348012208939 0.254965007305145
0.439819008111954 0.255416005849838
0.44029301404953 0.255870014429092
0.440768003463745 0.256325006484985
0.441244006156921 0.256781995296478
0.441722005605698 0.257239997386932
0.442202001810074 0.257701009511948
0.44268399477005 0.25816398859024
0.443167001008987 0.258628010749817
0.443652004003525 0.259095013141632
0.444139003753662 0.259562999010086
0.444626986980438 0.260033011436462
0.445116996765137 0.260504990816116
0.445609003305435 0.260980010032654
0.446101993322372 0.26145601272583
0.446597009897232 0.261934012174606
0.447093993425369 0.262414008378983
0.447593003511429 0.262896001338959
0.448092997074127 0.263381004333496
0.448596000671387 0.263866990804672
0.449099987745285 0.264355003833771
0.449604988098145 0.264845013618469
0.450112998485565 0.265338003635406
0.450621992349625 0.265832006931305
0.451133012771606 0.266328990459442
0.451646000146866 0.266826987266541
0.452161014080048 0.2673279941082
0.452677994966507 0.26783099770546
0.453197002410889 0.268335998058319
0.453716993331909 0.268842995166779
0.454239010810852 0.269351989030838
0.454762995243073 0.269863992929459
0.455289989709854 0.27037701010704
0.455817013978958 0.270893007516861
0.456346988677979 0.271411001682281
0.456878989934921 0.271932005882263
0.457412987947464 0.272453993558884
0.457949012517929 0.272978991270065
0.458485990762711 0.273505985736847
0.459026008844376 0.274035006761551
0.459567010402679 0.274567008018494
0.460110992193222 0.275099992752075
0.460655987262726 0.275637000799179
0.461203992366791 0.276174992322922
0.461753994226456 0.276715993881226
0.462305009365082 0.277258992195129
0.462859004735947 0.277805000543594
0.463414013385773 0.278353005647659
0.463972002267838 0.278903007507324
0.464531987905502 0.279455989599228
0.465094000101089 0.280010998249054
0.465658009052277 0.28056800365448
0.466224014759064 0.281127989292145
0.466791987419128 0.281691014766693
0.467361986637115 0.282256007194519
0.467934995889664 0.282822996377945
0.468510001897812 0.283392995595932
0.469085991382599 0.28396600484848
0.469664990901947 0.284541010856628
0.470245987176895 0.285118997097015
0.470829993486404 0.285699009895325
0.471415013074875 0.286280989646912
0.472003012895584 0.286866992712021
0.472593009471893 0.28745499253273
0.473185986280441 0.288044989109039
0.473780006170273 0.288639008998871
0.474377006292343 0.28923499584198
0.474976003170013 0.289833009243011
0.475576996803284 0.290434002876282
0.476181000471115 0.291038006544113
0.476787000894547 0.291644990444183
0.477394998073578 0.292255014181137
0.47800600528717 0.292867004871368
0.478619009256363 0.293482005596161
0.479234993457794 0.294099986553192
0.479853004217148 0.294719994068146
0.480473011732101 0.295343995094299
0.481095999479294 0.295969992876053
0.481721013784409 0.296599000692368
0.482347995042801 0.297230988740921
0.482977986335754 0.297865986824036
0.483610987663269 0.298503994941711
0.484245985746384 0.299145013093948
0.484883010387421 0.299789011478424
0.485522985458374 0.3004350066185
0.486166000366211 0.301084995269775
0.486811012029648 0.301737993955612
0.487459003925323 0.30239400267601
0.488108992576599 0.303052991628647
0.488761991262436 0.303714007139206
0.489416986703873 0.304378986358643
0.490074992179871 0.305047005414963
0.49073600769043 0.305718988180161
0.491400003433228 0.306392997503281
0.492065995931625 0.307071000337601
0.492733985185623 0.307750999927521
0.493405997753143 0.308434993028641
0.494080007076263 0.309121996164322
0.494756996631622 0.309812992811203
0.495436012744904 0.310505986213684
0.496118992567062 0.311203002929688
0.496803998947144 0.311904013156891
0.497491985559464 0.312606990337372
0.498183012008667 0.313313990831375
0.498876988887787 0.314025014638901
0.499572992324829 0.314738005399704
0.50027197599411 0.315456002950668
0.500975012779236 0.316175997257233
0.501680016517639 0.316900014877319
0.502388000488281 0.317627996206284
0.503099024295807 0.318358987569809
0.503813028335571 0.319092988967896
0.504530012607574 0.319831997156143
0.505249977111816 0.320573002099991
0.505972981452942 0.321319013834
0.506699025630951 0.322068005800247
0.507427990436554 0.322820007801056
0.508159995079041 0.323576986789703
0.508894979953766 0.324337005615234
0.509634017944336 0.325100004673004
0.510375022888184 0.325868010520935
0.511120021343231 0.326638996601105
0.511868000030518 0.327414005994797
0.512619018554688 0.328193008899689
0.513373017311096 0.328976005315781
0.514129996299744 0.329762011766434
0.514891028404236 0.330552995204926
0.515654981136322 0.331346988677979
0.516421973705292 0.332145988941193
0.517193019390106 0.332947999238968
0.517965972423553 0.333754003047943
0.518743991851807 0.334565013647079
0.519523978233337 0.335379004478455
0.520308017730713 0.336198002099991
0.521095991134644 0.337020993232727
0.521885991096497 0.337846994400024
0.522680997848511 0.338678002357483
0.523477971553802 0.33951398730278
0.5242800116539 0.340353012084961
0.525084972381592 0.34119701385498
0.525892972946167 0.3420450091362
0.526705026626587 0.342896997928619
0.527520000934601 0.3437539935112
0.528339982032776 0.344615012407303
0.529161989688873 0.345481008291245
0.529989004135132 0.346350014209747
0.530818998813629 0.34722501039505
0.531652987003326 0.348104000091553
0.532490015029907 0.348987013101578
0.533331990242004 0.349875003099442
0.534177005290985 0.350767999887466
0.535026013851166 0.351664990186691
0.535879015922546 0.352566987276077
0.536736011505127 0.353473991155624
0.537595987319946 0.354384988546371
0.538461029529572 0.35530099272728
0.539328992366791 0.356222003698349
0.540202021598816 0.357147991657257
0.541077971458435 0.358078002929688
0.54195898771286 0.359014004468918
0.542842984199524 0.359953999519348
0.543731987476349 0.360900014638901
0.544623970985413 0.361849993467331
0.545521020889282 0.362805992364883
0.546422004699707 0.363766014575958
0.547327995300293 0.364731997251511
0.548237025737762 0.365702986717224
0.549151003360748 0.366679012775421
0.550068974494934 0.367659986019135
0.550990998744965 0.368647009134293
0.551918029785156 0.369639009237289
0.552848994731903 0.370635986328125
0.553784012794495 0.371639013290405
0.554723978042603 0.372646987438202
0.555667996406555 0.373659998178482
0.556617021560669 0.374678999185562
0.557569980621338 0.375703990459442
0.558528006076813 0.376733988523483
0.559490025043488 0.377770006656647
0.56045800447464 0.378811001777649
0.561429023742676 0.379857987165451
0.562406003475189 0.380910992622375
0.563386976718903 0.3819699883461
0.564373016357422 0.383033990859985
0.565362989902496 0.384104996919632
0.566358983516693 0.38518100976944
0.56735897064209 0.386263012886047
0.568364024162292 0.387351989746094
0.569374978542328 0.388446003198624
0.570389986038208 0.389546990394592
0.571410000324249 0.390653014183044
0.572435021400452 0.391766011714935
0.57346498966217 0.392884999513626
0.574500024318695 0.394010990858078
0.575541019439697 0.395143002271652
0.576586008071899 0.396281003952026
0.577637016773224 0.3974249958992
0.578692972660065 0.398575991392136
0.579755008220673 0.399733990430832
0.580821990966797 0.400898009538651
0.581893980503082 0.402069002389908
0.582970976829529 0.403246998786926
0.584053993225098 0.404430985450745
0.585143029689789 0.405622005462646
0.586237013339996 0.406819999217987
0.587336003780365 0.408024996519089
0.588441014289856 0.409236997365952
0.589551985263824 0.410456001758575
0.590668976306915 0.41168200969696
0.591790974140167 0.412914991378784
0.592918992042542 0.414155006408691
0.594052970409393 0.415401995182037
0.595193028450012 0.416657000780106
0.596337974071503 0.417919009923935
0.597490012645721 0.419189006090164
0.598648011684418 0.420466005802155
0.599811017513275 0.421750009059906
0.600980997085571 0.423041999340057
0.60215699672699 0.424342006444931
0.603339016437531 0.425650000572205
0.604526996612549 0.426964998245239
0.605722010135651 0.428288012742996
0.60692298412323 0.429619014263153
0.608129978179932 0.43095800280571
0.609344005584717 0.432305008172989
0.610563993453979 0.433660000562668
0.611791014671326 0.435023009777069
0.613025009632111 0.43639400601387
0.614265024662018 0.437774002552032
0.615511000156403 0.439161986112595
0.616765022277832 0.440557986497879
0.618025004863739 0.441962987184525
0.619292020797729 0.443376988172531
0.620566010475159 0.44479900598526
0.621846973896027 0.446229994297028
0.623134970664978 0.447670012712479
0.624430000782013 0.449117988348007
0.625732004642487 0.450574994087219
0.62704199552536 0.452042013406754
0.628358006477356 0.453516989946365
0.629682004451752 0.455002009868622
0.631012976169586 0.456496000289917
0.632351994514465 0.457998991012573
0.633697986602783 0.459511011838913
0.635051012039185 0.46103298664093
0.636412978172302 0.462565004825592
0.637781977653503 0.464105993509293
0.639158010482788 0.465656995773315
0.640541970729828 0.467216998338699
0.641934990882874 0.468787997961044
0.643334984779358 0.47036799788475
0.644743025302887 0.471958994865417
0.646158993244171 0.473558992147446
0.6475830078125 0.475169986486435
0.649015009403229 0.476790994405746
0.650456011295319 0.478421986103058
0.651905000209808 0.480064004659653
0.653361976146698 0.481716006994247
0.654828011989594 0.483379006385803
0.656301975250244 0.48505300283432
0.657784998416901 0.486737996339798
0.659276008605957 0.488433003425598
0.660776019096375 0.490139991044998
0.662284970283508 0.49185699224472
0.663802981376648 0.493586003780365
0.665329992771149 0.495326012372971
0.666728973388672 0.496921986341476
0.667666018009186 0.497990995645523
0.668292999267578 0.498706012964249
0.668711006641388 0.499184012413025
0.668991029262543 0.49950298666954
0.669176995754242 0.499716013669968
0.669300973415375 0.499857991933823
0.669363975524902 0.499929010868073
0.66939502954483 0.499963998794556
0.669426023960114 0.5
0.669426023960114 0.5
0.669457018375397 0.500036001205444
0.66948801279068 0.500070989131927
0.669550001621246 0.500141978263855
0.66967499256134 0.500284016132355
0.669861972332001 0.500497996807098
0.670141994953156 0.500818014144897
0.670563995838165 0.501299977302551
0.67119699716568 0.502023994922638
0.672150015830994 0.503112971782684
0.673586010932922 0.504755973815918
0.67517101764679 0.506569981575012
0.676765978336334 0.50839501619339
0.678369998931885 0.510232985019684
0.679983973503113 0.512084007263184
0.681607007980347 0.513945996761322
0.683241009712219 0.515820980072021
0.684884011745453 0.517709016799927
0.686537981033325 0.519609987735748
0.688201010227203 0.521522998809814
0.68987500667572 0.523449003696442
0.691559016704559 0.52538800239563
0.693252980709076 0.52734100818634
0.694957971572876 0.529307007789612
0.696672976016998 0.531286001205444
0.698399007320404 0.533277988433838
0.700136005878448 0.535284996032715
0.701883971691132 0.537304997444153
0.703642010688782 0.539339005947113
0.705411970615387 0.541387021541595
0.70719301700592 0.543448984622955
0.708984971046448 0.545526027679443
0.710788011550903 0.547617018222809
0.712602972984314 0.549722015857697
0.714429020881653 0.551841974258423
0.716266989707947 0.553978025913239
0.718115985393524 0.556128025054932
0.719977974891663 0.558292984962463
0.721850991249084 0.560473024845123
0.723737001419067 0.562668979167938
0.725633978843689 0.564880013465881
0.727544009685516 0.567107021808624
0.72946697473526 0.569348990917206
0.731401026248932 0.571608006954193
0.733349025249481 0.57388299703598
0.73530900478363 0.576174020767212
0.737281978130341 0.57848197221756
0.739268004894257 0.580806016921997
0.741267025470734 0.583145976066589
0.743279993534088 0.585503995418549
0.745305001735687 0.587879002094269
0.747344970703125 0.59027099609375
0.749396979808807 0.592679977416992
0.751464009284973 0.595107018947601
0.753543972969055 0.597550988197327
0.755638003349304 0.600013971328735
0.757746994495392 0.60249400138855
0.759868979454041 0.604992985725403
0.762005984783173 0.607509970664978
0.764156997203827 0.610046029090881
0.76632297039032 0.612600028514862
0.768504023551941 0.615172982215881
0.770699977874756 0.61776602268219
0.772911012172699 0.620377004146576
0.775137007236481 0.623009026050568
0.777378022670746 0.625660002231598
0.779635012149811 0.628329992294312
0.781907021999359 0.631021022796631
0.784196019172668 0.63373202085495
0.786499977111816 0.63646399974823
0.788820028305054 0.639216005802155
0.791155993938446 0.64198899269104
0.793509006500244 0.644783020019531
0.795879006385803 0.647598028182983
0.798264980316162 0.650434970855713
0.800668001174927 0.653293013572693
0.803088009357452 0.656174004077911
0.805525004863739 0.659075975418091
0.807980000972748 0.662001013755798
0.810451984405518 0.664947986602783
0.812942028045654 0.667918026447296
0.815450012683868 0.670912027359009
0.817975997924805 0.673928022384644
0.820519983768463 0.676967978477478
0.823081970214844 0.680031001567841
0.825663983821869 0.683118999004364
0.828262984752655 0.686230003833771
0.830882012844086 0.689365983009338
0.833519995212555 0.692526996135712
0.836178004741669 0.695712983608246
0.838854014873505 0.698922991752625
0.841551005840302 0.702158987522125
0.844268023967743 0.705420970916748
0.847003996372223 0.708709001541138
0.849761009216309 0.712023019790649
0.852539002895355 0.715363025665283
0.855337023735046 0.718729972839355
0.858156025409698 0.722123980522156
0.860996007919312 0.725544989109039
0.863857984542847 0.728994011878967
0.866741001605988 0.732470989227295
0.869646012783051 0.735975027084351
0.872573018074036 0.739507973194122
0.875522017478943 0.743070006370544
0.878494024276733 0.746661007404327
0.881488025188446 0.750280022621155
0.884504973888397 0.753929972648621
0.887544989585876 0.757609009742737
0.8906090259552 0.761318027973175
0.893696010112762 0.765057981014252
0.896807014942169 0.768828988075256
0.899941980838776 0.772629976272583
0.903101980686188 0.776463985443115
0.906286001205444 0.780327975749969
0.909493982791901 0.784224987030029
0.912728011608124 0.788154006004333
0.915987014770508 0.792115986347198
0.919272005558014 0.796110987663269
0.922581970691681 0.800139009952545
0.925918996334076 0.804201006889343
0.929282009601593 0.808296024799347
0.932672023773193 0.81242698431015
0.936088025569916 0.81659197807312
0.939531028270721 0.820792019367218
0.943001985549927 0.825026988983154
0.946501016616821 0.82929801940918
0.950028002262115 0.833606004714966
0.953583002090454 0.837949991226196
0.957166016101837 0.842330992221832
0.960777997970581 0.846749007701874
0.964420020580292 0.851203978061676
0.968091011047363 0.855697989463806
0.97179102897644 0.860230028629303
0.975521981716156 0.864800989627838
0.979282975196838 0.869412004947662
0.983074009418488 0.874060988426208
0.986895978450775 0.87875097990036
0.990750014781952 0.883481025695801
0.994634985923767 0.888252019882202
0.998552024364471 0.893064022064209
1.00250005722046 0.897917985916138
1.0064799785614 0.902813017368317
1.01049995422363 0.907751977443695
1.01454997062683 0.912732005119324
1.018630027771 0.917756974697113
1.02274000644684 0.92282497882843
1.02689003944397 0.927936971187592
1.03106999397278 0.933093011379242
1.03529000282288 0.938295006752014
1.03954994678497 0.943542003631592
1.043830037117 0.948835015296936
1.04815995693207 0.954173982143402
1.05252003669739 0.959559977054596
1.05692005157471 0.964993000030518
1.0613499879837 0.970474004745483
1.06581997871399 0.976002991199493
1.07033002376556 0.981580972671509
1.07488000392914 0.987206995487213
1.07946002483368 0.992883026599884
1.08408999443054 0.998610019683838
1.08875000476837 1.004390001297
1.0934499502182 1.01021003723145
1.09819996356964 1.01609003543854
1.10298001766205 1.02201998233795
1.10780000686646 1.0280100107193
1.11266005039215 1.03403997421265
1.11757004261017 1.04013001918793
1.12251996994019 1.04627001285553
1.12750005722046 1.05246996879578
1.13252997398376 1.05871999263763
1.13760995864868 1.06502997875214
1.14271998405457 1.07139003276825
1.14787995815277 1.07781004905701
1.15309000015259 1.08428001403809
1.15832996368408 1.09081995487213
1.16363000869751 1.09740996360779
1.16895997524261 1.10405004024506
1.17435002326965 1.110759973526
1.17978000640869 1.11752998828888
1.18525004386902 1.12434995174408
1.19077003002167 1.13124001026154
1.19633996486664 1.13818001747131
1.2019499540329 1.14519000053406
1.20762002468109 1.15225005149841
1.21333003044128 1.15937995910645
1.2190899848938 1.16656994819641
1.2248899936676 1.17383003234863
1.23074996471405 1.18114995956421
1.23666000366211 1.18852996826172
1.24260997772217 1.19597005844116
1.24862003326416 1.20348000526428
1.25467002391815 1.21106004714966
1.26077997684479 1.21870005130768
1.26693999767303 1.22640001773834
1.2731499671936 1.23417997360229
1.27941000461578 1.24202001094818
1.28571999073029 1.24992001056671
1.29209005832672 1.25789999961853
1.29850995540619 1.26593995094299
1.30498003959656 1.27404999732971
1.31149995326996 1.2822300195694
1.31807994842529 1.29047000408173
1.32472002506256 1.29878997802734
1.33140003681183 1.30718004703522
1.33815002441406 1.31563997268677
1.3449399471283 1.32415997982025
1.35179996490479 1.33275997638702
1.35870003700256 1.34142994880676
1.36566996574402 1.35017001628876
1.37268996238708 1.35898995399475
1.37976002693176 1.36786997318268
1.38689005374908 1.37682998180389
1.39408004283905 1.38585996627808
1.40132999420166 1.39496004581451
1.40863001346588 1.40413999557495
1.41598999500275 1.41339004039764
1.42341005802155 1.42270994186401
1.43087995052338 1.43210995197296
1.43841004371643 1.44158005714417
1.44600999355316 1.45113003253937
1.45364999771118 1.46074998378754
1.46135997772217 1.47044003009796
1.46913003921509 1.48020994663239
1.47695004940033 1.49005997180939
1.48483002185822 1.49996995925903
1.49277997016907 1.50996994972229
1.50077998638153 1.5200400352478
1.50883996486664 1.53017997741699
1.51695001125336 1.54040002822876
1.52513003349304 1.55069005489349
1.53337001800537 1.56105995178223
1.54165995121002 1.57150995731354
1.55001997947693 1.5820300579071
1.55842995643616 1.59262001514435
1.56690001487732 1.60328996181488
1.57543003559113 1.61404001712799
1.58402001857758 1.62485003471375
1.59266996383667 1.63575005531311
1.6013799905777 1.64672005176544
1.61014997959137 1.65776002407074
1.61897003650665 1.66887998580933
1.62785995006561 1.68007004261017
1.63680005073547 1.69133996963501
1.64579999446869 1.70267999172211
1.65486001968384 1.71408998966217
1.66398000717163 1.72557997703552
1.67314994335175 1.73714005947113
1.68238997459412 1.74876999855042
1.69167995452881 1.76047003269196
1.70102000236511 1.77225005626678
1.71043002605438 1.78410005569458
1.71988999843597 1.79602003097534
1.7294100522995 1.80800998210907
1.73898005485535 1.82007002830505
1.74861001968384 1.832200050354
1.75829994678497 1.84440004825592
1.76803994178772 1.85668003559113
1.77783000469208 1.86901998519897
1.7876900434494 1.88143002986908
1.79759001731873 1.89390003681183
1.80754995346069 1.90645003318787
1.81756997108459 1.91905999183655
1.82763004302979 1.93174004554749
1.83775997161865 1.9444899559021
1.84792995452881 1.95729994773865
1.8581600189209 1.97018003463745
1.86843001842499 1.98311996459961
1.87876999378204 1.99612998962402
1.88915002346039 2.00920009613037
1.89958000183105 2.02233004570007
1.91006004810333 2.03553009033203
1.92060005664825 2.04877996444702
1.93118000030518 2.06209993362427
1.94182002544403 2.07547998428345
1.95249998569489 2.08892011642456
1.96323001384735 2.10242009162903
1.97400999069214 2.11597990989685
1.98483002185822 2.12960004806519
1.99571001529694 2.14327001571655
2.00662994384766 2.15701007843018
2.01760005950928 2.17079997062683
2.02860999107361 2.1846399307251
2.03966999053955 2.1985399723053
2.05077004432678 2.21250009536743
2.06191992759705 2.2265100479126
2.07311010360718 2.24057006835938
2.08435010910034 2.25468993186951
2.09562993049622 2.26886010169983
2.10695004463196 2.28308010101318
2.11830997467041 2.29734992980957
2.12971997261047 2.31167006492615
2.14117002487183 2.32604002952576
2.15265989303589 2.34046006202698
2.16419005393982 2.35492992401123
2.17576003074646 2.36945009231567
2.18737006187439 2.38402009010315
2.19901990890503 2.39862990379333
2.21070003509521 2.41328001022339
2.22242999076843 2.4279899597168
2.23418998718262 2.44273996353149
2.24600005149841 2.45753002166748
2.2578399181366 2.47235989570618
2.26971006393433 2.48724007606506
2.28162002563477 2.50216007232666
2.29357004165649 2.51712989807129
2.30555009841919 2.53213000297546
2.31756997108459 2.54717993736267
2.32961988449097 2.56226992607117
2.34171009063721 2.57738995552063
2.35383009910583 2.5925600528717
2.36598992347717 2.60775995254517
2.37817001342773 2.62299990653992
2.39038991928101 2.63827991485596
2.40264010429382 2.65359997749329
2.41493010520935 2.66895008087158
2.42723989486694 2.68434000015259
2.4395899772644 2.69975996017456
2.45197010040283 2.71521997451782
2.46437001228333 2.73071002960205
2.47680997848511 2.74623990058899
2.48927998542786 2.76180005073547
2.50178003311157 2.77739000320435
2.51430010795593 2.79302000999451
2.526859998703 2.80868005752563
2.53943991661072 2.82436990737915
2.55205011367798 2.84009003639221
2.56469011306763 2.85583996772766
2.57734990119934 2.87161993980408
2.59004998207092 2.88742995262146
2.60276007652283 2.90327000617981
2.61550998687744 2.91914010047913
2.6282799243927 2.93503999710083
2.64107990264893 2.95095992088318
2.6538999080658 2.96691989898682
2.66674995422363 2.9828999042511
2.67962002754211 2.99889993667603
2.69251990318298 3.01494002342224
2.70544004440308 3.03099989891052
2.71838998794556 3.04708003997803
2.73135995864868 3.06318998336792
2.74435997009277 3.07932996749878
2.75736999511719 3.09548997879028
2.77041006088257 3.11167001724243
2.78347992897034 3.12788009643555
2.79656004905701 3.14410996437073
2.80966997146606 3.16036009788513
2.82279992103577 3.17664003372192
2.83594989776611 3.19293999671936
2.84912991523743 3.20925998687744
2.86231994628906 3.22561001777649
2.87554001808167 3.24197006225586
2.88878011703491 3.25835990905762
2.9020299911499 3.2747700214386
2.91530990600586 3.29119992256165
2.92861008644104 3.30765008926392
2.94193005561829 3.32412004470825
2.95527005195618 3.34061002731323
2.96863007545471 3.35712003707886
2.98200988769531 3.37365007400513
2.99540996551514 3.39018988609314
3.00883007049561 3.4067599773407
3.02225995063782 3.42334008216858
3.03572010993958 3.43994998931885
3.04919004440308 3.45656991004944
3.06269001960754 3.47321009635925
3.07620000839233 3.48987007141113
3.08973002433777 3.50654006004333
3.10328006744385 3.52323007583618
3.11683988571167 3.53994011878967
3.13042998313904 3.55666995048523
3.14403009414673 3.57341003417969
3.15764999389648 3.59015989303589
3.17127990722656 3.60694003105164
3.18493008613586 3.62372994422913
3.19860005378723 3.64053010940552
3.21229004859924 3.6573600769043
3.2260000705719 3.67419004440308
3.23972010612488 3.6910400390625
3.2534499168396 3.70791006088257
3.26721000671387 3.72479009628296
3.28098011016846 3.74168992042542
3.29475998878479 3.75859999656677
3.30856990814209 3.77552008628845
3.32238006591797 3.7924599647522
3.33622002601624 3.80941009521484
3.35006999969482 3.82638001441956
3.36392998695374 3.84335994720459
3.37782001495361 3.86034989356995
3.39171004295349 3.87736010551453
3.40562009811401 3.89438009262085
3.4195499420166 3.9114100933075
3.43349003791809 3.92845988273621
3.44744992256165 3.94551992416382
3.4614200592041 3.96258997917175
3.47540998458862 3.97967004776001
3.48940992355347 3.99676990509033
3.50342988967896 4.01387977600098
3.51746010780334 4.0310001373291
3.53150010108948 4.04813003540039
3.54555988311768 4.065269947052
3.5596399307251 4.08242988586426
3.57371997833252 4.09959983825684
3.58783006668091 4.11676979064941
3.60193991661072 4.13395977020264
3.61607003211975 4.1511697769165
3.63021993637085 4.16837978363037
3.64438009262085 4.18559980392456
3.65855002403259 4.20283985137939
3.67272996902466 4.22007989883423
3.68692994117737 4.23733997344971
3.70114994049072 4.25460004806519
3.71536993980408 4.27188014984131
3.72960996627808 4.2891697883606
3.74387001991272 4.30645990371704
3.75814008712769 4.32377004623413
3.77241992950439 4.34109020233154
3.78671002388 4.35841989517212
3.80101990699768 4.37576007843018
3.81534004211426 4.39309978485107
3.82966995239258 4.41045999526978
3.84401988983154 4.4278302192688
3.85837006568909 4.44520998001099
3.87275004386902 4.46259021759033
3.88713002204895 4.47999000549316
3.90153002738953 4.497389793396
3.91594004631042 4.51481008529663
3.93036007881165 4.53222990036011
3.94479990005493 4.54967021942139
3.95924997329712 4.56711006164551
3.97371006011963 4.58455991744995
3.98817992210388 4.60201978683472
4.00266981124878 4.61949014663696
4.01716995239258 4.63697004318237
4.0316801071167 4.65445995330811
4.04619979858398 4.67194986343384
4.06073999404907 4.68945980072021
4.07529020309448 4.70697021484375
4.08984994888306 4.72449016571045
4.10442018508911 4.74202013015747
4.11899995803833 4.75956010818481
4.13360023498535 4.77710008621216
4.14821004867554 4.79466009140015
4.16282987594604 4.81222009658813
4.17747020721436 4.82979011535645
4.19211006164551 4.84737014770508
4.2067699432373 4.86496019363403
4.22143983840942 4.88255977630615
4.23612022399902 4.90015983581543
4.25082015991211 4.91776990890503
4.2655200958252 4.93538999557495
4.28024005889893 4.9530200958252
4.29497003555298 4.97065019607544
4.30971002578735 4.98829984664917
4.32446002960205 5.00594997406006
4.33923006057739 5.02360010147095
4.35400009155273 5.04126977920532
4.36879014968872 5.05893993377686
4.38359022140503 5.07662010192871
4.3983998298645 5.09430980682373
4.41322994232178 5.11201000213623
4.42806005477905 5.12971019744873
4.44291019439697 5.14741992950439
4.45776987075806 5.16514015197754
4.47264003753662 5.18286991119385
4.48752021789551 5.20060014724731
4.50240993499756 5.21833992004395
4.51732015609741 5.23609018325806
4.53222990036011 5.25383996963501
4.54716014862061 5.27159976959229
4.56209993362427 5.28937005996704
4.57705020904541 5.30714988708496
4.59201002120972 5.32493019104004
4.60698986053467 5.34272003173828
4.62197017669678 5.36050987243652
4.63697004318237 5.37832021713257
4.65197992324829 5.39613008499146
4.66699981689453 5.41393995285034
4.68203020095825 5.43176984786987
4.69707012176514 5.44960021972656
4.71212005615234 5.46744012832642
4.7271900177002 5.48528003692627
4.74225997924805 5.50312995910645
4.75734996795654 5.52098989486694
4.77244997024536 5.53884983062744
4.7875599861145 5.55672979354858
4.80268001556396 5.57460021972656
4.81781005859375 5.59249019622803
4.83296012878418 5.61038017272949
4.84811019897461 5.62828016281128
4.86327981948853 5.64618015289307
4.87845993041992 5.66409015655518
4.89365005493164 5.68201017379761
4.90885019302368 5.69993019104004
4.92405986785889 5.71786022186279
4.93928003311157 5.73579978942871
4.95451021194458 5.75373983383179
4.96975994110107 5.77168989181519
4.98501014709473 5.78964996337891
5.00027990341187 5.80761003494263
5.01556015014648 5.82558012008667
5.03084993362427 5.84355020523071
5.04615020751953 5.86152982711792
5.06146001815796 5.87951993942261
5.07678985595703 5.89751005172729
5.09212017059326 5.9155101776123
5.10747003555298 5.93351984024048
5.1228199005127 5.95152997970581
5.13818979263306 5.96955013275146
5.1535701751709 5.98756980895996
5.1689600944519 6.00559997558594
5.18436002731323 6.02364015579224
5.19976997375488 6.04167985916138
5.21519994735718 6.059730052948
5.23062992095947 6.07778978347778
5.24607992172241 6.09584999084473
5.26152992248535 6.11392021179199
5.27699995040894 6.1319899559021
5.29247999191284 6.15007019042969
5.30797004699707 6.16814994812012
5.32347011566162 6.18624019622803
5.33898019790649 6.2043399810791
5.35450983047485 6.22243976593018
5.37003993988037 6.24055004119873
5.38559007644653 6.25866985321045
5.40115022659302 6.27679014205933
5.41670989990234 6.29491996765137
5.43229007720947 6.31304979324341
5.44787979125977 6.33119010925293
5.46347999572754 6.34932994842529
5.47910022735596 6.36747980117798
5.49471998214722 6.38564014434814
5.51035022735596 6.40380001068115
5.52600002288818 6.42196989059448
5.54165983200073 6.44014978408813
5.55732011795044 6.45833015441895
5.57299995422363 6.4765100479126
5.58868980407715 6.49469995498657
5.60439014434814 6.51289987564087
5.62011003494263 6.53109979629517
5.63582992553711 6.54931020736694
5.65155982971191 6.56753015518188
5.66731023788452 6.58575010299683
5.68307018280029 6.60397005081177
5.69883012771606 6.62220001220703
5.71461009979248 6.64043998718262
5.73040008544922 6.6586799621582
5.74620008468628 6.67692995071411
5.76201009750366 6.69518995285034
5.77784013748169 6.71344995498657
5.79367017745972 6.73171997070313
5.80951976776123 6.74998998641968
5.82537984848022 6.76826000213623
5.84123992919922 6.78655004501343
5.85712003707886 6.80484008789063
5.87301015853882 6.82313013076782
5.88890981674194 6.84143018722534
5.90482997894287 6.85973978042603
5.9207501411438 6.87804985046387
5.93667984008789 6.89635992050171
5.95263004302979 6.9146900177002
5.96858978271484 6.93302011489868
5.98456001281738 6.95135021209717
6.00053977966309 6.96968984603882
6.01653003692627 6.98802995681763
6.03252983093262 7.00638008117676
6.04854011535645 7.02474021911621
6.06455993652344 7.04309988021851
6.08059978485107 7.06147003173828
6.09665012359619 7.07984018325806
6.11269998550415 7.098219871521
6.12876987457275 7.11661005020142
6.14484977722168 7.13500022888184
6.16095018386841 7.1533899307251
6.17705011367798 7.17179012298584
6.19316005706787 7.19019985198975
6.20929002761841 7.20861005783081
6.22541999816895 7.22702980041504
6.24156999588013 7.24545001983643
6.25773000717163 7.26387977600098
6.27390003204346 7.28231000900269
6.29008007049561 7.30074977874756
6.30627012252808 7.31920003890991
6.32248020172119 7.33764982223511
6.33868980407715 7.35610008239746
6.35491991043091 7.37455987930298
6.37116003036499 7.39303016662598
6.38741016387939 7.41149997711182
6.40366983413696 7.42997980117798
6.41993999481201 7.4484601020813
6.43622016906738 7.46694993972778
6.45251989364624 7.48544979095459
6.46882009506226 7.50395011901855
6.48513984680176 7.52244997024536
6.50147008895874 7.54095983505249
6.51780986785889 7.5594801902771
6.53416013717651 7.57800006866455
6.5505199432373 7.59652996063232
6.56688976287842 7.6150598526001
6.58328008651733 7.63360023498535
6.59967994689941 7.65214014053345
6.61607980728149 7.67069005966187
6.63250017166138 7.68924999237061
6.64893007278442 7.70780992507935
6.66538000106812 7.72636985778809
6.68182992935181 7.74493980407715
6.69829988479614 7.76351976394653
6.71476984024048 7.78210020065308
6.73125982284546 7.80069017410278
6.74775981903076 7.81928014755249
6.76426982879639 7.83788013458252
6.78078985214233 7.85648012161255
6.79732990264893 7.8750901222229
6.81386995315552 7.89370012283325
6.83043003082275 7.91232013702393
6.84700012207031 7.93095016479492
6.86358022689819 7.94958019256592
6.88016986846924 7.96821022033691
6.89677000045776 7.98684978485107
6.91338014602661 8.00549983978271
6.93000984191895 8.02414989471436
6.94665002822876 8.04281044006348
6.9633002281189 8.06147003173828
6.9799599647522 8.08014011383057
6.99663019180298 8.09881973266602
7.01330995559692 8.1174898147583
7.03001022338867 8.13617992401123
7.04671001434326 8.15487003326416
7.0634298324585 8.17356014251709
7.08016014099121 8.19225978851318
7.09689998626709 8.21096992492676
7.11365985870361 8.22968006134033
7.13042020797729 8.24839973449707
7.14720010757446 8.26712036132813
7.16399002075195 8.28584957122803
7.18078994750977 8.30457973480225
7.1975998878479 8.32332038879395
7.21441984176636 8.34206008911133
7.23125982284546 8.36081027984619
7.24809980392456 8.37957000732422
7.26495981216431 8.39832973480225
7.28182983398438 8.41709041595459
7.29870986938477 8.43585968017578
7.3156099319458 8.45464038848877
7.33250999450684 8.47342014312744
7.34943008422852 8.49221038818359
7.36636018753052 8.51099967956543
7.38329982757568 8.52980041503906
7.40024995803833 8.54860019683838
7.4172101020813 8.56741046905518
7.43418979644775 8.58623027801514
7.45117998123169 8.60503959655762
7.46818017959595 8.62386989593506
7.48518991470337 8.6427001953125
7.50221014022827 8.66154003143311
7.51923990249634 8.68037986755371
7.53629016876221 8.69921970367432
7.55334997177124 8.7180700302124
7.5704197883606 8.73692989349365
7.58750009536743 8.7557897567749
7.60459995269775 8.77466011047363
7.62169981002808 8.79354000091553
7.6388201713562 8.81241035461426
7.65595006942749 8.83129978179932
7.6730899810791 8.85019016265869
7.69024991989136 8.86907958984375
7.70740985870361 8.88798046112061
7.72458982467651 8.90688991546631
7.74177980422974 8.92580032348633
7.75897979736328 8.94472026824951
7.77618980407715 8.9636402130127
7.79341983795166 8.98256969451904
7.81065988540649 9.00150012969971
7.82790994644165 9.02044010162354
7.84517002105713 9.03938007354736
7.86244010925293 9.05832958221436
7.87973022460938 9.07728004455566
7.89702987670898 9.09624004364014
7.91434001922607 9.11520957946777
7.93166017532349 9.13418006896973
7.94898986816406 9.15314960479736
7.96634006500244 9.17212963104248
7.98369979858398 9.19112014770508
8.00107002258301 9.21010971069336
8.0184497833252 9.22910976409912
8.03584003448486 9.24810981750488
8.05325031280518 9.26712036132813
8.07067012786865 9.28614044189453
8.08810043334961 9.30515956878662
8.10554027557373 9.32417964935303
8.1230001449585 9.34321022033691
8.14046955108643 9.36225032806396
8.15795040130615 9.38129043579102
8.17543983459473 9.40032958984375
8.19293975830078 9.41938018798828
8.21045970916748 9.43844032287598
8.22799015045166 9.45750045776367
8.245530128479 9.47657012939453
8.26307964324951 9.49563980102539
8.28065013885498 9.51471996307373
8.29823017120361 9.53380966186523
8.31581974029541 9.55290031433105
8.33341979980469 9.57199001312256
8.35103034973145 9.59109020233154
8.36865997314453 9.61019992828369
8.3863000869751 9.62930965423584
8.40394973754883 9.64842987060547
8.42162036895752 9.6675500869751
8.43929004669189 9.68667984008789
8.45697975158691 9.70580959320068
8.47467994689941 9.72494983673096
8.49240016937256 9.74409008026123
8.5101203918457 9.76323986053467
8.52785968780518 9.78240013122559
8.54561042785645 9.8015604019165
8.56338024139404 9.82071971893311
8.58115005493164 9.83988952636719
8.59893989562988 9.85906982421875
8.61674022674561 9.87825012207031
8.63455963134766 9.89743995666504
8.65237998962402 9.91662979125977
8.67022037506104 9.93583011627197
8.68807029724121 9.95503044128418
8.70594024658203 9.97424030303955
8.72381019592285 9.99345970153809
8.74170017242432 10.0127000808716
8.75959968566895 10.0319004058838
8.77752017974854 10.0510997772217
8.79543972015381 10.0704002380371
8.81338024139404 10.089599609375
8.83133029937744 10.1089000701904
8.84930038452148 10.1281003952026
8.86727046966553 10.1473999023438
8.8852596282959 10.166600227356
8.90326976776123 10.1858997344971
8.92127990722656 10.2052001953125
8.93931007385254 10.2244997024536
8.95734977722168 10.2437000274658
8.9753999710083 10.2629995346069
8.99347019195557 10.2822999954224
9.011549949646 10.3016004562378
9.02964019775391 10.3208999633789
9.04773998260498 10.3402996063232
9.0658597946167 10.3596000671387
9.0839900970459 10.3788995742798
9.10212993621826 10.3982000350952
9.12028980255127 10.4175996780396
9.13846015930176 10.436900138855
9.15664005279541 10.4562997817993
9.17483043670654 10.4756002426147
9.193039894104 10.4949998855591
9.21125984191895 10.5143003463745
9.22949028015137 10.5336999893188
9.24773979187012 10.5530996322632
9.26599979400635 10.5725002288818
9.28427028656006 10.5917997360229
9.30255031585693 10.6112003326416
9.32085037231445 10.6305999755859
9.33915996551514 10.6499996185303
9.3574800491333 10.6694002151489
9.37582015991211 10.6887998580933
9.39416980743408 10.7082996368408
9.41252994537354 10.7277002334595
9.43089962005615 10.7470998764038
9.44929027557373 10.7665996551514
9.46769046783447 10.78600025177
9.48610973358154 10.8053998947144
9.50454044342041 10.8248996734619
9.52297973632813 10.8443002700806
9.54143047332764 10.8638000488281
9.55990028381348 10.8832998275757
9.57837963104248 10.9027996063232
9.59687042236328 10.9222002029419
9.61536979675293 10.9416999816895
9.63389015197754 10.961199760437
9.65242958068848 10.9806995391846
9.67096996307373 11.0002002716064
9.68953037261963 11.019700050354
9.70810031890869 11.0391998291016
9.7266902923584 11.0586996078491
9.74528026580811 11.0783004760742
9.76389980316162 11.0978002548218
9.78252029418945 11.1173000335693
9.80115985870361 11.1368999481201
9.81980991363525 11.1563997268677
9.83847045898438 11.1759996414185
9.85715007781982 11.1955003738403
9.87584018707275 11.2151002883911
9.89455032348633 11.2347002029419
9.91326999664307 11.2541999816895
9.93200016021729 11.2737998962402
9.95073986053467 11.293399810791
9.9694995880127 11.3129997253418
9.9882698059082 11.3325996398926
10.0071001052856 11.3521995544434
