0.727586984634399 0.259223997592926
0.726836025714874 0.258783996105194
0.726086974143982 0.258345007896423
0.725341975688934 0.257908999919891
0.724599003791809 0.257474005222321
0.723857998847961 0.257039994001389
0.723119974136353 0.256608992815018
0.722383975982666 0.256179004907608
0.721651017665863 0.255751013755798
0.720920026302338 0.255324006080627
0.720192015171051 0.254898995161057
0.719465970993042 0.254476010799408
0.718743026256561 0.254054993391037
0.718021988868713 0.253634989261627
0.717303991317749 0.25321701169014
0.716588020324707 0.25280100107193
0.715874016284943 0.252386003732681
0.715162992477417 0.251973003149033
0.714453995227814 0.251561999320984
0.713747024536133 0.251152008771896
0.713042974472046 0.250743985176086
0.712342023849487 0.25033700466156
0.711642026901245 0.249932006001472
0.710945010185242 0.249529004096985
0.710250020027161 0.249127000570297
0.709558010101318 0.24872599542141
0.708868026733398 0.248328000307083
0.708180010318756 0.247931003570557
0.707494020462036 0.24753500521183
0.706811010837555 0.247141003608704
0.706130027770996 0.246748000383377
0.705451011657715 0.246358007192612
0.704774022102356 0.245967999100685
0.704100012779236 0.24558000266552
0.703427970409393 0.245194002985954
0.702758014202118 0.244809001684189
0.70209002494812 0.244424998760223
0.7014240026474 0.244042992591858
0.700761020183563 0.243662998080254
0.700100004673004 0.243284001946449
0.699441015720367 0.242906004190445
0.698783993721008 0.242530003190041
0.698128998279572 0.242155998945236
0.697476029396057 0.241782993078232
0.696825981140137 0.241411000490189
0.696178019046783 0.241041004657745
0.695531010627747 0.240672007203102
0.694886982440948 0.240303993225098
0.694244980812073 0.239938005805016
0.693605005741119 0.239574000239372
0.692966997623444 0.239209994673729
0.69233101606369 0.238848000764847
0.691697001457214 0.238488003611565
0.691066026687622 0.238129004836082
0.690436005592346 0.2377710044384
0.689808011054993 0.237415000796318
0.689182996749878 0.237059995532036
0.688558995723724 0.236706003546715
0.687937021255493 0.236353993415833
0.687318027019501 0.236002996563911
0.686699986457825 0.23565399646759
0.686084985733032 0.235304996371269
0.685470998287201 0.234957993030548
0.684858977794647 0.234613001346588
0.684248983860016 0.234267994761467
0.683642029762268 0.233924999833107
0.683036029338837 0.233584001660347
0.682431995868683 0.233243003487587
0.681829988956451 0.232904002070427
0.681230008602142 0.232565999031067
0.680631995201111 0.232229992747307
0.680036008358002 0.231894999742508
0.679440975189209 0.231560006737709
0.6788489818573 0.231227993965149
0.678258001804352 0.23089599609375
0.677668988704681 0.230565994977951
0.677083015441895 0.230237007141113
0.676497995853424 0.229909002780914
0.675915002822876 0.229582995176315
0.675333023071289 0.229257002472878
0.674754023551941 0.22893300652504
0.674175977706909 0.228609994053841
0.673600971698761 0.228288993239403
0.673026978969574 0.227968007326126
0.672455012798309 0.227649003267288
0.671884000301361 0.22733099758625
0.671316027641296 0.227014005184174
0.670749008655548 0.226698994636536
0.670184016227722 0.226383998990059
0.669620990753174 0.226071000099182
0.669059991836548 0.225758999586105
0.668500006198883 0.225447997450829
0.667941987514496 0.225137993693352
0.667385995388031 0.224829003214836
0.666831970214844 0.224521994590759
0.666279017925262 0.224215000867844
0.665727972984314 0.223910003900528
0.665179014205933 0.223606005311012
0.664632022380829 0.223303005099297
0.664085984230042 0.223001003265381
0.663541972637177 0.222700998187065
0.662999987602234 0.222400993108749
0.662459015846252 0.222102999687195
0.661920011043549 0.22180500626564
0.661382973194122 0.221508994698524
0.660848021507263 0.22121399641037
0.66031402349472 0.220919996500015
0.659781992435455 0.220626994967461
0.659250974655151 0.220335006713867
0.65872198343277 0.220044001936913
0.658195018768311 0.219754993915558
0.657670021057129 0.219466000795364
0.657145977020264 0.219179004430771
0.656623005867004 0.218891993165016
0.656103014945984 0.218606993556023
0.65558397769928 0.218321993947029
0.655066013336182 0.218039005994797
0.654551029205322 0.217757001519203
0.654035985469818 0.21747599542141
0.653523981571198 0.217195004224777
0.653012990951538 0.216915994882584
0.65250301361084 0.216637998819351
0.65199601650238 0.216361001133919
0.651489019393921 0.216085001826286
0.6509850025177 0.215810000896454
0.650481998920441 0.215535998344421
0.649980008602142 0.215262994170189
0.649479985237122 0.214991003274918
0.648981988430023 0.214719995856285
0.648485004901886 0.214450001716614
0.647989988327026 0.214181005954742
0.647495985031128 0.21391299366951
0.647004008293152 0.213645994663239
0.646512985229492 0.213379994034767
0.646023988723755 0.213115006685257
0.645536005496979 0.212851002812386
0.64504998922348 0.212587997317314
0.644565999507904 0.212326005101204
0.644083023071289 0.212064996361732
0.64360100030899 0.211805000901222
0.643121004104614 0.211546003818512
0.642642021179199 0.211288005113602
0.642165005207062 0.211030006408691
0.641690015792847 0.210774004459381
0.641215980052948 0.210519000887871
0.640743017196655 0.21026399731636
0.64027202129364 0.210011005401611
0.639801979064941 0.209757998585701
0.63933402299881 0.209507003426552
0.638867020606995 0.209255993366241
0.638401985168457 0.209005996584892
0.637938022613525 0.208757996559143
0.637476027011871 0.208509996533394
0.637014985084534 0.208262994885445
0.636555016040802 0.208017006516457
0.636097013950348 0.207771003246307
0.635640978813171 0.207526996731758
0.63518500328064 0.20728400349617
0.634732007980347 0.207041993737221
0.634279012680054 0.206799998879433
0.633827984333038 0.206559002399445
0.633378982543945 0.206320002675056
0.632930994033813 0.206081002950668
0.632484018802643 0.20584300160408
0.63203901052475 0.205605998635292
0.631595015525818 0.205369994044304
0.631151974201202 0.205134004354477
0.630711019039154 0.204899996519089
0.630271017551422 0.204666003584862
0.629832983016968 0.204434007406235
0.629396021366119 0.204201996326447
0.628960013389587 0.20397099852562
0.628525972366333 0.203740999102592
0.628093004226685 0.203511998057365
0.627662003040314 0.203283995389938
0.627232015132904 0.203055992722511
0.626802980899811 0.202829003334045
0.62637597322464 0.202603995800018
0.62594997882843 0.202379003167152
0.625524997711182 0.202154994010925
0.625101983547211 0.201930999755859
0.624679982662201 0.201709002256393
0.624258995056152 0.201487004756927
0.623839974403381 0.201267004013062
0.623422026634216 0.201047003269196
0.623004972934723 0.20082800090313
0.622590005397797 0.200608998537064
0.622175991535187 0.200391992926598
0.621762990951538 0.200175002217293
0.621352016925812 0.199959993362427
0.620941996574402 0.199744999408722
0.620534002780914 0.199531003832817
0.620126008987427 0.199316993355751
0.619719982147217 0.199104994535446
0.619315028190613 0.198892995715141
0.618911981582642 0.198681995272636
0.618510007858276 0.198471993207932
0.618108987808228 0.198263004422188
0.617709994316101 0.198054000735283
0.617311000823975 0.197846993803978
0.616914987564087 0.197640001773834
0.616518974304199 0.197433993220329
0.616124987602234 0.197227999567986
0.61573201417923 0.197024002671242
0.615339994430542 0.196820005774498
0.614948987960815 0.196617007255554
0.614560008049011 0.19641500711441
0.614171981811523 0.196214005351067
0.613785982131958 0.196013003587723
0.613399982452393 0.195813000202179
0.61301600933075 0.195613995194435
0.612634003162384 0.195416003465652
0.612251996994019 0.195218995213509
0.611872017383575 0.195022001862526
0.611492991447449 0.194826006889343
0.611114978790283 0.194630995392799
0.61073899269104 0.194436997175217
0.610364019870758 0.194242998957634
0.609990000724792 0.194049999117851
0.609616994857788 0.193857997655869
0.609246015548706 0.193666994571686
0.608874976634979 0.193476006388664
0.608506977558136 0.193286001682281
0.608138978481293 0.193096995353699
0.607771992683411 0.192909002304077
0.607406973838806 0.192720994353294
0.607043027877808 0.192534998059273
0.606680989265442 0.192349001765251
0.606319010257721 0.19216300547123
0.605958998203278 0.191979005932808
0.605599999427795 0.191795006394386
0.605243027210236 0.191612005233765
0.604885995388031 0.191429004073143
0.604530990123749 0.191247999668121
0.604176998138428 0.1910669952631
0.603824973106384 0.190887004137039
0.603473007678986 0.190707996487617
0.603123009204865 0.190529003739357
0.602774024009705 0.190350994467735
0.602425992488861 0.190173998475075
0.60207998752594 0.189997002482414
0.601733982563019 0.189822003245354
0.60139000415802 0.189647004008293
0.601046979427338 0.189473003149033
0.600705981254578 0.189299002289772
0.600365996360779 0.189125999808311
0.60002601146698 0.188953995704651
0.59968900680542 0.188783004879951
0.59935200214386 0.188611999154091
0.599016010761261 0.188442006707191
0.59868198633194 0.188272997736931
0.59834897518158 0.188105002045631
0.598017990589142 0.187937006354332
0.597687005996704 0.187769994139671
0.597357988357544 0.187603995203972
0.597029983997345 0.187437996268272
0.596702992916107 0.187272995710373
0.596377015113831 0.187108993530273
0.596053004264832 0.186946004629135
0.595730006694794 0.186783000826836
0.595408022403717 0.186620995402336
0.595088005065918 0.186460003256798
0.594767987728119 0.186299994587898
0.594449996948242 0.18614000082016
0.594133019447327 0.185981005430222
0.593816995620728 0.185821995139122
0.593502998352051 0.185664996504784
0.593190014362335 0.185507997870445
0.592877984046936 0.185350999236107
0.592567026615143 0.185195997357368
0.592257022857666 0.18504099547863
0.591948986053467 0.184887006878853
0.591642022132874 0.184734001755714
0.591336011886597 0.184580996632576
0.591032028198242 0.184429004788399
0.590727984905243 0.18427799642086
0.590426027774811 0.184127002954483
0.590125977993011 0.183976992964745
0.589825987815857 0.183827996253967
0.589528024196625 0.18367999792099
0.589231014251709 0.183531999588013
0.588935017585754 0.183384999632835
0.588639974594116 0.183238998055458
0.588347017765045 0.183092996478081
0.588055014610291 0.182947993278503
0.587764024734497 0.182804003357887
0.587475001811981 0.18266099691391
0.587186992168427 0.182518005371094
0.586899995803833 0.182375997304916
0.586614012718201 0.1822350025177
0.586328983306885 0.182093992829323
0.586045980453491 0.181953996419907
0.585763990879059 0.18181499838829
0.585484027862549 0.181676998734474
0.585205018520355 0.181538999080658
0.584927022457123 0.181401997804642
0.584649980068207 0.181265994906425
0.584375023841858 0.18113000690937
0.584100008010864 0.180995002388954
0.583827972412109 0.180860996246338
0.583555996417999 0.180728003382683
0.583285987377167 0.180594995617867
0.583016991615295 0.180463001132011
0.582750022411346 0.180332005023956
0.582482993602753 0.180202007293701
0.582217991352081 0.180071994662285
0.581955015659332 0.17994299530983
0.5816929936409 0.179814994335175
0.581431984901428 0.179686993360519
0.581171989440918 0.179560005664825
0.58091402053833 0.17943400144577
0.580657005310059 0.179308995604515
0.580402016639709 0.179184004664421
0.580147981643677 0.179059997200966
0.57989501953125 0.178937003016472
0.57964301109314 0.178815007209778
0.579393029212952 0.178692996501923
0.579145014286041 0.178571999073029
0.578898012638092 0.178452000021935
0.578652024269104 0.17833299934864
0.578406989574432 0.178213998675346
0.578163981437683 0.178095996379852
0.577922999858856 0.177979007363319
0.577682971954346 0.177863001823425
0.577444016933441 0.177746996283531
0.577207028865814 0.177633002400398
0.576970994472504 0.177518993616104
0.576735973358154 0.177404999732971
0.576503992080688 0.177293002605438
0.576272010803223 0.177181005477905
0.576041996479034 0.177070006728172
0.575814008712769 0.176960006356239
0.575586974620819 0.176851004362106
0.575361013412476 0.176742002367973
0.57513701915741 0.17663499712944
0.574914991855621 0.176528006792068
0.574693977832794 0.176421999931335
0.574474990367889 0.176315993070602
0.574257016181946 0.176211997866631
0.57404100894928 0.176108002662659
0.573826014995575 0.176005005836487
0.573612987995148 0.175903007388115
0.573401987552643 0.175802007317543
0.573192000389099 0.175702005624771
0.572983980178833 0.175602003931999
0.572776973247528 0.175503000617027
0.572571992874146 0.175405994057655
0.572368979454041 0.175309002399445
0.572166979312897 0.175211995840073
0.571968019008636 0.175117000937462
0.571770012378693 0.175023004412651
0.57157301902771 0.174928992986679
0.571377992630005 0.174836993217468
0.571184992790222 0.174744993448257
0.570994019508362 0.174654006958008
0.570805013179779 0.174564003944397
0.570617020130157 0.174474999308586
0.570432007312775 0.174386993050575
0.570248007774353 0.174300000071526
0.570065975189209 0.174214005470276
0.569886028766632 0.174128994345665
0.569706976413727 0.174044996500015
0.56953102350235 0.173960998654366
0.569356977939606 0.173878997564316
0.569184005260468 0.173797994852066
0.569014012813568 0.173717007040977
0.568844974040985 0.173638001084328
0.568678975105286 0.173558995127678
0.568513989448547 0.173482000827789
0.568351984024048 0.173406004905701
0.568192005157471 0.173329994082451
0.568033993244171 0.173255994915962
0.567878007888794 0.173182994127274
0.567725002765656 0.173111006617546
0.567573010921478 0.173040002584457
0.56742399930954 0.172969996929169
0.567277014255524 0.172901004552841
0.567131996154785 0.172833994030952
0.56699001789093 0.172766998410225
0.566850006580353 0.172701999545097
0.566712975502014 0.17263799905777
0.566577970981598 0.172574996948242
0.566446006298065 0.172512993216515
0.56631600856781 0.172453001141548
0.566187977790833 0.172392994165421
0.5660640001297 0.172334998846054
0.565941989421844 0.172279000282288
0.565822005271912 0.172223001718521
0.565706014633179 0.172168999910355
0.565591990947723 0.172115996479988
0.565481007099152 0.172065004706383
0.565373003482819 0.172014996409416
0.565267980098724 0.171966001391411
0.565167009830475 0.171919003129005
0.565068006515503 0.1718740016222
0.56497198343277 0.171829998493195
0.564880013465881 0.171786993741989
0.564791023731232 0.171746000647545
0.564705014228821 0.171706005930901
0.56462299823761 0.171667993068695
0.564544022083282 0.171632006764412
0.56446897983551 0.171598002314568
0.564397990703583 0.171564996242523
0.564329981803894 0.17153400182724
0.56426602602005 0.171505004167557
0.564207017421722 0.171477004885674
0.564150989055634 0.17145200073719
0.564100027084351 0.171427994966507
0.564052999019623 0.171406999230385
0.56401002407074 0.171387001872063
0.563971996307373 0.171369999647141
0.563938975334167 0.171354994177818
0.563910007476807 0.171342000365257
0.563887000083923 0.171331003308296
0.56386798620224 0.171323001384735
0.563854992389679 0.171316996216774
0.56384801864624 0.171313002705574
0.563845992088318 0.171313002705574
0.563847005367279 0.171313002705574
0.563854992389679 0.171316996216774
0.56386798620224 0.171323001384735
0.563888013362885 0.171332001686096
0.563915014266968 0.171343997120857
0.56394898891449 0.171359002590179
0.563989996910095 0.171378001570702
0.564037978649139 0.171398997306824
0.564095020294189 0.171424999833107
0.564158976078033 0.17145399749279
0.564231991767883 0.171487003564835
0.564315021038055 0.171524003148079
0.564406991004944 0.171564996242523
0.564508020877838 0.171610996127129
0.564620971679688 0.171661004424095
0.564743995666504 0.171716004610062
0.56487900018692 0.171776995062828
0.565025985240936 0.171843007206917
0.565186977386475 0.171913996338844
0.565361022949219 0.171992003917694
0.565550029277802 0.172076001763344
0.565755009651184 0.172168001532555
0.565977990627289 0.172266006469727
0.566218018531799 0.172372996807098
0.56647801399231 0.172489002346992
0.566758990287781 0.172612994909286
0.567062973976135 0.172747999429703
0.567393004894257 0.17289300262928
0.5677490234375 0.173050999641418
0.568135976791382 0.173222005367279
0.568556010723114 0.173407003283501
0.569011986255646 0.173607006669044
0.569509983062744 0.173825994133949
0.570052981376648 0.174063995480537
0.570647001266479 0.174325004220009
0.571299016475677 0.174610003829002
0.572016000747681 0.174923002719879
0.572807013988495 0.175267994403839
0.573680996894836 0.175649002194405
0.574648022651672 0.176069006323814
0.575715005397797 0.176532000303268
0.576888978481293 0.177040994167328
0.578168988227844 0.177594006061554
0.579542994499207 0.178186997771263
0.580991983413696 0.178810998797417
0.582490026950836 0.179454997181892
0.584008991718292 0.180105999112129
0.585527002811432 0.180757001042366
0.587028980255127 0.181399002671242
0.588505983352661 0.182028993964195
0.589953005313873 0.182646006345749
0.591368973255157 0.183248996734619
0.592755019664764 0.183838993310928
0.594111979007721 0.184414997696877
0.595441997051239 0.184979006648064
0.596746027469635 0.185532003641129
0.598025977611542 0.186074003577232
0.599285006523132 0.186606004834175
0.600524008274078 0.187130004167557
0.601745009422302 0.187645003199577
0.602948009967804 0.188152998685837
0.604135990142822 0.188654005527496
0.605310022830963 0.189147993922234
0.606471002101898 0.189637005329132
0.607618987560272 0.190119996666908
0.608754992485046 0.190596997737885
0.609880983829498 0.191070005297661
0.610997021198273 0.191538006067276
0.612103998661041 0.19200299680233
0.613201975822449 0.192462995648384
0.614292025566101 0.192919999361038
0.615374028682709 0.193372994661331
0.616450011730194 0.193822994828224
0.61751800775528 0.194269999861717
0.618580996990204 0.194713994860649
0.619637012481689 0.195154994726181
0.620688021183014 0.195593997836113
0.621734023094177 0.196030005812645
0.622774004936218 0.196464002132416
0.623811006546021 0.196896001696587
0.6248419880867 0.197326004505157
0.625869989395142 0.197753995656967
0.626893997192383 0.198180004954338
0.627914011478424 0.198605000972748
0.628929972648621 0.199028000235558
0.629944026470184 0.199449002742767
0.630954027175903 0.199869006872177
0.631960988044739 0.200286999344826
0.632965981960297 0.200703993439674
0.633967995643616 0.201120004057884
0.634967029094696 0.201535001397133
0.635963976383209 0.201949000358582
0.63695901632309 0.20236100256443
0.637952029705048 0.202772006392479
0.638943016529083 0.203182995319366
0.639931976795197 0.203593000769615
0.640919983386993 0.204000994563103
0.641905009746552 0.204409003257751
0.642889022827148 0.204815998673439
0.643872022628784 0.205222994089127
0.644854009151459 0.205629006028175
0.645834028720856 0.206034004688263
0.646812975406647 0.206438004970551
0.647791028022766 0.206842005252838
0.64876800775528 0.207245007157326
0.649743974208832 0.207647994160652
0.650718986988068 0.20804999768734
0.651692986488342 0.208452001214027
0.652665972709656 0.208854004740715
0.653639018535614 0.209254994988441
0.654612004756927 0.209655001759529
0.655583024024963 0.210056006908417
0.656554996967316 0.210455998778343
0.65752500295639 0.210855007171631
0.658496022224426 0.211254999041557
0.659466028213501 0.211654007434845
0.660435974597931 0.212053000926971
0.661405026912689 0.212451994419098
0.662374973297119 0.212850004434586
0.663344025611877 0.213248997926712
0.664313018321991 0.213646993041039
0.665282011032104 0.214045003056526
0.666251003742218 0.214442998170853
0.667219996452332 0.214840993285179
0.668188989162445 0.215239003300667
0.669157981872559 0.215636998414993
0.670127987861633 0.21603399515152
0.671096980571747 0.216432005167007
0.672066986560822 0.216830000281334
0.673036992549896 0.21722799539566
0.674008011817932 0.217625007033348
0.674978017807007 0.218023002147675
0.675948977470398 0.218420997262001
0.676921010017395 0.218819007277489
0.677892029285431 0.219217002391815
0.678865015506744 0.219614997506142
0.679836988449097 0.220012992620468
0.680810987949371 0.220411002635956
0.681783974170685 0.220809996128082
0.682758986949921 0.22120800614357
0.683732986450195 0.221606999635696
0.684709012508392 0.222005993127823
0.685684978961945 0.222405001521111
0.686662018299103 0.222803995013237
0.687638998031616 0.223203003406525
0.688616991043091 0.223602995276451
0.689595997333527 0.224003002047539
0.690576016902924 0.224402993917465
0.691555976867676 0.224803000688553
0.692538022994995 0.22520400583744
0.69352000951767 0.225603997707367
0.694501996040344 0.226005002856255
0.695486009120941 0.226407006382942
0.696470975875854 0.226807996630669
0.697456002235413 0.227210000157356
0.698442995548248 0.227612003684044
0.699429988861084 0.228015005588531
0.700419008731842 0.228417992591858
0.7014080286026 0.228820994496346
0.702399015426636 0.229224994778633
0.703390002250671 0.229627996683121
0.704383015632629 0.230032995343208
0.705376029014587 0.230436995625496
0.706371009349823 0.230841994285583
0.70736700296402 0.231246992945671
0.708364009857178 0.23165300488472
0.709361970424652 0.232059001922607
0.710361003875732 0.232465997338295
0.711360991001129 0.232872992753983
0.712363004684448 0.233280003070831
0.713365018367767 0.233687996864319
0.714368999004364 0.234096005558968
0.715375006198883 0.234503999352455
0.716381013393402 0.234913006424904
0.717388987541199 0.235322996973991
0.718397974967957 0.23573300242424
0.719407975673676 0.236142992973328
0.720420002937317 0.236553996801376
0.721432983875275 0.236965000629425
0.722446978092194 0.237377002835274
0.723462998867035 0.237790003418922
0.724479973316193 0.238202005624771
0.725498974323273 0.23861600458622
0.726518988609314 0.239029005169868
0.727540016174316 0.239444002509117
0.728563010692596 0.239858999848366
0.729587018489838 0.240273997187614
0.730612993240356 0.240689992904663
0.731639981269836 0.241106003522873
0.732668995857239 0.241522997617722
0.733699023723602 0.241941004991531
0.734731018543243 0.24235899746418
0.735764026641846 0.24277800321579
0.736799001693726 0.243196994066238
0.737836003303528 0.243616998195648
0.738874018192291 0.244037002325058
0.739912986755371 0.244458004832268
0.740954995155334 0.244880005717278
0.741997003555298 0.245302006602287
0.7430419921875 0.245725005865097
0.744087994098663 0.246148005127907
0.745136022567749 0.246572002768517
0.746185004711151 0.246996998786926
0.747237026691437 0.247421994805336
0.748288989067078 0.247848004102707
0.749343991279602 0.248274996876717
0.750400006771088 0.248702004551888
0.751459002494812 0.249129995703697
0.752517998218536 0.249558001756668
0.7535799741745 0.249987006187439
0.754643023014069 0.250416994094849
0.755708992481232 0.250847011804581
0.756775975227356 0.251278012990952
0.757843971252441 0.251709997653961
0.75891500711441 0.252142995595932
0.759988009929657 0.252575993537903
0.761062026023865 0.253010004758835
0.76213800907135 0.253443986177444
0.763216018676758 0.253879994153976
0.764295995235443 0.254316002130508
0.765377998352051 0.25475201010704
0.766462028026581 0.255190014839172
0.767548024654388 0.255627989768982
0.768634974956512 0.256067007780075
0.769725024700165 0.256505995988846
0.77081698179245 0.256947010755539
0.771910011768341 0.25738799571991
0.773006021976471 0.257829993963242
0.774103999137878 0.258271992206573
0.775202989578247 0.258715987205505
0.776305019855499 0.25916001200676
0.777409017086029 0.25960499048233
0.77851402759552 0.260049998760223
0.77962201833725 0.260497003793716
0.780731976032257 0.260944008827209
0.781844019889832 0.261391997337341
0.782957971096039 0.261840999126434
0.784074008464813 0.262291014194489
0.785193026065826 0.26274099946022
0.786312997341156 0.263191998004913
0.787436008453369 0.263644009828568
0.78856098651886 0.26409700512886
0.789687991142273 0.264551013708115
0.790817022323608 0.265006005764008
0.791948020458221 0.265460997819901
0.793081998825073 0.265917003154755
0.794218003749847 0.266373991966248
0.795355975627899 0.266831994056702
0.796495974063873 0.267291009426117
0.79763799905777 0.267751008272171
0.798783004283905 0.268211007118225
0.799929976463318 0.268673002719879
0.801079988479614 0.269134998321533
0.802232027053833 0.269598007202148
0.803385972976685 0.270061999559402
0.804542005062103 0.270527005195618
0.805701017379761 0.270992994308472
0.806861996650696 0.271459013223648
0.808025002479553 0.271926999092102
0.809190988540649 0.272395998239517
0.810359001159668 0.272864997386932
0.811529994010925 0.273335009813309
0.812703013420105 0.273806989192963
0.813879013061523 0.274278998374939
0.815056025981903 0.274751991033554
0.816236972808838 0.27522599697113
0.81742000579834 0.275700986385345
0.818605005741119 0.276176989078522
0.819792985916138 0.276654005050659
0.820982992649078 0.277132004499435
0.822175979614258 0.27761098742485
0.823372006416321 0.278091013431549
0.824570000171661 0.278571009635925
0.825770020484924 0.279053002595901
0.826973021030426 0.279536008834839
0.828179001808167 0.280019998550415
0.829387009143829 0.280503988265991
0.830597996711731 0.28099000453949
0.831811010837555 0.281477004289627
0.833027005195618 0.281964987516403
0.834245979785919 0.282454013824463
0.835467994213104 0.2829430103302
0.836691975593567 0.283434003591537
0.837918996810913 0.283926010131836
0.839147984981537 0.284419000148773
0.840380012989044 0.284913003444672
0.84161502122879 0.285407990217209
0.842853009700775 0.285903990268707
0.844093024730682 0.286401003599167
0.845336019992828 0.286899000406265
0.846581995487213 0.287398010492325
0.847831010818481 0.287898987531662
0.849083006381989 0.288399994373322
0.850337028503418 0.288902997970581
0.851593971252441 0.289406001567841
0.852854013442993 0.2899110019207
0.854116976261139 0.290416985750198
0.855382978916168 0.290922999382019
0.85665100812912 0.29143100976944
0.857922971248627 0.291940987110138
0.859197020530701 0.292450994253159
0.860473990440369 0.29296201467514
0.861755013465881 0.2934750020504
0.863038003444672 0.293987989425659
0.864323973655701 0.294503003358841
0.865612983703613 0.295019000768661
0.866904973983765 0.295536011457443
0.868201017379761 0.296054005622864
0.869499027729034 0.296573013067245
0.870800018310547 0.297093987464905
0.872103989124298 0.297616004943848
0.873412013053894 0.298139005899429
0.874722003936768 0.29866299033165
0.87603497505188 0.299187988042831
0.877351999282837 0.299713999032974
0.878672003746033 0.300242006778717
0.879993975162506 0.300770998001099
0.881319999694824 0.301301002502441
0.882650017738342 0.301831990480423
0.883982002735138 0.302365005016327
0.885317027568817 0.30289900302887
0.886655986309052 0.303434014320374
0.887997984886169 0.303970009088516
0.889343023300171 0.304508000612259
0.890690982341766 0.305045992136002
0.892042994499207 0.305586993694305
0.893397986888885 0.306127995252609
0.894756019115448 0.306670010089874
0.896117985248566 0.307213991880417
0.897482991218567 0.307758986949921
0.898850977420807 0.308306008577347
0.90022200345993 0.308854013681412
0.901597023010254 0.309403002262115
0.902975022792816 0.30995300412178
0.904357016086578 0.310505002737045
0.905741989612579 0.311058014631271
0.907131016254425 0.311612010002136
0.90852302312851 0.312168002128601
0.909918010234833 0.312725007534027
0.911316990852356 0.313282996416092
0.912719011306763 0.313843011856079
0.914125025272369 0.314404010772705
0.915534019470215 0.31496599316597
0.91694700717926 0.315530002117157
0.918363988399506 0.316094994544983
0.919784009456635 0.316662013530731
0.921207010746002 0.317229986190796
0.922635018825531 0.317799001932144
0.924066007137299 0.318370014429092
0.925499975681305 0.318942010402679
0.926937997341156 0.319514989852905
0.928380012512207 0.320089995861053
0.929825007915497 0.320666998624802
0.931275010108948 0.321245014667511
0.932727992534637 0.321824014186859
0.934184014797211 0.322405010461807
0.9356449842453 0.322986990213394
0.937108993530273 0.323570996522903
0.938576996326447 0.324155986309052
0.940047979354858 0.324741989374161
0.941524028778076 0.32532998919487
0.943002998828888 0.325919985771179
0.944486021995544 0.32651099562645
0.945973992347717 0.32710400223732
0.947465002536774 0.327697992324829
0.948958992958069 0.328292995691299
0.950457990169525 0.32888999581337
0.951960980892181 0.32948899269104
0.953468024730682 0.330089002847672
0.954977989196777 0.330691009759903
0.956493020057678 0.331294000148773
0.958011984825134 0.331898987293243
0.959533989429474 0.332506000995636
0.961061000823975 0.333113998174667
0.962592005729675 0.33372300863266
0.964127004146576 0.33433398604393
0.965665996074677 0.334946990013123
0.967208981513977 0.335561007261276
0.968756020069122 0.336176991462708
0.970308005809784 0.336795002222061
0.971862971782684 0.337413996458054
0.973423004150391 0.338034987449646
0.974986970424652 0.338658004999161
0.976554989814758 0.339282006025314
0.978128015995026 0.339906990528107
0.979704976081848 0.340535014867783
0.981285989284515 0.341163992881775
0.982870995998383 0.34179499745369
0.984461009502411 0.342426985502243
0.986055016517639 0.343061000108719
0.987653017044067 0.343697011470795
0.989256024360657 0.344334989786148
0.990863025188446 0.344974011182785
0.992474973201752 0.3456149995327
0.994090974330902 0.346258014440536
0.995711982250214 0.346902012825012
0.997336983680725 0.347548991441727
0.998965978622437 0.348197013139725
1.00059998035431 0.348845988512039
1.00223994255066 0.349498003721237
1.0038800239563 0.350151002407074
1.00552999973297 0.350805997848511
1.00717997550964 0.351462990045547
1.00883996486664 0.352122008800507
1.01049995422363 0.352782994508743
1.01216995716095 0.353444993495941
1.01383996009827 0.354108989238739
1.01550996303558 0.354775011539459
1.01719999313354 0.355443000793457
1.01888000965118 0.356112986803055
1.02057003974915 0.356783986091614
1.02226996421814 0.357457995414734
1.02397000789642 0.358132988214493
1.02567005157471 0.358810007572174
1.02737998962402 0.359488993883133
1.02909004688263 0.360170006752014
1.03080999851227 0.360852986574173
1.03253996372223 0.361537992954254
1.03427004814148 0.362224996089935
1.03600001335144 0.362913995981216
1.03773999214172 0.363604992628098
1.03947997093201 0.36429700255394
1.04122996330261 0.364991992712021
1.04298996925354 0.365689009428024
1.04474997520447 0.366387009620667
1.0465099811554 0.367087990045547
1.04828000068665 0.367790013551712
1.05006003379822 0.368494987487793
1.0518399477005 0.369201987981796
1.05361998081207 0.369910001754761
1.05541002750397 0.370620995759964
1.05720996856689 0.371333986520767
1.05901002883911 0.372049003839493
1.06081998348236 0.372765988111496
1.0626300573349 0.373484998941422
1.06445002555847 0.374206006526947
1.06626999378204 0.374929010868073
1.06809997558594 0.375654995441437
1.06992995738983 0.376381993293762
1.07176995277405 0.377112001180649
1.07360994815826 0.377844005823135
1.0754599571228 0.378576993942261
1.07731997966766 0.379314005374908
1.07918000221252 0.380052000284195
1.08105003833771 0.380791991949081
1.0829199552536 0.381534993648529
1.08480000495911 0.382279992103577
1.08668005466461 0.383026987314224
1.08856999874115 0.383776009082794
1.09046995639801 0.384528011083603
1.09237003326416 0.385282009840012
1.09426999092102 0.38603800535202
1.09618997573853 0.386795997619629
1.09810996055603 0.387556999921799
1.10002994537354 0.388318985700607
1.10195994377136 0.389084994792938
1.10389995574951 0.389851987361908
1.10583996772766 0.390621989965439
1.10778999328613 0.39139398932457
1.1097400188446 0.392168998718262
1.1117000579834 0.392946004867554
1.11366999149323 0.393725007772446
1.11564004421234 0.394506990909576
1.11761999130249 0.39529100060463
1.11960005760193 0.396077007055283
1.1215900182724 0.396865993738174
1.12358999252319 0.397657006978989
1.12558996677399 0.398451000452042
1.1275999546051 0.399246990680695
1.12961995601654 0.400045990943909
1.13163995742798 0.400846987962723
1.13366997241974 0.401650011539459
1.1356999874115 0.402456998825073
1.1377500295639 0.403264999389648
1.13979005813599 0.404076009988785
1.14184999465942 0.40489000082016
1.14391005039215 0.405705988407135
1.14598000049591 0.406524986028671
1.14804995059967 0.40734601020813
1.15013003349304 0.408170014619827
1.15222001075745 0.408996999263763
1.15430998802185 0.409826010465622
1.15640997886658 0.410658001899719
1.15851998329163 0.411491990089417
1.160640001297 0.412328988313675
1.16276001930237 0.413168996572495
1.16489005088806 0.414012014865875
1.16701996326447 0.414857000112534
1.16916000843048 0.415704995393753
1.17130994796753 0.416554987430573
1.17347002029419 0.417407989501953
1.17562997341156 0.418264001607895
1.17780005931854 0.419122993946075
1.17998003959656 0.419984996318817
1.18216001987457 0.420848995447159
1.18435001373291 0.421716004610062
1.18655002117157 0.422585994005203
1.18876004219055 0.423458993434906
1.19096994400024 0.424333989620209
1.19318997859955 0.425213009119034
1.19542002677917 0.426093995571136
1.19764995574951 0.4269779920578
1.19989001750946 0.427864998579025
1.20213997364044 0.428754985332489
1.20439994335175 0.429648011922836
1.20667004585266 0.4305439889431
1.20894002914429 0.431443005800247
1.21122002601624 0.432345002889633
1.21351003646851 0.43325001001358
1.21580004692078 0.434157013893127
1.21809995174408 0.435068011283875
1.22040998935699 0.43598198890686
1.22273004055023 0.43689900636673
1.2250599861145 0.437819004058838
1.22739005088806 0.438742011785507
1.22974002361298 0.439667999744415
1.23208999633789 0.440596997737885
1.23444998264313 0.441529989242554
1.23680996894836 0.442465007305145
1.23918998241425 0.443403989076614
1.24156999588013 0.444346010684967
1.24396002292633 0.445291012525558
1.24635994434357 0.446238994598389
1.24875998497009 0.44718998670578
1.25118005275726 0.448145002126694
1.25360000133514 0.449102997779846
1.25603997707367 0.45006400346756
1.25847995281219 0.451027989387512
1.26092004776001 0.451995998620987
1.26338005065918 0.4529669880867
1.26584994792938 0.453940987586975
1.26831996440887 0.454919010400772
1.27081000804901 0.455900013446808
1.27330005168915 0.456885010004044
1.27579998970032 0.457872986793518
1.27830994129181 0.458864003419876
1.28082001209259 0.459859013557434
1.28334999084473 0.460857003927231
1.28588998317719 0.461858987808228
1.28842997550964 0.462864011526108
1.29098999500275 0.463872998952866
1.29355001449585 0.464884996414185
1.29612004756927 0.465900987386703
1.29869997501373 0.466919988393784
1.3012900352478 0.467943012714386
1.30388998985291 0.468970000743866
1.30649995803833 0.469999998807907
1.30912005901337 0.471033990383148
1.31174004077911 0.47207099199295
1.31438004970551 0.473111987113953
1.31702995300293 0.474157005548477
1.31967997550964 0.475205987691879
1.322350025177 0.476258009672165
1.32501995563507 0.477313995361328
1.32771003246307 0.478374004364014
1.33039999008179 0.479438006877899
1.33310997486115 0.480504989624023
1.3358199596405 0.48157599568367
1.33853995800018 0.482652008533478
1.34127998352051 0.483731001615524
1.34402000904083 0.484813988208771
1.34677004814148 0.485900014638901
1.34953999519348 0.486990988254547
1.35230994224548 0.488085985183716
1.35510003566742 0.489185005426407
1.35789000988007 0.490287005901337
1.36068999767303 0.491394013166428
1.36351001262665 0.492505013942719
1.36633002758026 0.493620008230209
1.36916995048523 0.494738012552261
1.37202000617981 0.495862007141113
1.3748699426651 0.496989011764526
1.37749004364014 0.498019009828568
1.37923002243042 0.498708009719849
1.38039994239807 0.499168992042542
1.38118004798889 0.499475985765457
1.38170003890991 0.499680995941162
1.38204002380371 0.499817997217178
1.38226997852325 0.49990901350975
1.38239002227783 0.499953985214233
1.38244998455048 0.499976992607117
1.38250994682312 0.5
1.38250994682312 0.5
1.38256001472473 0.500023007392883
1.38261997699738 0.500046014785767
1.38274002075195 0.500091016292572
1.3829699754715 0.50018298625946
1.38331997394562 0.500319004058838
1.38383996486664 0.500524997711182
1.38461995124817 0.500833988189697
1.38578999042511 0.501296997070313
1.38756000995636 0.501993000507355
1.39021003246307 0.50304102897644
1.39313995838165 0.504194974899292
1.39607000350952 0.505352973937988
1.39901995658875 0.506515026092529
1.40198004245758 0.507682025432587
1.40495002269745 0.508853018283844
1.40793001651764 0.510028004646301
1.41092002391815 0.51120799779892
1.41392004489899 0.512391984462738
1.41693997383118 0.513580977916718
1.41996002197266 0.514774024486542
1.42299997806549 0.515971004962921
1.42604994773865 0.517174005508423
1.42911005020142 0.518379986286163
1.43218004703522 0.519591987133026
1.43526995182037 0.520807981491089
1.43835997581482 0.522028028964996
1.44147002696991 0.52325302362442
1.44458997249603 0.524483025074005
1.44772005081177 0.525717973709106
1.45086002349854 0.526956975460052
1.45402002334595 0.52820098400116
1.45719003677368 0.529449999332428
1.46036994457245 0.530703008174896
1.46355998516083 0.531961977481842
1.46677005290985 0.533224999904633
1.46998000144958 0.534493029117584
1.47320997714996 0.535766005516052
1.47645998001099 0.537043988704681
1.47970998287201 0.538326978683472
1.48298001289368 0.539614975452423
1.48626005649567 0.540907979011536
1.48956000804901 0.542205989360809
1.49285995960236 0.543509006500244
1.49618005752563 0.544817984104156
1.49951994419098 0.546131014823914
1.50285995006561 0.547448992729187
1.50621998310089 0.548772990703583
1.50959002971649 0.55010199546814
1.51297998428345 0.551436007022858
1.51637995243073 0.552775025367737
1.51979005336761 0.554120004177094
1.52321994304657 0.555469989776611
1.52665996551514 0.55682498216629
1.53012001514435 0.558185994625092
1.53357994556427 0.559552013874054
1.53707003593445 0.560922980308533
1.54056000709534 0.562300026416779
1.54407000541687 0.563682973384857
1.54760003089905 0.565070986747742
1.55113995075226 0.566464006900787
1.55469000339508 0.567864000797272
1.55825996398926 0.569267988204956
1.56184005737305 0.570679008960724
1.56543004512787 0.572094976902008
1.56903994083405 0.573517024517059
1.57266998291016 0.574944019317627
1.57631003856659 0.576377987861633
1.57997000217438 0.577817022800446
1.58363997936249 0.579262018203735
1.58731997013092 0.580712974071503
1.59101998806 0.582170009613037
1.59474003314972 0.583631992340088
1.59846997261047 0.585101008415222
1.60221004486084 0.586575984954834
1.60598003864288 0.588056027889252
1.60975003242493 0.589542984962463
1.61354994773865 0.591036021709442
1.61735999584198 0.592535018920898
1.62118005752563 0.594039976596832
1.62502002716064 0.595552027225494
1.6288800239563 0.597069025039673
1.63275003433228 0.59859299659729
1.63663995265961 0.60012298822403
1.64054000377655 0.601660013198853
1.64445996284485 0.603202998638153
1.64839994907379 0.604752004146576
1.65234994888306 0.606307983398438
1.65631997585297 0.607869982719421
1.66031002998352 0.609439015388489
1.66430997848511 0.611014008522034
1.66832995414734 0.612595975399017
1.67236995697021 0.614184021949768
1.67642998695374 0.615778982639313
1.68050003051758 0.617380976676941
1.68458998203278 0.618990004062653
1.6886899471283 0.620604991912842
1.69281995296478 0.622227013111115
1.69695997238159 0.623856008052826
1.70112001895905 0.625491976737976
1.70528995990753 0.62713497877121
1.70948994159698 0.628784000873566
1.71370005607605 0.630441009998322
1.71792995929718 0.632104992866516
1.72218000888824 0.633776009082794
1.72644996643066 0.63545298576355
1.7307300567627 0.63713800907135
1.73503005504608 0.63883101940155
1.73935997486115 0.640529990196228
1.74370002746582 0.64223700761795
1.74805998802185 0.643950998783112
1.7524299621582 0.645672023296356
1.75682997703552 0.647400975227356
1.76125001907349 0.649137020111084
1.76567995548248 0.650880992412567
1.77014005184174 0.652631998062134
1.77461004257202 0.654389977455139
1.77909994125366 0.656156003475189
1.78360998630524 0.657930016517639
1.78814995288849 0.659712016582489
1.79270005226135 0.661500990390778
1.79727005958557 0.663298010826111
1.80185997486115 0.665103018283844
1.80647003650665 0.666914999485016
1.81110000610352 0.668735027313232
1.81576001644135 0.670563995838165
1.8204300403595 0.672399997711182
1.825119972229 0.674243986606598
1.82983005046844 0.676096975803375
1.83457005023956 0.677956998348236
1.83931994438171 0.679825007915497
1.84409999847412 0.681702017784119
1.84889996051788 0.68358701467514
1.85371005535126 0.685479998588562
1.85854995250702 0.687381029129028
1.86340999603271 0.689291000366211
1.86829996109009 0.691209018230438
1.87320005893707 0.693135976791382
1.87811994552612 0.69507098197937
1.88306999206543 0.697013974189758
1.88803994655609 0.698966026306152
1.89303004741669 0.700927019119263
1.89804995059967 0.702895998954773
1.90307998657227 0.704873979091644
1.90813994407654 0.706861019134521
1.91322004795074 0.708856999874115
1.91831994056702 0.710861027240753
1.92344999313354 0.712873995304108
1.92859995365143 0.714896023273468
1.93376994132996 0.716928005218506
1.93895995616913 0.718967974185944
1.94418001174927 0.721017003059387
1.94941997528076 0.723074972629547
1.95468997955322 0.725142002105713
1.95998001098633 0.727218985557556
1.96528995037079 0.729305028915405
1.97062003612518 0.731400012969971
1.97598004341125 0.733503997325897
1.981369972229 0.735617995262146
1.98677003383636 0.737740993499756
1.99221003055573 0.739874005317688
1.99766004085541 0.742016017436981
2.00313997268677 0.744167983531952
2.00865006446838 0.746329009532928
2.01417994499207 0.748501002788544
2.01974010467529 0.750680983066559
2.02532005310059 0.752871990203857
2.03092002868652 0.755071997642517
2.03655004501343 0.757282018661499
2.0422101020813 0.759501993656158
2.04788994789124 0.76173198223114
2.05360007286072 0.763971984386444
2.05932998657227 0.76622200012207
2.06508994102478 0.768482029438019
2.07086992263794 0.770752012729645
2.07667994499207 0.773032009601593
2.08252000808716 0.77532297372818
2.08839011192322 0.777624011039734
2.09428000450134 0.779935002326965
2.10018992424011 0.782256007194519
2.10612988471985 0.784587979316711
2.11209988594055 0.786930978298187
2.11809992790222 0.789283990859985
2.12413001060486 0.791647017002106
2.13017988204956 0.794021010398865
2.13626003265381 0.796405971050262
2.14235997200012 0.798801004886627
2.1484899520874 0.801207005977631
2.15465998649597 0.803623974323273
2.16085004806519 0.806052029132843
2.16705989837646 0.808489978313446
2.17331004142761 0.810940027236938
2.17957997322083 0.813399970531464
2.185879945755 0.815872013568878
2.19220995903015 0.81835401058197
2.19857001304626 0.820847988128662
2.20496010780334 0.823352992534637
2.21136999130249 0.825869023799896
2.21781992912292 0.828396022319794
2.224289894104 0.830935001373291
2.23078989982605 0.833485007286072
2.23732995986938 0.836045980453491
2.24389004707336 0.838618993759155
2.25047993659973 0.841202974319458
2.25710010528564 0.843798995018005
2.26375007629395 0.846405982971191
2.27043008804321 0.849025011062622
2.27713990211487 0.851655006408691
2.28387999534607 0.854297995567322
2.29064989089966 0.856952011585236
2.29745006561279 0.859618008136749
2.30428004264832 0.862294971942902
2.3111400604248 0.86498498916626
2.318039894104 0.867685973644257
2.32495999336243 0.870400011539459
2.33190989494324 0.873125016689301
2.33890008926392 0.875863015651703
2.34591007232666 0.878611981868744
2.35296010971069 0.881374001502991
2.36003994941711 0.884148001670837
2.36715006828308 0.886933982372284
2.37428998947144 0.889732003211975
2.38145995140076 0.892543017864227
2.38866996765137 0.895366013050079
2.39590001106262 0.898200988769531
2.40317010879517 0.901049017906189
2.4104700088501 0.903909981250763
2.417799949646 0.90678197145462
2.42516994476318 0.909668028354645
2.43255996704102 0.912564992904663
2.43999004364014 0.915476024150848
2.44745993614197 0.918398976325989
2.45495009422302 0.921334981918335
2.46248006820679 0.924283027648926
2.47004008293152 0.927245020866394
2.47762989997864 0.930218994617462
2.48526000976563 0.933206021785736
2.492919921875 0.93620502948761
2.50061011314392 0.939217984676361
2.50833010673523 0.942243993282318
2.51608991622925 0.945281982421875
2.52388000488281 0.948333978652954
2.53170990943909 0.951398015022278
2.53957009315491 0.954475998878479
2.54746007919312 0.957566976547241
2.55538988113403 0.960669994354248
2.5633499622345 0.963787019252777
2.57134008407593 0.966916978359222
2.57937002182007 0.970061004161835
2.5874400138855 0.973217010498047
2.59553003311157 0.976387023925781
2.60366010665894 0.979569971561432
2.61182999610901 0.98276698589325
2.62002992630005 0.985976994037628
2.62825989723206 0.989199995994568
2.63652992248535 0.992435991764069
2.64482998847961 0.995685994625092
2.65317010879517 0.998950004577637
2.66154003143311 1.00223004817963
2.66995000839233 1.00551998615265
2.67839002609253 1.00882005691528
2.68687009811401 1.01214003562927
2.69537997245789 1.01547002792358
2.70392990112305 1.01881003379822
2.71251010894775 1.02216994762421
2.72112989425659 1.02553999423981
2.72977995872498 1.02892994880676
2.73846006393433 1.03233003616333
2.74718999862671 1.03574001789093
2.75593996047974 1.03917002677917
2.76473999023438 1.04261004924774
2.77357006072998 1.04605996608734
2.78242993354797 1.04953002929688
2.79133009910583 1.05300998687744
2.80026006698608 1.05649995803833
2.80923008918762 1.06000995635986
2.81823992729187 1.06353998184204
2.82728004455566 1.06707000732422
2.83634996414185 1.07061994075775
2.84545993804932 1.0741800069809
2.85460996627808 1.0777599811554
2.8637900352478 1.08134996891022
2.87300992012024 1.08495998382568
2.88227009773254 1.08858001232147
2.89156007766724 1.09221005439758
2.9008800983429 1.09586000442505
2.91023993492126 1.09951996803284
2.9196400642395 1.10318994522095
2.92906999588013 1.1068799495697
2.93853998184204 1.11057996749878
2.94804000854492 1.1143000125885
2.95758008956909 1.11802995204926
2.96715998649597 1.12177002429962
2.97676992416382 1.12553000450134
2.98640990257263 1.12929999828339
2.99609994888306 1.13308000564575
3.00581002235413 1.13688004016876
3.01556992530823 1.14068996906281
3.02536010742188 1.14452004432678
3.03518009185791 1.14836001396179
3.04503989219666 1.15220999717712
3.05493998527527 1.1560800075531
3.06487011909485 1.1599600315094
3.07483005523682 1.16384994983673
3.08483004570007 1.167760014534
3.09487009048462 1.17167997360229
3.10493993759155 1.17561995983124
3.11505007743835 1.1795699596405
3.12520003318787 1.18352997303009
3.13538002967834 1.18751001358032
3.14559006690979 1.19149994850159
3.15583992004395 1.19550001621246
3.16612005233765 1.19951999187469
3.17644000053406 1.20354998111725
3.18680000305176 1.20759999752045
3.19719004631042 1.21166002750397
3.20760989189148 1.21572995185852
3.2180700302124 1.21981000900269
3.22856998443604 1.22390997409821
3.23909997940063 1.22801995277405
3.2496600151062 1.23214995861053
3.26026010513306 1.23628997802734
3.2708899974823 1.24044001102448
3.28155994415283 1.24460995197296
3.29226994514465 1.24879002571106
3.30299997329712 1.25297999382019
3.31377005577087 1.25718998908997
3.32457995414734 1.26140999794006
3.33541989326477 1.26564002037048
3.34629988670349 1.26988005638123
3.35719990730286 1.27414000034332
3.36814999580383 1.27840995788574
3.37912011146545 1.28269994258881
3.39013004302979 1.28699994087219
3.40118002891541 1.2913099527359
3.41226005554199 1.29562997817993
3.42336988449097 1.29997003078461
3.43450999259949 1.30431997776031
3.44568991661072 1.30868005752563
3.45690989494324 1.31306004524231
3.4681499004364 1.31744003295898
3.47942996025085 1.32184994220734
3.49074006080627 1.32625997066498
3.5020899772644 1.33069002628326
3.51345992088318 1.33512997627258
3.52487993240356 1.33958005905151
3.53631997108459 1.34404003620148
3.54780006408691 1.34852004051208
3.5592999458313 1.35301005840302
3.57084989547729 1.35750997066498
3.58242011070251 1.36203002929688
3.59402990341187 1.36654996871948
3.60565996170044 1.37109005451202
3.6173300743103 1.37565004825592
3.62904000282288 1.38021004199982
3.64076995849609 1.38478994369507
3.6525399684906 1.38936996459961
3.66433000564575 1.39398002624512
3.67616009712219 1.39858996868134
3.68801999092102 1.40321004390717
3.69990992546082 1.40785002708435
3.7118399143219 1.41250002384186
3.72378993034363 1.41716003417969
3.73578000068665 1.42183005809784
3.74779009819031 1.42651998996735
3.75984001159668 1.43121004104614
3.77191996574402 1.43592000007629
3.784019947052 1.44063997268677
3.79615998268127 1.44536995887756
3.80833005905151 1.450119972229
3.82052993774414 1.45486998558044
3.83276009559631 1.45964002609253
3.84502005577087 1.46441996097565
3.8573100566864 1.46921002864838
3.8696300983429 1.47400999069214
3.88196992874146 1.47881996631622
3.89435005187988 1.48363995552063
3.9067599773407 1.48847997188568
3.91919994354248 1.49331998825073
3.93165993690491 1.49818003177643
3.94415998458862 1.50304996967316
3.95668005943298 1.5079300403595
3.96922993659973 1.51282000541687
3.98182010650635 1.51771998405457
3.99443006515503 1.52262997627258
4.00706005096436 1.52754998207092
4.01973009109497 1.53249001502991
4.03243017196655 1.53743004798889
4.04514980316162 1.54238998889923
4.05789995193481 1.54735994338989
4.07068014144897 1.55233001708984
4.08348989486694 1.55731999874115
4.09632015228271 1.56231999397278
4.10917997360229 1.56733000278473
4.12206983566284 1.572350025177
4.13499021530151 1.57737994194031
4.14793014526367 1.5824099779129
4.16091012954712 1.58747005462646
4.17390012741089 1.59253001213074
4.18693017959595 1.59759998321533
4.19997978210449 1.60267996788025
4.21305990219116 1.60776996612549
4.22616004943848 1.61286997795105
4.23929977416992 1.61798000335693
4.25244998931885 1.62310004234314
4.2656397819519 1.62822997570038
4.27885007858276 1.63337004184723
4.29207992553711 1.63853001594543
4.30533981323242 1.64368999004364
4.31863021850586 1.64885997772217
4.33194017410278 1.65403997898102
4.34528017044067 1.65922999382019
4.35865020751953 1.66443002223969
4.37202978134155 1.66963994503021
4.38544988632202 1.67486000061035
4.39889001846313 1.68008005619049
4.41235017776489 1.68532001972198
4.42583990097046 1.6905699968338
4.43935012817383 1.69582998752594
4.45288991928101 1.70108997821808
4.46646022796631 1.70636999607086
4.48004007339478 1.71165001392365
4.49364995956421 1.71695005893707
4.50728988647461 1.72224998474121
4.52094984054565 1.72756004333496
4.53462982177734 1.73287999629974
4.54833984375 1.73820996284485
4.5620698928833 1.74354994297028
4.57582998275757 1.74890005588531
4.58960008621216 1.7542599439621
4.60340976715088 1.75961995124817
4.61722993850708 1.76499998569489
4.63108015060425 1.7703800201416
4.6449499130249 1.77576994895935
4.65885019302368 1.78117001056671
4.67276000976563 1.7865799665451
4.68669986724854 1.79200005531311
4.70066976547241 1.79743003845215
4.71465015411377 1.80286002159119
4.72866010665894 1.80831003189087
4.74269008636475 1.81376004219055
4.7567400932312 1.81921994686127
4.77082014083862 1.82468998432159
4.78492021560669 1.83017003536224
4.79903984069824 1.83565998077393
4.8131799697876 1.8411500453949
4.8273401260376 1.8466500043869
4.84152984619141 1.85215997695923
4.8557300567627 1.85767996311188
4.86995983123779 1.86320996284485
4.88421010971069 1.86873996257782
4.89847993850708 1.87428998947144
4.91277980804443 1.87984001636505
4.92709016799927 1.88540005683899
4.94143009185791 1.89096999168396
4.95578002929688 1.89654004573822
4.97016000747681 1.90213000774384
4.98456001281738 1.90771996974945
4.9989800453186 1.91331994533539
5.01342010498047 1.91892004013062
5.02788019180298 1.9245400428772
5.04235982894897 1.93016004562378
5.05685997009277 1.93578994274139
5.07139015197754 1.94142997264862
5.08592987060547 1.94707000255585
5.1004900932312 1.95272994041443
5.11506986618042 1.9583899974823
5.12968015670776 1.96405005455017
5.14429998397827 1.9697300195694
5.15893983840942 1.97540998458862
5.1736102104187 1.98109996318817
5.18829011917114 1.98679995536804
5.20299005508423 1.99250996112823
5.21772003173828 1.99821996688843
5.23246002197266 2.00394010543823
5.24722003936768 2.00967001914978
5.26200008392334 2.01539993286133
5.27680015563965 2.02114009857178
5.29161977767944 2.02689003944397
5.30645990371704 2.03264999389648
5.32132005691528 2.038409948349
5.33620023727417 2.04417991638184
5.35108995437622 2.049959897995
5.3660101890564 2.05574989318848
5.38093996047974 2.06153988838196
5.39589023590088 2.06733989715576
5.41087007522583 2.07314991950989
5.4258599281311 2.07895994186401
5.44086980819702 2.08477997779846
5.45589017868042 2.09061002731323
5.47094011306763 2.096440076828
5.48601007461548 2.10227990150452
5.50109004974365 2.10812997817993
5.51619005203247 2.11398005485535
5.53131008148193 2.1198399066925
5.54645013809204 2.12571001052856
5.56161022186279 2.13158988952637
5.57677984237671 2.13747000694275
5.59196996688843 2.14335989952087
5.60718011856079 2.14925003051758
5.62240982055664 2.15514993667603
5.63766002655029 2.16106009483337
5.65291976928711 2.16698002815247
5.66821002960205 2.17289996147156
5.68350982666016 2.17882990837097
5.69882011413574 2.18476009368896
5.71415996551514 2.1907000541687
5.72950983047485 2.19665002822876
5.74488019943237 2.20261001586914
5.76027011871338 2.20857000350952
5.77568006515503 2.2145299911499
5.791100025177 2.22051000595093
5.80654001235962 2.22649002075195
5.82200002670288 2.2324800491333
5.83747005462646 2.23847007751465
5.85296010971069 2.24446988105774
5.86847019195557 2.25046992301941
5.88399982452393 2.25648999214172
5.89953994750977 2.26250004768372
5.91510009765625 2.26852989196777
5.93067979812622 2.27455997467041
5.94626998901367 2.28060007095337
5.96188020706177 2.28663992881775
5.97750997543335 2.29269003868103
5.99315977096558 2.29874992370605
6.00882005691528 2.30481004714966
6.02448987960815 2.310879945755
6.04019021987915 2.31695008277893
6.05590009689331 2.3230299949646
6.07163000106812 2.32911992073059
6.08736991882324 2.33521008491516
6.10312986373901 2.34131002426147
6.11890983581543 2.34741997718811
6.13470983505249 2.35352993011475
6.15051984786987 2.3596498966217
6.16633987426758 2.36577010154724
6.18218994140625 2.37190008163452
6.19805002212524 2.3780300617218
6.21392011642456 2.3841700553894
6.22981023788452 2.39032006263733
6.24571990966797 2.39648008346558
6.26165008544922 2.4026300907135
6.27758979797363 2.40879988670349
6.29354000091553 2.41496992111206
6.30951976776123 2.42114996910095
6.32551002502441 2.42733001708984
6.34150981903076 2.43352007865906
6.35753011703491 2.43970990180969
6.37356996536255 2.44590997695923
6.38961982727051 2.45212006568909
6.40569019317627 2.45832991600037
6.4217700958252 2.46455001831055
6.43787002563477 2.47077989578247
6.45398998260498 2.47699999809265
6.47011995315552 2.4832398891449
6.4862699508667 2.48948001861572
6.5024299621582 2.49572992324829
6.51861000061035 2.50198006629944
6.53480005264282 2.50823998451233
6.55101013183594 2.51449990272522
6.5672402381897 2.52077007293701
6.58347988128662 2.52705001831055
6.59974002838135 2.53332996368408
6.6160101890564 2.53961992263794
6.63229990005493 2.5459098815918
6.64860010147095 2.55221009254456
6.66491985321045 2.55851006507874
6.68125009536743 2.56482005119324
6.6975998878479 2.57114005088806
6.71397018432617 2.57746005058289
6.73035001754761 2.58378005027771
6.74674987792969 2.59012007713318
6.76316022872925 2.59645009040833
6.77958011627197 2.60279989242554
6.79603004455566 2.60914993286133
6.81247997283936 2.61549997329712
6.82894992828369 2.62186002731323
6.84543991088867 2.62823009490967
6.86193990707397 2.63459992408752
6.87845993041992 2.64096999168396
6.89499998092651 2.64736008644104
6.91154003143311 2.65373992919922
6.92811012268066 2.66014003753662
6.94469022750854 2.66653990745544
6.96127986907959 2.67294001579285
6.97789001464844 2.67934989929199
6.99451017379761 2.68577003479004
7.01114988327026 2.69218993186951
7.0278000831604 2.69861006736755
7.04446983337402 2.70503997802734
7.06116008758545 2.71147990226746
7.07784986495972 2.71792006492615
7.09457015991211 2.72437000274658
7.11129999160767 2.73082995414734
7.12803983688354 2.73727989196777
7.14480018615723 2.74375009536743
7.16157007217407 2.75022006034851
7.17835998535156 2.75669002532959
7.19515991210938 2.76317000389099
7.21197986602783 2.76965999603271
7.22880983352661 2.77614998817444
7.24565982818604 2.78264999389648
7.26251983642578 2.78914999961853
7.27939987182617 2.7956600189209
7.29628992080688 2.80217003822327
7.31319999694824 2.80869007110596
7.33012008666992 2.81521010398865
7.34706020355225 2.82173991203308
7.36400985717773 2.82827997207642
7.38098001480103 2.83481001853943
7.39796018600464 2.84136009216309
7.41494989395142 2.84790992736816
7.431960105896 2.85447001457214
7.44898986816406 2.86103010177612
7.46603012084961 2.86758995056152
7.48307991027832 2.87416005134583
7.50015020370483 2.88073992729187
7.51723003387451 2.88732004165649
7.53432989120483 2.89390993118286
7.55143976211548 2.90050005912781
7.56857013702393 2.9070999622345
7.58571004867554 2.91371011734009
7.60286998748779 2.92031002044678
7.62003993988037 2.92692995071411
7.63722991943359 2.93354988098145
7.65442991256714 2.94017004966736
7.67163991928101 2.94679999351501
7.68886995315552 2.95343995094299
7.70612001419067 2.96007990837097
7.72338008880615 2.96672010421753
7.74065017700195 2.97337007522583
7.75793981552124 2.98003005981445
7.77523994445801 2.98669004440308
7.79256010055542 2.99336004257202
7.809889793396 3.00003004074097
7.82723999023438 3.00671005249023
7.84460020065308 3.0133900642395
7.86196994781494 3.02008008956909
7.87936019897461 3.02677011489868
7.89675998687744 3.03346991539001
7.91417980194092 3.04016995429993
7.9316201210022 3.04688000679016
7.94905996322632 3.0535900592804
7.96652984619141 3.06030988693237
7.98400020599365 3.06702995300293
8.00148963928223 3.07376003265381
8.01900005340576 3.08049988746643
8.03652000427246 3.08723998069763
8.0540599822998 3.09398007392883
8.07159996032715 3.10072994232178
8.08917045593262 3.10749006271362
8.10674953460693 3.11424994468689
8.12434005737305 3.12102007865906
8.14194965362549 3.12778997421265
8.15956974029541 3.13456010818481
8.17720031738281 3.14134001731873
8.19484996795654 3.14812994003296
8.21251964569092 3.15492010116577
8.23019981384277 3.16172003746033
8.24789047241211 3.16851997375488
8.26560020446777 3.17532992362976
8.28332042694092 3.18214011192322
8.30105972290039 3.18896007537842
8.31881046295166 3.19578003883362
8.33658027648926 3.20261001586914
8.35435962677002 3.20943999290466
8.37215042114258 3.21627998352051
8.38996028900146 3.22312998771667
8.407790184021 3.22996997833252
8.42562007904053 3.23682999610901
8.44347953796387 3.2436900138855
8.46133995056152 3.25055003166199
8.47922039031982 3.2574200630188
8.49711990356445 3.26430010795593
8.51502990722656 3.27117991447449
8.53295993804932 3.27805995941162
8.55090045928955 3.28495001792908
8.56884956359863 3.29185009002686
8.58681964874268 3.29874992370605
8.6048002243042 3.30564999580383
8.62279987335205 3.31256008148193
8.64081001281738 3.31947994232178
8.65884017944336 3.3264000415802
8.6768798828125 3.33332991600037
8.69493007659912 3.34026002883911
8.71300029754639 3.3471999168396
8.73108005523682 3.35414004325867
8.74917984008789 3.36107993125916
8.76729965209961 3.36804008483887
8.78542041778564 3.37498998641968
8.80356025695801 3.38195991516113
8.82172012329102 3.38892006874084
8.83988952636719 3.39590001106262
8.85807991027832 3.4028799533844
8.87627983093262 3.40985989570618
8.89449024200439 3.41685009002686
8.9127197265625 3.42384004592896
8.93095970153809 3.43084001541138
8.94921970367432 3.4378399848938
8.96749019622803 3.44484996795654
8.98577976226807 3.45186996459961
9.00407981872559 3.45888996124268
9.02239990234375 3.46590995788574
9.04073047637939 3.47293996810913
9.05906963348389 3.47997999191284
9.07742977142334 3.48702001571655
9.09580039978027 3.49406003952026
9.11419010162354 3.5011100769043
9.13259983062744 3.50816988945007
9.15100955963135 3.51522994041443
9.16944980621338 3.52230000495911
9.18789005279541 3.52937006950378
9.20635032653809 3.53643989562988
9.22482967376709 3.54352998733521
9.24332046508789 3.55061006546021
9.26181983947754 3.55769991874695
9.28034019470215 3.56480002403259
9.29887962341309 3.57189989089966
9.3174295425415 3.57901000976563
9.3359899520874 3.58611989021301
9.35457038879395 3.5932400226593
9.37316036224365 3.60036993026733
9.391770362854 3.60749006271362
9.41038990020752 3.61462998390198
9.42901992797852 3.62176990509033
9.44766998291016 3.62891006469727
9.46634006500244 3.63605999946594
9.48501968383789 3.64320993423462
9.50370979309082 3.65036988258362
9.52241992950439 3.65754008293152
9.54115009307861 3.66471004486084
9.559889793396 3.67188000679016
9.57863998413086 3.6790599822998
9.59741020202637 3.68624997138977
9.61618995666504 3.69343996047974
9.63498973846436 3.70063996315002
9.65380001068115 3.70783996582031
9.67263031005859 3.7150399684906
9.6914701461792 3.72225999832153
9.71032047271729 3.72947001457214
9.7291898727417 3.73669004440308
9.74808025360107 3.74392008781433
9.76698017120361 3.75114989280701
9.7859001159668 3.75838994979858
9.80482959747314 3.76564002037048
9.82376956939697 3.77288007736206
9.84272956848145 3.7801399230957
9.8617000579834 3.78740000724792
9.88068962097168 3.79466009140015
9.89970016479492 3.80192995071411
9.91872024536133 3.80920004844666
9.9377498626709 3.81647992134094
9.95680046081543 3.82377004623413
9.97585964202881 3.83105993270874
9.99493980407715 3.83835005760193
10.0139999389648 3.84564995765686
