0.629064977169037 0.263938993215561
0.628166019916534 0.26350000500679
0.62726902961731 0.263062000274658
0.626374006271362 0.262625008821487
0.625479996204376 0.262189000844955
0.624588012695313 0.261754006147385
0.623697996139526 0.261319011449814
0.622810006141663 0.260885000228882
0.621923983097076 0.26045298576355
0.621038973331451 0.260019987821579
0.620155990123749 0.259588986635208
0.619274020195007 0.259157985448837
0.61839497089386 0.258729010820389
0.617516994476318 0.258298993110657
0.616639971733093 0.257871001958847
0.615764975547791 0.257443994283676
0.61489200592041 0.257016986608505
0.614021003246307 0.256590992212296
0.613151013851166 0.256166011095047
0.612282991409302 0.255741000175476
0.61141699552536 0.255317986011505
0.61055201292038 0.254895001649857
0.609687983989716 0.254471987485886
0.608826994895935 0.254050999879837
0.607967019081116 0.253630012273788
0.607107996940613 0.253210008144379
0.606251001358032 0.252790987491608
0.605395972728729 0.252371996641159
0.604542016983032 0.251953989267349
0.603690028190613 0.251536995172501
0.60283899307251 0.251121014356613
0.601989984512329 0.250705003738403
0.60114198923111 0.250290006399155
0.600296020507813 0.249874994158745
0.599451005458832 0.249461993575096
0.598608016967773 0.249048992991447
0.597765982151031 0.24863600730896
0.596925973892212 0.248225003480911
0.596086978912354 0.247813999652863
0.595250010490417 0.247402995824814
0.594413995742798 0.246994003653526
0.593580007553101 0.246584996581078
0.59274697303772 0.24617600440979
0.591915011405945 0.245767995715141
0.591085016727448 0.245361000299454
0.590255975723267 0.244955003261566
0.589429020881653 0.244549006223679
0.588603019714355 0.24414399266243
0.587777972221375 0.243738994002342
0.586955010890961 0.243334993720055
0.586133003234863 0.242932006716728
0.585312008857727 0.242529004812241
0.584492981433868 0.242127001285553
0.583675026893616 0.241725996136665
0.582858979701996 0.241325005888939
0.582044005393982 0.240924999117851
0.581229984760284 0.240525007247925
0.580416977405548 0.240125998854637
0.579605996608734 0.239727005362511
0.578796029090881 0.239328995347023
0.577987015247345 0.238931998610497
0.57717901468277 0.23853500187397
0.576372981071472 0.238139003515244
0.575568020343781 0.237743005156517
0.574764013290405 0.237348005175591
0.573961973190308 0.236953005194664
0.573159992694855 0.236559003591537
0.572359979152679 0.236165001988411
0.571560978889465 0.235771998763084
0.570762991905212 0.235379993915558
0.569966971874237 0.234988003969193
0.569171011447906 0.234596997499466
0.568377017974854 0.234206005930901
0.567583978176117 0.233814999461174
0.566792011260986 0.233425006270409
0.566000998020172 0.233035996556282
0.565210998058319 0.232647001743317
0.564422011375427 0.232258006930351
0.563634991645813 0.231869995594025
0.562847971916199 0.231482997536659
0.562062978744507 0.231095999479294
0.561277985572815 0.230709001421928
0.560495018959045 0.230323001742363
0.559713006019592 0.229937002062798
0.558930993080139 0.229552000761032
0.558151006698608 0.229166999459267
0.557371973991394 0.228782996535301
0.556594014167786 0.228398993611336
0.555815994739532 0.228016003966331
0.555040001869202 0.227632999420166
0.554265022277832 0.227249994874001
0.553489983081818 0.226868003606796
0.552716970443726 0.226485997438431
0.551944017410278 0.226104006171227
0.551172971725464 0.225722998380661
0.550401985645294 0.225343003869057
0.549633026123047 0.224961996078491
0.548864006996155 0.224582001566887
0.548096001148224 0.224203005433083
0.547327995300293 0.223823994398117
0.546562016010284 0.223444998264313
0.545796990394592 0.223066002130508
0.545032024383545 0.222688004374504
0.544268012046814 0.2223100066185
0.543505012989044 0.221933007240295
0.542743027210236 0.22155599296093
0.541980981826782 0.221178993582726
0.541221022605896 0.220801994204521
0.540461003780365 0.220425993204117
0.539700984954834 0.220050007104874
0.538942992687225 0.219674006104469
0.538185000419617 0.219299003481865
0.537428021430969 0.218924000859261
0.536670982837677 0.218548998236656
0.535915017127991 0.218173995614052
0.535160005092621 0.217800006270409
0.534404993057251 0.217426002025604
0.533650994300842 0.2170519977808
0.532898008823395 0.216677993535995
0.532145023345947 0.216305002570152
0.531392991542816 0.215930998325348
0.53064101934433 0.215558007359505
0.52989000082016 0.2151850014925
0.52913898229599 0.214812994003296
0.528388977050781 0.214440003037453
0.527638971805573 0.214067995548248
0.526889979839325 0.213695004582405
0.526140987873077 0.213322997093201
0.525393009185791 0.212951004505157
0.52464497089386 0.212578997015953
0.523896992206573 0.21220700442791
0.523150026798248 0.211835995316505
0.522403001785278 0.211464002728462
0.521655976772308 0.211092993617058
0.520910024642944 0.210721001029015
0.520164012908936 0.210350006818771
0.519418001174927 0.209977999329567
0.518671989440918 0.209607005119324
0.51792699098587 0.209234997630119
0.517181992530823 0.208864003419876
0.516435980796814 0.208492994308472
0.515690982341766 0.208121001720428
0.51494699716568 0.207749992609024
0.514201998710632 0.207378000020981
0.513457000255585 0.207007005810738
0.512712001800537 0.206634998321533
0.511968016624451 0.20626300573349
0.511223018169403 0.205891996622086
0.510478019714355 0.205520004034042
0.509733021259308 0.205146998167038
0.50898802280426 0.204775005578995
0.508243024349213 0.20440299808979
0.507497012615204 0.204030007123947
0.506751000881195 0.203657001256943
0.506004989147186 0.203283995389938
0.505258977413177 0.202910006046295
0.504512012004852 0.202537000179291
0.503764986991882 0.202162995934486
0.503018021583557 0.201787993311882
0.502269983291626 0.201414003968239
0.501520991325378 0.201038002967834
0.500771999359131 0.20066300034523
0.500023007392883 0.200286999344826
0.499271988868713 0.199910998344421
0.498521000146866 0.199533998966217
0.497768998146057 0.199156999588013
0.497016996145248 0.198779001832008
0.49626299738884 0.198400005698204
0.495508998632431 0.198020994663239
0.494753003120422 0.197641998529434
0.493997007608414 0.19726100564003
0.493238985538483 0.196879997849464
0.492480009794235 0.19649800658226
0.491719990968704 0.196116000413895
0.490958005189896 0.195732995867729
0.490195006132126 0.195347994565964
0.489430010318756 0.194962993264198
0.488664001226425 0.194576993584633
0.487895995378494 0.194189995527267
0.487127006053925 0.193801999092102
0.486355006694794 0.193412005901337
0.485581010580063 0.19302199780941
0.484806001186371 0.192629992961884
0.484026998281479 0.192237004637718
0.483247011899948 0.191843003034592
0.482463985681534 0.191447004675865
0.481678009033203 0.191048994660378
0.48089000582695 0.190650001168251
0.480098009109497 0.190249994397163
0.479303985834122 0.189847007393837
0.478505998849869 0.189443007111549
0.477703988552094 0.189036995172501
0.476898998022079 0.188628003001213
0.476090013980865 0.188216999173164
0.475275993347168 0.187803998589516
0.474458009004593 0.187389001250267
0.473634988069534 0.186970993876457
0.472806990146637 0.186550006270409
0.471973985433578 0.186125993728638
0.47113499045372 0.185699000954628
0.470290005207062 0.185267999768257
0.46943798661232 0.184834003448486
0.468580007553101 0.184395998716354
0.467712998390198 0.183954000473022
0.466838985681534 0.183506995439529
0.465956002473831 0.183055996894836
0.465063005685806 0.182600006461143
0.464159995317459 0.182137995958328
0.463245987892151 0.181669995188713
0.462321013212204 0.181195005774498
0.461382001638412 0.180713996291161
0.460429012775421 0.180224001407623
0.459459990262985 0.179726004600525
0.458474010229111 0.179218992590904
0.45746898651123 0.178701996803284
0.456443011760712 0.178173005580902
0.455392986536026 0.177632004022598
0.454317986965179 0.177076995372772
0.45321398973465 0.176505997776985
0.452078014612198 0.175917997956276
0.450906991958618 0.175310999155045
0.449699014425278 0.174684002995491
0.448451012372971 0.174034997820854
0.447165995836258 0.173365995287895
0.445852994918823 0.172681003808975
0.444530010223389 0.171988993883133
0.443228006362915 0.171306997537613
0.441985994577408 0.170654997229576
0.440834999084473 0.170048996806145
0.43979400396347 0.16949999332428
0.43886399269104 0.169009000062943
0.438037008047104 0.168570995330811
0.437301009893417 0.168180003762245
0.436643004417419 0.167831003665924
0.43605300784111 0.167517006397247
0.435521990060806 0.167233005166054
0.43503999710083 0.166976004838943
0.434601992368698 0.166741997003555
0.43420198559761 0.16652800142765
0.43383601307869 0.166330993175507
0.433501005172729 0.166151002049446
0.433192014694214 0.165985003113747
0.432906985282898 0.165831997990608
0.432644009590149 0.165690004825592
0.432402014732361 0.165558993816376
0.432177007198334 0.165437996387482
0.431970000267029 0.165325000882149
0.431777000427246 0.165221005678177
0.431598991155624 0.165124997496605
0.431434988975525 0.165034994482994
0.431282013654709 0.164952993392944
0.431142002344131 0.164875999093056
0.431012004613876 0.164804995059967
0.430891990661621 0.164739996194839
0.430781990289688 0.164680004119873
0.430680990219116 0.164625003933907
0.430588006973267 0.16457399725914
0.430503994226456 0.164527997374535
0.430427014827728 0.16448600590229
0.43035700917244 0.164447993040085
0.430294990539551 0.164413005113602
0.430238991975784 0.164382994174957
0.43018901348114 0.164354994893074
0.430146008729935 0.164332002401352
0.43010801076889 0.16431100666523
0.430076003074646 0.164293006062508
0.430049985647202 0.164278000593185
0.430027991533279 0.164266005158424
0.430011004209518 0.164257004857063
0.429998993873596 0.164250999689102
0.429991990327835 0.164247006177902
0.429989010095596 0.164244994521141
0.429989993572235 0.164245992898941
0.429995000362396 0.164248004555702
0.430004000663757 0.164252996444702
0.43001601099968 0.164259999990463
0.430032998323441 0.164269000291824
0.430052995681763 0.164279997348785
0.430076003074646 0.164294004440308
0.430103987455368 0.164308995008469
0.430133998394012 0.164325997233391
0.430168002843857 0.164344996213913
0.43020498752594 0.164364993572235
0.430245012044907 0.164388000965118
0.43028798699379 0.164412006735802
0.430334001779556 0.164437994360924
0.430382996797562 0.164464995265007
0.430435001850128 0.16449399292469
0.430489003658295 0.164525002241135
0.430546998977661 0.164556995034218
0.430606007575989 0.164590999484062
0.430669009685516 0.164626002311707
0.430734008550644 0.164662003517151
0.430801004171371 0.164700001478195
0.43087100982666 0.164739996194839
0.430943012237549 0.164780005812645
0.431017011404037 0.164821997284889
0.431093990802765 0.164866000413895
0.431172996759415 0.1649100035429
0.431253999471664 0.164956003427505
0.431336998939514 0.165003001689911
0.431423008441925 0.165051996707916
0.431510001420975 0.165101006627083
0.431598991155624 0.165151998400688
0.431690990924835 0.165204003453255
0.431784003973007 0.165257006883621
0.431879013776779 0.165310993790627
0.431975990533829 0.165365993976593
0.432074993848801 0.165423005819321
0.432175993919373 0.165480002760887
0.432278990745544 0.165538996458054
0.432383000850677 0.165599003434181
0.432489991188049 0.165658995509148
0.432597011327744 0.165720999240875
0.432707011699677 0.165784001350403
0.432817995548248 0.16584700345993
0.432931005954742 0.165912002325058
0.433046013116837 0.165977999567986
0.433162003755569 0.166043996810913
0.433279991149902 0.166112005710602
0.433398991823196 0.166180998086929
0.43351998925209 0.166250005364418
0.433643013238907 0.166320994496346
0.43376699090004 0.166391998529434
0.433892011642456 0.166464000940323
0.43401899933815 0.166537001729012
0.434148013591766 0.1666119992733
0.43427699804306 0.166686996817589
0.434408992528915 0.166761994361877
0.434540987014771 0.166839003562927
0.434675991535187 0.166916996240616
0.434810996055603 0.166995003819466
0.434947997331619 0.167073994874954
0.435086011886597 0.167153999209404
0.435225993394852 0.167235001921654
0.435366988182068 0.167317003011703
0.435508996248245 0.167400002479553
0.435651987791061 0.167483001947403
0.4357970058918 0.167566999793053
0.435943007469177 0.167651996016502
0.436091005802155 0.167738005518913
0.436239004135132 0.167824998497963
0.436388999223709 0.167912006378174
0.436540007591248 0.167999997735023
0.436693012714386 0.168089002370834
0.436845988035202 0.168179005384445
0.43700098991394 0.168268993496895
0.43715700507164 0.168360993266106
0.437314003705978 0.168452993035316
0.437472999095917 0.168544992804527
0.437631994485855 0.168639004230499
0.437792986631393 0.16873300075531
0.437954992055893 0.168827995657921
0.438118010759354 0.168924003839493
0.438282012939453 0.169019997119904
0.438446998596191 0.169117003679276
0.438614010810852 0.169214993715286
0.43878099322319 0.169313997030258
0.438950002193451 0.16941300034523
0.43911999464035 0.169513002038002
0.439291000366211 0.169614002108574
0.43946298956871 0.169715002179146
0.439635992050171 0.169817999005318
0.439810007810593 0.16992099583149
0.439985007047653 0.170023992657661
0.440160989761353 0.170128002762794
0.440338999032974 0.170232996344566
0.440517008304596 0.170339003205299
0.440697014331818 0.170444995164871
0.440876990556717 0.170552000403404
0.441058993339539 0.170660004019737
0.44124099612236 0.17076900601387
0.441424995660782 0.170877993106842
0.441608995199203 0.170986995100975
0.441794991493225 0.171097993850708
0.441982001066208 0.171208992600441
0.442169994115829 0.171321004629135
0.442357987165451 0.171433001756668
0.442548006772995 0.171545997262001
0.442739009857178 0.171660006046295
0.44293001294136 0.171774998307228
0.443123012781143 0.171890005469322
0.443316996097565 0.172005996108055
0.443511992692947 0.172122001647949
0.44370698928833 0.172239005565643
0.443904012441635 0.172356992959976
0.444101989269257 0.17247599363327
0.4442999958992 0.172594994306564
0.444499999284744 0.172713994979858
0.444700002670288 0.172835007309914
0.444902002811432 0.172956004738808
0.445104002952576 0.173078000545502
0.445307999849319 0.173199996352196
0.445511996746063 0.173323005437851
0.445717990398407 0.173446998000145
0.445924013853073 0.1735710054636
0.446130990982056 0.173695996403694
0.446339011192322 0.173822000622749
0.446548014879227 0.173948004841805
0.44675800204277 0.17407500743866
0.446969002485275 0.174201995134354
0.447180986404419 0.174329996109009
0.447394013404846 0.174458995461464
0.44760799407959 0.174588993191719
0.447822988033295 0.174719005823135
0.448038995265961 0.17485000193119
0.448255002498627 0.174980998039246
0.448473006486893 0.175113007426262
0.448691010475159 0.175246000289917
0.448911011219025 0.175378993153572
0.449131011962891 0.175512999296188
0.449351996183395 0.175648003816605
0.449573993682861 0.17578299343586
0.449797004461288 0.175918996334076
0.450020998716354 0.176054999232292
0.450246006250381 0.176192998886108
0.450471997261047 0.176330000162125
0.450699001550674 0.176468998193741
0.450926005840302 0.176607996225357
0.451155006885529 0.176747992634773
0.451384007930756 0.176888003945351
0.451615005731583 0.177028998732567
0.45184600353241 0.177171006798744
0.452078014612198 0.17731299996376
0.452311009168625 0.177456006407738
0.452544987201691 0.177599996328354
0.45278000831604 0.177744001150131
0.453016012907028 0.177889004349709
0.453253000974655 0.178033992648125
0.453489989042282 0.178179994225502
0.453729003667831 0.178326994180679
0.453967988491058 0.178475007414818
0.454207986593246 0.178623005747795
0.454448997974396 0.178771004080772
0.454692006111145 0.17892099916935
0.454935014247894 0.179070994257927
0.455177992582321 0.179221004247665
0.45542299747467 0.179372996091843
0.455668985843658 0.179525002837181
0.455915987491608 0.179676994681358
0.456162989139557 0.179830998182297
0.456411004066467 0.179984003305435
0.456660985946655 0.180139005184174
0.456910997629166 0.180294007062912
0.457161992788315 0.18045000731945
0.457414001226425 0.180605992674828
0.457666993141174 0.180764004588127
0.457920998334885 0.180921003222466
0.458175003528595 0.181079998612404
0.458431005477905 0.181238994002342
0.458687007427216 0.181399002671242
0.458945006132126 0.18155899643898
0.459203004837036 0.18172000348568
0.459461987018585 0.181881994009018
0.459722012281418 0.182043999433517
0.459982991218567 0.182207003235817
0.460245013237 0.182371005415916
0.460507988929749 0.182534992694855
0.46077099442482 0.182699993252754
0.461035996675491 0.182866007089615
0.461300998926163 0.183033004403114
0.461567997932434 0.183200001716614
0.461834996938705 0.183366999030113
0.462103009223938 0.183535993099213
0.462372004985809 0.183705002069473
0.462642014026642 0.183873996138573
0.462913006544113 0.184045001864433
0.463185012340546 0.184215992689133
0.463458001613617 0.184386998414993
0.463732004165649 0.184560000896454
0.464006006717682 0.184733003377914
0.464282006025314 0.184907004237175
0.464558005332947 0.185081005096436
0.464834988117218 0.185256004333496
0.465113997459412 0.185432001948357
0.465393006801605 0.185607999563217
0.465672999620438 0.185785993933678
0.465954005718231 0.185963004827499
0.466235995292664 0.18614199757576
0.466518014669418 0.186321005225182
0.466802000999451 0.186500996351242
0.467087000608444 0.186682000756264
0.467372000217438 0.186863005161285
0.467658996582031 0.187044993042946
0.467945992946625 0.187227994203568
0.468234986066818 0.187410995364189
0.468524008989334 0.187594994902611
0.468813985586166 0.187779992818832
0.469105005264282 0.187966004014015
0.469397008419037 0.188152000308037
0.46968999505043 0.188338994979858
0.469983994960785 0.188526004552841
0.470279008150101 0.188714995980263
0.470575004816055 0.188904002308846
0.470872014760971 0.189092993736267
0.471170008182526 0.18928399682045
0.47146800160408 0.189474999904633
0.471767991781235 0.189667001366615
0.472068011760712 0.189860001206398
0.472369998693466 0.190053001046181
0.472671985626221 0.190246999263763
0.472975999116898 0.190441995859146
0.473280012607574 0.19063700735569
0.47358500957489 0.190834000706673
0.473892003297806 0.191030994057655
0.474198997020721 0.191228002309799
0.474507004022598 0.191427007317543
0.474815994501114 0.191625997424126
0.475125998258591 0.191826000809669
0.475436985492706 0.192027002573013
0.475749999284744 0.192228004336357
0.476063013076782 0.192430004477501
0.476377010345459 0.192633002996445
0.476691991090775 0.192836999893188
0.477007985115051 0.193040996789932
0.47732400894165 0.193246006965637
0.477641999721527 0.193452000617981
0.477961003780365 0.193658992648125
0.478280991315842 0.19386699795723
0.47860199213028 0.194075003266335
0.478924006223679 0.194284006953239
0.479247003793716 0.194493994116783
0.479571014642715 0.194703996181488
0.479894995689392 0.194914996623993
0.480221003293991 0.195127993822098
0.480547994375229 0.195339992642403
0.480875998735428 0.195554003119469
0.481204986572266 0.195768997073174
0.481534987688065 0.19598400592804
0.481866002082825 0.196199998259544
0.482197999954224 0.19641700387001
0.482529997825623 0.196633994579315
0.482863992452621 0.196852996945381
0.483199000358582 0.197071999311447
0.48353499174118 0.197292000055313
0.48387199640274 0.197512000799179
0.484210014343262 0.197733998298645
0.484548985958099 0.197955995798111
0.484890013933182 0.198180004954338
0.485231012105942 0.198403999209404
0.485572993755341 0.198629006743431
0.485915988683701 0.198853999376297
0.486259996891022 0.199081003665924
0.486606001853943 0.19930799305439
0.486952006816864 0.199535995721817
0.487298995256424 0.199764996767044
0.487648010253906 0.199994996190071
0.487996995449066 0.200225993990898
0.488348007202148 0.200457006692886
0.48870000243187 0.200689002871513
0.489051997661591 0.20092299580574
0.489405989646912 0.201157003641129
0.489760994911194 0.201390996575356
0.490117013454437 0.201627001166344
0.490473985671997 0.201864004135132
0.49083200097084 0.20210100710392
0.491190999746323 0.202338993549347
0.491551995277405 0.202579006552696
0.491912990808487 0.202819004654884
0.49227499961853 0.203060001134872
0.492639005184174 0.203300997614861
0.493003994226456 0.20354400575161
0.493369996547699 0.203786998987198
0.493735998868942 0.204032003879547
0.494103997945786 0.204276993870735
0.494473993778229 0.204522997140884
0.494843989610672 0.204769998788834
0.495214998722076 0.205017998814583
0.495588004589081 0.205266997218132
0.495961010456085 0.205516993999481
0.49633601307869 0.205768004059792
0.496711999177933 0.206018999218941
0.497088998556137 0.206272006034851
0.497467011213303 0.2065249979496
0.497846007347107 0.206780001521111
0.498227000236511 0.207035005092621
0.498607993125916 0.207291007041931
0.498991012573242 0.207548007369041
0.499374985694885 0.207806006073952
0.499760001897812 0.208066001534462
0.500146985054016 0.208324998617172
0.500533998012543 0.208586007356644
0.500922977924347 0.208847999572754
0.501312017440796 0.209111005067825
0.501703023910522 0.209374994039536
0.502095997333527 0.209639996290207
0.502488970756531 0.209904998540878
0.502883017063141 0.21017199754715
0.503278970718384 0.210438996553421
0.503675997257233 0.210708007216454
0.504073977470398 0.210978001356125
0.504473984241486 0.211247995495796
0.504873991012573 0.211520001292229
0.505276024341583 0.211792007088661
0.50567901134491 0.212065994739532
0.506083011627197 0.212339997291565
0.506488978862762 0.212615996599197
0.506896018981934 0.21289299428463
0.507304012775421 0.213170006871223
0.50771301984787 0.213449001312256
0.508122980594635 0.213727995753288
0.508535027503967 0.214009001851082
0.508948028087616 0.214289993047714
0.509361982345581 0.214572995901108
0.509778022766113 0.214856997132301
0.510195016860962 0.215141996741295
0.510613024234772 0.215426996350288
0.511031985282898 0.215713992714882
0.511452972888947 0.216002002358437
0.511874973773956 0.21629099547863
0.512297987937927 0.216581001877785
0.512722015380859 0.216872006654739
0.513148009777069 0.217163994908333
0.51357501745224 0.217457994818687
0.514003992080688 0.217751994729042
0.514433979988098 0.218046993017197
0.514864981174469 0.218344002962112
0.515296995639801 0.218640998005867
0.515730977058411 0.218940004706383
0.516165971755981 0.219239994883537
0.516601979732513 0.219540998339653
0.517040014266968 0.219843000173569
0.517479002475739 0.220146000385284
0.517920017242432 0.2204499989748
0.518361985683441 0.220754995942116
0.518805027008057 0.221062004566193
0.519249022006989 0.221369996666908
0.519694983959198 0.221678003668785
0.52014297246933 0.221988007426262
0.520591020584106 0.222298994660378
0.521041989326477 0.222611993551254
0.521493017673492 0.222925007343292
0.521946012973785 0.223240002989769
0.52240002155304 0.223554998636246
0.522855997085571 0.223872005939484
0.523312985897064 0.22418999671936
0.523772001266479 0.224509999155998
0.524231970310211 0.224830001592636
0.52469402551651 0.225152000784874
0.52515697479248 0.225474998354912
0.525620996952057 0.22579899430275
0.526086986064911 0.226124003529549
0.526553988456726 0.226450994610786
0.527023017406464 0.226778000593185
0.527493000030518 0.227107003331184
0.527965009212494 0.227437004446983
0.528437972068787 0.227769002318382
0.528913021087646 0.228101998567581
0.529389023780823 0.22843599319458
0.529866993427277 0.22877100110054
0.530345976352692 0.2291070073843
0.530826985836029 0.229444995522499
0.531309008598328 0.229783996939659
0.531792998313904 0.230123996734619
0.532278001308441 0.230465993285179
0.532764971256256 0.2308090031147
0.533253014087677 0.23115299642086
0.533743023872375 0.231498003005981
0.534235000610352 0.231845006346703
0.534727990627289 0.232192993164063
0.535221993923187 0.232543006539345
0.535718977451324 0.232894003391266
0.536216020584106 0.233245998620987
0.536715984344482 0.233599007129669
0.537217020988464 0.23395399749279
0.537719011306763 0.234310001134872
0.5382239818573 0.234668001532555
0.538729012012482 0.235027000308037
0.539237022399902 0.235386997461319
0.539745986461639 0.235747992992401
0.540256977081299 0.236111000180244
0.540768980979919 0.236476004123688
0.541283011436462 0.236842006444931
0.541799008846283 0.237209007143974
0.542316019535065 0.237578004598618
0.542834997177124 0.237948000431061
0.543356001377106 0.238318994641304
0.543878018856049 0.238692000508308
0.544402003288269 0.239067003130913
0.544928014278412 0.239442005753517
0.545455992221832 0.239820003509521
0.545984983444214 0.240198001265526
0.546516001224518 0.24057899415493
0.547048985958099 0.240960001945496
0.547582983970642 0.241344004869461
0.548119008541107 0.241727992892265
0.54865700006485 0.242113992571831
0.549197018146515 0.242502003908157
0.549737989902496 0.242890998721123
0.550282001495361 0.243282005190849
0.550827026367188 0.243673995137215
0.55137300491333 0.244067996740341
0.551922023296356 0.244462996721268
0.55247300863266 0.244859993457794
0.553025007247925 0.245259001851082
0.553578972816467 0.245658993721008
0.554135024547577 0.246059998869896
0.554692983627319 0.246463000774384
0.555252015590668 0.246867999434471
0.555814027786255 0.247274994850159
0.556376993656158 0.247683003544807
0.556942999362946 0.248091995716095
0.557510018348694 0.248502999544144
0.55807900428772 0.248916000127792
0.558650016784668 0.249330997467041
0.559222996234894 0.24974699318409
0.559796988964081 0.250164985656738
0.560374021530151 0.250584006309509
0.5609530210495 0.251004993915558
0.561532974243164 0.251428008079529
0.562116026878357 0.251852989196777
0.562699973583221 0.252279013395309
0.563287019729614 0.252707004547119
0.56387597322464 0.25313600897789
0.564465999603271 0.2535679936409
0.565059006214142 0.25400099158287
0.565653026103973 0.254435986280441
0.566250026226044 0.254871994256973
0.56684798002243 0.255311012268066
0.567448973655701 0.255751013755798
0.568051993846893 0.25619301199913
0.568656027317047 0.256635993719101
0.569262981414795 0.257081985473633
0.56987202167511 0.257528990507126
0.570483028888702 0.257977992296219
0.571096003055573 0.258428990840912
0.571711003780365 0.258881986141205
0.572328984737396 0.25933700799942
0.572947978973389 0.259793013334274
0.573570013046265 0.260250985622406
0.574193000793457 0.260711997747421
0.574819028377533 0.261173993349075
0.575447976589203 0.261637985706329
0.576077997684479 0.262104004621506
0.576709985733032 0.26257199048996
0.577345013618469 0.263040989637375
0.577982008457184 0.263512998819351
0.578620970249176 0.263987004756927
0.579262018203735 0.264463007450104
0.579905986785889 0.264939993619919
0.580551981925964 0.265419989824295
0.581200003623962 0.265900999307632
0.581851005554199 0.266384989023209
0.582503020763397 0.266869992017746
0.583159029483795 0.267358005046844
0.58381599187851 0.267848014831543
0.584475994110107 0.26833900809288
0.585138022899628 0.268833011388779
0.585802018642426 0.269329011440277
0.586468994617462 0.269827008247375
0.587137997150421 0.270327001810074
0.587809979915619 0.270828992128372
0.588483989238739 0.271333009004593
0.589160025119781 0.271840006113052
0.589838981628418 0.272347986698151
0.590520024299622 0.272859007120132
0.591203987598419 0.273371994495392
0.591889977455139 0.273887008428574
0.592579007148743 0.274403989315033
0.593270003795624 0.274922996759415
0.593963027000427 0.275445014238358
0.594658970832825 0.275967985391617
0.59535801410675 0.276495009660721
0.596059024333954 0.277022987604141
0.596763014793396 0.277552992105484
0.597469985485077 0.278086006641388
0.598178029060364 0.278620988130569
0.598890006542206 0.279159009456635
0.59960401058197 0.279698014259338
0.600320994853973 0.280241012573242
0.601040005683899 0.280784994363785
0.601761996746063 0.281331986188889
0.602487027645111 0.281881004571915
0.603214979171753 0.282431989908218
0.603945016860962 0.282985985279083
0.604677021503448 0.28354200720787
0.605413019657135 0.284101009368896
0.606150984764099 0.284662008285522
0.606891989707947 0.285225987434387
0.607635974884033 0.285791993141174
0.608382999897003 0.286361008882523
0.609131991863251 0.286931991577148
0.609884023666382 0.287505000829697
0.610638976097107 0.288080990314484
0.61139702796936 0.288659989833832
0.612158000469208 0.28924098610878
0.612920999526978 0.289824992418289
0.613687992095947 0.290410995483398
0.614457011222839 0.291000008583069
0.61522901058197 0.291592001914978
0.616005003452301 0.292185992002487
0.616783022880554 0.292782992124557
0.617564022541046 0.293381989002228
0.618348002433777 0.293983995914459
0.619135022163391 0.294589012861252
0.619925022125244 0.295197010040283
0.620719015598297 0.295807003974915
0.621514976024628 0.296420007944107
0.622313976287842 0.297035992145538
0.623117029666901 0.297654002904892
0.623921990394592 0.298274993896484
0.624731004238129 0.298900008201599
0.625542998313904 0.299526005983353
0.626357018947601 0.300155997276306
0.627175986766815 0.300788998603821
0.627996981143951 0.301423996686935
0.628821015357971 0.30206298828125
0.629648983478546 0.302704006433487
0.630479991436005 0.303348004817963
0.631313979625702 0.303995996713638
0.632152020931244 0.304645985364914
0.63299298286438 0.305299013853073
0.633836984634399 0.305954992771149
0.634684026241302 0.306614011526108
0.635535001754761 0.307276010513306
0.636389017105103 0.307942003011703
0.637247025966644 0.308609992265701
0.638108015060425 0.30928099155426
0.638971984386444 0.309956014156342
0.639840006828308 0.310633987188339
0.640712022781372 0.311313986778259
0.641587018966675 0.311998009681702
0.642464995384216 0.312685996294022
0.643347024917603 0.313376009464264
0.644232988357544 0.314069986343384
0.645121991634369 0.314767003059387
0.646013975143433 0.315467000007629
0.646911025047302 0.316170006990433
0.647810995578766 0.316877007484436
0.648714005947113 0.317586988210678
0.649622023105621 0.318300008773804
0.650533020496368 0.319016993045807
0.651446998119354 0.319738000631332
0.652365982532501 0.320461004972458
0.653288006782532 0.321188002824783
0.654214024543762 0.321918994188309
0.655143976211548 0.322652995586395
0.656077980995178 0.323390007019043
0.657015979290009 0.324131011962891
0.657957017421722 0.324876010417938
0.658903002738953 0.325623989105225
0.659852027893066 0.326375991106033
0.660804986953735 0.327131986618042
0.66176301240921 0.327890992164612
0.662724018096924 0.328653007745743
0.663689017295837 0.329420000314713
0.664659023284912 0.330190002918243
0.665632009506226 0.330963999032974
0.6666100025177 0.331741005182266
0.667591989040375 0.332522988319397
0.668577015399933 0.333308011293411
0.669566988945007 0.334096997976303
0.670562028884888 0.334890007972717
0.671559989452362 0.335687011480331
0.672563016414642 0.336488008499146
0.673569977283478 0.33729299902916
0.674582004547119 0.338100999593735
0.675597012042999 0.338914006948471
0.676617026329041 0.339731007814407
0.677641987800598 0.340552002191544
0.678671002388 0.341376006603241
0.679704010486603 0.342204988002777
0.680742025375366 0.343037992715836
0.681783974170685 0.343876004219055
0.682830989360809 0.344716995954514
0.683883011341095 0.345562994480133
0.684939026832581 0.346412003040314
0.685999989509583 0.347267001867294
0.687065005302429 0.348125010728836
0.688135027885437 0.348987996578217
0.689209997653961 0.349855005741119
0.69028902053833 0.350726008415222
0.691374003887177 0.351601988077164
0.692462980747223 0.352483004331589
0.693557024002075 0.353368014097214
0.694655001163483 0.354256987571716
0.695758998394012 0.355150997638702
0.696868002414703 0.356049001216888
0.697980999946594 0.356952995061874
0.699100017547607 0.357859998941422
0.700223028659821 0.358772993087769
0.701352000236511 0.359690010547638
0.702485978603363 0.360612004995346
0.703625023365021 0.361537992954254
0.704769015312195 0.362468987703323
0.70591801404953 0.363406002521515
0.707072019577026 0.364347010850906
0.708231985569 0.365292996168137
0.70939701795578 0.366243988275528
0.710566997528076 0.367199003696442
0.711742997169495 0.368160009384155
0.712924003601074 0.369125992059708
0.714110970497131 0.370097011327744
0.715303003787994 0.371073007583618
0.716499984264374 0.372054010629654
0.717702984809875 0.37304100394249
0.7189120054245 0.374031990766525
0.72012597322464 0.375028997659683
0.721346020698547 0.376031994819641
0.722572028636932 0.377038985490799
0.723803997039795 0.378051996231079
0.725040972232819 0.37907001376152
0.726284027099609 0.380093991756439
0.727532982826233 0.381123006343842
0.728787004947662 0.382158011198044
0.730048000812531 0.383197993040085
0.731315016746521 0.384243994951248
0.732587993144989 0.385295003652573
0.733865976333618 0.386352986097336
0.735150992870331 0.387414991855621
0.736442029476166 0.388484001159668
0.737739026546478 0.389559000730515
0.739042997360229 0.390639007091522
0.740352988243103 0.39172500371933
0.741668999195099 0.392816990613937
0.742990970611572 0.393916010856628
0.744319975376129 0.395020008087158
0.745655000209808 0.396129995584488
0.746996998786926 0.39724600315094
0.748345017433167 0.398369014263153
0.749700009822845 0.399497985839844
0.751061022281647 0.400633007287979
0.752430021762848 0.401773989200592
0.75380402803421 0.402920991182327
0.755186021327972 0.404074996709824
0.756574988365173 0.405236005783081
0.757969975471497 0.406403005123138
0.759371995925903 0.407575994729996
0.76078200340271 0.408755987882614
0.762197971343994 0.409943014383316
0.763620972633362 0.411136001348495
0.765052020549774 0.412335991859436
0.766489028930664 0.413542985916138
0.767934024333954 0.414757013320923
0.769385993480682 0.415977001190186
0.770846009254456 0.417205005884171
0.772312998771667 0.418439000844955
0.773787021636963 0.419681012630463
0.775268971920013 0.42092901468277
0.776758015155792 0.422185003757477
0.778254985809326 0.423447996377945
0.779760003089905 0.424717992544174
0.781271994113922 0.425996005535126
0.782791972160339 0.427280992269516
0.784319996833801 0.42857301235199
0.785856008529663 0.429872989654541
0.787400007247925 0.431181013584137
0.788950979709625 0.432496011257172
0.790511012077332 0.433818012475967
0.792078971862793 0.435149013996124
0.793654978275299 0.43648698925972
0.795239984989166 0.43783301115036
0.796832025051117 0.439186990261078
0.798433005809784 0.440548002719879
0.800042986869812 0.441917985677719
0.801661014556885 0.443295985460281
0.803287029266357 0.444682002067566
0.804921984672546 0.446076989173889
0.806565999984741 0.447479009628296
0.808218002319336 0.448890000581741
0.809880018234253 0.450309991836548
0.81155002117157 0.451736986637115
0.813229024410248 0.453173995018005
0.814917027950287 0.454618990421295
0.816614985466003 0.456072002649307
0.818320989608765 0.457534998655319
0.820037007331848 0.459006011486053
0.821762025356293 0.460485994815826
0.823495984077454 0.461975008249283
0.825240015983582 0.463472992181778
0.826994001865387 0.464980989694595
0.828755974769592 0.466497004032135
0.830528974533081 0.468023002147675
0.832310974597931 0.469558000564575
0.834104001522064 0.471101999282837
0.835906028747559 0.472656011581421
0.83771800994873 0.474218994379044
0.839540004730225 0.475791990756989
0.841372013092041 0.477375000715256
0.843213975429535 0.478967994451523
0.845067024230957 0.480569988489151
0.846930027008057 0.482183009386063
0.848802983760834 0.483805000782013
0.850687980651855 0.485437989234924
0.852581977844238 0.487080007791519
0.854488015174866 0.488732993602753
0.856404006481171 0.49039700627327
0.858331024646759 0.492069989442825
0.860269010066986 0.493755012750626
0.862218022346497 0.495449990034103
0.864003002643585 0.497004002332687
0.865199029445648 0.49804499745369
0.865998983383179 0.498741000890732
0.866532027721405 0.499206006526947
0.866888999938965 0.499516010284424
0.867127001285553 0.499722987413406
0.867285013198853 0.499861985445023
0.867365002632141 0.499931007623672
0.867403984069824 0.499965012073517
0.867443978786469 0.5
0.867443978786469 0.5
0.867483973503113 0.500034987926483
0.867524027824402 0.50006902217865
0.867603003978729 0.500137984752655
0.86776202917099 0.500276982784271
0.867999970912933 0.500485002994537
0.868358016014099 0.500796973705292
0.868896007537842 0.501264989376068
0.869704008102417 0.501969993114471
0.870918989181519 0.503030002117157
0.872750997543335 0.504626989364624
0.874770998954773 0.506390988826752
0.876803994178772 0.508167028427124
0.878848016262054 0.509953022003174
0.880904018878937 0.511752009391785
0.88297301530838 0.513561010360718
0.885052978992462 0.515383005142212
0.887144982814789 0.51721602678299
0.889249980449677 0.519061028957367
0.891367018222809 0.520918011665344
0.893496990203857 0.522786974906921
0.895639002323151 0.524668991565704
0.897794008255005 0.526561975479126
0.89996200799942 0.528468012809753
0.902143001556396 0.530386984348297
0.904336988925934 0.532317996025085
0.906544029712677 0.534260988235474
0.908764004707336 0.536217987537384
0.910996973514557 0.538187026977539
0.913244009017944 0.540170013904572
0.915504992008209 0.542164981365204
0.91777902841568 0.544174015522003
0.920067012310028 0.546195983886719
0.922369003295898 0.548232018947601
0.924685001373291 0.5502809882164
0.927015006542206 0.552344024181366
0.929359972476959 0.554421007633209
0.93171900510788 0.556511998176575
0.934091985225677 0.558616995811462
0.936479985713959 0.560736000537872
0.938883006572723 0.562870025634766
0.941299974918365 0.565016984939575
0.943732976913452 0.567179977893829
0.946180999279022 0.569356977939606
0.948643982410431 0.571548998355865
0.951121985912323 0.573755979537964
0.95361602306366 0.575977981090546
0.956125974655151 0.578215003013611
0.958651006221771 0.580466985702515
0.961193025112152 0.582735002040863
0.963750004768372 0.585018992424011
0.966323971748352 0.587318003177643
0.968913972377777 0.589634001255035
0.971520006656647 0.591965019702911
0.974143981933594 0.594313025474548
0.976782977581024 0.596675992012024
0.979439973831177 0.599057018756866
0.982114017009735 0.601454019546509
0.98480498790741 0.603866994380951
0.987514019012451 0.60629802942276
0.990239977836609 0.608744978904724
0.992983996868134 0.611209988594055
0.995745003223419 0.613692998886108
0.998525023460388 0.616191983222961
1.0013200044632 0.618709981441498
1.00414001941681 0.62124502658844
1.00697004795074 0.623798012733459
1.00982999801636 0.626368999481201
1.01269996166229 0.628959000110626
1.01558995246887 0.631567001342773
1.0184999704361 0.634194016456604
1.02143001556396 0.636839985847473
1.02437996864319 0.639504015445709
1.02734005451202 0.642188012599945
1.03032994270325 0.644891023635864
1.0333399772644 0.647614002227783
1.03637003898621 0.650355994701385
1.03942000865936 0.653118014335632
1.04249000549316 0.655900001525879
1.04558002948761 0.65870201587677
1.04868996143341 0.661525011062622
1.05182003974915 0.664367973804474
1.05497002601624 0.667231976985931
1.05814003944397 0.670117020606995
1.06133997440338 0.673022985458374
1.06456005573273 0.675949990749359
1.06780004501343 0.678898990154266
1.07105994224548 0.681869983673096
1.07433998584747 0.684862017631531
1.07764995098114 0.687876999378204
1.08097994327545 0.690913021564484
1.08432996273041 0.693973004817963
1.08771002292633 0.697054982185364
1.09110999107361 0.700160026550293
1.09452998638153 0.703288018703461
1.09798002243042 0.706439018249512
1.10144996643066 0.709613978862762
1.10494005680084 0.712812006473541
1.10845994949341 0.716035008430481
1.11201000213623 0.71928197145462
1.11557996273041 0.722553014755249
1.11916995048523 0.725848019123077
1.12278997898102 0.729169011116028
1.12643003463745 0.732514023780823
1.13010001182556 0.73588502407074
1.13380002975464 0.739280998706818
1.13751995563507 0.742703020572662
1.14127004146576 0.746150970458984
1.14505004882813 0.749625027179718
1.14884996414185 0.75312602519989
1.15268003940582 0.756653010845184
1.15654003620148 0.760206997394562
1.16042995452881 0.763787984848022
1.16434001922607 0.767396986484528
1.16828000545502 0.771032989025116
1.17225003242493 0.774697005748749
1.17624998092651 0.778388977050781
1.18027997016907 0.782109022140503
1.18434000015259 0.785857975482941
1.18842005729675 0.789636015892029
1.19254004955292 0.793443024158478
1.19667994976044 0.797279000282288
1.20086002349854 0.801145017147064
1.20507001876831 0.805041015148163
1.20930004119873 0.808966994285583
1.21356999874115 0.812923014163971
1.21786999702454 0.816910028457642
1.22220003604889 0.820927977561951
1.22657001018524 0.824976980686188
1.23096001148224 0.829056978225708
1.23538994789124 0.833168983459473
1.23985004425049 0.837314009666443
1.24433994293213 0.841489970684052
1.24887001514435 0.84569901227951
1.25341999530792 0.849940001964569
1.25802004337311 0.854215025901794
1.26263999938965 0.858523011207581
1.2673100233078 0.862864971160889
1.27199995517731 0.867241024971008
1.2767299413681 0.871649980545044
1.28149998188019 0.876094996929169
1.28629994392395 0.880573987960815
1.291139960289 0.88508802652359
1.29601001739502 0.889636993408203
1.30092000961304 0.894222021102905
1.30586004257202 0.898842990398407
1.31085002422333 0.903500020503998
1.3158700466156 0.908192992210388
1.32091999053955 0.912923991680145
1.32602000236511 0.917690992355347
1.33115005493164 0.922496020793915
1.33632004261017 0.927338004112244
1.34153997898102 0.932218015193939
1.34677994251251 0.937135994434357
1.35206997394562 0.942093014717102
1.35739994049072 0.947088003158569
1.36276996135712 0.952122986316681
1.3681800365448 0.95719701051712
1.37363004684448 0.962310016155243
1.37910997867584 0.967464029788971
1.38463997840881 0.972657024860382
1.3902200460434 0.977891981601715
1.39583003520966 0.983166992664337
1.40147995948792 0.988483011722565
1.40717995166779 0.993839979171753
1.41291999816895 0.999239027500153
1.4186999797821 1.00468003749847
1.42453002929688 1.01015996932983
1.43040001392365 1.01568996906281
1.4363100528717 1.02126002311707
1.44227004051208 1.02687001228333
1.44826996326447 1.03252005577087
1.45431995391846 1.03822004795074
1.46040999889374 1.04395997524261
1.46653997898102 1.0497499704361
1.47272002696991 1.05558001995087
1.47895002365112 1.06146001815796
1.48521995544434 1.06737995147705
1.49153995513916 1.07334005832672
1.4979100227356 1.07934999465942
1.50432002544403 1.08540999889374
1.51077997684479 1.09151005744934
1.51727998256683 1.09765994548798
1.52383995056152 1.10386002063751
1.5304399728775 1.11010003089905
1.5370899438858 1.11638998985291
1.54378998279572 1.12272000312805
1.55052995681763 1.12910997867584
1.55733001232147 1.13554000854492
1.56417000293732 1.14201998710632
1.57106995582581 1.14854001998901
1.57800996303558 1.15512001514435
1.58500003814697 1.16173994541168
1.59203994274139 1.16840994358063
1.59914004802704 1.17513000965118
1.60627996921539 1.18190002441406
1.61346995830536 1.18871998786926
1.62072002887726 1.19559001922607
1.62801003456116 1.20250999927521
1.6353600025177 1.20948004722595
1.64275002479553 1.21650004386902
1.65020000934601 1.22355997562408
1.65769994258881 1.23067998886108
1.66525995731354 1.23784995079041
1.67286002635956 1.24506998062134
1.6805100440979 1.25233995914459
1.68822002410889 1.25966000556946
1.69597995281219 1.26703000068665
1.70379996299744 1.27444994449615
1.71166002750397 1.28191995620728
1.71958005428314 1.28944003582001
1.72755002975464 1.29701995849609
1.73556995391846 1.30464994907379
1.74364995956421 1.31231999397278
1.75178003311157 1.32005000114441
1.75996005535126 1.32782995700836
1.76820003986359 1.33565998077393
1.77647995948792 1.34354996681213
1.7848299741745 1.35148000717163
1.79322004318237 1.35947000980377
1.8016699552536 1.36749994754791
1.81017005443573 1.37558996677399
1.81872999668121 1.38373005390167
1.82734000682831 1.39192998409271
1.83599996566772 1.40016996860504
1.84470999240875 1.40846002101898
1.85347998142242 1.41681003570557
1.86230003833771 1.42520999908447
1.87118005752563 1.43366003036499
1.88010001182556 1.44216001033783
1.88908004760742 1.45071005821228
1.89812004566193 1.45931005477905
1.90720999240875 1.46796000003815
1.91633999347687 1.47666001319885
1.92553997039795 1.4854199886322
1.93478000164032 1.49422001838684
1.94407999515533 1.50308001041412
1.95343005657196 1.5119800567627
1.96282994747162 1.52093994617462
1.9722900390625 1.52994000911713
1.98178994655609 1.53900003433228
1.99135005474091 1.54809999465942
2.00096011161804 1.55726003646851
2.0106201171875 1.56646001338959
2.02032995223999 1.57571005821228
2.03010010719299 1.58501005172729
2.03991007804871 1.59435999393463
2.04977989196777 1.60376000404358
2.05968999862671 1.61320996284485
2.069659948349 1.62269997596741
2.0796799659729 1.63224005699158
2.08974003791809 1.64182996749878
2.09985995292664 1.65146994590759
2.11002993583679 1.6611499786377
2.12023997306824 1.67087996006012
2.13050007820129 1.68064999580383
2.14082002639771 1.69046998023987
2.15118002891541 1.70034003257751
2.16159009933472 1.71025002002716
2.17203998565674 1.72020995616913
2.18254995346069 1.73020994663239
2.19309997558594 1.74026000499725
2.20370006561279 1.75034999847412
2.21433997154236 1.76048004627228
2.22502994537354 1.77066004276276
2.23576998710632 1.78087997436523
2.2465500831604 1.79114997386932
2.25738000869751 1.80145001411438
2.26824998855591 1.81180000305176
2.27917003631592 1.82219004631042
2.29013991355896 1.83262002468109
2.30114006996155 1.84309995174408
2.31219005584717 1.85361003875732
2.3232901096344 1.8641699552536
2.33442997932434 1.87476003170013
2.34560990333557 1.88539004325867
2.35682988166809 1.89607000350952
2.36809992790222 1.90678000450134
2.37940001487732 1.91752994060516
2.39074993133545 1.92832005023956
2.40213990211487 1.93913996219635
2.41356992721558 1.95000994205475
2.42504000663757 1.96090996265411
2.43654990196228 1.97185003757477
2.44810009002686 1.9828200340271
2.45969009399414 1.99382996559143
2.47131991386414 2.00487995147705
2.482990026474 2.01595997810364
2.49469995498657 2.02708005905151
2.50643992424011 2.03822994232178
2.51821994781494 2.04941010475159
2.53004002571106 2.06063008308411
2.54189991950989 2.07188010215759
2.55379009246826 2.08316993713379
2.56572008132935 2.09449005126953
2.57768988609314 2.10583996772766
2.58968997001648 2.11721992492676
2.60172009468079 2.12862992286682
2.61380004882813 2.14007997512817
2.62590003013611 2.15155005455017
2.63804006576538 2.16305994987488
2.65021991729736 2.17459011077881
2.66242003440857 2.18616008758545
2.67465996742249 2.19776010513306
2.68693995475769 2.20937991142273
2.69924998283386 2.22102999687195
2.71158003807068 2.23271989822388
2.72395992279053 2.24443006515503
2.7363600730896 2.25617003440857
2.74879002571106 2.26793003082275
2.76126003265381 2.27972006797791
2.77376008033752 2.29153990745544
2.78627991676331 2.30339002609253
2.79884004592896 2.31525993347168
2.81142997741699 2.3271598815918
2.82403993606567 2.33908009529114
2.83668994903564 2.35103011131287
2.84935998916626 2.36300992965698
2.86207008361816 2.375
2.87479996681213 2.38702988624573
2.88755989074707 2.39907002449036
2.90035009384155 2.41113996505737
2.9131600856781 2.42323994636536
2.92600989341736 2.43534994125366
2.93887996673584 2.44748997688293
2.95177006721497 2.45966005325317
2.9646999835968 2.47183990478516
2.97764992713928 2.48405003547668
2.99062991142273 2.49626994132996
3.00362992286682 2.50851988792419
3.01664996147156 2.52080011367798
3.02971005439758 2.53309011459351
3.04278993606567 2.5453999042511
3.05589008331299 2.55772995948792
3.06902003288269 2.5700900554657
3.08217000961304 2.58245992660522
3.09534001350403 2.59485006332397
3.10855007171631 2.60725998878479
3.12176990509033 2.61969995498657
3.1350200176239 2.63214993476868
3.14828991889954 2.64461994171143
3.16158008575439 2.6570999622345
3.17490005493164 2.66961002349854
3.18824005126953 2.6821300983429
3.20160007476807 2.69467997550964
3.21497988700867 2.70724010467529
3.22838997840881 2.71981000900269
3.2418200969696 2.73240995407104
3.25527000427246 2.74501991271973
3.26873993873596 2.75764989852905
3.28222990036011 2.7702898979187
3.2957398891449 2.78294992446899
3.30927991867065 2.79562997817993
3.32282996177673 2.80832004547119
3.33641004562378 2.82102990150452
3.35000991821289 2.83376002311707
3.3636200428009 2.84649991989136
3.3772599697113 2.85925006866455
3.39091992378235 2.87202000617981
3.40458989143372 2.88480997085571
3.41828989982605 2.89760994911194
3.43200993537903 2.91041994094849
3.44573998451233 2.92324995994568
3.45949006080627 2.93610000610352
3.47326993942261 2.94895005226135
3.48706007003784 2.96181988716125
3.50086998939514 2.97470998764038
3.51469993591309 2.98761010169983
3.52854990959167 3.00051999092102
3.54240989685059 3.01344990730286
3.55629992485046 3.02639007568359
3.57019996643066 3.03934001922607
3.58412003517151 3.05229997634888
3.59805989265442 3.06527996063232
3.61202001571655 3.07826995849609
3.62598991394043 3.09126996994019
3.63998007774353 3.10429000854492
3.6539900302887 3.11732006072998
3.66800999641418 3.13035011291504
3.68206000328064 3.14340996742249
3.69611001014709 3.15647006034851
3.71019005775452 3.16953992843628
3.72428011894226 3.18263006210327
3.73838996887207 3.19572997093201
3.7525200843811 3.20883989334106
3.76665997505188 3.22196006774902
3.7808198928833 3.23509001731873
3.79500007629395 3.24822998046875
3.80919003486633 3.26138997077942
3.82340002059937 3.27454996109009
3.83762001991272 3.28771996498108
3.85186004638672 3.30090999603271
3.86611008644104 3.31411004066467
3.88038992881775 3.32731008529663
3.89467000961304 3.34052991867065
3.90897011756897 3.35376000404358
3.92329001426697 3.3669900894165
3.93761992454529 3.38023996353149
3.95197010040283 3.39350008964539
3.96634006500244 3.4067599773407
3.98072004318237 3.42003989219666
3.99511003494263 3.43333005905151
4.00952005386353 3.44661998748779
4.02394008636475 3.45992994308472
4.03838014602661 3.47323989868164
4.0528302192688 3.48656988143921
4.06729984283447 3.49990010261536
4.08177995681763 3.51324009895325
4.09628009796143 3.52659010887146
4.11078977584839 3.53994989395142
4.12531995773315 3.55331993103027
4.13986015319824 3.56669998168945
4.15440988540649 3.58009004592896
4.16898012161255 3.59348011016846
4.18355989456177 3.60688996315002
4.19816017150879 3.62030005455017
4.21276998519897 3.63371992111206
4.2273998260498 3.64715003967285
4.24204015731812 3.66058993339539
4.25669002532959 3.67404007911682
4.27135992050171 3.68748998641968
4.28603982925415 3.70094990730286
4.30073022842407 3.71443009376526
4.31544017791748 3.72790002822876
4.33016014099121 3.74138998985291
4.34490013122559 3.75488996505737
4.35965013504028 3.76838994026184
4.3744101524353 3.78189992904663
4.38919019699097 3.79541993141174
4.40397977828979 3.80893993377686
4.4187798500061 3.82247996330261
4.43359994888306 3.83601999282837
4.44843006134033 3.84957003593445
4.46327018737793 3.86312007904053
4.47812986373901 3.87668991088867
4.49299001693726 3.8902599811554
4.50788021087646 3.90384006500244
4.52276992797852 3.91741991043091
4.53768014907837 3.9310200214386
4.55259990692139 3.94461989402771
4.56754016876221 3.9582200050354
4.58248996734619 3.97183990478516
4.5974497795105 3.98546004295349
4.61242008209229 3.99908995628357
4.62740993499756 4.01272010803223
4.64240980148315 4.02637004852295
4.65742015838623 4.04001998901367
4.67244005203247 4.05366992950439
4.68747997283936 4.06733989715576
4.70252990722656 4.08100986480713
4.71758985519409 4.0946798324585
4.73266983032227 4.10836982727051
4.74775981903076 4.12205982208252
4.76285982131958 4.13574981689453
4.77796983718872 4.14945983886719
4.79309988021851 4.16316986083984
4.80823993682861 4.1768798828125
4.82339000701904 4.1906099319458
4.83855009078979 4.2043399810791
4.85373020172119 4.2180700302124
4.86891984939575 4.23181009292603
4.88411998748779 4.24556016921997
4.89933013916016 4.25931978225708
4.91455984115601 4.27307987213135
4.92979001998901 4.28684997558594
4.94504022598267 4.30062007904053
4.9603099822998 4.31440019607544
4.9755802154541 4.32818984985352
4.99086999893188 4.34197998046875
5.00616979598999 4.35578012466431
5.02148008346558 4.36957979202271
5.03680992126465 4.38338994979858
5.05214023590088 4.39721012115479
5.0674901008606 4.41102981567383
5.08284997940063 4.42486000061035
5.098219871521 4.43869018554688
5.113609790802 4.45253992080688
5.12901020050049 4.46638011932373
5.14441013336182 4.48022985458374
5.15984010696411 4.49409008026123
5.17527008056641 4.50795984268188
5.19071006774902 4.5218300819397
5.20617008209229 4.53569984436035
5.22164011001587 4.54958009719849
5.23712015151978 4.56346988677979
5.25262022018433 4.57736015319824
5.26811981201172 4.59125995635986
5.28363990783691 4.60516977310181
5.29917001724243 4.61908006668091
5.31471014022827 4.63298988342285
5.33025979995728 4.64691019058228
5.34582996368408 4.66084003448486
5.36141014099121 4.67476987838745
5.3769998550415 4.68871021270752
5.39260005950928 4.70266008377075
5.40820980072021 4.71659994125366
5.42384004592896 4.73055982589722
5.43946981430054 4.74452018737793
5.45512008666992 4.75848007202148
5.47077989578247 4.77245998382568
5.4864501953125 4.78642988204956
5.50214004516602 4.80040979385376
5.51783990859985 4.81440019607544
5.53353977203369 4.82840013504028
5.54926013946533 4.8423900604248
5.56500005722046 4.85640001296997
5.58073997497559 4.87040996551514
5.59649991989136 4.8844199180603
5.61225986480713 4.89843988418579
5.62803983688354 4.91245985031128
5.64382982254028 4.92649984359741
5.65963983535767 4.94052982330322
5.67544984817505 4.95456981658936
5.69127988815308 4.96861982345581
5.70711994171143 4.98266983032227
5.7229700088501 4.99672985076904
5.73883008956909 5.01078987121582
5.75470018386841 5.0248498916626
5.77058982849121 5.03892993927002
5.78647994995117 5.05299997329712
5.80239009857178 5.06709003448486
5.81830978393555 5.08117008209229
5.83424997329712 5.09527015686035
5.85019016265869 5.1093602180481
5.86614990234375 5.12346982955933
5.88212013244629 5.13756990432739
5.89808988571167 5.1516900062561
5.91409015655518 5.16581010818481
5.93008995056152 5.17993021011353
5.94610023498535 5.1940598487854
5.96213006973267 5.20818996429443
5.9781699180603 5.22233009338379
5.99421977996826 5.23647022247314
6.0102801322937 5.25061988830566
6.02636003494263 5.26478004455566
6.04243993759155 5.27893018722534
6.05853986740112 5.29309988021851
6.07464981079102 5.30727005004883
6.09076976776123 5.32144021987915
6.10690021514893 5.33561992645264
6.12305021286011 5.34980010986328
6.13920021057129 5.36398983001709
6.15537023544312 5.37818002700806
6.17154979705811 5.39238023757935
6.18773984909058 5.4065899848938
6.20394992828369 5.42079019546509
6.22016000747681 5.43500995635986
6.23639011383057 5.44922018051147
6.25263023376465 5.46344995498657
6.26887989044189 5.47768020629883
6.28514003753662 5.49190998077393
6.30141019821167 5.50614976882935
6.31769990921021 5.52039003372192
6.33400011062622 5.53463983535767
6.35029983520508 5.54889011383057
6.36663007736206 5.56313991546631
6.38295984268188 5.57741022109985
6.39930009841919 5.59167003631592
6.41565990447998 5.6059398651123
6.43203020095825 5.62022018432617
6.44841003417969 5.63450002670288
6.46479988098145 5.64878988265991
6.48120021820068 5.6630802154541
6.49762010574341 5.67737007141113
6.51405000686646 5.69166994094849
6.53048992156982 5.70597982406616
6.54693984985352 5.720290184021
6.56339979171753 5.73460006713867
6.57987022399902 5.74891996383667
6.596360206604 5.76324987411499
6.61286020278931 5.77757978439331
6.62937021255493 5.79191017150879
6.64589023590088 5.80625009536743
6.66242980957031 5.82059001922607
6.6789698600769 5.83493995666504
6.69552993774414 5.849289894104
6.7121000289917 5.86364984512329
6.72868013381958 5.87800979614258
6.74526977539063 5.89238023757935
6.76187992095947 5.90675020217896
6.77850008010864 5.92113018035889
6.79512977600098 5.93551015853882
6.81176996231079 5.94989013671875
6.82842016220093 5.964280128479
6.84507989883423 5.97868013381958
6.86176013946533 5.99308013916016
6.8784499168396 6.00748014450073
6.89515018463135 6.02189016342163
6.91185998916626 6.03631019592285
6.92858982086182 6.05072021484375
6.94532012939453 6.06514978408813
6.96206998825073 6.07956981658936
6.97882986068726 6.09400987625122
6.99560022354126 6.10843992233276
7.01239013671875 6.12288999557495
7.02918004989624 6.13733005523682
7.04598999023438 6.151780128479
7.06280994415283 6.16624021530151
7.07963991165161 6.18069982528687
7.09648990631104 6.1951699256897
7.11334991455078 6.20964002609253
7.13020992279053 6.22411012649536
7.14708995819092 6.23858976364136
7.16399002075195 6.25306987762451
7.18089008331299 6.26756000518799
7.19781017303467 6.28205013275146
7.21473979949951 6.29654979705811
7.23167991638184 6.3110499382019
7.24863004684448 6.32556009292603
7.26559019088745 6.34006977081299
7.28256988525391 6.35458993911743
7.29956007003784 6.36911010742188
7.31655979156494 6.38363981246948
7.33357000350952 6.39816999435425
7.35059976577759 6.41270017623901
7.36764001846313 6.42723989486694
7.38468980789185 6.44178009033203
7.40175008773804 6.45632982254028
7.41881990432739 6.47088003158569
7.43591022491455 6.48543977737427
7.45301008224487 6.50001001358032
7.47011995315552 6.51457023620605
7.48723983764648 6.52913999557495
7.50437021255493 6.54371976852417
7.52152013778687 6.55830001831055
7.53868007659912 6.57288980484009
7.5558500289917 6.58748006820679
7.5730299949646 6.60206985473633
7.59022998809814 6.61667013168335
7.60743999481201 6.63126993179321
7.6246600151062 6.64588022232056
7.64189004898071 6.66049003601074
7.65914011001587 6.67510986328125
7.67639017105103 6.68973016738892
7.69365978240967 6.70436000823975
7.71093988418579 6.71898984909058
7.72824001312256 6.73363018035889
7.74554014205933 6.74827003479004
7.76285982131958 6.76290988922119
7.78018999099731 6.77756023406982
7.79754018783569 6.79222011566162
7.81488990783691 6.80687999725342
7.83226013183594 6.82153987884521
7.84963989257813 6.83620977401733
7.86703014373779 6.85088014602661
7.88443994522095 6.86556005477905
7.90186023712158 6.88023996353149
7.91929006576538 6.89491987228394
7.9367299079895 6.90961980819702
7.95417976379395 6.92431020736694
7.97165012359619 6.93901014328003
7.9891300201416 6.95372009277344
8.00662040710449 6.96842002868652
8.02412986755371 6.98313999176025
8.04164028167725 6.99785995483398
8.05916976928711 7.01257991790771
8.07672023773193 7.02730989456177
8.09426975250244 7.04203987121582
8.11184024810791 7.0567798614502
8.12942028045654 7.07151985168457
8.14700984954834 7.08625984191895
8.16460990905762 7.10100984573364
8.18222999572754 7.11576986312866
8.19985961914063 7.13052988052368
8.21749973297119 7.1452898979187
8.2351598739624 7.16005992889404
8.25282001495361 7.17482995986938
8.27050971984863 7.18961000442505
8.28820037841797 7.20439004898071
8.30589962005615 7.2191801071167
8.3236198425293 7.23397016525269
8.34134960174561 7.24877023696899
8.35908985137939 7.26356983184814
8.37685012817383 7.27836990356445
8.39461994171143 7.29317998886108
8.4124002456665 7.30800008773804
8.43019008636475 7.32282018661499
8.44799995422363 7.33763980865479
8.4658203125 7.35246992111206
8.48365020751953 7.36730003356934
8.50150012969971 7.38214015960693
8.51935958862305 7.39697980880737
8.53722953796387 7.41182994842529
8.55510997772217 7.42668008804321
8.57299995422363 7.44153022766113
8.59090995788574 7.45638990402222
8.60883045196533 7.47126007080078
8.62677001953125 7.48613023757935
8.64472007751465 7.50099992752075
8.66267967224121 7.51588010787964
8.68064975738525 7.53075981140137
8.69863033294678 7.54565000534058
8.71662998199463 7.56054019927979
8.73464012145996 7.57543992996216
8.75267028808594 7.59034013748169
8.77070999145508 7.60524988174438
8.7887601852417 7.62016010284424
8.80681991577148 7.63506984710693
8.82489967346191 7.64999008178711
8.84298038482666 7.66491985321045
8.8610897064209 7.67985010147095
8.87919998168945 7.69477987289429
8.89733028411865 7.70972013473511
8.91547012329102 7.72465991973877
8.93362045288086 7.73961019515991
8.95178985595703 7.7545599937439
8.96996974945068 7.7695198059082
8.98816013336182 7.78448009490967
9.00636959075928 7.7994499206543
9.02458953857422 7.81442022323608
9.04281997680664 7.82939004898071
9.06107044219971 7.84436988830566
9.07931995391846 7.8593602180481
9.09759998321533 7.87434005737305
9.11588001251221 7.88933992385864
9.13418006896973 7.90433979034424
9.15248966217041 7.91934013366699
9.17080974578857 7.93435001373291
9.18914985656738 7.94935989379883
9.20750045776367 7.96437978744507
9.22585964202881 7.97940015792847
9.24423980712891 7.99442005157471
9.26263046264648 8.00944995880127
9.28102970123291 8.02449035644531
9.2994499206543 8.03952980041504
9.31787967681885 8.05457019805908
9.33631992340088 8.06962013244629
9.35478019714355 8.0846700668335
9.37325000762939 8.09972953796387
9.39173030853271 8.11480045318604
9.41022968292236 8.12985992431641
9.42873954772949 8.14492988586426
9.4472599029541 8.16001033782959
9.46580028533936 8.17508983612061
9.48433971405029 8.1901798248291
9.50290966033936 8.2052698135376
9.52147960662842 8.22035980224609
9.54006958007813 8.23546028137207
9.55867958068848 8.25057029724121
9.57728958129883 8.26568031311035
9.59591960906982 8.28079032897949
9.61456966400146 8.2959098815918
9.63321971893311 8.31103038787842
9.65188980102539 8.3261604309082
9.67057991027832 8.34129047393799
9.68927001953125 8.35643005371094
9.70798015594482 8.37156963348389
9.72671031951904 8.38671970367432
9.74545001983643 8.40186977386475
9.76420021057129 8.41703033447266
9.78295993804932 8.43218994140625
9.80173969268799 8.44734954833984
9.82052993774414 8.46251964569092
9.83934020996094 8.47768974304199
9.8581600189209 8.49287033081055
9.87699031829834 8.50806045532227
9.89583969116211 8.52324962615967
9.91469955444336 8.53843975067139
9.93356990814209 8.55364036560059
9.95246028900146 8.56884002685547
9.971360206604 8.58405017852783
9.99026966094971 8.5992603302002
10.0092000961304 8.61446952819824
