0.588706970214844 0.242806002497673
0.587902009487152 0.242405995726585
0.587098002433777 0.242007002234459
0.586296021938324 0.241609007120132
0.585494995117188 0.241210997104645
0.584694981575012 0.240814000368118
0.583896994590759 0.240417003631592
0.583100020885468 0.240021005272865
0.582304000854492 0.239626005291939
0.581510007381439 0.239231005311012
0.580716013908386 0.238837003707886
0.579925000667572 0.238443002104759
0.579133987426758 0.238049998879433
0.578345000743866 0.237657994031906
0.577557027339935 0.237266004085541
0.576770007610321 0.236873999238014
0.575985014438629 0.236484006047249
0.575200021266937 0.236093997955322
0.574416995048523 0.235704004764557
0.57363498210907 0.23531499505043
0.572854995727539 0.234926998615265
0.572075009346008 0.234539002180099
0.571296989917755 0.234151005744934
0.570519983768463 0.233763992786407
0.569743990898132 0.233377993106842
0.568970024585724 0.232991993427277
0.568195998668671 0.232607007026672
0.56742399930954 0.232222005724907
0.566651999950409 0.231838002800941
0.5658820271492 0.231453999876976
0.565113008022308 0.231070995330811
0.564345002174377 0.230688005685806
0.563579022884369 0.230305999517441
0.562812983989716 0.229923993349075
0.562048017978668 0.229543000459671
0.561285018920898 0.229161992669106
0.560522973537445 0.228781998157501
0.559760987758636 0.228402003645897
0.55900102853775 0.228022992610931
0.55824202299118 0.227643996477127
0.557483017444611 0.227265998721123
0.556725978851318 0.226888000965118
0.555970013141632 0.226510003209114
0.555215001106262 0.22613300383091
0.554459989070892 0.225756004452705
0.553707003593445 0.225380003452301
0.552954971790314 0.225004002451897
0.552202999591827 0.224628999829292
0.551452994346619 0.224253997206688
0.550704002380371 0.223879992961884
0.549955010414124 0.22350600361824
0.549207985401154 0.223131999373436
0.548461019992828 0.222757995128632
0.54771500825882 0.222385004162788
0.546970009803772 0.222012996673584
0.546226024627686 0.221641004085541
0.545482993125916 0.221268996596336
0.544740974903107 0.220897004008293
0.543999016284943 0.220525994896889
0.543259024620056 0.220155999064445
0.542518973350525 0.219785004854202
0.5417799949646 0.219414994120598
0.541041970252991 0.219044998288155
0.540304005146027 0.218676000833511
0.53956800699234 0.218307003378868
0.538832008838654 0.217938005924225
0.538097023963928 0.217570006847382
0.537361979484558 0.217201992869377
0.536629021167755 0.216833993792534
0.535896003246307 0.216465994715691
0.535163998603821 0.216098994016647
0.534431993961334 0.215731993317604
0.533701002597809 0.215364992618561
0.532971024513245 0.214999005198479
0.532242000102997 0.214633002877235
0.531512975692749 0.214267000555992
0.530784010887146 0.213900998234749
0.530057013034821 0.213535994291306
0.529329001903534 0.213170006871223
0.52860301733017 0.21280500292778
0.527876973152161 0.212440997362137
0.527152001857758 0.212075993418694
0.52642697095871 0.211712002754211
0.525701999664307 0.211346998810768
0.52497798204422 0.210982993245125
0.524254977703094 0.210619002580643
0.523531973361969 0.210255995392799
0.522809982299805 0.209892004728317
0.52208799123764 0.209528997540474
0.521366000175476 0.209165006875992
0.520645022392273 0.208801999688148
0.519923985004425 0.208439007401466
0.519203007221222 0.208076000213623
0.518482983112335 0.20771299302578
0.51776397228241 0.207350000739098
0.517044007778168 0.206988006830215
0.516324996948242 0.206624999642372
0.515605986118317 0.20626200735569
0.514886975288391 0.205899998545647
0.514168977737427 0.205537006258965
0.513450026512146 0.205174997448921
0.512732028961182 0.204812005162239
0.512013971805573 0.204449996352196
0.511296987533569 0.204087004065514
0.510578989982605 0.20372499525547
0.509860992431641 0.203362002968788
0.509144008159637 0.202998995780945
0.508426010608673 0.202637001872063
0.50770902633667 0.202273994684219
0.506991028785706 0.201911002397537
0.506273984909058 0.201547995209694
0.505555987358093 0.201185002923012
0.504837989807129 0.200820997357368
0.504119992256165 0.200458005070686
0.5034019947052 0.200093999505043
0.502683997154236 0.1997299939394
0.501965999603271 0.199366003274918
0.501246988773346 0.199001997709274
0.50052797794342 0.198636993765831
0.499808996915817 0.198273003101349
0.499089002609253 0.197907000780106
0.498369008302689 0.197541996836662
0.497648000717163 0.197175994515419
0.496926993131638 0.196810007095337
0.496205002069473 0.196443006396294
0.495483011007309 0.19607700407505
0.494760006666183 0.195709004998207
0.494037002325058 0.195341005921364
0.493313014507294 0.194973006844521
0.492588013410568 0.194603994488716
0.491861999034882 0.194234997034073
0.491135001182556 0.19386500120163
0.490408003330231 0.193495005369186
0.489679008722305 0.193122997879982
0.48895001411438 0.192752003669739
0.488218992948532 0.192378997802734
0.487486988306046 0.192006006836891
0.48675400018692 0.191632002592087
0.486018985509872 0.191256999969482
0.485282987356186 0.190881997346878
0.484546005725861 0.190504997968674
0.483806997537613 0.190127998590469
0.483067005872726 0.189749002456665
0.482324004173279 0.189370006322861
0.48157998919487 0.188988998532295
0.480834007263184 0.188607007265091
0.480085998773575 0.188224002718925
0.479335010051727 0.18783999979496
0.478583008050919 0.187454998493195
0.477827996015549 0.187068000435829
0.47707000374794 0.186679005622864
0.476310014724731 0.186288997530937
0.475546985864639 0.185898005962372
0.474781006574631 0.185504004359245
0.474011987447739 0.185109004378319
0.473239004611969 0.184711992740631
0.472463011741638 0.184312999248505
0.471682995557785 0.183911994099617
0.470898985862732 0.183509007096291
0.470111012458801 0.183102995157242
0.469318985939026 0.182695001363754
0.468522012233734 0.182283997535706
0.467720001935959 0.181869998574257
0.466912001371384 0.181453004479408
0.466098994016647 0.181033000349998
0.465279996395111 0.180610001087189
0.464453995227814 0.180182993412018
0.463620990514755 0.179752007126808
0.462781012058258 0.179317995905876
0.461932986974716 0.178877994418144
0.461075991392136 0.178433999419212
0.460209995508194 0.177984997630119
0.45933398604393 0.177530005574226
0.458447009325027 0.177070006728172
0.457549005746841 0.176603004336357
0.456638008356094 0.176128998398781
0.455713003873825 0.175647005438805
0.454771995544434 0.175156995654106
0.453815013170242 0.174657002091408
0.452838987112045 0.174147993326187
0.451842993497849 0.173627004027367
0.450823992490768 0.173094004392624
0.449779987335205 0.172546997666359
0.44870799779892 0.171985000371933
0.44760400056839 0.171405002474785
0.446464985609055 0.170806005597115
0.445288985967636 0.170186996459961
0.444070994853973 0.169544994831085
0.442813009023666 0.168880000710487
0.441518992185593 0.168194994330406
0.440201014280319 0.167495995759964
0.438887000083923 0.166796997189522
0.437611013650894 0.166117995977402
0.436412990093231 0.165478006005287
0.435317993164063 0.164892002940178
0.434334009885788 0.164363995194435
0.433454990386963 0.16389200091362
0.432673007249832 0.16347099840641
0.431971997022629 0.163093000650406
0.431344002485275 0.162753000855446
0.430776000022888 0.16244600713253
0.430260986089706 0.162165999412537
0.429791003465652 0.161910995841026
0.429361999034882 0.161678001284599
0.428968012332916 0.161463007330894
0.428604006767273 0.161265000700951
0.428268998861313 0.161081999540329
0.427958995103836 0.16091200709343
0.427670985460281 0.16075399518013
0.427403002977371 0.160607993602753
0.427154988050461 0.160471007227898
0.426923006772995 0.160344004631042
0.426706999540329 0.160225003957748
0.426506012678146 0.160114005208015
0.426317989826202 0.160009995102882
0.426142990589142 0.159914001822472
0.425978988409042 0.159823000431061
0.425826013088226 0.159739002585411
0.425684005022049 0.159659996628761
0.425550997257233 0.159585997462273
0.425428003072739 0.159517005085945
0.425312995910645 0.159454002976418
0.425206005573273 0.15939399600029
0.425107002258301 0.159338995814323
0.42501500248909 0.159288004040718
0.42493000626564 0.159240007400513
0.424852013587952 0.159197002649307
0.424780011177063 0.159156993031502
0.424713999032974 0.159119993448257
0.424654006958008 0.159086003899574
0.424600005149841 0.15905599296093
0.424551010131836 0.159027993679047
0.424506992101669 0.159004002809525
0.424468010663986 0.158981993794441
0.424434006214142 0.158961996436119
0.424403995275497 0.158945992588997
0.424378991127014 0.158931002020836
0.424358010292053 0.158920004963875
0.42434099316597 0.158910006284714
0.424327999353409 0.158903002738953
0.424318999052048 0.158897995948792
0.424313008785248 0.158895000815392
0.424311995506287 0.158894002437592
0.424313008785248 0.158894002437592
0.424317985773087 0.158896997570992
0.424326002597809 0.158902004361153
0.42433699965477 0.158907994627953
0.424351990222931 0.158915996551514
0.424369007349014 0.158925995230675
0.424389988183975 0.158938005566597
0.424412995576859 0.158951997756958
0.424439996480942 0.15896700322628
0.424468994140625 0.158983007073402
0.424499988555908 0.159000992774963
0.424535006284714 0.159021005034447
0.424571007490158 0.159042000770569
0.424611002206802 0.159063994884491
0.424652993679047 0.159088000655174
0.424697011709213 0.159114003181458
0.424742996692657 0.159140005707741
0.424791991710663 0.159168004989624
0.424843013286591 0.159198001027107
0.424896001815796 0.15922799706459
0.424952000379562 0.159260004758835
0.42500901222229 0.159293994307518
0.425069004297256 0.159327998757362
0.425130993127823 0.159363001585007
0.42519399523735 0.159400001168251
0.425260007381439 0.159437999129295
0.425327003002167 0.15947699546814
0.425397008657455 0.159517005085945
0.425467997789383 0.159558996558189
0.425541013479233 0.159601002931595
0.42561599612236 0.159643992781639
0.425691992044449 0.159688994288445
0.425770998001099 0.15973399579525
0.425850987434387 0.159780994057655
0.425933003425598 0.159829005599022
0.426016002893448 0.159877002239227
0.426100999116898 0.159926995635033
0.426187992095947 0.159977003931999
0.426275998353958 0.160028994083405
0.426366001367569 0.160080999135971
0.426456987857819 0.160135000944138
0.426550000905991 0.160189002752304
0.426645010709763 0.160244002938271
0.426741003990173 0.160300001502037
0.426838010549545 0.160356998443604
0.426937013864517 0.16041499376297
0.427037000656128 0.160474002361298
0.4271380007267 0.160533994436264
0.427242010831833 0.160594001412392
0.427345991134644 0.160656005144119
0.427451997995377 0.160717993974686
0.427558988332748 0.160780996084213
0.427666991949081 0.160844996571541
0.427776992321014 0.160909995436668
0.427888005971909 0.160974994301796
0.428000003099442 0.161042004823685
0.428113996982574 0.161109000444412
0.428229004144669 0.16117699444294
0.428344994783401 0.161245003342628
0.428461998701096 0.161314994096756
0.42858099937439 0.161384999752045
0.428701013326645 0.161456003785133
0.428820997476578 0.161528006196022
0.428943991661072 0.16159999370575
0.429066985845566 0.161673992872238
0.429190993309021 0.161748006939888
0.429316997528076 0.161823004484177
0.42944398522377 0.161898002028465
0.429571986198425 0.161973997950554
0.429701000452042 0.162051007151604
0.429830998182297 0.162128999829292
0.429962009191513 0.162207007408142
0.430094987154007 0.162285998463631
0.430227994918823 0.16236600279808
0.43036299943924 0.16244700551033
0.430498003959656 0.162527993321419
0.430635005235672 0.162609994411469
0.430772989988327 0.162691995501518
0.430911988019943 0.162774994969368
0.431050986051559 0.162858992815018
0.431192010641098 0.162944003939629
0.431333988904953 0.163029000163078
0.431477010250092 0.163114994764328
0.431620985269547 0.163202002644539
0.431766003370285 0.163288995623589
0.431912004947662 0.163377001881599
0.432058990001678 0.16346600651741
0.432206988334656 0.16355499625206
0.432355999946594 0.163644999265671
0.432505011558533 0.163735002279282
0.432655990123749 0.163826003670692
0.432808011770248 0.163918003439903
0.432960987091064 0.164011001586914
0.433115005493164 0.164103999733925
0.433268994092941 0.164197996258736
0.433425009250641 0.164291992783546
0.433582007884979 0.164387002587318
0.433739006519318 0.164482995867729
0.433896988630295 0.164579004049301
0.434056997299194 0.164675995707512
0.434217005968094 0.164773002266884
0.434377998113632 0.164872005581856
0.434540003538132 0.164969995617867
0.43470299243927 0.165069997310638
0.43486699461937 0.16516999900341
0.43503201007843 0.165270000696182
0.43519800901413 0.165371999144554
0.435364007949829 0.165472999215126
0.435532003641129 0.165575996041298
0.435699999332428 0.16567899286747
0.435869991779327 0.165783002972603
0.436040014028549 0.165886998176575
0.436210989952087 0.165992006659508
0.436383008956909 0.16609700024128
0.436554998159409 0.166203007102013
0.43672901391983 0.166309997439384
0.436904013156891 0.166417002677917
0.437079012393951 0.16652500629425
0.437254995107651 0.166633993387222
0.437431991100311 0.166742995381355
0.437610000371933 0.166851997375488
0.437788993120193 0.166962996125221
0.437967985868454 0.167073994874954
0.438149005174637 0.167184993624687
0.438329994678497 0.167297005653381
0.438511997461319 0.167410001158714
0.438695013523102 0.167522996664047
0.438879013061523 0.167637005448341
0.439063996076584 0.167750999331474
0.439249008893967 0.167866006493568
0.439435988664627 0.167981997132301
0.43962299823761 0.168098002672195
0.439810991287231 0.16821500658989
0.439999014139175 0.168331995606422
0.440189003944397 0.168449997901917
0.440378993749619 0.168568000197411
0.440571010112762 0.168687000870705
0.440762996673584 0.168806999921799
0.440955996513367 0.168926998972893
0.441148996353149 0.169047996401787
0.441343992948532 0.169170007109642
0.441538989543915 0.169292002916336
0.441734999418259 0.16941399872303
0.441931992769241 0.169536992907524
0.442129999399185 0.169661000370979
0.442328006029129 0.169784992933273
0.442528009414673 0.169909998774529
0.442728012800217 0.170036002993584
0.442928999662399 0.170162007212639
0.443130999803543 0.170288994908333
0.443332999944687 0.170415997505188
0.443536013364792 0.170543998479843
0.443740993738174 0.170671999454498
0.443946003913879 0.170800998806953
0.444151014089584 0.170930996537209
0.444357991218567 0.171060994267464
0.444564998149872 0.17119100689888
0.444772988557816 0.171323001384735
0.44498199224472 0.17145499587059
0.445192009210587 0.171587005257607
0.44540199637413 0.171719998121262
0.445614010095596 0.171854004263878
0.44582599401474 0.171987995505333
0.446038991212845 0.172123000025749
0.44625198841095 0.172258004546165
0.446467012166977 0.172394007444382
0.446682006120682 0.172530993819237
0.446898013353348 0.172667995095253
0.447115004062653 0.172805994749069
0.447331994771957 0.172943994402885
0.447551012039185 0.173083007335663
0.447769999504089 0.173223003745079
0.447990000247955 0.173363000154495
0.448211014270782 0.173503994941711
0.448431998491287 0.173645004630089
0.448653995990753 0.173786997795105
0.44887700676918 0.173929005861282
0.449101001024246 0.174071997404099
0.449326008558273 0.174216002225876
0.449550986289978 0.174360007047653
0.449777990579605 0.174504995346069
0.450004994869232 0.174649998545647
0.45023301243782 0.174796000123024
0.450461000204086 0.174943000078201
0.450691014528275 0.175090000033379
0.45092099905014 0.175237998366356
0.451151996850967 0.175386995077133
0.451382994651794 0.175536006689072
0.451615989208221 0.175685003399849
0.451849013566971 0.175834998488426
0.452082991600037 0.175986006855965
0.452318012714386 0.176137998700142
0.452553987503052 0.17629000544548
0.45278999209404 0.176441997289658
0.453027993440628 0.176596000790596
0.453265994787216 0.176749005913734
0.453505009412766 0.176903992891312
0.453743994235992 0.17705899477005
0.453985005617142 0.177214995026588
0.454225987195969 0.177370995283127
0.454468011856079 0.177527993917465
0.454710990190506 0.177684992551804
0.454953998327255 0.177843004465103
0.455199003219604 0.178001999855042
0.455444008111954 0.17816199362278
0.455689996480942 0.178322002291679
0.455936998128891 0.178481996059418
0.45618399977684 0.178643003106117
0.456432998180389 0.178804993629456
0.456681996583939 0.178967997431755
0.456932008266449 0.179131001234055
0.457183003425598 0.179294005036354
0.457433998584747 0.179459005594254
0.457686990499496 0.179624006152153
0.457940012216568 0.179789006710052
0.458193987607956 0.179956004023552
0.458449006080627 0.180122002959251
0.458703994750977 0.180289998650551
0.458961009979248 0.18045799434185
0.459217995405197 0.180627003312111
0.459475994110107 0.18079599738121
0.459735006093979 0.180966004729271
0.459993988275528 0.18113699555397
0.460254997014999 0.181308001279831
0.460516005754471 0.181480005383492
0.460777997970581 0.181652992963791
0.461041003465652 0.181825995445251
0.461304992437363 0.181999996304512
0.461569011211395 0.182174995541573
0.461834996938705 0.182349994778633
0.462101012468338 0.182526007294655
0.462368011474609 0.182702004909515
0.46263599395752 0.182879000902176
0.462904006242752 0.183056995272636
0.463173985481262 0.183236002922058
0.463443994522095 0.183414995670319
0.463714987039566 0.18359400331974
0.463986992835999 0.183774992823601
0.464260011911392 0.183955997228622
0.464534014463425 0.184138000011444
0.464807987213135 0.184320002794266
0.465083986520767 0.184504002332687
0.4653599858284 0.184687003493309
0.465636998414993 0.184872001409531
0.465914994478226 0.185056999325752
0.466192990541458 0.185242995619774
0.466473013162613 0.185429006814957
0.466753005981445 0.185616999864578
0.467034012079239 0.1858039945364
0.467316001653671 0.185993000864983
0.467599004507065 0.186182007193565
0.467882990837097 0.186371996998787
0.468167990446091 0.18656300008297
0.468452990055084 0.186754003167152
0.468739002943039 0.186946004629135
0.469027012586594 0.187139004468918
0.469314992427826 0.187333002686501
0.469603985548019 0.187527000904083
0.469893008470535 0.187721997499466
0.470183998346329 0.187916994094849
0.470474988222122 0.188113003969193
0.470768004655838 0.188309997320175
0.471060991287231 0.188508003950119
0.471354991197586 0.188705995678902
0.471650004386902 0.188905999064445
0.471946001052856 0.189105004072189
0.472243010997772 0.189306005835533
0.472541004419327 0.189506992697716
0.472838997840881 0.18970899283886
0.473138988018036 0.189912006258965
0.473439007997513 0.190116003155708
0.473740011453629 0.190320000052452
0.474041998386383 0.190524995326996
0.474344998598099 0.190730005502701
0.474649012088776 0.190936997532845
0.474954009056091 0.191144004464149
0.475259006023407 0.191351994872093
0.475565999746323 0.191560998558998
0.475874006748199 0.191770002245903
0.476182013750076 0.191980004310608
0.476491004228592 0.192191004753113
0.476801991462708 0.192403003573418
0.477113008499146 0.192615002393723
0.477425009012222 0.192827999591827
0.477737993001938 0.193041995167732
0.478051990270615 0.193257004022598
0.478365987539291 0.193472996354103
0.478682011365891 0.193689003586769
0.478998988866806 0.193905994296074
0.479317009449005 0.19412399828434
0.479635000228882 0.194342002272606
0.479954987764359 0.194562003016472
0.480275005102158 0.194782003760338
0.480596005916595 0.195003002882004
0.480919003486633 0.19522500038147
0.481242001056671 0.195446997880936
0.48156601190567 0.195671007037163
0.481891006231308 0.195895001292229
0.482217997312546 0.196119993925095
0.482544988393784 0.196345999836922
0.482872992753983 0.196572005748749
0.483202010393143 0.196799993515015
0.483532011508942 0.197027996182442
0.483862996101379 0.197256997227669
0.484194993972778 0.197486996650696
0.484526991844177 0.197716996073723
0.484860986471176 0.197949007153511
0.485195994377136 0.198181003332138
0.485531985759735 0.198413997888565
0.485868990421295 0.198648005723953
0.486207008361816 0.19888299703598
0.486546009778976 0.199119001626968
0.486885011196136 0.199355006217957
0.487226009368896 0.199592992663383
0.487567991018295 0.199830994009972
0.487910985946655 0.20006999373436
0.488254994153976 0.200310006737709
0.488599002361298 0.200551003217697
0.488945007324219 0.200791999697685
0.489291995763779 0.201034992933273
0.4896399974823 0.201278001070023
0.489989012479782 0.201523005962372
0.490339010953903 0.20176799595356
0.490689992904663 0.202013999223709
0.491041988134384 0.202261000871658
0.491394996643066 0.202509000897408
0.491748988628387 0.202757000923157
0.49210399389267 0.203006997704506
0.492460012435913 0.203256994485855
0.492817014455795 0.203509002923965
0.493176013231277 0.203760996460915
0.49353501200676 0.204014003276825
0.493894994258881 0.204267993569374
0.494257003068924 0.204522997140884
0.494619011878967 0.204778999090195
0.494982987642288 0.205035999417305
0.495348006486893 0.205293998122215
0.495712995529175 0.205552995204926
0.496080011129379 0.205812007188797
0.496448010206223 0.206073001027107
0.496816992759705 0.206334993243217
0.497186988592148 0.206597000360489
0.497557997703552 0.20686000585556
0.497931003570557 0.20712499320507
0.498304009437561 0.207389995455742
0.498677998781204 0.207656994462013
0.49905401468277 0.207923993468285
0.499431014060974 0.208192005753517
0.499808996915817 0.208461001515388
0.500187993049622 0.20873199403286
0.500567972660065 0.209003001451492
0.500949025154114 0.209275007247925
0.501330971717834 0.209547996520996
0.501715004444122 0.209821999073029
0.502098977565765 0.210097000002861
0.502484977245331 0.210372999310493
0.502871990203857 0.210650995373726
0.503260016441345 0.21092900633812
0.503648996353149 0.211208000779152
0.504040002822876 0.211487993597984
0.504431009292603 0.211768999695778
0.504823982715607 0.212052002549171
0.505218029022217 0.212335005402565
0.505613029003143 0.212619006633759
0.506008982658386 0.212905004620552
0.506407022476196 0.213191002607346
0.506806015968323 0.213478997349739
0.507205009460449 0.213767006993294
0.507606983184814 0.214056998491287
0.508009016513824 0.214347004890442
0.508412003517151 0.214638993144035
0.5088170170784 0.21493199467659
0.509222984313965 0.215225994586945
0.509630024433136 0.215519994497299
0.510038018226624 0.215817004442215
0.510447978973389 0.21611399948597
0.51085901260376 0.216411992907524
0.511270999908447 0.21671099960804
0.511684000492096 0.217012003064156
0.512099027633667 0.217313006520271
0.512515008449554 0.217616006731987
0.512932002544403 0.217920005321503
0.513350009918213 0.218224003911018
0.5137699842453 0.218529999256134
0.514190971851349 0.218838006258011
0.514612972736359 0.219145998358727
0.515037000179291 0.219455003738403
0.515461027622223 0.21976600587368
0.515887022018433 0.220078006386757
0.51631498336792 0.220391005277634
0.516743004322052 0.22070500254631
0.517172992229462 0.221019998192787
0.517605006694794 0.221336007118225
0.518037021160126 0.221653997898102
0.518471002578735 0.22197300195694
0.518907010555267 0.222293004393578
0.519343018531799 0.222614005208015
0.519780993461609 0.222936004400253
0.520220994949341 0.223260000348091
0.520660996437073 0.223584994673729
0.521103024482727 0.223911002278328
0.521547019481659 0.224237993359566
0.521992027759552 0.224566996097565
0.522437989711761 0.224895998835564
0.522885024547577 0.225226998329163
0.52333402633667 0.225559994578362
0.523784995079041 0.225893005728722
0.524236023426056 0.226227998733521
0.524689018726349 0.226564005017281
0.525143980979919 0.226900994777679
0.525600016117096 0.227239996194839
0.526057004928589 0.227579995989799
0.526516020298004 0.22792099416256
0.526975989341736 0.228263005614281
0.52743798494339 0.228606998920441
0.527900993824005 0.228952005505562
0.528366029262543 0.229298993945122
0.528832018375397 0.229645997285843
0.529299020767212 0.229994997382164
0.529767990112305 0.230345994234085
0.53023898601532 0.230698004364967
0.530710995197296 0.231050997972488
0.531184017658234 0.231405004858971
0.531659007072449 0.231760993599892
0.532135009765625 0.232117995619774
0.532612979412079 0.232476994395256
0.533092975616455 0.232837006449699
0.533573985099792 0.233198001980782
0.534056007862091 0.233560994267464
0.534539997577667 0.233924999833107
0.535026013851166 0.23429000377655
0.535512983798981 0.234657004475594
0.536001980304718 0.235026001930237
0.536491990089417 0.23539499938488
0.536984026432037 0.235767006874084
0.537477016448975 0.236138999462128
0.537971973419189 0.236513003706932
0.53846800327301 0.236889004707336
0.53896701335907 0.237266004085541
0.539466023445129 0.237645000219345
0.539968013763428 0.238024994730949
0.540471017360687 0.238406002521515
0.540974974632263 0.23878900706768
0.541481971740723 0.239173993468285
0.541989028453827 0.23955999314785
0.542499005794525 0.239947006106377
0.543009996414185 0.240336000919342
0.543523013591766 0.240727007389069
0.544036984443665 0.241118997335434
0.544553995132446 0.24151299893856
0.545072019100189 0.241907998919487
0.545590996742249 0.242304995656013
0.54611200094223 0.242703005671501
0.54663497209549 0.243102997541428
0.547160029411316 0.243505001068115
0.547685980796814 0.243908002972603
0.548214972019196 0.24431300163269
0.548744022846222 0.244718998670578
0.549275994300842 0.245127007365227
0.549808979034424 0.245536997914314
0.550345003604889 0.245948001742363
0.550881028175354 0.246361002326012
0.551419973373413 0.24677500128746
0.551961004734039 0.247191995382309
0.552502989768982 0.247610002756119
0.553047001361847 0.248028993606567
0.55359297990799 0.248450994491577
0.554140985012054 0.248873993754387
0.554690003395081 0.249298006296158
0.555242002010345 0.249724999070168
0.555795013904572 0.250153005123138
0.556349992752075 0.250582993030548
0.556906998157501 0.251013994216919
0.557465970516205 0.251448005437851
0.558026015758514 0.251883000135422
0.558588981628418 0.252319991588593
0.559153974056244 0.252759009599686
0.559719979763031 0.253199011087418
0.56028801202774 0.253641992807388
0.560859024524689 0.25408598780632
0.561430990695953 0.254532009363174
0.56200498342514 0.254979014396667
0.56258100271225 0.255428999662399
0.563158988952637 0.255881011486053
0.563739001750946 0.256334006786346
0.564320981502533 0.256788998842239
0.564904987812042 0.257245987653732
0.565491020679474 0.257705003023148
0.566079020500183 0.25816598534584
0.56666898727417 0.258628994226456
0.56726199388504 0.259093999862671
0.567856013774872 0.259561002254486
0.568452000617981 0.26002898812294
0.569050014019012 0.260500013828278
0.569651007652283 0.260971993207932
0.570253014564514 0.261447012424469
0.570858001708984 0.261923998594284
0.571464002132416 0.26240199804306
0.572072982788086 0.262883007526398
0.572683990001678 0.263365000486374
0.573297023773193 0.263850003480911
0.573912024497986 0.264335989952087
0.574528992176056 0.264824986457825
0.57514899969101 0.265316009521484
0.575770974159241 0.265808999538422
0.576394021511078 0.266303986310959
0.57702100276947 0.266800999641418
0.577648997306824 0.267300009727478
0.5782790184021 0.267800986766815
0.578912019729614 0.268305003643036
0.579546988010406 0.268810003995895
0.580184996128082 0.269318014383316
0.580824017524719 0.269827991724014
0.581466019153595 0.270339995622635
0.582109987735748 0.270855009555817
0.582756996154785 0.271371006965637
0.583405017852783 0.271890014410019
0.58405601978302 0.272410988807678
0.584710001945496 0.27293398976326
0.585366010665894 0.273460000753403
0.586023986339569 0.273988008499146
0.586685001850128 0.274518013000488
0.587346971035004 0.275050014257431
0.588012993335724 0.275584995746613
0.588680982589722 0.276122003793716
0.589350998401642 0.27666100859642
0.590023994445801 0.277202993631363
0.590699017047882 0.277747005224228
0.591376006603241 0.278293997049332
0.592055976390839 0.278842985630035
0.59273898601532 0.279394000768661
0.593424022197723 0.279947996139526
0.594111979007721 0.280503988265991
0.594802021980286 0.281062990427017
0.595494985580444 0.281623989343643
0.596189975738525 0.28218799829483
0.59688800573349 0.282754004001617
0.597588002681732 0.283322006464005
0.598290979862213 0.283894002437592
0.598996996879578 0.28446701169014
0.59970498085022 0.285044014453888
0.600416004657745 0.285623013973236
0.60113000869751 0.286204010248184
0.601845979690552 0.286787986755371
0.602564990520477 0.287375003099442
0.603286981582642 0.28796398639679
0.604012012481689 0.288556009531021
0.604739010334015 0.289151012897491
0.605468988418579 0.289748013019562
0.606200993061066 0.290349006652832
0.606936991214752 0.290951013565063
0.607675015926361 0.291557013988495
0.608416020870209 0.292165011167526
0.609160006046295 0.292775988578796
0.60990697145462 0.29339000582695
0.610656976699829 0.294007003307343
0.61140900850296 0.294627010822296
0.612164974212646 0.295248985290527
0.6129230260849 0.295873999595642
0.613685011863708 0.296501994132996
0.614449024200439 0.29713299870491
0.615216016769409 0.297767013311386
0.615985989570618 0.298404008150101
0.616760015487671 0.299044013023376
0.617536008358002 0.299686998128891
0.618314981460571 0.300332009792328
0.619096994400024 0.300980985164642
0.619883000850677 0.30163300037384
0.620670974254608 0.302287995815277
0.621463000774384 0.302946001291275
0.622256994247437 0.303606986999512
0.623054981231689 0.304271012544632
0.623856008052826 0.304937988519669
0.624660015106201 0.305608004331589
0.625468015670776 0.306282013654709
0.626277983188629 0.306957989931107
0.627092003822327 0.307637989521027
0.627909004688263 0.308320999145508
0.628728985786438 0.309008002281189
0.629553020000458 0.30969700217247
0.630379974842072 0.310389995574951
0.631210029125214 0.311085999011993
0.632044017314911 0.311785995960236
0.632880985736847 0.312489002943039
0.633720993995667 0.313194990158081
0.634564995765686 0.313905000686646
0.635411977767944 0.314617991447449
0.636263012886047 0.315333992242813
0.637117028236389 0.316053986549377
0.63797402381897 0.316778004169464
0.63883501291275 0.31750500202179
0.639699995517731 0.318235009908676
0.640568017959595 0.318969011306763
0.641439974308014 0.319707006216049
0.642314970493317 0.320448011159897
0.643194019794464 0.321193009614944
0.644077003002167 0.321940988302231
0.644963026046753 0.32269299030304
0.645852982997894 0.323448985815048
0.64674699306488 0.324209004640579
0.647643983364105 0.324972003698349
0.648545026779175 0.325738996267319
0.6494500041008 0.326510012149811
0.650358974933624 0.32728499174118
0.651270985603333 0.328063011169434
0.652188003063202 0.328844994306564
0.65310800075531 0.329632014036179
0.654031991958618 0.330422013998032
0.654959976673126 0.331216007471085
0.655892014503479 0.332013994455338
0.656827986240387 0.332816004753113
0.65776801109314 0.333622008562088
0.658712029457092 0.334432989358902
0.6596599817276 0.335247009992599
0.660613000392914 0.336064994335175
0.661568999290466 0.336887985467911
0.662528991699219 0.337713986635208
0.663493990898132 0.338544994592667
0.664461970329285 0.339379996061325
0.665435016155243 0.340220004320145
0.666411995887756 0.341064006090164
0.667393982410431 0.341910988092422
0.668379008769989 0.342763990163803
0.669368982315063 0.343620002269745
0.670363008975983 0.344482004642487
0.671361982822418 0.345346987247467
0.672365009784698 0.346217006444931
0.673371970653534 0.347092002630234
0.674383997917175 0.347970992326736
0.675400972366333 0.348854005336761
0.676421999931335 0.349741995334625
0.677447021007538 0.35063499212265
0.678476989269257 0.351532995700836
0.679512023925781 0.352434992790222
0.680550992488861 0.353341996669769
0.681595027446747 0.354252994060516
0.682642996311188 0.355170011520386
0.68369597196579 0.356090992689133
0.684754014015198 0.357017010450363
0.685817003250122 0.357948005199432
0.686884999275208 0.358884006738663
0.687956988811493 0.359824985265732
0.689034998416901 0.360769987106323
0.690117001533508 0.361721009016037
0.691204011440277 0.362677007913589
0.692296028137207 0.363638013601303
0.693392992019653 0.364603996276855
0.694495022296906 0.36557599902153
0.695603013038635 0.366551995277405
0.696714997291565 0.367534011602402
0.697833001613617 0.368521004915237
0.698954999446869 0.369513988494873
0.700083017349243 0.370512008666992
0.701216995716095 0.37151500582695
0.702355027198792 0.372523993253708
0.703499019145966 0.373537987470627
0.704648017883301 0.374558001756668
0.705802023410797 0.375582993030548
0.706961989402771 0.37661400437355
0.708127975463867 0.377649992704391
0.709299027919769 0.378693014383316
0.710475027561188 0.379741013050079
0.711656987667084 0.380793988704681
0.712845027446747 0.381853997707367
0.714039027690887 0.382919013500214
0.715237975120544 0.383991003036499
0.716441988945007 0.385067999362946
0.717652976512909 0.386150985956192
0.718868970870972 0.387241005897522
0.720091998577118 0.388336002826691
0.721319973468781 0.38943800330162
0.72255402803421 0.390545010566711
0.723793983459473 0.391658991575241
0.725040018558502 0.392778992652893
0.726292014122009 0.393905997276306
0.727550983428955 0.395038992166519
0.728815019130707 0.396178007125854
0.730086028575897 0.397323995828629
0.731362998485565 0.398476004600525
0.732645988464355 0.39963498711586
0.733936011791229 0.400801002979279
0.735231995582581 0.401973009109497
0.736533999443054 0.403151988983154
0.737842977046967 0.404336988925934
0.739157974720001 0.405530005693436
0.740480005741119 0.406729012727737
0.741809010505676 0.407934993505478
0.743143975734711 0.409148007631302
0.744485974311829 0.410369008779526
0.74583500623703 0.41159600019455
0.747189998626709 0.412831008434296
0.748552024364471 0.414072006940842
0.749921977519989 0.415320992469788
0.751298010349274 0.416577011346817
0.752681016921997 0.417840987443924
0.75407201051712 0.419111996889114
0.755469024181366 0.420390009880066
0.756874024868011 0.421676009893417
0.758284986019135 0.422969996929169
0.759705007076263 0.424270987510681
0.76113098859787 0.425579994916916
0.762565016746521 0.426896989345551
0.764006018638611 0.428222000598907
0.765455007553101 0.429553985595703
0.766910970211029 0.430895000696182
0.768374979496002 0.4322429895401
0.769846975803375 0.433600008487701
0.771326005458832 0.434965014457703
0.772813022136688 0.436338007450104
0.774308025836945 0.437718987464905
0.775811016559601 0.439108997583389
0.777321994304657 0.440506994724274
0.778840005397797 0.441913992166519
0.780367016792297 0.443329006433487
0.781902015209198 0.444752991199493
0.78344601392746 0.446184992790222
0.78499698638916 0.447625994682312
0.786557018756866 0.449077010154724
0.788124978542328 0.450536012649536
0.789701998233795 0.452003985643387
0.791287004947662 0.453480988740921
0.792881011962891 0.454966992139816
0.79448401927948 0.456461995840073
0.796095013618469 0.457967013120651
0.79771500825882 0.459481000900269
0.799344003200531 0.461005002260208
0.800981998443604 0.462538003921509
0.802628993988037 0.464080005884171
0.804284989833832 0.465633004903793
0.805949985980988 0.467195004224777
0.807623982429504 0.468766987323761
0.809306979179382 0.470349013805389
0.810999989509583 0.471940010786057
0.812703013420105 0.473542004823685
0.814414978027344 0.475154012441635
0.816136002540588 0.476776987314224
0.81786698102951 0.478408992290497
0.819607973098755 0.48005199432373
0.821358978748322 0.481705993413925
0.82311999797821 0.483370006084442
0.82489001750946 0.485044986009598
0.826671004295349 0.486730992794037
0.82846200466156 0.488427996635437
0.830263018608093 0.490135014057159
0.832073986530304 0.491854012012482
0.833895981311798 0.493584007024765
0.835727989673615 0.495324999094009
0.837406992912292 0.496921002864838
0.838531017303467 0.497990012168884
0.839282989501953 0.498706012964249
0.839784979820251 0.499184012413025
0.840120017528534 0.49950298666954
0.840342998504639 0.499716013669968
0.840492010116577 0.499857991933823
0.840566992759705 0.499929010868073
0.84060400724411 0.499963998794556
0.840641975402832 0.5
0.840641975402832 0.5
0.840678989887238 0.500036001205444
0.840716004371643 0.500070989131927
0.840790987014771 0.500141978263855
0.840939998626709 0.500284016132355
0.841165006160736 0.500497996807098
0.841500997543335 0.500819027423859
0.842006981372833 0.501299977302551
0.842765986919403 0.502025008201599
0.843909025192261 0.503113985061646
0.845631003379822 0.504756987094879
0.847531974315643 0.506570994853973
0.849443018436432 0.508397996425629
0.851365983486176 0.510236024856567
0.853299021720886 0.512085974216461
0.855244994163513 0.513948976993561
0.857201993465424 0.515824019908905
0.859170019626617 0.517711997032166
0.861150026321411 0.519612014293671
0.863142013549805 0.521525025367737
0.865145027637482 0.523450970649719
0.867160975933075 0.525390028953552
0.869189023971558 0.52734100818634
0.871228992938995 0.529305994510651
0.873281002044678 0.531284987926483
0.87534499168396 0.53327602148056
0.877421975135803 0.535281002521515
0.879512012004852 0.537299990653992
0.881614029407501 0.539332985877991
0.883729994297028 0.541378974914551
0.885857999324799 0.543439984321594
0.887998998165131 0.545513987541199
0.890152990818024 0.547603011131287
0.892319977283478 0.549705982208252
0.894500970840454 0.551823973655701
0.896695017814636 0.553955972194672
0.898903012275696 0.556102991104126
0.901125013828278 0.558264970779419
0.90336000919342 0.560441970825195
0.905609011650085 0.562633991241455
0.907872974872589 0.564841985702515
0.910149991512299 0.567065000534058
0.912442028522491 0.569302976131439
0.914748013019562 0.571556985378265
0.917069017887115 0.573827028274536
0.919404983520508 0.576112985610962
0.921755015850067 0.578415989875793
0.924120008945465 0.580734014511108
0.926500976085663 0.583069026470184
0.928896009922028 0.585421025753021
0.931307017803192 0.587788999080658
0.933732986450195 0.5901740193367
0.936174988746643 0.592576026916504
0.938633024692535 0.594995021820068
0.941106021404266 0.597432017326355
0.943596005439758 0.599886000156403
0.946101009845734 0.602357983589172
0.94862300157547 0.604848027229309
0.951161026954651 0.607356011867523
0.953715980052948 0.609881997108459
0.956287980079651 0.612425982952118
0.95887702703476 0.614988029003143
0.961481988430023 0.617569983005524
0.964105010032654 0.620169997215271
0.966745018959045 0.622789025306702
0.969403028488159 0.625427007675171
0.972078025341034 0.628085017204285
0.974771022796631 0.630761981010437
0.97748202085495 0.633458971977234
0.980211019515991 0.636175990104675
0.982958018779755 0.638912975788116
0.985723972320557 0.641669988632202
0.988507986068726 0.644447982311249
0.991312026977539 0.64724600315094
0.99413400888443 0.650066018104553
0.996975004673004 0.652906000614166
0.999836027622223 0.655767023563385
1.00271999835968 0.658649981021881
1.00562000274658 0.661554992198944
1.00853002071381 0.664480984210968
1.01146996021271 0.667428970336914
1.01443004608154 0.670400023460388
1.01741003990173 0.67339301109314
1.02040994167328 0.676407992839813
1.02344000339508 0.679446995258331
1.02647995948792 0.682507991790771
1.02953994274139 0.685593008995056
1.03262996673584 0.688700973987579
1.03573000431061 0.691833019256592
1.03885996341705 0.694989025592804
1.04200994968414 0.698168992996216
1.04517996311188 0.701373994350433
1.04837000370026 0.704603016376495
1.05158996582031 0.707857012748718
1.05482995510101 0.711135983467102
1.05808997154236 0.714439988136292
1.06138002872467 0.717769980430603
1.06468999385834 0.721126019954681
1.06801998615265 0.724507987499237
1.0713700056076 0.727914988994598
1.07474994659424 0.731350004673004
1.07816004753113 0.734811007976532
1.08158004283905 0.738299012184143
1.08503997325897 0.741814970970154
1.08851003646851 0.745357990264893
1.09202003479004 0.748929023742676
1.09554994106293 0.752526998519897
1.09909999370575 0.756155014038086
1.10267996788025 0.759809970855713
1.10627996921539 0.763495028018951
1.1099100112915 0.767207980155945
1.11356997489929 0.770950973033905
1.11725997924805 0.774722993373871
1.12097001075745 0.77852600812912
1.12470996379852 0.78235799074173
1.12846994400024 0.786221027374268
1.13226997852325 0.790114998817444
1.13609004020691 0.794040024280548
1.13994002342224 0.797995984554291
1.14382004737854 0.801982998847961
1.14771997928619 0.806002974510193
1.15165996551514 0.810055017471313
1.15561997890472 0.814139008522034
1.1596200466156 0.818256020545959
1.16364002227783 0.822404980659485
1.16770005226135 0.826588988304138
1.17177999019623 0.830806016921997
1.17589998245239 0.835056006908417
1.1800400018692 0.839341998100281
1.18421995639801 0.84366101026535
1.18842995166779 0.848016023635864
1.19266998767853 0.852406024932861
1.19693994522095 0.856831014156342
1.20123994350433 0.861292004585266
1.20557999610901 0.865788996219635
1.20994997024536 0.870323002338409
1.21434998512268 0.874893009662628
1.21879005432129 0.879500985145569
1.22326004505157 0.884145975112915
1.22775995731354 0.888827979564667
1.23230004310608 0.893549025058746
1.2368700504303 0.898307979106903
1.24147999286652 0.903105974197388
1.2461199760437 0.9079430103302
1.25078999996185 0.912819981575012
1.25550997257233 0.917735993862152
1.26025998592377 0.922692000865936
1.26504004001617 0.927689015865326
1.26986002922058 0.93272602558136
1.27471995353699 0.937804996967316
1.27962005138397 0.942924976348877
1.28454995155334 0.948086977005005
1.2895200252533 0.953290998935699
1.29453003406525 0.958536982536316
1.2995799779892 0.96382600069046
1.30465996265411 0.969159007072449
1.30979001522064 0.97453498840332
1.31494998931885 0.97995400428772
1.32016003131866 0.985418021678925
1.32539999485016 0.99092698097229
1.33068001270294 0.996479988098145
1.33600997924805 1.00207996368408
1.34136998653412 1.00771999359131
1.34677994251251 1.01340997219086
1.35222995281219 1.01915001869202
1.35772001743317 1.02493000030518
1.36325001716614 1.03076004981995
1.36882996559143 1.03664004802704
1.37443995475769 1.04255998134613
1.38010001182556 1.04853999614716
1.38581001758575 1.05455994606018
1.39154994487762 1.06062996387482
1.39734995365143 1.06675004959106
1.4031800031662 1.07291996479034
1.40906000137329 1.07913994789124
1.41498994827271 1.08539998531342
1.42095994949341 1.09171998500824
1.4269700050354 1.09809005260468
1.43303000926971 1.10450994968414
1.43913996219635 1.11098003387451
1.44528996944427 1.11750996112823
1.45149004459381 1.12407994270325
1.45773994922638 1.13071000576019
1.46404004096985 1.13739001750946
1.47037994861603 1.14411997795105
1.47677004337311 1.15091001987457
1.48320996761322 1.15775001049042
1.48968994617462 1.16463994979858
1.49623000621796 1.17158997058868
1.50281000137329 1.1785900592804
1.50943994522095 1.18564999103546
1.51611995697021 1.19275999069214
1.52285003662109 1.19992995262146
1.52963995933533 1.20714998245239
1.53647005558014 1.21442997455597
1.54334998130798 1.22176003456116
1.55027997493744 1.22915005683899
1.55726003646851 1.23660004138947
1.56429994106293 1.24410998821259
1.57138001918793 1.25167000293732
1.57852005958557 1.25928997993469
1.58571004867554 1.26696002483368
1.59294998645782 1.27469003200531
1.60023999214172 1.28249001502991
1.60757994651794 1.29033005237579
1.6149799823761 1.29823994636536
1.62242996692657 1.30621004104614
1.62993001937866 1.31422996520996
1.63749003410339 1.32231998443604
1.64509999752045 1.33045995235443
1.65276002883911 1.33866000175476
1.6604700088501 1.34692001342773
1.66823995113373 1.35523998737335
1.67605996131897 1.3636200428009
1.68394005298615 1.37205994129181
1.69185996055603 1.38056004047394
1.69984996318817 1.38911998271942
1.7078800201416 1.39772999286652
1.715980052948 1.40640997886658
1.72412002086639 1.41515004634857
1.73231995105743 1.42394995689392
1.74056994915009 1.4328099489212
1.74888002872467 1.4417200088501
1.75724005699158 1.45070004463196
1.76566004753113 1.45974004268646
1.774129986763 1.46884000301361
1.78264999389648 1.47800004482269
1.79122996330261 1.48722004890442
1.79987001419067 1.49650001525879
1.80856001377106 1.5058399438858
1.81729996204376 1.51523995399475
1.8260999917984 1.52469003200531
1.83494997024536 1.53420996665955
1.84385001659393 1.54378998279572
1.85281002521515 1.55342996120453
1.86182999610901 1.56313002109528
1.87089002132416 1.57288002967834
1.88001000881195 1.58270001411438
1.88918995857239 1.59257996082306
1.89841997623444 1.60250997543335
1.90769994258881 1.61249995231628
1.91703999042511 1.62256002426147
1.92642998695374 1.63267004489899
1.93587005138397 1.64284002780914
1.94535994529724 1.65305995941162
1.95491003990173 1.66334998607635
1.96450996398926 1.67368996143341
1.97415995597839 1.6840900182724
1.98387002944946 1.69455003738403
1.99363005161285 1.70506000518799
2.00343990325928 1.71563005447388
2.0132999420166 1.72625994682312
2.02321004867554 1.73694002628326
2.0331699848175 1.74767994880676
2.04319000244141 1.75847005844116
2.0532500743866 1.76932001113892
2.06336998939514 1.7802300453186
2.07352995872498 1.79119002819061
2.08375000953674 1.80219995975494
2.0940101146698 1.81326997280121
2.10433006286621 1.82439005374908
2.11469006538391 1.83555996417999
2.12509989738464 1.84678995609283
2.13556003570557 1.85807001590729
2.14607000350952 1.86940002441406
2.15663003921509 1.88077998161316
2.16722989082336 1.89222002029419
2.17788004875183 1.90369999408722
2.18858003616333 1.91524004936218
2.19933009147644 1.92682003974915
2.21011996269226 1.93845999240875
2.22094988822937 1.95013999938965
2.23183989524841 1.96187996864319
2.24276995658875 1.97365999221802
2.25374007225037 1.98548996448517
2.26476001739502 1.99737000465393
2.27582001686096 2.00928997993469
2.28692007064819 2.02127003669739
2.29806995391846 2.03328990936279
2.30926990509033 2.04535007476807
2.32049989700317 2.05746006965637
2.33177995681763 2.06961989402771
2.34310007095337 2.08182001113892
2.35446000099182 2.09405994415283
2.36585998535156 2.10634994506836
2.37731003761292 2.11868000030518
2.38878989219666 2.13105010986328
2.40032005310059 2.14347004890442
2.4118800163269 2.15593004226685
2.42348003387451 2.16843008995056
2.43512988090515 2.18096995353699
2.44681000709534 2.19355010986328
2.45852994918823 2.20617008209229
2.47028994560242 2.21883988380432
2.48208999633789 2.2315399646759
2.49392008781433 2.24428009986877
2.50578999519348 2.25706005096436
2.51769995689392 2.2698700428009
2.52963995933533 2.28273010253906
2.54162001609802 2.29561996459961
2.55363988876343 2.30854988098145
2.56569004058838 2.32151007652283
2.57776999473572 2.33451008796692
2.58989000320435 2.34754991531372
2.60205006599426 2.36062002182007
2.61423993110657 2.37372994422913
2.62646007537842 2.38686990737915
2.63871002197266 2.40003991127014
2.65100002288818 2.41324996948242
2.66332006454468 2.42649006843567
2.67566990852356 2.4397599697113
2.68806004524231 2.45306992530823
2.70046997070313 2.46640992164612
2.71291995048523 2.47976994514465
2.7253999710083 2.49317002296448
2.73791003227234 2.50659990310669
2.75044989585876 2.52006006240845
2.76302003860474 2.53355002403259
2.77560997009277 2.54707002639771
2.7882399559021 2.56062006950378
2.80089998245239 2.57419991493225
2.81358003616333 2.58781003952026
2.82629990577698 2.60143995285034
2.83904004096985 2.61509990692139
2.85180997848511 2.6287899017334
2.86460995674133 2.64250993728638
2.8774299621582 2.65625
2.89028000831604 2.67002010345459
2.90316009521484 2.68382000923157
2.91606998443604 2.69763994216919
2.92899990081787 2.71148991584778
2.94196009635925 2.72535991668701
2.9549400806427 2.73924994468689
2.96795010566711 2.75317001342773
2.98097991943359 2.76711988449097
2.99404001235962 2.78109002113342
3.00712990760803 2.79507994651794
3.02023005485535 2.80909991264343
3.03337001800537 2.82312989234924
3.04651999473572 2.83718991279602
3.05970001220703 2.85127997398376
3.07291007041931 2.86538004875183
3.08612990379333 2.87950992584229
3.0993800163269 2.89366006851196
3.11265993118286 2.90782999992371
3.12595009803772 2.92201995849609
3.13927006721497 2.93622994422913
3.15261006355286 2.9504599571228
3.16597008705139 2.96470999717712
3.17935991287231 2.97898006439209
3.19277000427246 2.99327993392944
3.20619010925293 3.0075900554657
3.21964001655579 3.02191996574402
3.23310995101929 3.03626990318298
3.24659991264343 3.05063009262085
3.26010990142822 3.0650200843811
3.27364993095398 3.079430103302
3.28719997406006 3.09384989738464
3.30077004432678 3.10828995704651
3.31435990333557 3.12275004386902
3.32797002792358 3.13721990585327
3.34160995483398 3.15172004699707
3.35525989532471 3.16622996330261
3.36893010139465 3.18074989318848
3.38262009620667 3.19530010223389
3.39633011817932 3.20986008644104
3.41005992889404 3.22443008422852
3.42379999160767 3.23902988433838
3.43757009506226 3.25362992286682
3.45134997367859 3.26826000213623
3.46515011787415 3.28290009498596
3.47897005081177 3.29754996299744
3.49281001091003 3.31222009658813
3.50666999816895 3.3269100189209
3.52053999900818 3.34160995483398
3.53443002700806 3.35631990432739
3.54834008216858 3.37104988098145
3.56226992607117 3.3857901096344
3.57621002197266 3.40054988861084
3.59016990661621 3.41531991958618
3.60415005683899 3.43009996414185
3.61814999580383 3.44490003585815
3.632159948349 3.45971989631653
3.64618992805481 3.47453999519348
3.66022992134094 3.4893798828125
3.67428994178772 3.50423002243042
3.68836998939514 3.51909995079041
3.70247006416321 3.53397989273071
3.71657991409302 3.54887008666992
3.73070001602173 3.56377005577087
3.7448399066925 3.57869005203247
3.7590000629425 3.59361004829407
3.77316999435425 3.60856008529663
3.78735995292664 3.62350988388062
3.80156993865967 3.6384699344635
3.81578993797302 3.65345001220703
3.83002996444702 3.66844010353088
3.84428000450134 3.68343997001648
3.85854005813599 3.69845008850098
3.8728199005127 3.71346998214722
3.88712000846863 3.7285099029541
3.9014298915863 3.74355006217957
3.9157600402832 3.75861001014709
3.93009996414185 3.77367997169495
3.94445991516113 3.7887499332428
3.95883011817932 3.80383992195129
3.97321009635925 3.81893992424011
3.98761010169983 3.83404994010925
4.00202989578247 3.84917998313904
4.01645994186401 3.86431002616882
4.03090000152588 3.87945008277893
4.04536008834839 3.89459991455078
4.05983018875122 3.90975999832153
4.07430982589722 3.92494010925293
4.08880996704102 3.94011998176575
4.10333013534546 3.95531010627747
4.11784982681274 3.97051000595093
4.13240003585815 3.98571991920471
4.14694976806641 4.00094985961914
4.16152000427246 4.01618003845215
4.17609977722168 4.03142023086548
4.1907000541687 4.04666996002197
4.20530986785889 4.06193017959595
4.21993017196655 4.07719993591309
4.23457002639771 4.09247016906738
4.24921989440918 4.10775995254517
4.2638897895813 4.12306022644043
4.27856016159058 4.13836002349854
4.29325008392334 4.15367984771729
4.30796003341675 4.16900014877319
4.32267999649048 4.18432998657227
4.33740997314453 4.19966983795166
4.35214996337891 4.21502017974854
4.36690998077393 4.23038005828857
4.38168001174927 4.24573993682861
4.39646005630493 4.2611198425293
4.41126012802124 4.27650022506714
4.42607021331787 4.29189014434814
4.44088983535767 4.30729007720947
4.45571994781494 4.32270002365112
4.47057008743286 4.3381199836731
4.48542976379395 4.35353994369507
4.50029993057251 4.36897993087769
4.51519012451172 4.3844199180603
4.53008985519409 4.39986991882324
4.54500007629395 4.41531991958618
4.55991983413696 4.43078994750977
4.57486009597778 4.44625997543335
4.58980989456177 4.46174001693726
4.60477018356323 4.47723007202148
4.61974000930786 4.49273014068604
4.63472986221313 4.50823020935059
4.64973020553589 4.5237398147583
4.66474008560181 4.5392599105835
4.67975997924805 4.55479001998901
4.69479990005493 4.57032012939453
4.70984983444214 4.58585977554321
4.72490978240967 4.60140991210938
4.73998022079468 4.61697006225586
4.75507020950317 4.63253021240234
4.77016019821167 4.64809989929199
4.78527021408081 4.66368007659912
4.80039978027344 4.67926979064941
4.81552982330322 4.69485998153687
4.83067989349365 4.71046018600464
4.84582996368408 4.72605991363525
4.86100006103516 4.74168014526367
4.87619018554688 4.75729990005493
4.89137983322144 4.77293014526367
4.9065899848938 4.78855991363525
4.92181015014648 4.80420017242432
4.93703985214233 4.81984996795654
4.95228004455566 4.83550977706909
4.96753978729248 4.8511700630188
4.98280000686646 4.86683988571167
4.99807977676392 4.88252019882202
5.01337003707886 4.89820003509521
5.02867984771729 4.91388988494873
5.04399013519287 4.92959022521973
5.05931997299194 4.94529008865356
5.07464981079102 4.96099996566772
5.09000015258789 4.97671985626221
5.10537004470825 4.99244022369385
5.12073993682861 5.00817012786865
5.13612985610962 5.02391004562378
5.15151977539063 5.03964996337891
5.16693019866943 5.05539989471436
5.18235015869141 5.0711498260498
5.19779014587402 5.0869197845459
5.21323013305664 5.10269021987915
5.2286901473999 5.11846017837524
5.24416017532349 5.13424015045166
5.25964021682739 5.1500301361084
5.27512979507446 5.16582012176514
5.29062986373901 5.1816201210022
5.30614995956421 5.19743013381958
5.3216700553894 5.21324014663696
5.33721017837524 5.22906017303467
5.35275983810425 5.2448902130127
5.36831998825073 5.26071977615356
5.38390016555786 5.27655982971191
5.39947986602783 5.29239988327026
5.41508007049561 5.30824995040894
5.43068981170654 5.32411003112793
5.44631004333496 5.33997011184692
5.46193981170654 5.35584020614624
5.47758007049561 5.37171983718872
5.49323987960815 5.38759994506836
5.50890016555786 5.403480052948
5.52458000183105 5.41938018798828
5.54026985168457 5.43526983261108
5.55597019195557 5.45117998123169
5.57169008255005 5.46709012985229
5.58740997314453 5.48300981521606
5.60314989089966 5.49892997741699
5.61888980865479 5.51486015319824
5.63465023040771 5.53078985214233
5.65042018890381 5.54673004150391
5.66621017456055 5.56267976760864
5.68200016021729 5.57862997055054
5.69781017303467 5.59459018707275
5.71362018585205 5.61054992675781
5.72945022583008 5.62652015686035
5.74528980255127 5.64249992370605
5.76113986968994 5.65848016738892
5.77700996398926 5.67446994781494
5.79288005828857 5.69046020507813
5.80877017974854 5.70645999908447
5.82466983795166 5.72245979309082
5.84057998657227 5.73847007751465
5.85650014877319 5.75448989868164
5.87242984771729 5.77051019668579
5.88838005065918 5.78654003143311
5.90432977676392 5.80256986618042
5.92030000686646 5.81861019134521
5.93627977371216 5.83465003967285
5.95227003097534 5.85069990158081
5.96826982498169 5.86675977706909
5.98428010940552 5.88282012939453
6.00030994415283 5.89888000488281
6.01634979248047 5.91495990753174
6.03239011764526 5.93103981018066
6.04844999313354 5.94712018966675
6.06451988220215 5.963210105896
6.0806097984314 5.97930002212524
6.0967001914978 5.99539995193481
6.1128101348877 6.01150989532471
6.12893009185791 6.0276198387146
6.14505004882813 6.04373979568481
6.16119003295898 6.05986022949219
6.17735004425049 6.07599020004272
6.19351005554199 6.09212017059326
6.20969009399414 6.10826015472412
6.22587013244629 6.12440013885498
6.24207019805908 6.14055013656616
6.25827980041504 6.15671014785767
6.27449989318848 6.17287015914917
6.29074001312256 6.189040184021
6.30698013305664 6.20521020889282
6.32323980331421 6.22138977050781
6.33950996398926 6.23756980895996
6.35579013824463 6.25375986099243
6.37207984924316 6.2699499130249
6.38838005065918 6.2861499786377
6.40468978881836 6.30236005783081
6.42102003097534 6.31857013702393
6.43735980987549 6.33478021621704
6.45371007919312 6.35099983215332
6.47006988525391 6.36722993850708
6.48644018173218 6.38346004486084
6.50282001495361 6.39970016479492
6.51921987533569 6.41593980789185
6.53563022613525 6.43218994140625
6.55205011367798 6.44844007492065
6.56848001480103 6.46470022201538
6.58491992950439 6.48095989227295
6.60136985778809 6.497230052948
6.61783981323242 6.51350021362305
6.63430976867676 6.52977991104126
6.6508002281189 6.54607009887695
6.6673002243042 6.56235980987549
6.68381977081299 6.57864999771118
6.70033979415894 6.59496021270752
6.71687984466553 6.61125993728638
6.73341989517212 6.62757015228271
6.74997997283936 6.64388990402222
6.76655006408691 6.66021013259888
6.78314018249512 6.6765398979187
6.79972982406616 6.69287014007568
6.81633996963501 6.70920991897583
6.83295011520386 6.72555017471313
6.84957981109619 6.7418999671936
6.86621999740601 6.75825977325439
6.88288021087646 6.77462005615234
6.89953994750977 6.79097986221313
6.91622018814087 6.80735015869141
6.93290996551514 6.82372999191284
6.94961023330688 6.84010982513428
6.9663200378418 6.85649013519287
6.98303985595703 6.87287998199463
6.99978017807007 6.88927984237671
7.01652002334595 6.90568017959595
7.03327989578247 6.92209005355835
7.05004978179932 6.93849992752075
7.06684017181396 6.95490980148315
7.08363008499146 6.97134017944336
7.10044002532959 6.98776006698608
7.11724996566772 7.00419998168945
7.1340799331665 7.0206298828125
7.15092992782593 7.03707981109619
7.16777992248535 7.05353021621704
7.1846399307251 7.06998014450073
7.20151996612549 7.08644008636475
7.2184100151062 7.10290002822876
7.23531007766724 7.1193699836731
7.25223016738892 7.13584995269775
7.26914978027344 7.15231990814209
7.28608989715576 7.16880989074707
7.30304002761841 7.18529987335205
7.32000017166138 7.20178985595703
7.33696985244751 7.21829986572266
7.35395002365112 7.23479986190796
7.37095022201538 7.25130987167358
7.3879599571228 7.26782989501953
7.40498018264771 7.28434991836548
7.42200994491577 7.30086994171143
7.43906021118164 7.31740999221802
7.45611000061035 7.33394002914429
7.47317981719971 7.3504900932312
7.49026012420654 7.36703014373779
7.50735998153687 7.38358020782471
7.52445983886719 7.40013980865479
7.54158020019531 7.41669988632202
7.5587100982666 7.43326997756958
7.57585000991821 7.44985008239746
7.59299993515015 7.46642017364502
7.6101598739624 7.48300981521606
7.6273398399353 7.49959993362427
7.64452981948853 7.51619005203247
7.66172981262207 7.532790184021
7.67893981933594 7.54938983917236
7.69616985321045 7.56599998474121
7.71340990066528 7.58261013031006
7.73065996170044 7.59922981262207
7.74792003631592 7.61585998535156
7.76519012451172 7.63249015808105
7.78247976303101 7.64911985397339
7.79977989196777 7.6657600402832
7.81709003448486 7.68240976333618
7.83441019058228 7.69905996322632
7.85174989700317 7.71572017669678
7.86909008026123 7.73237991333008
7.88644981384277 7.74904012680054
7.9038200378418 7.76570987701416
7.92120981216431 7.78239011764526
7.93860006332397 7.79906988143921
7.95600986480713 7.81576013565063
7.97343015670776 7.8324499130249
7.99086999893188 7.84915018081665
8.00831031799316 7.86584997177124
8.02577018737793 7.88255977630615
8.04323959350586 7.89927005767822
8.06072044372559 7.91598987579346
8.07822036743164 7.93271017074585
8.0957202911377 7.94944000244141
8.11324024200439 7.96616983413696
8.13076972961426 7.98291015625
8.14832019805908 7.99965000152588
8.16586971282959 8.01640033721924
8.18344020843506 8.03314971923828
8.20102024078369 8.0499095916748
8.21862030029297 8.06667995452881
8.23622035980225 8.08345031738281
8.25384044647217 8.1002197265625
8.27147006988525 8.11699962615967
8.28911972045898 8.13377952575684
8.30677032470703 8.15056991577148
8.32444000244141 8.1673698425293
8.34212017059326 8.18416976928711
8.35980987548828 8.20096969604492
8.37751960754395 8.21778011322021
8.39523983001709 8.23460006713867
8.4129695892334 8.25142002105713
8.43070983886719 8.26825046539307
8.44847011566162 8.28507995605469
8.46623992919922 8.30191040039063
8.4840202331543 8.31875991821289
8.50181007385254 8.33559989929199
8.51961994171143 8.35245037078857
8.53742980957031 8.36931037902832
8.55527019500732 8.38617038726807
8.57310962677002 8.40303993225098
8.59097003936768 8.4199104309082
8.6088399887085 8.43679046630859
8.6267204284668 8.45366954803467
8.64461040496826 8.47056007385254
8.66252040863037 8.48744964599609
8.68043994903564 8.50434970855713
8.6983699798584 8.52126026153564
8.7163200378418 8.53816032409668
8.73427963256836 8.55508041381836
8.7522497177124 8.57199954986572
8.77023029327393 8.5889196395874
8.78822994232178 8.60585021972656
8.80622959136963 8.62279033660889
8.82425975799561 8.63973045349121
8.84228992462158 8.65666961669922
8.8603401184082 8.67362022399902
8.87839984893799 8.69058036804199
8.89647006988525 8.70753955841064
8.91456031799316 8.72449970245361
8.93266010284424 8.74147033691406
8.95077037811279 8.75844955444336
8.96889019012451 8.77542972564697
8.98703002929688 8.79242038726807
9.00518035888672 8.80941009521484
9.02334022521973 8.8264102935791
9.04152011871338 8.84340953826904
9.0597095489502 8.8604097366333
9.07791042327881 8.8774299621582
9.09611988067627 8.89443969726563
9.11435031890869 8.91147041320801
9.13259029388428 8.92850017547607
9.15085029602051 8.94552993774414
9.16911029815674 8.96257019042969
9.18739032745361 8.97961044311523
9.20569038391113 8.99666023254395
9.22399044036865 9.01371002197266
9.2423095703125 9.03077030181885
9.26064014434814 9.0478401184082
9.27898979187012 9.06490993499756
9.29734039306641 9.08197975158691
9.31571960449219 9.09906005859375
9.33409976959229 9.11614990234375
9.35249996185303 9.13323974609375
9.37090969085693 9.15032958984375
9.38932991027832 9.16742992401123
9.40777015686035 9.18453979492188
9.42621994018555 9.20164966583252
9.44468021392822 9.21877002716064
9.46315956115723 9.23589038848877
9.48165035247803 9.25302028656006
9.50014972686768 9.27015018463135
9.5186595916748 9.2872896194458
9.53719043731689 9.30443000793457
9.55574035644531 9.3215799331665
9.57429027557373 9.33872985839844
9.59286022186279 9.35589027404785
9.61143970489502 9.37304973602295
9.63004016876221 9.39021968841553
9.64865016937256 9.40740013122559
9.66726970672607 9.42457962036133
9.68589973449707 9.44176006317139
9.70454978942871 9.45895004272461
9.72321033477783 9.476149559021
9.74188995361328 9.4933500289917
9.76058006286621 9.51054954528809
9.7792797088623 9.52777004241943
9.79800033569336 9.5449800491333
9.81672954559326 9.56219959259033
9.83547019958496 9.57942962646484
9.85422039031982 9.59665966033936
9.87298965454102 9.61390018463135
9.89177989959717 9.63113975524902
9.91057014465332 9.64838981628418
9.92938041687012 9.66563987731934
9.94820976257324 9.68290042877197
9.96704006195068 9.70016956329346
9.98589038848877 9.71743011474609
10.0047998428345 9.73470973968506
