0.694630980491638 0.286621987819672
0.69361799955368 0.286136001348495
0.692607998847961 0.285650998353958
0.691599011421204 0.285167008638382
0.690593004226685 0.284684002399445
0.689589023590088 0.284202009439468
0.688587009906769 0.283720999956131
0.687587976455688 0.283241003751755
0.686591029167175 0.282761991024017
0.685594975948334 0.282283991575241
0.684602022171021 0.281807005405426
0.683611989021301 0.28133100271225
0.682623028755188 0.280856996774673
0.681635975837708 0.280382990837097
0.680652022361755 0.279909998178482
0.679669976234436 0.279437988996506
0.678690016269684 0.278966993093491
0.677712023258209 0.278497010469437
0.676735997200012 0.278028011322021
0.675761997699738 0.277559012174606
0.674790024757385 0.277092009782791
0.673820018768311 0.276625990867615
0.672851979732513 0.2761609852314
0.6718869805336 0.275696992874146
0.670922994613647 0.275233000516891
0.669960975646973 0.274771004915237
0.669001996517181 0.274309009313583
0.668043971061707 0.273849010467529
0.667088985443115 0.273389011621475
0.666135013103485 0.27292999625206
0.665183007717133 0.272471994161606
0.664233982563019 0.272015005350113
0.663285970687866 0.271559000015259
0.662339985370636 0.271104007959366
0.661396026611328 0.270649999380112
0.660453975200653 0.270195990800858
0.659514009952545 0.269744008779526
0.658576011657715 0.269291996955872
0.657639980316162 0.268840998411179
0.656705975532532 0.268391013145447
0.655772984027863 0.267942011356354
0.654842972755432 0.2674939930439
0.653913974761963 0.267046988010406
0.652987003326416 0.266600012779236
0.652061998844147 0.266153991222382
0.6511390209198 0.26570999622345
0.65021800994873 0.265266001224518
0.649298012256622 0.264822006225586
0.648379981517792 0.264380007982254
0.647464990615845 0.263938009738922
0.646549999713898 0.26349800825119
0.645637989044189 0.263058006763458
0.644726991653442 0.262618988752365
0.643818974494934 0.262180000543594
0.642911016941071 0.261743009090424
0.642005980014801 0.26130598783493
0.641102015972137 0.260870009660721
0.640200972557068 0.260434985160828
0.639299988746643 0.260001003742218
0.638401985168457 0.259566992521286
0.637504994869232 0.259133994579315
0.636609971523285 0.258702009916306
0.635716021060944 0.258271008729935
0.634824991226196 0.257840991020203
0.63393497467041 0.257411003112793
0.633045971393585 0.256981998682022
0.632158994674683 0.256552994251251
0.631273984909058 0.25612598657608
0.630389988422394 0.255699008703232
0.629508018493652 0.255273014307022
0.628628015518188 0.254848003387451
0.627749025821686 0.25442299246788
0.626872003078461 0.253998994827271
0.625995993614197 0.253576010465622
0.625122010707855 0.253152996301651
0.624249994754791 0.252730995416641
0.623378992080688 0.252310007810593
0.622509002685547 0.251890003681183
0.621640980243683 0.251469999551773
0.620774984359741 0.251051008701324
0.619910001754761 0.250633001327515
0.619046986103058 0.250214993953705
0.618184983730316 0.249797999858856
0.617323994636536 0.249382004141808
0.616464972496033 0.248965993523598
0.615607976913452 0.248550996184349
0.614751994609833 0.2481359988451
0.613897025585175 0.247722998261452
0.613044023513794 0.247309997677803
0.61219197511673 0.246896997094154
0.611342012882233 0.246484994888306
0.610493004322052 0.246074005961418
0.609645009040833 0.245663002133369
0.608798980712891 0.245252996683121
0.607954025268555 0.244844004511833
0.607110977172852 0.244434997439384
0.606269001960754 0.244027003645897
0.605427980422974 0.243618994951248
0.604588985443115 0.243211999535561
0.603751003742218 0.242806002497673
0.602913975715637 0.242400005459785
0.602078020572662 0.241995006799698
0.60124397277832 0.241589993238449
0.600410997867584 0.241185992956161
0.599579989910126 0.240783005952835
0.598748981952667 0.240380004048347
0.597920000553131 0.23997700214386
0.597091972827911 0.239574998617172
0.596265017986298 0.239173993468285
0.595439970493317 0.238773003220558
0.594615995883942 0.238372996449471
0.593792974948883 0.237973004579544
0.59297102689743 0.237573996186256
0.592149972915649 0.23717500269413
0.591331005096436 0.236776992678642
0.590511977672577 0.236378997564316
0.589694976806641 0.235982000827789
0.588878989219666 0.235585004091263
0.588064014911652 0.235189005732536
0.587249994277954 0.23479300737381
0.586438000202179 0.234398007392883
0.585626006126404 0.234003007411957
0.58481502532959 0.23360900580883
0.584006011486053 0.233215004205704
0.583196997642517 0.232821002602577
0.582390010356903 0.232427999377251
0.581583976745605 0.232035994529724
0.580778002738953 0.231643006205559
0.579973995685577 0.231251999735832
0.579171001911163 0.230859994888306
0.578368008136749 0.23047000169754
0.577566981315613 0.230078995227814
0.576766014099121 0.229689002037048
0.575967013835907 0.229298993945122
0.575168013572693 0.228909999132156
0.57437002658844 0.228521004319191
0.573574006557465 0.228131994605064
0.572777986526489 0.227743998169899
0.571982979774475 0.227356001734734
0.571188986301422 0.226969003677368
0.570394992828369 0.226582005620003
0.569603025913239 0.226194992661476
0.568810999393463 0.225808992981911
0.568019986152649 0.225421994924545
0.567229986190796 0.22503699362278
0.566440999507904 0.224650993943214
0.565652012825012 0.224265992641449
0.564864993095398 0.223881006240845
0.564077973365784 0.223496004939079
0.563291013240814 0.223112002015114
0.562506020069122 0.222727999091148
0.56172102689743 0.222343996167183
0.560935974121094 0.221959993243217
0.560153007507324 0.221577003598213
0.55936998128891 0.221193999052048
0.55858701467514 0.220810994505882
0.557805001735687 0.220428004860878
0.557024002075195 0.220045998692513
0.556243002414703 0.219662994146347
0.555463016033173 0.219281002879143
0.554683983325958 0.218898996710777
0.553905010223389 0.218518003821373
0.553125977516174 0.218135997653008
0.552348017692566 0.217755004763603
0.551569998264313 0.217372998595238
0.550792992115021 0.216992005705833
0.550015985965729 0.216610997915268
0.549238979816437 0.216230005025864
0.548462986946106 0.215848997235298
0.547686994075775 0.215468004345894
0.546911001205444 0.215086996555328
0.546136021614075 0.214707002043724
0.54536098241806 0.214325994253159
0.544586002826691 0.213945001363754
0.543811976909637 0.21356500685215
0.543036997318268 0.213183999061584
0.542262971401215 0.21280300617218
0.541489005088806 0.212422996759415
0.540714979171753 0.21204200387001
0.539941012859344 0.211660996079445
0.539166986942291 0.211280003190041
0.538393020629883 0.210898995399475
0.53761899471283 0.210518002510071
0.536845028400421 0.210136994719505
0.536071002483368 0.209756001830101
0.535296976566315 0.209373995661736
0.534521996974945 0.208992004394531
0.533747017383575 0.208609998226166
0.532972991466522 0.208228006958961
0.532196998596191 0.207846000790596
0.531422019004822 0.207462996244431
0.530646026134491 0.207080006599426
0.529869973659515 0.206697002053261
0.529093027114868 0.206313997507095
0.528316020965576 0.20592999458313
0.527538001537323 0.205544993281364
0.52675998210907 0.20516100525856
0.5259810090065 0.204775005578995
0.525201022624969 0.204390004277229
0.524420976638794 0.204004004597664
0.523639976978302 0.203617006540298
0.522858023643494 0.203229993581772
0.522073984146118 0.202841997146606
0.521290004253387 0.202454000711441
0.520505011081696 0.202063992619514
0.519719004631042 0.201674997806549
0.518930971622467 0.201284006237984
0.518142998218536 0.200892999768257
0.517351984977722 0.200500994920731
0.516560971736908 0.200108006596565
0.515766978263855 0.199714004993439
0.514972984790802 0.199319005012512
0.51417601108551 0.198923006653786
0.513377010822296 0.198525995016098
0.512576997280121 0.198127999901772
0.511774003505707 0.197729006409645
0.510969996452332 0.197328001260757
0.510161995887756 0.19692599773407
0.50935298204422 0.196522995829582
0.508540987968445 0.196117997169495
0.507726013660431 0.195712000131607
0.506907999515533 0.19530400633812
0.506087005138397 0.194894000887871
0.505262970924377 0.194482997059822
0.504435002803802 0.194068998098373
0.503602981567383 0.193654000759125
0.502767980098724 0.193235993385315
0.501927971839905 0.192816004157066
0.50108402967453 0.192394003272057
0.500235021114349 0.191969007253647
0.499381989240646 0.191541001200676
0.498522013425827 0.191110000014305
0.497657001018524 0.190676003694534
0.496785998344421 0.190238997340202
0.495909005403519 0.18979899585247
0.495023995637894 0.189354002475739
0.49413201212883 0.188905999064445
0.493232011795044 0.188453003764153
0.492323011159897 0.187995001673698
0.491405010223389 0.187533006072044
0.490476012229919 0.187065005302429
0.489535987377167 0.186590999364853
0.488584995269775 0.186111003160477
0.487619996070862 0.185623005032539
0.486640989780426 0.185128003358841
0.485646992921829 0.184624999761581
0.48463499546051 0.184112995862961
0.48360401391983 0.183589994907379
0.482551991939545 0.183055996894836
0.481476992368698 0.182510003447533
0.480376988649368 0.181950002908707
0.479247003793716 0.181374996900558
0.478085994720459 0.180784001946449
0.47689101099968 0.180173993110657
0.475659012794495 0.179544001817703
0.474391013383865 0.178894996643066
0.473089009523392 0.178227007389069
0.471765011548996 0.177546992897987
0.470440000295639 0.176864996552467
0.469146996736526 0.17619800567627
0.467923998832703 0.175566002726555
0.46679899096489 0.174982994794846
0.465788006782532 0.174457997083664
0.464888006448746 0.173989996314049
0.46408998966217 0.1735749989748
0.463382989168167 0.173205003142357
0.462752014398575 0.172876000404358
0.462188005447388 0.172580003738403
0.461681991815567 0.172315001487732
0.461225003004074 0.172075003385544
0.460810989141464 0.171856999397278
0.460435003042221 0.171658992767334
0.4600929915905 0.171478003263474
0.459780991077423 0.171313002705574
0.459495007991791 0.171161994338036
0.459232985973358 0.171023994684219
0.458994001150131 0.170897006988525
0.458774000406265 0.170780003070831
0.458572000265121 0.170672997832298
0.4583880007267 0.170574992895126
0.4582180082798 0.170485004782677
0.458063006401062 0.170402005314827
0.457922011613846 0.170326992869377
0.457792013883591 0.17025800049305
0.457675009965897 0.170194998383522
0.457567989826202 0.170137003064156
0.457471013069153 0.170085996389389
0.457383990287781 0.170038998126984
0.457305997610092 0.169997006654739
0.457237005233765 0.169960007071495
0.457175999879837 0.169927000999451
0.457123011350632 0.169898003339767
0.457076996564865 0.169873997569084
0.45703798532486 0.169853001832962
0.457006007432938 0.16983500123024
0.456979990005493 0.169820994138718
0.456959992647171 0.169810995459557
0.456945985555649 0.169802993535995
0.456937998533249 0.169799000024796
0.456934988498688 0.169797003269196
0.456936001777649 0.169798001646996
0.456941992044449 0.169800996780396
0.45695298910141 0.169807001948357
0.456968009471893 0.169815003871918
0.456988006830215 0.169826000928879
0.457011997699738 0.16983899474144
0.457040995359421 0.169854998588562
0.457073986530304 0.169872999191284
0.457111001014709 0.169892996549606
0.457150995731354 0.16991500556469
0.457195997238159 0.169938996434212
0.457244008779526 0.169965997338295
0.457296013832092 0.169993996620178
0.457350999116898 0.170023992657661
0.457408994436264 0.170056000351906
0.457471013069153 0.17009000480175
0.45753601193428 0.170126006007195
0.457603991031647 0.170163005590439
0.457675009965897 0.170202001929283
0.457749009132385 0.170242995023727
0.457825988531113 0.170285001397133
0.457906007766724 0.170329004526138
0.457987993955612 0.170375004410744
0.458074003458023 0.170422002673149
0.458160996437073 0.170469999313354
0.458252012729645 0.17051999270916
0.458344995975494 0.170571997761726
0.458440005779266 0.170625001192093
0.458537995815277 0.170679003000259
0.458638995885849 0.170735001564026
0.458741009235382 0.170791998505592
0.458846002817154 0.170849993824959
0.458954006433487 0.170909002423286
0.459062993526459 0.170969992876053
0.459174990653992 0.17103199660778
0.459288001060486 0.171095997095108
0.459403991699219 0.171159997582436
0.459522008895874 0.171225994825363
0.459641993045807 0.171293005347252
0.459764003753662 0.171360999345779
0.459888011217117 0.171430006623268
0.46001398563385 0.171500995755196
0.460141986608505 0.171571999788284
0.460272014141083 0.171645000576973
0.460402995347977 0.171718001365662
0.460536986589432 0.17179299890995
0.460671991109848 0.171868994832039
0.460808992385864 0.171946004033089
0.46094799041748 0.172023996710777
0.461088001728058 0.172103002667427
0.461230009794235 0.172183007001877
0.461374014616013 0.172263994812965
0.461519986391068 0.172344997525215
0.461667001247406 0.172427996993065
0.461816012859344 0.172511994838715
0.461966991424561 0.172597005963326
0.46211901307106 0.172683000564575
0.462271988391876 0.172769993543625
0.462428003549576 0.172857999801636
0.462583988904953 0.172946006059647
0.462743014097214 0.173035994172096
0.462902992963791 0.173125997185707
0.463063985109329 0.173217996954918
0.46322700381279 0.173309996724129
0.463391005992889 0.17340299487114
0.463557004928589 0.173497006297112
0.463723987340927 0.173592001199722
0.463892996311188 0.173687994480133
0.464062988758087 0.173785001039505
0.464233994483948 0.173883005976677
0.464406996965408 0.173980996012688
0.46458101272583 0.17407999932766
0.464756995439529 0.174180001020432
0.46493399143219 0.174281001091003
0.465112000703812 0.174382999539375
0.465292006731033 0.174485996365547
0.465472996234894 0.174588993191719
0.465654999017715 0.174694001674652
0.465838998556137 0.174798995256424
0.46602401137352 0.174905002117157
0.466210007667542 0.175010994076729
0.466398000717163 0.175118997693062
0.466585993766785 0.175227001309395
0.466776013374329 0.175336003303528
0.46696799993515 0.175446003675461
0.467159986495972 0.175557002425194
0.467353999614716 0.175668001174927
0.467548996210098 0.17577999830246
0.467745006084442 0.175892993807793
0.467943012714386 0.176007002592087
0.468142002820969 0.17612199485302
0.468340992927551 0.176237002015114
0.468542009592056 0.176352992653847
0.468744993209839 0.176469996571541
0.468948006629944 0.176587000489235
0.469152987003326 0.176706001162529
0.469359010457993 0.176825001835823
0.469565987586975 0.176945000886917
0.469774007797241 0.177064999938011
0.469983011484146 0.177185997366905
0.470194011926651 0.177307993173599
0.470405012369156 0.177431002259254
0.470618009567261 0.177554994821548
0.470831990242004 0.177679002285004
0.471047013998032 0.177803993225098
0.471262991428375 0.177929997444153
0.471480995416641 0.178056001663208
0.471698999404907 0.178183004260063
0.471919000148773 0.178311005234718
0.472139000892639 0.178440004587173
0.472360998392105 0.178569003939629
0.472584009170532 0.178700000047684
0.472808003425598 0.178829997777939
0.473033010959625 0.178962007164955
0.473259001970291 0.17909400165081
0.473486006259918 0.179226994514465
0.473715007305145 0.179361000657082
0.473944008350372 0.179495006799698
0.474175006151199 0.179629996418953
0.474406003952026 0.179765999317169
0.474638998508453 0.179903000593185
0.474873006343842 0.180040001869202
0.47510701417923 0.180178001523018
0.475342988967896 0.180316001176834
0.475580006837845 0.18045599758625
0.475818008184433 0.180595993995667
0.47605699300766 0.180737003684044
0.476296991109848 0.18087799847126
0.476538985967636 0.181020006537437
0.476781010627747 0.181162998080254
0.477023988962173 0.181307002902031
0.477268010377884 0.181450992822647
0.477513998746872 0.181595996022224
0.47775998711586 0.181741997599602
0.47800800204277 0.181887999176979
0.478255987167358 0.182034999132156
0.478505998849869 0.182182997465134
0.478756994009018 0.182331994175911
0.479007989168167 0.182481005787849
0.479261010885239 0.182631000876427
0.479514986276627 0.182780995965004
0.479768991470337 0.182933002710342
0.480024993419647 0.18308499455452
0.480282008647919 0.183237001299858
0.480540007352829 0.183391004800797
0.480798989534378 0.183544993400574
0.481059014797211 0.183699995279312
0.48131999373436 0.183854997158051
0.48158198595047 0.184010997414589
0.481844991445541 0.184167996048927
0.482109010219574 0.184325993061066
0.482374012470245 0.184484004974365
0.482639998197556 0.184643000364304
0.482906997203827 0.184802994132042
0.483175009489059 0.184963002800941
0.483444005250931 0.18512499332428
0.483714014291763 0.185286000370979
0.483985006809235 0.185449004173279
0.484257996082306 0.185611993074417
0.484530985355377 0.185775995254517
0.48480498790741 0.185940995812416
0.485080987215042 0.186105996370316
0.485356986522675 0.186271995306015
0.485633999109268 0.186438992619514
0.485913008451462 0.186607003211975
0.486191987991333 0.186774998903275
0.486472010612488 0.186943992972374
0.48675400018692 0.187113001942635
0.487035989761353 0.187283992767334
0.487320005893707 0.187454998493195
0.48760399222374 0.187627002596855
0.487890005111694 0.187799006700516
0.488175988197327 0.187971994280815
0.488463997840881 0.188145995140076
0.488752007484436 0.188320994377136
0.489042013883591 0.188495993614197
0.489333003759384 0.188672006130219
0.489623993635178 0.188849002122879
0.489917010068893 0.18902699649334
0.490211009979248 0.189205005764961
0.490505993366241 0.189383998513222
0.490801006555557 0.189564004540443
0.491097986698151 0.189743995666504
0.491396009922028 0.189925000071526
0.491694986820221 0.190107002854347
0.491995006799698 0.190290004014969
0.492296010255814 0.190473005175591
0.492597997188568 0.190657004714012
0.492900997400284 0.190842002630234
0.493205010890961 0.191027998924255
0.493510007858276 0.191213995218277
0.493815988302231 0.19140100479126
0.494123011827469 0.191588997840881
0.494430989027023 0.191777005791664
0.4947409927845 0.191966995596886
0.495050996541977 0.192157000303268
0.495362013578415 0.192347005009651
0.49567499756813 0.192539006471634
0.495988011360168 0.192730993032455
0.496302992105484 0.192923992872238
0.496618002653122 0.193118005990982
0.49693500995636 0.193312004208565
0.497251987457275 0.193507999181747
0.497570991516113 0.19370399415493
0.497891008853912 0.193900004029274
0.49821200966835 0.194097995758057
0.498533010482788 0.194296002388
0.498856008052826 0.194495007395744
0.499179989099503 0.194694995880127
0.499505013227463 0.194895997643471
0.499832004308701 0.195096999406815
0.500159025192261 0.195298999547958
0.50048702955246 0.195501998066902
0.500815987586975 0.195705994963646
0.501146972179413 0.195910006761551
0.501478016376495 0.196116000413895
0.501811027526855 0.196321994066238
0.502143979072571 0.196529000997543
0.502479016780853 0.196735993027687
0.502815008163452 0.196944996714592
0.503152012825012 0.197154000401497
0.503489971160889 0.197364002466202
0.503829002380371 0.197574004530907
0.50416898727417 0.197786003351212
0.50450998544693 0.197998002171516
0.504851996898651 0.198211997747421
0.50519597530365 0.198425993323326
0.505540013313293 0.198640003800392
0.505886018276215 0.198855996131897
0.506232976913452 0.199072003364563
0.506581008434296 0.199288994073868
0.506929993629456 0.199506998062134
0.507279992103577 0.1997260004282
0.507631003856659 0.199946001172066
0.507983028888702 0.200166001915932
0.508336007595062 0.200387999415398
0.508691012859344 0.200609996914864
0.509046971797943 0.20083299279213
0.509402990341187 0.201057001948357
0.509760975837708 0.201280996203423
0.51011997461319 0.20150700211525
0.510480999946594 0.201732993125916
0.510842025279999 0.201959997415543
0.51120400428772 0.20218800008297
0.511568009853363 0.202417001128197
0.511933028697968 0.202646002173424
0.512299001216888 0.202876999974251
0.512665987014771 0.203107997775078
0.513033986091614 0.203339993953705
0.513402998447418 0.203574001789093
0.5137739777565 0.20380799472332
0.514145016670227 0.204042002558708
0.514518022537231 0.204278007149696
0.514891982078552 0.204514995217323
0.51526802778244 0.204751998186111
0.515644013881683 0.2049899995327
0.516021013259888 0.205228999257088
0.51639997959137 0.205468997359276
0.516780018806458 0.205709993839264
0.517161011695862 0.205952003598213
0.517543017864227 0.206194996833801
0.51792699098587 0.206439003348351
0.518311977386475 0.206682994961739
0.51869797706604 0.206927999854088
0.519084990024567 0.207175001502037
0.519473016262054 0.207422003149986
0.519861996173859 0.207670003175735
0.520253002643585 0.207919001579285
0.520645022392273 0.208168998360634
0.521037995815277 0.208419993519783
0.521432995796204 0.208672001957893
0.52182799577713 0.208923995494843
0.522225022315979 0.209178000688553
0.522623002529144 0.209433004260063
0.523023009300232 0.209687992930412
0.52342301607132 0.209944993257523
0.523824989795685 0.210201993584633
0.524227976799011 0.210460007190704
0.524631977081299 0.210720002651215
0.525038003921509 0.210979998111725
0.525444984436035 0.211241006851196
0.525852978229523 0.211502999067307
0.526261985301971 0.211766004562378
0.526673018932343 0.212029993534088
0.52708500623703 0.21229499578476
0.527498006820679 0.212560996413231
0.527912974357605 0.212827995419502
0.528328001499176 0.213095992803574
0.528746008872986 0.213365003466606
0.529164016246796 0.213634997606277
0.529583990573883 0.21390600502491
0.530004978179932 0.214177995920181
0.530426979064941 0.214451000094414
0.530851006507874 0.214725002646446
0.531274974346161 0.215000003576279
0.531701982021332 0.215276002883911
0.532128989696503 0.215553000569344
0.532558023929596 0.215830996632576
0.532989025115967 0.21611000597477
0.533420026302338 0.216389998793602
0.533852994441986 0.216671004891396
0.534286975860596 0.216952994465828
0.534722983837128 0.217235997319221
0.535160005092621 0.217519998550415
0.53559798002243 0.217804998159409
0.536037981510162 0.218090996146202
0.536478996276855 0.218379005789757
0.536921977996826 0.21866700053215
0.537365972995758 0.218955993652344
0.537810981273651 0.219246998429298
0.538258016109467 0.219538003206253
0.538706004619598 0.219831004738808
0.539155006408691 0.220125004649162
0.539605975151062 0.220420002937317
0.540058016777039 0.220715001225471
0.540512025356293 0.221011996269226
0.540966987609863 0.221310004591942
0.541423976421356 0.221609994769096
0.54188197851181 0.221909999847412
0.542340993881226 0.222211003303528
0.542801976203918 0.222514003515244
0.543263971805573 0.222817003726959
0.543727993965149 0.223122000694275
0.544193029403687 0.223427996039391
0.544659972190857 0.223735004663467
0.545127987861633 0.224042996764183
0.545597970485687 0.22435200214386
0.546069025993347 0.224663004279137
0.54654198884964 0.224974006414413
0.547016024589539 0.22528700530529
0.547491014003754 0.225601002573967
0.547968983650208 0.225915998220444
0.548447012901306 0.226232007145882
0.548927009105682 0.226549997925758
0.549408972263336 0.226868003606796
0.549892008304596 0.227188006043434
0.550377011299133 0.227509006857872
0.550863027572632 0.22783100605011
0.551351010799408 0.228155001997948
0.551840007305145 0.228478997945786
0.55233097076416 0.228805005550385
0.552823007106781 0.229131996631622
0.553317010402679 0.229460000991821
0.553812980651855 0.22979000210762
0.554310023784637 0.230120003223419
0.554808974266052 0.230452001094818
0.555308997631073 0.230785995721817
0.555810987949371 0.231120005249977
0.556315004825592 0.231455996632576
0.556819975376129 0.231793001294136
0.557326972484589 0.232131004333496
0.557834982872009 0.232470005750656
0.558345019817352 0.232811003923416
0.558857023715973 0.233153000473976
0.55936998128891 0.233495995402336
0.559885025024414 0.233841001987457
0.560401976108551 0.234187006950378
0.560920000076294 0.234533995389938
0.561439990997314 0.234882995486259
0.561962008476257 0.235232993960381
0.562484979629517 0.235584005713463
0.563009977340698 0.235936000943184
0.563537001609802 0.236289992928505
0.564064979553223 0.236644998192787
0.564594984054565 0.237002000212669
0.565127015113831 0.237360000610352
0.565659999847412 0.237718999385834
0.566196024417877 0.238079994916916
0.566733002662659 0.238442003726959
0.567270994186401 0.238804996013641
0.567812025547028 0.239169999957085
0.56835401058197 0.239536002278328
0.568898022174835 0.239904001355171
0.569444000720978 0.240272998809814
0.569992005825043 0.240642994642258
0.570541024208069 0.241015002131462
0.571092009544373 0.241387993097305
0.571645021438599 0.24176299571991
0.572200000286102 0.242138996720314
0.572757005691528 0.242515996098518
0.573315024375916 0.242895007133484
0.573876023292542 0.243276000022888
0.574437975883484 0.243658006191254
0.575002014636993 0.244040995836258
0.575568020343781 0.244425997138023
0.576134979724884 0.244811996817589
0.576704978942871 0.245199993252754
0.577275991439819 0.245590001344681
0.577849984169006 0.245980992913246
0.578424990177155 0.246372997760773
0.579002022743225 0.246766999363899
0.57958197593689 0.247161999344826
0.58016300201416 0.247558996081352
0.580745995044708 0.24795800447464
0.581331014633179 0.248357996344566
0.581916987895966 0.248759001493454
0.582506000995636 0.249163001775742
0.583096981048584 0.249567002058029
0.583689987659454 0.249973997473717
0.584285020828247 0.250382006168365
0.584881007671356 0.250791013240814
0.585479974746704 0.251201987266541
0.586081027984619 0.251614987850189
0.586683988571167 0.252029985189438
0.587288975715637 0.252445995807648
0.58789598941803 0.252862989902496
0.588505029678345 0.253282994031906
0.589115977287292 0.253704011440277
0.589729011058807 0.254126012325287
0.5903440117836 0.254550009965897
0.59096097946167 0.254976004362106
0.591580986976624 0.255403995513916
0.592202007770538 0.255832999944687
0.592826008796692 0.256265014410019
0.593451023101807 0.256696999073029
0.59407901763916 0.257131993770599
0.594708979129791 0.257568001747131
0.59534102678299 0.258006006479263
0.595975995063782 0.258446007966995
0.596611976623535 0.258886992931366
0.597250998020172 0.259330987930298
0.597891986370087 0.259775996208191
0.598535001277924 0.260221987962723
0.599179983139038 0.260670989751816
0.599828004837036 0.26112100481987
0.600477993488312 0.261574000120163
0.60113000869751 0.262028008699417
0.601783990859985 0.26248300075531
0.602441012859344 0.262941002845764
0.603100001811981 0.263401001691818
0.60376101732254 0.263862013816833
0.604423999786377 0.264324992895126
0.605090022087097 0.264791011810303
0.605758011341095 0.265258014202118
0.606428980827332 0.265727013349533
0.60710197687149 0.266196995973587
0.607776999473572 0.266669988632202
0.608453989028931 0.26714500784874
0.609134018421173 0.267621994018555
0.609817028045654 0.268099993467331
0.610500991344452 0.268581002950668
0.611189007759094 0.269062995910645
0.611877977848053 0.269547998905182
0.612569987773895 0.270033985376358
0.613264977931976 0.270523011684418
0.61396199464798 0.271012991666794
0.614660978317261 0.271506011486053
0.615363001823425 0.272000014781952
0.616068005561829 0.272496998310089
0.61677497625351 0.272996008396149
0.617483973503113 0.273496001958847
0.6181960105896 0.273999005556107
0.618911027908325 0.274504005908966
0.619628012180328 0.275011003017426
0.62034797668457 0.275519996881485
0.621070027351379 0.276030987501144
0.621794998645782 0.276544988155365
0.622523009777069 0.277060002088547
0.623252987861633 0.277577996253967
0.623986005783081 0.278097987174988
0.624720990657806 0.278620004653931
0.625460028648376 0.279143989086151
0.626200020313263 0.279670000076294
0.626944005489349 0.280198991298676
0.627690017223358 0.280730009078979
0.628439009189606 0.281262993812561
0.629190981388092 0.281798005104065
0.629945993423462 0.282335996627808
0.630702972412109 0.282876014709473
0.63146299123764 0.283417999744415
0.63222599029541 0.28396201133728
0.632992029190063 0.284509003162384
0.63375997543335 0.285057991743088
0.63453197479248 0.285609990358353
0.635306000709534 0.286163985729218
0.636083006858826 0.286720007658005
0.636862993240356 0.28727799654007
0.637646019458771 0.287838995456696
0.638432025909424 0.288403004407883
0.639221012592316 0.28896901011467
0.640012979507446 0.289537012577057
0.640806972980499 0.290107995271683
0.641605019569397 0.290681004524231
0.642405986785889 0.291256010532379
0.643209993839264 0.291835010051727
0.644016027450562 0.292414993047714
0.644825994968414 0.292997986078262
0.645639002323151 0.293583989143372
0.646454989910126 0.294171988964081
0.647274017333984 0.294762998819351
0.648096024990082 0.295356005430222
0.648921012878418 0.295951992273331
0.649749994277954 0.296550989151001
0.650582015514374 0.297152012586594
0.651416003704071 0.297755986452103
0.652253985404968 0.298363000154495
0.65309602022171 0.298972010612488
0.65394002199173 0.299584001302719
0.654788017272949 0.30019798874855
0.655638992786407 0.300815999507904
0.656493008136749 0.301436007022858
0.657351016998291 0.302058011293411
0.65821099281311 0.302684009075165
0.659075975418091 0.303312003612518
0.659942984580994 0.303943008184433
0.660813987255096 0.304576992988586
0.661688983440399 0.305213987827301
0.662566006183624 0.305853992700577
0.663447976112366 0.306495994329453
0.66433197259903 0.307141005992889
0.665220975875854 0.307790011167526
0.666112005710602 0.308441013097763
0.667007029056549 0.309094995260239
0.667905986309052 0.309751987457275
0.668807983398438 0.310411989688873
0.669713973999023 0.311075001955032
0.670624017715454 0.31174099445343
0.671536982059479 0.312409996986389
0.672453999519348 0.313082009553909
0.673373997211456 0.313757002353668
0.674297988414764 0.314435005187988
0.675225973129272 0.315117001533508
0.676156997680664 0.315800994634628
0.677092015743256 0.316489011049271
0.678031027317047 0.317178994417191
0.678973972797394 0.317873001098633
0.679920971393585 0.318569988012314
0.68087100982666 0.319270998239517
0.68182498216629 0.319974005222321
0.682783007621765 0.320681005716324
0.68374502658844 0.321390986442566
0.68471097946167 0.322104007005692
0.685680985450745 0.322820991277695
0.686654984951019 0.323540985584259
0.687632977962494 0.324263989925385
0.688615024089813 0.32499098777771
0.689601004123688 0.325720995664597
0.690590977668762 0.326454013586044
0.691585004329681 0.32719099521637
0.692583024501801 0.327932000160217
0.693584978580475 0.328675985336304
0.694591999053955 0.329423010349274
0.695601999759674 0.330173999071121
0.696617007255554 0.33092799782753
0.697636008262634 0.331685990095139
0.698659002780914 0.33244800567627
0.699687004089355 0.333213001489639
0.700718998908997 0.333981990814209
0.701754987239838 0.334755003452301
0.70279598236084 0.335530996322632
0.703840970993042 0.336311012506485
0.704890012741089 0.337094008922577
0.705944001674652 0.33788201212883
0.707001984119415 0.338672995567322
0.70806497335434 0.339468002319336
0.709132015705109 0.340265989303589
0.710204005241394 0.341069012880325
0.711281001567841 0.341876000165939
0.712361991405487 0.342685997486115
0.713447988033295 0.34349998831749
0.714537978172302 0.344318985939026
0.715632975101471 0.345140993595123
0.716732978820801 0.345966994762421
0.717836976051331 0.346796989440918
0.718946993350983 0.347631990909576
0.720061004161835 0.348470002412796
0.721180021762848 0.349312990903854
0.722302973270416 0.350158989429474
0.723432004451752 0.351009994745255
0.724565982818604 0.351864993572235
0.725705027580261 0.352723985910416
0.726848006248474 0.35358801484108
0.727997004985809 0.354456007480621
0.729149997234344 0.355327993631363
0.730309009552002 0.356204003095627
0.731473028659821 0.357084989547729
0.732641994953156 0.357969999313354
0.733816027641296 0.358859002590179
0.734996020793915 0.359753012657166
0.736181020736694 0.36065199971199
0.737371027469635 0.361555010080338
0.738565981388092 0.362462013959885
0.739767014980316 0.363373994827271
0.740972995758057 0.36429101228714
0.742183983325958 0.365211993455887
0.743400990962982 0.366138011217117
0.744624018669128 0.367069005966187
0.745851993560791 0.368003994226456
0.747084975242615 0.368943989276886
0.748323976993561 0.369888991117477
0.749568998813629 0.37083899974823
0.750819981098175 0.371793001890182
0.752076029777527 0.372752994298935
0.753337979316711 0.37371701002121
0.754604995250702 0.374686002731323
0.755878984928131 0.375660985708237
0.757157981395721 0.376639991998672
0.758444011211395 0.377624005079269
0.759734988212585 0.378614008426666
0.761031985282898 0.379608005285263
0.762335002422333 0.38060799241066
0.763644993305206 0.381612986326218
0.764959990978241 0.382622987031937
0.766282021999359 0.383637994527817
0.767609000205994 0.384658992290497
0.768943011760712 0.385684996843338
0.770283997058868 0.386716991662979
0.771629989147186 0.387753009796143
0.772983014583588 0.388796001672745
0.774342000484467 0.389844000339508
0.775708019733429 0.390897005796432
0.777079999446869 0.391956001520157
0.778459012508392 0.393020004034042
0.779843986034393 0.394089996814728
0.781235992908478 0.395166009664536
0.782634973526001 0.396248012781143
0.784039974212646 0.39733499288559
0.785452008247375 0.398427993059158
0.786871016025543 0.399527013301849
0.78829699754715 0.400631994009018
0.789728999137878 0.401742994785309
0.791168987751007 0.4028599858284
0.792614996433258 0.403982996940613
0.794068992137909 0.405111998319626
0.795529007911682 0.406246989965439
0.796997010707855 0.407388001680374
0.798471987247467 0.408535003662109
0.799953997135162 0.409689009189606
0.801443994045258 0.410849004983902
0.802941024303436 0.412014991044998
0.804445028305054 0.413186997175217
0.80595600605011 0.414366990327835
0.807475984096527 0.415551990270615
0.809001982212067 0.416743993759155
0.810536980628967 0.417943000793457
0.81207799911499 0.419147998094559
0.813628017902374 0.420359998941422
0.815186023712158 0.421577990055084
0.816751003265381 0.422803997993469
0.818324029445648 0.424035996198654
0.819904983043671 0.4252749979496
0.821493983268738 0.426521003246307
0.823090970516205 0.427774012088776
0.824696004390717 0.429033011198044
0.826309025287628 0.430299997329712
0.827930986881256 0.431573987007141
0.829560995101929 0.432855993509293
0.831198990345001 0.434143990278244
0.832844972610474 0.435440003871918
0.834500014781952 0.43674299120903
0.836163997650146 0.438053995370865
0.837836027145386 0.439372003078461
0.839516997337341 0.440697014331818
0.841206014156342 0.442030012607574
0.842904984951019 0.443370997905731
0.844612002372742 0.444718986749649
0.846328020095825 0.446074992418289
0.848052978515625 0.447438985109329
0.849786996841431 0.448810994625092
0.851530015468597 0.450190007686615
0.85328197479248 0.451577991247177
0.855044007301331 0.452973008155823
0.856814980506897 0.454376995563507
0.858595013618469 0.455788999795914
0.860383987426758 0.45720899105072
0.86218398809433 0.458636999130249
0.863991975784302 0.460074007511139
0.865810990333557 0.461519002914429
0.867639005184174 0.46297299861908
0.869476974010468 0.464435011148453
0.871325016021729 0.465905994176865
0.873183012008667 0.467384994029999
0.875051021575928 0.468872994184494
0.876928985118866 0.47036999464035
0.878817021846771 0.471875995397568
0.880715012550354 0.473390996456146
0.882623970508575 0.474914997816086
0.884543001651764 0.476447999477386
0.886473000049591 0.477990001440048
0.88841301202774 0.479541003704071
0.890363991260529 0.481101989746094
0.8923259973526 0.4826720058918
0.894298017024994 0.484250992536545
0.896282017230988 0.485839992761612
0.898275971412659 0.487439006567001
0.900282025337219 0.489046990871429
0.902297973632813 0.49066498875618
0.904326021671295 0.492293000221252
0.906365990638733 0.493930011987686
0.908415973186493 0.495577991008759
0.910295009613037 0.497088998556137
0.911553025245667 0.498100012540817
0.912393987178802 0.498775988817215
0.91295599937439 0.499228000640869
0.913330972194672 0.499529987573624
0.913581013679504 0.499731004238129
0.913748025894165 0.499866008758545
0.913830995559692 0.499933004379272
0.913873016834259 0.499965995550156
0.913914978504181 0.5
0.913914978504181 0.5
0.913955986499786 0.500033974647522
0.913998007774353 0.500066995620728
0.914081990718842 0.500133991241455
0.914249002933502 0.500268995761871
0.914499998092651 0.500470995903015
0.914875984191895 0.500774025917053
0.915441989898682 0.501228988170624
0.916290998458862 0.501913011074066
0.917569994926453 0.502942979335785
0.91949599981308 0.50449401140213
0.921621024608612 0.50620698928833
0.923757970333099 0.507929980754852
0.925907015800476 0.509663999080658
0.928068995475769 0.511408984661102
0.930242002010345 0.513163983821869
0.932429015636444 0.51493102312088
0.934628009796143 0.516708016395569
0.936839997768402 0.518496990203857
0.939064025878906 0.520296990871429
0.941302001476288 0.522108018398285
0.943552017211914 0.52393102645874
0.945815980434418 0.525765001773834
0.948092997074127 0.527610003948212
0.950383007526398 0.52946799993515
0.952686011791229 0.531337022781372
0.955003023147583 0.533218026161194
0.957333981990814 0.535111010074615
0.959677994251251 0.537015974521637
0.962037026882172 0.538932979106903
0.964408993721008 0.540862023830414
0.966795980930328 0.542804002761841
0.969196021556854 0.544758021831512
0.971611022949219 0.5467249751091
0.974040985107422 0.548704981803894
0.976485013961792 0.550697028636932
0.97894299030304 0.552702009677887
0.981417000293732 0.554720997810364
0.983905017375946 0.556752026081085
0.986407995223999 0.558795988559723
0.988927006721497 0.560854017734528
0.991460978984833 0.56292599439621
0.994009971618652 0.565011024475098
0.996574997901917 0.567108988761902
0.99915599822998 0.569221019744873
1.00174999237061 0.571348011493683
1.00435996055603 0.573487997055054
1.0069899559021 0.575641989707947
1.00963997840881 0.577811002731323
1.01230001449585 0.579994022846222
1.01497995853424 0.582192003726959
1.01767003536224 0.584403991699219
1.0203800201416 0.586631000041962
1.0231100320816 0.588872015476227
1.02585005760193 0.591129004955292
1.02862000465393 0.59340101480484
1.03138995170593 0.595687985420227
1.03419005870819 0.597990989685059
1.03700995445251 0.600309014320374
1.03983998298645 0.602641999721527
1.04269003868103 0.604991972446442
1.04556000232697 0.607357025146484
1.04843997955322 0.609739005565643
1.05134999752045 0.612136006355286
1.05427002906799 0.614549994468689
1.05720996856689 0.616980016231537
1.06017005443573 0.619427025318146
1.06315004825592 0.621891021728516
1.06614995002747 0.624372005462646
1.06916999816895 0.626869976520538
1.07220995426178 0.629383981227875
1.07527005672455 0.631916999816895
1.07834005355835 0.634465992450714
1.08143997192383 0.637033998966217
1.08456003665924 0.639618992805481
1.08770000934601 0.642221987247467
1.0908499956131 0.644842982292175
1.09403002262115 0.647481977939606
1.09722995758057 0.650139987468719
1.10045003890991 0.652817010879517
1.10370004177094 0.655511975288391
1.10696005821228 0.658226013183594
1.1102499961853 0.660959005355835
1.11354994773865 0.66371101140976
1.11688005924225 0.666482985019684
1.12022995948792 0.669273972511292
1.12361001968384 0.672084987163544
1.12699997425079 0.674915015697479
1.13041996955872 0.677766025066376
1.13385999202728 0.680637001991272
1.13733005523682 0.683529019355774
1.14082002639771 0.686441004276276
1.14433002471924 0.689374029636383
1.14786994457245 0.69232702255249
1.15141999721527 0.69530200958252
1.15500998497009 0.69829797744751
1.15861999988556 0.701315999031067
1.16225004196167 0.704355001449585
1.16591000556946 0.707417011260986
1.16958999633789 0.710500001907349
1.17330002784729 0.713604986667633
1.17702996730804 0.716732978820801
1.18078994750977 0.719883978366852
1.18456995487213 0.723056972026825
1.18838000297546 0.726252973079681
1.19221997261047 0.729472994804382
1.19607996940613 0.732716023921967
1.19997000694275 0.735982000827789
1.20388996601105 0.739273011684418
1.20782995223999 0.742586970329285
1.21180999279022 0.745926022529602
1.21580994129181 0.749288022518158
1.21983003616333 0.752676010131836
1.22388994693756 0.756088018417358
1.22797000408173 0.759526014328003
1.23207998275757 0.762988984584808
1.2362300157547 0.766476988792419
1.24039995670319 0.769990026950836
1.24460005760193 0.773530006408691
1.24881994724274 0.777095973491669
1.25308001041412 0.780687987804413
1.25736999511719 0.78430700302124
1.26169002056122 0.78795200586319
1.26603996753693 0.791624009609222
1.2704199552536 0.7953240275383
1.27483999729156 0.799050986766815
1.27927994728088 0.80280601978302
1.28375005722046 0.806587994098663
1.28825998306274 0.810398995876312
1.292799949646 0.814238011837006
1.29736995697021 0.81810599565506
1.30198001861572 0.822001993656158
1.30660998821259 0.825927019119263
1.31128001213074 0.829882025718689
1.31598997116089 0.833866000175476
1.32071995735168 0.83788001537323
1.32550001144409 0.841924011707306
1.33029997348785 0.845997989177704
1.33513998985291 0.850102007389069
1.34001994132996 0.854237973690033
1.34493005275726 0.858403980731964
1.34986996650696 0.862600982189178
1.35485005378723 0.866828978061676
1.35986995697021 0.871089994907379
1.36492002010345 0.875382006168365
1.37001001834869 0.879706025123596
1.37513995170593 0.884061992168427
1.38030004501343 0.888451993465424
1.38549995422363 0.892874002456665
1.39074003696442 0.897328972816467
1.3960200548172 0.90181702375412
1.40132999420166 0.90633898973465
1.40667998790741 0.910894989967346
1.41207003593445 0.915485024452209
1.41751003265381 0.92010897397995
1.42297005653381 0.924767017364502
1.42848002910614 0.929461002349854
1.43403005599976 0.934189021587372
1.43962001800537 0.93895298242569
1.44525003433228 0.943751990795135
1.45091998577118 0.948587000370026
1.45662999153137 0.95345801115036
1.46238005161285 0.958365023136139
1.46817994117737 0.963308990001678
1.47400999069214 0.968289017677307
1.47988998889923 0.973306000232697
1.48581004142761 0.978361010551453
1.49177002906799 0.983452022075653
1.4977799654007 0.988582015037537
1.50382995605469 0.993749022483826
1.50992000102997 0.998953998088837
1.51604998111725 1.00419998168945
1.52223002910614 1.00947999954224
1.52846002578735 1.01479995250702
1.53471994400024 1.02015995979309
1.54103994369507 1.02556002140045
1.54738998413086 1.03100001811981
1.55379998683929 1.03647994995117
1.5602400302887 1.04199004173279
1.56674003601074 1.04754996299744
1.57327997684479 1.05315005779266
1.57985997200012 1.0587899684906
1.58650004863739 1.06447005271912
1.59317994117737 1.07018995285034
1.59990000724792 1.07595002651215
1.6066700220108 1.08175003528595
1.61349999904633 1.08759999275208
1.62036001682281 1.09347999095917
1.62727999687195 1.09941005706787
1.63424003124237 1.10538005828857
1.64126002788544 1.11138999462128
1.6483199596405 1.11743998527527
1.65541994571686 1.12354004383087
1.66258001327515 1.12968003749847
1.66979002952576 1.13585996627808
1.67704999446869 1.14207994937897
1.68435001373291 1.14835000038147
1.69170999526978 1.15465998649597
1.69911003112793 1.16101002693176
1.70657002925873 1.16741001605988
1.71406996250153 1.17385005950928
1.72162997722626 1.180340051651
1.72923004627228 1.18686997890472
1.73688995838165 1.19343996047974
1.74459004402161 1.20006000995636
1.75234997272491 1.20671999454498
1.76015996932983 1.2134200334549
1.76802003383636 1.22017002105713
1.77593004703522 1.22695994377136
1.78389000892639 1.2338000535965
1.79190003871918 1.24067997932434
1.79996001720428 1.2476099729538
1.80807995796204 1.25458002090454
1.8162499666214 1.26160001754761
1.82447004318237 1.26865994930267
1.83273994922638 1.27576005458832
1.84106004238129 1.28290998935699
1.84942996501923 1.29010999202728
1.8578599691391 1.29735004901886
1.86633002758026 1.30463004112244
1.87486004829407 1.31195998191833
1.8834400177002 1.31933999061584
1.89207994937897 1.32676005363464
1.90076005458832 1.33422005176544
1.90950000286102 1.34172999858856
1.91828000545502 1.34927999973297
1.92711997032166 1.3568799495697
1.93602001667023 1.36451995372772
1.9449599981308 1.37221002578735
1.95395004749298 1.37994003295898
1.96300005912781 1.38770997524261
1.97210001945496 1.39552998542786
1.98125004768372 1.40339004993439
1.9904500246048 1.41129994392395
1.9996999502182 1.41925001144409
2.0090000629425 1.42725002765656
2.01835989952087 1.43528997898102
2.02776002883911 1.44336998462677
2.0372200012207 1.45150005817413
2.04673004150391 1.45966994762421
2.05628991127014 1.46788001060486
2.06589007377625 1.47613000869751
2.0755500793457 1.48442995548248
2.08525991439819 1.49276995658875
2.09502005577087 1.50116002559662
2.10483002662659 1.50958001613617
2.11468005180359 1.51804995536804
2.12458992004395 1.5265599489212
2.13455009460449 1.53510999679565
2.14455008506775 1.54370999336243
2.15460991859436 1.55234003067017
2.16471004486084 1.56102001667023
2.17486000061035 1.56973004341125
2.18506002426147 1.5784900188446
2.19531011581421 1.58729004859924
2.20560002326965 1.59613001346588
2.21595001220703 1.60500001907349
2.2263400554657 1.61391997337341
2.23676991462708 1.62287998199463
2.24726009368896 1.63188004493713
2.25779008865356 1.64091002941132
2.26835989952087 1.64998996257782
2.27898001670837 1.65910005569458
2.28964996337891 1.66824996471405
2.30035996437073 1.6774400472641
2.31112003326416 1.68666994571686
2.32192993164063 1.69593000411987
2.33277010917664 1.70522999763489
2.34366011619568 1.71457004547119
2.35459995269775 1.72394001483917
2.3655800819397 1.73335003852844
2.37660002708435 1.74279999732971
2.38767004013062 1.75227999687195
2.39878010749817 1.76180005073547
2.40992999076843 1.77135002613068
2.42111992835999 1.78094005584717
2.43234992027283 1.79056000709534
2.44362998008728 1.80020999908447
2.45495009422302 1.8099000453949
2.46631002426147 1.819620013237
2.47769999504089 1.82938003540039
2.48914003372192 1.83916997909546
2.50061988830566 1.84898996353149
2.51214003562927 1.8588399887085
2.52369999885559 1.8687299489975
2.53529000282288 1.87864995002747
2.54693007469177 1.88858997821808
2.55859994888306 1.89856994152069
2.57031011581421 1.90857994556427
2.58206009864807 1.91861999034882
2.59384989738464 1.92868995666504
2.60566997528076 1.93878996372223
2.61753010749817 1.94892001152039
2.62943005561829 1.95907998085022
2.64136004447937 1.96926999092102
2.65333008766174 1.97949004173279
2.6653299331665 1.98973000049591
2.67737007141113 2
2.68945002555847 2.01029992103577
2.70155000686646 2.0206298828125
2.71370005607605 2.0309898853302
2.72586989402771 2.04136991500854
2.73808002471924 2.05177998542786
2.75031995773315 2.06221008300781
2.76259994506836 2.07266998291016
2.77490997314453 2.08314990997314
2.78725004196167 2.09366011619568
2.7996199131012 2.10419988632202
2.81202006340027 2.11475992202759
2.82446002960205 2.12534999847412
2.8369300365448 2.13595008850098
2.84942007064819 2.14658999443054
2.8619499206543 2.15723991394043
2.87451004981995 2.16792011260986
2.88709998130798 2.17862010002136
2.89971995353699 2.18934988975525
2.91235995292664 2.20009994506836
2.92504000663757 2.21087002754211
2.93775010108948 2.22165989875793
2.95047998428345 2.23247003555298
2.96323990821838 2.24330997467041
2.97603988647461 2.25416994094849
2.98885011672974 2.26503992080688
3.00169992446899 2.27593994140625
3.01456999778748 2.28685998916626
3.02747011184692 2.29780006408691
3.04040002822876 2.30875992774963
3.05335998535156 2.31974005699158
3.06633996963501 2.33073997497559
3.0793399810791 2.34174990653992
3.09237003326416 2.35279011726379
3.10542988777161 2.36384010314941
3.1185200214386 2.37491989135742
3.13161993026733 2.38600993156433
3.14475989341736 2.39711999893188
3.15791988372803 2.40825009346008
3.17109990119934 2.41939997673035
3.18430995941162 2.43056011199951
3.19754004478455 2.44174003601074
3.21078991889954 2.45293998718262
3.22407007217407 2.46414995193481
3.23737001419067 2.47538995742798
3.25069999694824 2.48663997650146
3.26403999328613 2.49790000915527
3.27742004394531 2.50918006896973
3.29081010818481 2.52047991752625
3.30421996116638 2.53179001808167
3.3176600933075 2.54311990737915
3.33112001419067 2.55446004867554
3.34460997581482 2.56581997871399
3.35810995101929 2.57718992233276
3.3716299533844 2.58857989311218
3.38517999649048 2.59998989105225
3.3987500667572 2.61140990257263
3.41233992576599 2.62283992767334
3.425950050354 2.63427996635437
3.43957996368408 2.64574003219604
3.4532299041748 2.65721988677979
3.46690011024475 2.66870999336243
3.48059010505676 2.68021011352539
3.49429988861084 2.6917200088501
3.50803995132446 2.70324993133545
3.52179002761841 2.7147901058197
3.53555989265442 2.72635006904602
3.54935002326965 2.73792004585266
3.56315994262695 2.74950003623962
3.5769898891449 2.76109004020691
3.59083008766174 2.77269005775452
3.60470008850098 2.78431010246277
3.61858010292053 2.79593992233276
3.63248991966248 2.80757999420166
3.64640998840332 2.8192400932312
3.66035008430481 2.83089995384216
3.67430996894836 2.84258008003235
3.68829011917114 2.85426998138428
3.70228004455566 2.86596989631653
3.71630001068115 2.87768006324768
3.73032999038696 2.88940000534058
3.7443699836731 2.90112996101379
3.7584400177002 2.91287994384766
3.77252006530762 2.92462992668152
3.7866199016571 2.93639993667603
3.80074000358582 2.94817996025085
3.81487989425659 2.95995998382568
3.82903003692627 2.97176003456116
3.84319996833801 2.98357009887695
3.85737991333008 2.99538993835449
3.87157988548279 3.00721001625061
3.88579988479614 3.01904988288879
3.90003991127014 3.03090000152588
3.91428995132446 3.04275989532471
3.92856001853943 3.05462002754211
3.94284009933472 3.06649994850159
3.95713996887207 3.07838988304138
3.97146010398865 3.09028005599976
3.98579001426697 3.1021900177002
4.00014019012451 3.11409997940063
4.0145001411438 3.12602996826172
4.02888011932373 3.1379599571228
4.04328012466431 3.14989995956421
4.05769014358521 3.16184997558594
4.07211017608643 3.17381000518799
4.08655023574829 3.18578004837036
4.10100984573364 3.19776010513306
4.11547994613647 3.20973992347717
4.12997007369995 3.22174000740051
4.14447021484375 3.23374009132385
4.15898990631104 3.24574995040894
4.1735200881958 3.25777006149292
4.18806982040405 3.26979994773865
4.20263004302979 3.28184008598328
4.217209815979 3.29387998580933
4.2318000793457 3.3059298992157
4.24639987945557 3.31799006462097
4.26102018356323 3.33006000518799
4.27566003799438 3.34213995933533
4.29030990600586 3.35421991348267
4.30496978759766 3.36630988121033
4.31965017318726 3.37841010093689
4.33434009552002 3.3905200958252
4.34905004501343 3.4026300907135
4.36377000808716 3.41476011276245
4.37850999832153 3.42688989639282
4.39326000213623 3.43901991844177
4.40802001953125 3.45116996765137
4.42280006408691 3.46332001686096
4.4375901222229 3.47548007965088
4.45239019393921 3.48763990402222
4.467209815979 3.49981999397278
4.48203992843628 3.51200008392334
4.4968900680542 3.52417993545532
4.51175022125244 3.53638005256653
4.52661991119385 3.54857993125916
4.54151010513306 3.56079006195068
4.55640983581543 3.57299995422363
4.57132005691528 3.58523011207581
4.58624982833862 3.59745001792908
4.60119009017944 3.60968995094299
4.61614990234375 3.62192988395691
4.63112020492554 3.63418006896973
4.64610004425049 3.64644002914429
4.66108989715576 3.65869998931885
4.67609977722168 3.67096996307373
4.69112014770508 3.68323993682861
4.70616006851196 3.69551992416382
4.72119998931885 3.70780992507935
4.73625993728638 3.72009992599487
4.75133991241455 3.73239994049072
4.76642990112305 3.74470996856689
4.78152990341187 3.75701999664307
4.79663991928101 3.76934003829956
4.81175994873047 3.78167009353638
4.82690000534058 3.79399991035461
4.84206008911133 3.80633997917175
4.85722017288208 3.81868004798889
4.87239980697632 3.83102989196777
4.88758993148804 3.84337997436523
4.90279006958008 3.85575008392334
4.91801023483276 3.86810994148254
4.93323993682861 3.88049006462097
4.94848012924194 3.89286994934082
4.96372985839844 3.90525007247925
4.97900009155273 3.91763997077942
4.9942798614502 3.93003988265991
5.00957012176514 3.94244003295898
5.02487993240356 3.9548499584198
5.04019021987915 3.96725988388062
5.05552005767822 3.97968006134033
5.07086992263794 3.99211001396179
5.08621978759766 4.00453996658325
5.10159015655518 4.01698017120361
5.11697006225586 4.02941989898682
5.13235998153687 4.0418701171875
5.14776992797852 4.05431985855103
5.16317987442017 4.06678009033203
5.17860984802246 4.07923984527588
5.1940598487854 4.09171009063721
5.20950984954834 4.1041898727417
5.22497987747192 4.11667013168335
5.24045991897583 4.12914991378784
5.25594997406006 4.14164018630981
5.27146005630493 4.15413999557495
5.2869701385498 4.16663980484009
5.30249977111816 4.17915010452271
5.318039894104 4.19165992736816
5.33360004425049 4.20417976379395
5.34916019439697 4.21670007705688
5.36473989486694 4.22922992706299
5.38033008575439 4.24176979064941
5.39592981338501 4.254310131073
5.41155004501343 4.26684999465942
5.42717981338501 4.27939987182617
5.44281005859375 4.29195022583008
5.4584698677063 4.30451011657715
5.47413015365601 4.31708002090454
5.4898099899292 4.32964992523193
5.50548982620239 4.34221982955933
5.52119016647339 4.3548002243042
5.53691005706787 4.36738014221191
5.55262994766235 4.37997007369995
5.56836986541748 4.39257001876831
5.58411979675293 4.40516996383667
5.59988021850586 4.41776990890503
5.61565017700195 4.43037986755371
5.63144016265869 4.44299983978271
5.64723014831543 4.45561981201172
5.66304016113281 4.46823978424072
5.67886018753052 4.48086977005005
5.69469976425171 4.49350023269653
5.71053981781006 4.50614023208618
5.72639989852905 4.51878976821899
5.74226999282837 4.53143978118896
5.75815010070801 4.54408979415894
5.77405023574829 4.55674982070923
5.78994989395142 4.56940984725952
5.80587005615234 4.58207988739014
5.82180023193359 4.59474992752075
5.83773994445801 4.60742998123169
5.8536901473999 4.62011003494263
5.86965990066528 4.63280010223389
5.88564014434814 4.64549016952515
5.90162992477417 4.65818977355957
5.91763019561768 4.67088985443115
5.93364000320435 4.68358993530273
5.94966983795166 4.69630002975464
5.96571016311646 4.70902013778687
5.98176002502441 4.72173976898193
5.9978199005127 4.73445987701416
6.0138897895813 4.74718999862671
6.02998018264771 4.75993013381958
6.04608011245728 4.77265977859497
6.06219005584717 4.78540992736816
6.07831001281738 4.79816007614136
6.09443998336792 4.81091022491455
6.1105899810791 4.82365989685059
6.12674999237061 4.83643007278442
6.14292001724243 4.84919023513794
6.15910005569458 4.86195993423462
6.17529010772705 4.87474012374878
6.19150018692017 4.88751983642578
6.20771980285645 4.90030002593994
6.22394990921021 4.91309022903442
6.24019002914429 4.92587995529175
6.25644016265869 4.93868017196655
6.27270984649658 4.9514799118042
6.28899002075195 4.96429014205933
6.30528020858765 4.97709989547729
6.3215799331665 4.98992013931274
6.33789014816284 5.00273990631104
6.35421991348267 5.01556015014648
6.37056016921997 5.0283899307251
6.38690996170044 5.04123020172119
6.40326976776123 5.0540599822998
6.4196400642395 5.06690979003906
6.43602991104126 5.07975006103516
6.45242023468018 5.09259986877441
6.46883010864258 5.10546016693115
6.48526000976563 5.11831998825073
6.50168991088867 5.13118982315063
6.51813983917236 5.14405012130737
6.53458976745605 5.1569299697876
6.55106019973755 5.16980981826782
6.56754016876221 5.18269014358521
6.58404016494751 5.19556999206543
6.60054016113281 5.2084698677063
6.61706018447876 5.221360206604
6.63359022140503 5.23426008224487
6.65012979507446 5.24715995788574
6.6666898727417 5.26006984710693
6.68324995040894 5.27299022674561
6.69983005523682 5.2859001159668
6.71642017364502 5.29882001876831
6.73301982879639 5.31174993515015
6.74963998794556 5.32467985153198
6.76627016067505 5.33761978149414
6.78289985656738 5.35055017471313
6.79955005645752 5.36350011825562
6.81621980667114 5.37644004821777
6.83289003372192 5.38940000534058
6.84957981109619 5.40234994888306
6.86628007888794 5.41530990600586
6.88298988342285 5.42827987670898
6.89971017837524 5.44124984741211
6.91645002365112 5.45421981811523
6.933189868927 5.46719980239868
6.94995021820068 5.48017978668213
6.96673011779785 5.4931697845459
6.98351001739502 5.50615978240967
7.00029993057251 5.51914978027344
7.01710987091064 5.53214979171753
7.0339298248291 5.54514980316162
7.0507698059082 5.55815982818604
7.0676097869873 5.57116985321045
7.08446979522705 5.58418989181519
7.10133981704712 5.59720993041992
7.11821985244751 5.61022996902466
7.13510990142822 5.62326002120972
7.15200996398926 5.63629007339478
7.16893005371094 5.64933013916016
7.18586015701294 5.66237020492554
7.20279979705811 5.67541980743408
7.21975994110107 5.68846988677979
7.23672008514404 5.70151996612549
7.2536997795105 5.71458005905151
7.27068996429443 5.72764015197754
7.28770017623901 5.74070978164673
7.30470991134644 5.75377988815308
7.32174015045166 5.76686000823975
7.33877992630005 5.77994012832642
7.35583019256592 5.79301977157593
7.37290000915527 5.80610990524292
7.38996982574463 5.81920003890991
7.40706014633179 5.83230018615723
7.42416000366211 5.84539985656738
7.44127988815308 5.8585000038147
7.45839977264404 5.87161016464233
7.47554016113281 5.88471984863281
7.49269008636475 5.89784002304077
7.50986003875732 5.91096019744873
7.5270299911499 5.92408990859985
7.54421997070313 5.93722009658813
7.56141996383667 5.95034980773926
7.57862997055054 5.96349000930786
7.59586000442505 5.97663021087646
7.61309003829956 5.98977994918823
7.63034009933472 6.00293016433716
7.6476001739502 6.01608991622925
7.66487979888916 6.0292501449585
7.68216991424561 6.04240989685059
7.69947004318237 6.05558013916016
7.71678018569946 6.06874990463257
7.73409986495972 6.08193016052246
7.75144004821777 6.0951099395752
7.76878976821899 6.10829019546509
7.7861499786377 6.12147998809814
7.80352020263672 6.1346697807312
7.82090997695923 6.14787006378174
7.83830976486206 6.16106986999512
7.85572004318237 6.17428016662598
7.87313985824585 6.18748998641968
7.89058017730713 6.20069980621338
7.90803003311157 6.21392011642456
7.92548990249634 6.22713994979858
7.94296979904175 6.24035978317261
7.96045017242432 6.25360012054443
7.97795009613037 6.26682996749878
7.99546003341675 6.28006982803345
8.01298999786377 6.29331016540527
8.03052997589111 6.30656003952026
8.04808044433594 6.31980991363525
8.06564044952393 6.33305978775024
8.08320999145508 6.34632015228271
8.10079956054688 6.35959005355835
8.11839962005615 6.37285995483398
8.13601016998291 6.38612985610962
8.153639793396 6.39940023422241
8.17127990722656 6.41268014907837
8.18892955780029 6.42597007751465
8.2065896987915 6.43926000595093
8.22426986694336 6.45254993438721
8.24195957183838 6.46584987640381
8.25965976715088 6.47914981842041
8.27737045288086 6.49245023727417
8.29510021209717 6.50576019287109
8.31284046173096 6.51908016204834
8.33059024810791 6.53239011764526
8.34836006164551 6.54572010040283
8.36614036560059 6.55904006958008
8.38393020629883 6.57237005233765
8.40172958374023 6.58571004867554
8.4195499420166 6.59905004501343
8.43737983703613 6.61239004135132
8.45522022247314 6.62574005126953
8.47307968139648 6.63909006118774
8.4909496307373 6.65244007110596
8.50883007049561 6.66580009460449
8.52672004699707 6.67917013168335
8.54463005065918 6.69253015518188
8.56254959106445 6.70591020584106
8.58047962188721 6.71927976608276
8.59842967987061 6.73265981674194
8.616379737854 6.74604988098145
8.63436031341553 6.75942993164063
8.65233993530273 6.77283000946045
8.67033958435059 6.78622007369995
8.68834972381592 6.7996301651001
8.70637035369873 6.81302976608276
8.72441005706787 6.82643985748291
8.74246025085449 6.83984994888306
8.76051998138428 6.85327005386353
8.77859020233154 6.86669015884399
8.79668045043945 6.88011980056763
8.81478023529053 6.89354991912842
8.83290004730225 6.90698003768921
8.85103034973145 6.92042016983032
8.86917018890381 6.9338698387146
8.88731956481934 6.94730997085571
8.90548992156982 6.96076011657715
8.92366981506348 6.97421979904175
8.94186019897461 6.98767995834351
8.96006965637207 7.00114011764526
8.97828960418701 7.01460981369019
8.99652004241943 7.02807998657227
9.01476955413818 7.04156017303467
9.03302001953125 7.05503988265991
9.05130004882813 7.06852006912231
9.069580078125 7.08200979232788
9.08788013458252 7.09551000595093
9.1061897277832 7.10900020599365
9.12452030181885 7.12249994277954
9.14286041259766 7.13601016998291
9.16121006011963 7.14951992034912
9.17957019805908 7.16303014755249
9.19795036315918 7.17654991149902
9.21634006500244 7.19007015228271
9.23474979400635 7.20359992980957
9.25317001342773 7.21713018417358
9.27159976959229 7.23066997528076
9.29004001617432 7.24420976638794
9.30850028991699 7.25775003433228
9.32697010040283 7.27129983901978
9.34545993804932 7.28485012054443
9.36396026611328 7.29839992523193
9.38247013092041 7.31196022033691
9.4009895324707 7.32553005218506
9.41952991485596 7.3390998840332
9.43807983398438 7.35267019271851
9.45664978027344 7.36625003814697
9.47523021697998 7.37982988357544
9.49382019042969 7.39341020584106
9.51243019104004 7.40700006484985
9.53104972839355 7.42059993743896
9.54967975616455 7.43418979644775
9.56832981109619 7.44779014587402
9.58699035644531 7.46140003204346
9.6056604385376 7.47500991821289
9.62434959411621 7.48862981796265
9.64305019378662 7.50225019454956
9.6617603302002 7.51587009429932
9.6804895401001 7.52950000762939
9.6992301940918 7.54312992095947
9.71798992156982 7.55675983428955
9.73676013946533 7.57040023803711
9.755539894104 7.58405017852783
9.77433967590332 7.59770011901855
9.79314994812012 7.61135005950928
9.81196975708008 7.62501001358032
9.83080959320068 7.63866996765137
9.84965991973877 7.65232992172241
9.86851978302002 7.66599988937378
9.88739967346191 7.67967987060547
9.90629005432129 7.69334983825684
9.92520046234131 7.70703983306885
9.94412040710449 7.72071981430054
9.96304988861084 7.73440980911255
9.98200035095215 7.74810981750488
10.0010004043579 7.76180982589722
