0.585721015930176 0.25136798620224
0.585120975971222 0.250955998897552
0.584523975849152 0.250546008348465
0.583927989006042 0.250137001276016
0.583334982395172 0.249730005860329
0.582742989063263 0.249325007200241
0.582153022289276 0.248921006917953
0.581565976142883 0.248519003391266
0.580980002880096 0.248117998242378
0.580395996570587 0.247719004750252
0.579814016819 0.247320994734764
0.579235017299652 0.246924996376038
0.57865697145462 0.246530994772911
0.578079998493195 0.246138006448746
0.577506005764008 0.245746001601219
0.576933979988098 0.245355993509293
0.576363980770111 0.244967997074127
0.575794994831085 0.244580999016762
0.575228989124298 0.244194999337196
0.574663996696472 0.243810996413231
0.574100971221924 0.243429005146027
0.573539972305298 0.243047997355461
0.572980999946594 0.242668002843857
0.572422981262207 0.242290005087852
0.571868002414703 0.241914004087448
0.571313977241516 0.241538003087044
0.570761978626251 0.241163998842239
0.570212006568909 0.240792006254196
0.569664001464844 0.240420997142792
0.56911700963974 0.240051999688148
0.568571984767914 0.239683002233505
0.56802898645401 0.239316999912262
0.567488014698029 0.238950997591019
0.566949009895325 0.238587006926537
0.566411018371582 0.238224998116493
0.565874993801117 0.237864002585411
0.565340995788574 0.237504005432129
0.564808011054993 0.237145006656647
0.564276993274689 0.236788004636765
0.563748002052307 0.236432999372482
0.563220977783203 0.2360779941082
0.562695026397705 0.235725000500679
0.56217098236084 0.235373005270958
0.561649024486542 0.235023006796837
0.56112802028656 0.234674006700516
0.560608983039856 0.234326004981995
0.560091972351074 0.233980000019073
0.559576988220215 0.233634993433952
0.559063017368317 0.233291000127792
0.558550000190735 0.232948005199432
0.558040022850037 0.232607007026672
0.557530999183655 0.232267007231712
0.557022988796234 0.231928005814552
0.556517004966736 0.231591001152992
0.556012988090515 0.231254994869232
0.555510997772217 0.230920001864433
0.55501002073288 0.230586007237434
0.554509997367859 0.230252996087074
0.55401200056076 0.229921996593475
0.55351597070694 0.229591995477676
0.553021013736725 0.229264006018639
0.552528023719788 0.22893600165844
0.552037000656128 0.228609994053841
0.551546990871429 0.228284999728203
0.551059007644653 0.227961003780365
0.550571978092194 0.227638006210327
0.55008602142334 0.227317005395889
0.54960298538208 0.226997002959251
0.549120008945465 0.226677000522614
0.548640012741089 0.226359993219376
0.548160016536713 0.226043000817299
0.547683000564575 0.225727006793022
0.547205984592438 0.225412994623184
0.546732008457184 0.225099995732307
0.546258985996246 0.224787995219231
0.54578697681427 0.224476993083954
0.545316994190216 0.224167004227638
0.544848024845123 0.223857998847961
0.544381022453308 0.223551005125046
0.543914973735809 0.223244994878769
0.543449997901917 0.222939997911453
0.542986989021301 0.222635000944138
0.542526006698608 0.222332999110222
0.542065978050232 0.222030997276306
0.541607022285461 0.22172999382019
0.541149973869324 0.221430003643036
0.540695011615753 0.22113199532032
0.540239989757538 0.220834001898766
0.539786994457245 0.220538005232811
0.539336025714874 0.220243006944656
0.53888601064682 0.219949007034302
0.538437008857727 0.219656005501747
0.537989974021912 0.219364002346992
0.537544012069702 0.219072997570038
0.53710001707077 0.218783006072044
0.536656975746155 0.21849399805069
0.536215007305145 0.218206003308296
0.535775005817413 0.217920005321503
0.535336017608643 0.217634007334709
0.534897983074188 0.217350006103516
0.534461975097656 0.217066004872322
0.534026980400085 0.216784000396729
0.533594012260437 0.216501995921135
0.533161997795105 0.216222003102303
0.532730996608734 0.215941995382309
0.532301008701324 0.215663999319077
0.531872987747192 0.215387001633644
0.531445980072021 0.215110003948212
0.531020998954773 0.214835003018379
0.530596971511841 0.214561000466347
0.530174016952515 0.214286997914314
0.529752016067505 0.214015007019043
0.529331982135773 0.21374399960041
0.528913021087646 0.213473007082939
0.528496026992798 0.213203996419907
0.528078973293304 0.212935999035835
0.527664005756378 0.212668001651764
0.527251005172729 0.212402001023293
0.526838004589081 0.212136000394821
0.52642697095871 0.21187199652195
0.526017010211945 0.21160900592804
0.525608003139496 0.211346000432968
0.525201022624969 0.211083993315697
0.52479499578476 0.210823997855186
0.524389982223511 0.210564002394676
0.523986995220184 0.210305005311966
0.523584008216858 0.210048004984856
0.523182988166809 0.209791004657745
0.522782981395721 0.209535002708435
0.522385001182556 0.209279999136925
0.521987020969391 0.209025993943214
0.521591007709503 0.208773002028465
0.521196007728577 0.208520993590355
0.520802974700928 0.208269998431206
0.520410001277924 0.208019003272057
0.520018994808197 0.207770004868507
0.519629001617432 0.207521006464958
0.519240021705627 0.207274004817009
0.518853008747101 0.20702700316906
0.518465995788574 0.206780999898911
0.51808100938797 0.206536993384361
0.517696976661682 0.206293001770973
0.517314016819 0.206048995256424
0.516933023929596 0.205807000398636
0.516551971435547 0.205566003918648
0.516173005104065 0.20532600581646
0.515794992446899 0.20508599281311
0.515417993068695 0.204846993088722
0.515043020248413 0.204610005021095
0.514667987823486 0.204373002052307
0.514294981956482 0.204136997461319
0.513922989368439 0.203902006149292
0.513552010059357 0.203666999936104
0.513181984424591 0.203434005379677
0.512812972068787 0.203200995922089
0.512445986270905 0.202969998121262
0.512079000473022 0.202739000320435
0.511713981628418 0.202509000897408
0.511349976062775 0.20227999985218
0.510986983776093 0.202050998806953
0.510625004768372 0.201823994517326
0.510264992713928 0.20159700512886
0.509904980659485 0.201370999217033
0.509546995162964 0.201147004961967
0.509190022945404 0.20092199742794
0.508834004402161 0.200699001550674
0.508478999137878 0.200477004051208
0.508125007152557 0.200255006551743
0.507772028446198 0.200034007430077
0.507420003414154 0.199814006686211
0.507070004940033 0.199595004320145
0.506720006465912 0.199377000331879
0.506371974945068 0.199158996343613
0.506025016307831 0.198943004012108
0.50567901134491 0.198726996779442
0.50533401966095 0.198512002825737
0.504989981651306 0.198296993970871
0.504647016525269 0.198083996772766
0.504306018352509 0.197870999574661
0.503965020179749 0.197659000754356
0.503625988960266 0.197448000311852
0.503287017345428 0.197237998247147
0.502950012683868 0.197027996182442
0.50261402130127 0.196820005774498
0.502277970314026 0.196612000465393
0.501944005489349 0.196404993534088
0.501610994338989 0.196198001503944
0.501280009746552 0.195993006229401
0.500949025154114 0.195787996053696
0.500618994235992 0.195583999156952
0.500289976596832 0.195381000638008
0.499962985515594 0.195178002119064
0.499635994434357 0.194977000355721
0.499311000108719 0.194775998592377
0.498986005783081 0.194574996829033
0.498663008213043 0.19437600672245
0.498340994119644 0.194177001714706
0.498019009828568 0.193979993462563
0.497698992490768 0.19378300011158
0.497379988431931 0.193586006760597
0.497061997652054 0.193390995264053
0.496744990348816 0.193195998668671
0.496428996324539 0.193002000451088
0.496113985776901 0.192808002233505
0.495799988508224 0.192616000771523
0.495487004518509 0.19242399930954
0.495175987482071 0.192232996225357
0.494865000247955 0.192043006420135
0.494554996490479 0.191853001713753
0.494246989488602 0.19166399538517
0.493939012289047 0.191476002335548
0.49363300204277 0.191288992762566
0.493326991796494 0.191101998090744
0.493023008108139 0.190917000174522
0.492718994617462 0.190731003880501
0.492417007684708 0.190547004342079
0.492114990949631 0.190363004803658
0.491815000772476 0.190180003643036
0.49151599407196 0.189998000860214
0.491218000650406 0.189816996455193
0.490920007228851 0.189636006951332
0.490624010562897 0.18945600092411
0.490328997373581 0.189276993274689
0.490034997463226 0.189098000526428
0.489742010831833 0.188920006155968
0.489450007677078 0.188742995262146
0.489158987998962 0.188566997647285
0.48886901140213 0.188391000032425
0.488579988479614 0.188216000795364
0.488292008638382 0.188041999936104
0.488005012273788 0.187868997454643
0.487718999385834 0.187695994973183
0.48743399977684 0.187524005770683
0.487150013446808 0.187352001667023
0.486867010593414 0.187181994318962
0.48658499121666 0.187012001872063
0.486303985118866 0.186842992901802
0.486025005578995 0.186673998832703
0.485745996236801 0.186506003141403
0.485468000173569 0.186339005827904
0.485190987586975 0.186173006892204
0.484916001558304 0.186006993055344
0.48464098572731 0.185842007398605
0.4843670129776 0.185678005218506
0.484095007181168 0.185514003038406
0.483823001384735 0.185351997613907
0.483552008867264 0.185188993811607
0.483283013105392 0.185028001666069
0.483013987541199 0.18486699461937
0.482746988534927 0.184707000851631
0.482479989528656 0.184548005461693
0.482214987277985 0.184388995170593
0.481950014829636 0.184230998158455
0.481687009334564 0.184073999524117
0.481424987316132 0.183917999267578
0.481162995100021 0.18376199901104
0.480902999639511 0.183606997132301
0.48064398765564 0.183451995253563
0.480385005474091 0.183299005031586
0.480127990245819 0.183145999908447
0.479871988296509 0.182992994785309
0.47961699962616 0.182842001318932
0.479362994432449 0.182690992951393
0.479108989238739 0.182540997862816
0.478857010602951 0.182391002774239
0.478605985641479 0.182242006063461
0.478356003761292 0.182093992829323
0.478107005357742 0.181946992874146
0.477858990430832 0.181799992918968
0.477613002061844 0.181654006242752
0.477367013692856 0.181509003043175
0.477122008800507 0.181363999843597
0.476877987384796 0.18122099339962
0.476635992527008 0.181077003479004
0.47639399766922 0.180934995412827
0.476152986288071 0.18079300224781
0.475914001464844 0.180651992559433
0.475676000118256 0.180511996150017
0.475437998771667 0.180371999740601
0.475201994180679 0.180233001708984
0.474967002868652 0.180095002055168
0.474732011556625 0.179958000779152
0.474498987197876 0.179820999503136
0.47426700592041 0.179684996604919
0.474036008119583 0.179548993706703
0.473807007074356 0.179415002465248
0.473578006029129 0.179280996322632
0.473349988460541 0.179147005081177
0.473123013973236 0.17901499569416
0.472898006439209 0.178883001208305
0.472674012184143 0.17875200510025
0.472449988126755 0.178622007369995
0.472227990627289 0.178491994738579
0.472007006406784 0.178362995386124
0.471787005662918 0.178234994411469
0.471567988395691 0.178106993436813
0.471350014209747 0.177980005741119
0.471134006977081 0.177854001522064
0.470917999744415 0.177728995680809
0.470703989267349 0.177605003118515
0.470490992069244 0.17748099565506
0.47027799487114 0.177358001470566
0.470068007707596 0.177235007286072
0.46985799074173 0.177113994956017
0.469648987054825 0.176992997527122
0.469442009925842 0.176872998476028
0.469235002994537 0.176752999424934
0.469029992818832 0.17663499712944
0.468825995922089 0.176516994833946
0.468623995780945 0.176400005817413
0.468421995639801 0.176283001899719
0.468221992254257 0.176167994737625
0.468021988868713 0.176053002476692
0.467824012041092 0.175938993692398
0.467628002166748 0.175825998187065
0.467431992292404 0.175713002681732
0.467238008975983 0.175601005554199
0.4670450091362 0.175490006804466
0.466852992773056 0.175380006432533
0.466661989688873 0.1752710044384
0.466473013162613 0.175162002444267
0.466284990310669 0.175053998827934
0.466098010540009 0.174946993589401
0.465912997722626 0.174841001629829
0.465728998184204 0.174735993146896
0.465546011924744 0.174630999565125
0.465364009141922 0.174527004361153
0.4651840031147 0.17442399263382
0.46500501036644 0.174321994185448
0.464828014373779 0.174220994114876
0.464652001857758 0.174119994044304
0.464477002620697 0.174021005630493
0.464302986860275 0.173922002315521
0.464130997657776 0.173823997378349
0.463961005210876 0.173727005720139
0.463791996240616 0.173630997538567
0.463624000549316 0.173535004258156
0.463456988334656 0.173440992832184
0.463292986154556 0.173346996307373
0.463129013776779 0.173254996538162
0.46296700835228 0.173162996768951
0.46280699968338 0.173071995377541
0.462648004293442 0.172982007265091
0.462489992380142 0.17289300262928
0.462334007024765 0.172804996371269
0.462179988622665 0.17271800339222
0.462027013301849 0.172631993889809
0.461876004934311 0.172545999288559
0.461726993322372 0.172462001442909
0.461578994989395 0.17237900197506
0.461432009935379 0.17229600250721
0.461288005113602 0.17221499979496
0.461145013570786 0.17213499546051
0.461003988981247 0.172055006027222
0.460864007472992 0.171976998448372
0.460727006196976 0.171900004148483
0.460590988397598 0.171822994947433
0.460456013679504 0.171747997403145
0.460323989391327 0.171673998236656
0.460193991661072 0.171600997447968
0.460065007209778 0.171528995037079
0.459937989711761 0.171458005905151
0.459814012050629 0.171388998627663
0.459690988063812 0.171320006251335
0.459569990634918 0.171252995729446
0.459450989961624 0.171186000108719
0.459334999322891 0.171121001243591
0.459219992160797 0.171057999134064
0.459107995033264 0.170994997024536
0.458997011184692 0.17093400657177
0.458889007568359 0.170873999595642
0.458783000707626 0.170815005898476
0.458680003881454 0.170756995677948
0.458577990531921 0.170700997114182
0.458478987216949 0.170645996928215
0.458382993936539 0.170592993497849
0.458288997411728 0.170541003346443
0.458196997642517 0.170489996671677
0.458108991384506 0.170441001653671
0.458021998405457 0.170394003391266
0.457938998937607 0.17034700512886
0.457857996225357 0.170303001999855
0.457780003547668 0.17025999724865
0.45770400762558 0.170218005776405
0.457632005214691 0.1701789945364
0.457563012838364 0.170140996575356
0.457497000694275 0.170103996992111
0.457433998584747 0.170070007443428
0.457374006509781 0.170037001371384
0.457316994667053 0.1700060069561
0.457264006137848 0.169976994395256
0.457215011119843 0.169949993491173
0.457168996334076 0.169925004243851
0.457127004861832 0.169901996850967
0.457087993621826 0.169881001114845
0.457053989171982 0.169862002134323
0.457022994756699 0.169844999909401
0.456997007131577 0.169830992817879
0.456975996494293 0.169818997383118
0.456957995891571 0.169809997081757
0.456945985555649 0.169802993535995
0.456937998533249 0.169799000024796
0.456934988498688 0.169797003269196
0.456934988498688 0.169797003269196
0.456939995288849 0.169799998402596
0.456950008869171 0.169805005192757
0.456964999437332 0.169813007116318
0.456986993551254 0.169825002551079
0.457013994455338 0.16983999311924
0.457047998905182 0.169857993721962
0.457089006900787 0.169880002737045
0.457136988639832 0.169906005263329
0.457192987203598 0.169936001300812
0.457255989313126 0.169970005750656
0.457327991724014 0.1700090020895
0.457408010959625 0.170052006840706
0.457498013973236 0.170100003480911
0.457598000764847 0.170153006911278
0.457706987857819 0.170212000608444
0.457827985286713 0.170276999473572
0.457960993051529 0.17034800350666
0.458106994628906 0.170424997806549
0.458265990018845 0.170509994029999
0.458438992500305 0.17060199379921
0.458629012107849 0.170702993869781
0.458835005760193 0.170812994241714
0.459060996770859 0.170931994915009
0.459306001663208 0.171063005924225
0.459574997425079 0.171204999089241
0.459868013858795 0.171359002590179
0.460188001394272 0.171528995037079
0.460539996623993 0.1717139929533
0.460925996303558 0.171917006373405
0.461351990699768 0.172141000628471
0.461822003126144 0.172388002276421
0.462343990802765 0.172662004828453
0.462927013635635 0.172967001795769
0.46357798576355 0.173307001590729
0.464309990406036 0.173688992857933
0.465135991573334 0.174119994044304
0.466067999601364 0.174603998661041
0.467112004756927 0.175145000219345
0.468266993761063 0.175742998719215
0.469514012336731 0.176386997103691
0.470820009708405 0.177061006426811
0.472148001194 0.177744001150131
0.473466992378235 0.178421005606651
0.474759995937347 0.179084002971649
0.476018011569977 0.179727002978325
0.477239012718201 0.180351004004478
0.47842401266098 0.18095600605011
0.479575991630554 0.181542992591858
0.480697005987167 0.182113006711006
0.481790006160736 0.182668998837471
0.482858002185822 0.183210998773575
0.483902990818024 0.183742001652718
0.484928011894226 0.184260994195938
0.485935002565384 0.184771001338959
0.486925005912781 0.185271993279457
0.487899988889694 0.185763999819756
0.488860011100769 0.186250001192093
0.489807993173599 0.186728000640869
0.490745007991791 0.187199994921684
0.49167001247406 0.187666997313499
0.492585986852646 0.188127994537354
0.493492007255554 0.188583999872208
0.49439001083374 0.189034998416901
0.495279997587204 0.189483001828194
0.496161997318268 0.189925998449326
0.497038006782532 0.190365999937057
0.497907012701035 0.190801993012428
0.498769998550415 0.19123500585556
0.499628007411957 0.19166399538517
0.500479996204376 0.192091003060341
0.501327991485596 0.192515999078751
0.502170979976654 0.19293700158596
0.503009021282196 0.19335700571537
0.503843009471893 0.193773999810219
0.504674017429352 0.194187998771667
0.505500018596649 0.194600999355316
0.506323993206024 0.195012003183365
0.507143974304199 0.195421993732452
0.507960975170135 0.195829004049301
0.508774995803833 0.196235001087189
0.509585976600647 0.196639001369476
0.510394990444183 0.197042003273964
0.511201977729797 0.197444006800652
0.512005984783173 0.197843998670578
0.51280802488327 0.198243007063866
0.513607978820801 0.198640003800392
0.514406025409698 0.199037000536919
0.515201985836029 0.199432998895645
0.515995979309082 0.199827000498772
0.516789019107819 0.200221002101898
0.517579972743988 0.200614005327225
0.518369972705841 0.20100599527359
0.519158005714417 0.201397001743317
0.519945979118347 0.201786994934082
0.520731985569 0.202177003026009
0.521516025066376 0.202564999461174
0.522300004959106 0.202953994274139
0.523082971572876 0.203341007232666
0.523864984512329 0.203728005290031
0.524645984172821 0.204115003347397
0.525425970554352 0.204501003026962
0.526206016540527 0.204886004328728
0.526983976364136 0.205271005630493
0.527761995792389 0.205656006932259
0.528540015220642 0.206039994955063
0.529317021369934 0.206423997879028
0.530094027519226 0.206808000802994
0.530870020389557 0.207191005349159
0.531644999980927 0.207573994994164
0.532420992851257 0.207956001162529
0.533195972442627 0.208338007330894
0.533971011638641 0.208719998598099
0.53474497795105 0.209102004766464
0.535520017147064 0.209483996033669
0.536293983459473 0.209865003824234
0.537068009376526 0.210246995091438
0.537841975688934 0.210628002882004
0.538616001605988 0.211008995771408
0.539390027523041 0.211390003561974
0.540163993835449 0.211770996451378
0.540938019752502 0.212152004241943
0.541711986064911 0.212531998753548
0.542486011981964 0.212913006544113
0.543259978294373 0.213293999433517
0.544035017490387 0.213673993945122
0.544809997081757 0.214055001735687
0.54558402299881 0.214435994625092
0.546360015869141 0.214816004037857
0.54713499546051 0.215196996927261
0.547910988330841 0.215578004717827
0.548686981201172 0.215958997607231
0.549462974071503 0.216340005397797
0.550239980220795 0.216720998287201
0.551016986370087 0.217102006077766
0.551793992519379 0.217482998967171
0.552572011947632 0.217864006757736
0.55334997177124 0.21824599802494
0.554129004478455 0.218628004193306
0.554907977581024 0.21900899708271
0.5556880235672 0.219391003251076
0.55646800994873 0.21977399289608
0.557249009609222 0.220155999064445
0.558031022548676 0.220538005232811
0.558812975883484 0.220920994877815
0.559594988822937 0.221303999423981
0.560378015041351 0.221687003970146
0.561161994934082 0.222071006894112
0.561946988105774 0.222453996539116
0.562731981277466 0.222837999463081
0.563517987728119 0.223223000764847
0.564303994178772 0.223607003688812
0.565092027187347 0.223992004990578
0.565880000591278 0.224377006292343
0.566667973995209 0.224761992692947
0.567457973957062 0.225148007273674
0.568247973918915 0.225534006953239
0.569038987159729 0.225920006632805
0.569831013679504 0.22630600631237
0.570623993873596 0.226693004369736
0.571416974067688 0.227081000804901
0.572211980819702 0.227467998862267
0.573006987571716 0.227855995297432
0.573803007602692 0.228244006633759
0.574599981307983 0.228633001446724
0.575398027896881 0.229021996259689
0.576197028160095 0.229411005973816
0.576996982097626 0.229800999164581
0.577798008918762 0.230192005634308
0.578598976135254 0.230581998825073
0.579402029514313 0.2309730052948
0.580205976963043 0.231364995241165
0.581009984016418 0.231756001710892
0.581816017627716 0.232149004936218
0.58262300491333 0.232540994882584
0.583429992198944 0.23293499648571
0.58423900604248 0.233327999711037
0.585048973560333 0.233722001314163
0.585860013961792 0.23411700129509
0.586672008037567 0.234512001276016
0.587485015392303 0.234907001256943
0.588298976421356 0.235302999615669
0.589114010334015 0.235698997974396
0.589931011199951 0.236095994710922
0.590748012065887 0.23649400472641
0.591566979885101 0.236891999840736
0.592387020587921 0.237289994955063
0.593208014965057 0.237689003348351
0.594030022621155 0.238087996840477
0.594852983951569 0.238488003611565
0.595677971839905 0.238888993859291
0.596503973007202 0.239289999008179
0.597330987453461 0.239691004157066
0.59815901517868 0.240092992782593
0.598987996578217 0.24049599468708
0.599819004535675 0.240898996591568
0.600651025772095 0.241302996873856
0.601484000682831 0.241706997156143
0.602319002151489 0.242111995816231
0.603155016899109 0.242516994476318
0.603991985321045 0.242923006415367
0.604830026626587 0.243330001831055
0.605669975280762 0.243736997246742
0.606510996818542 0.244145005941391
0.607353985309601 0.244552999734879
0.60819798707962 0.244962006807327
0.609043002128601 0.245370998978615
0.609888970851898 0.245782002806664
0.610737025737762 0.246191993355751
0.61158698797226 0.2466039955616
0.612438023090363 0.247015997767448
0.613290011882782 0.247428998351097
0.614143013954163 0.247841998934746
0.614997982978821 0.248255997896194
0.615854978561401 0.248669996857643
0.616712987422943 0.249085992574692
0.617572009563446 0.249502003192902
0.618432998657227 0.24991799890995
0.619295001029968 0.25033500790596
0.620158970355988 0.250752985477448
0.621024012565613 0.251172006130219
0.621891021728516 0.251590996980667
0.622759997844696 0.252011001110077
0.623629987239838 0.252431988716125
0.62450098991394 0.252853006124496
0.625374019145966 0.253275007009506
0.626248002052307 0.253697991371155
0.627125024795532 0.254121005535126
0.628001987934113 0.254545003175735
0.628881990909576 0.254970014095306
0.62976199388504 0.255396008491516
0.630644977092743 0.255822002887726
0.631528973579407 0.256249010562897
0.632414996623993 0.256677001714706
0.633301973342896 0.257104992866516
0.63419097661972 0.257535010576248
0.635080993175507 0.257964998483658
0.635973989963531 0.258394986391068
0.636868000030518 0.2588270008564
0.637763023376465 0.259258985519409
0.638661026954651 0.259692013263702
0.639558970928192 0.260125994682312
0.640460014343262 0.260560005903244
0.641363024711609 0.260996013879776
0.642266988754272 0.261431992053986
0.643172979354858 0.261869013309479
0.644079983234406 0.262306988239288
0.644990026950836 0.26274499297142
0.645901024341583 0.263184994459152
0.646813988685608 0.263624995946884
0.647728025913239 0.264066010713577
0.648644983768463 0.264506995677948
0.649563014507294 0.264950007200241
0.650483012199402 0.265392988920212
0.651404976844788 0.265837997198105
0.65232902765274 0.266283005475998
0.653253972530365 0.26672899723053
0.654182016849518 0.267174988985062
0.655111014842987 0.267623007297516
0.656041979789734 0.268070995807648
0.656974971294403 0.268521010875702
0.657909989356995 0.268970996141434
0.658846020698547 0.269421994686127
0.659784972667694 0.269874006509781
0.660726010799408 0.270327001810074
0.661668002605438 0.270779997110367
0.662612020969391 0.27123498916626
0.663559019565582 0.271690011024475
0.66450697183609 0.272146999835968
0.665457010269165 0.272603988647461
0.666410028934479 0.273061990737915
0.667364001274109 0.27352100610733
0.668320000171661 0.273981004953384
0.669278025627136 0.274441987276077
0.670238018035889 0.274904012680054
0.67120099067688 0.275366991758347
0.672164976596832 0.275830000638962
0.673130989074707 0.276295006275177
0.674099028110504 0.276760011911392
0.675069987773895 0.277227014303207
0.676042020320892 0.2776939868927
0.677016973495483 0.278162986040115
0.67799299955368 0.278631985187531
0.678972005844116 0.279101997613907
0.67995297908783 0.279574006795883
0.680935025215149 0.280045986175537
0.681919991970062 0.280519008636475
0.682907998561859 0.280993014574051
0.683897018432617 0.281468003988266
0.684888005256653 0.281944990158081
0.685881972312927 0.282422006130219
0.686878025531769 0.282900005578995
0.687875986099243 0.28337898850441
0.68887597322464 0.283859014511108
0.689877986907959 0.284341007471085
0.690882980823517 0.284823000431061
0.691888988018036 0.285306006669998
0.692897975444794 0.285791009664536
0.693910002708435 0.286276012659073
0.694922983646393 0.286761999130249
0.695939004421234 0.287250012159348
0.696956992149353 0.287737995386124
0.697977006435394 0.288228005170822
0.699000000953674 0.288717985153198
0.700025022029877 0.289209991693497
0.701052010059357 0.289703011512756
0.702081978321075 0.290197014808655
0.703113973140717 0.290690988302231
0.70414799451828 0.291186988353729
0.705184996128082 0.291684001684189
0.706224024295807 0.292183011770248
0.707265019416809 0.292681992053986
0.70830899477005 0.293181985616684
0.709354996681213 0.293684005737305
0.710403025150299 0.294185996055603
0.711453974246979 0.294690012931824
0.712508022785187 0.295195013284683
0.713563978672028 0.295700997114182
0.714622020721436 0.296207994222641
0.715682983398438 0.296716004610062
0.716745972633362 0.297226011753082
0.71781200170517 0.297735989093781
0.718879997730255 0.298247992992401
0.719950973987579 0.298761010169983
0.721023976802826 0.299275010824203
0.722100019454956 0.299789994955063
0.723178029060364 0.300307005643845
0.72425901889801 0.300823986530304
0.725342988967896 0.301342993974686
0.726428985595703 0.301863014698029
0.727518022060394 0.302383989095688
0.728609025478363 0.30290699005127
0.729703009128571 0.303429991006851
0.7307990193367 0.303954988718033
0.731898009777069 0.304480999708176
0.732999980449677 0.305007994174957
0.734104990959167 0.305536985397339
0.735212028026581 0.306066989898682
0.736321985721588 0.306598007678986
0.737434029579163 0.307130008935928
0.738548994064331 0.30766299366951
0.739666998386383 0.308198004961014
0.740787982940674 0.308733999729156
0.741910994052887 0.309271991252899
0.743036985397339 0.309810012578964
0.744166016578674 0.310350000858307
0.745298027992249 0.310891002416611
0.7464320063591 0.311434000730515
0.747569978237152 0.31197801232338
0.748709976673126 0.312523007392883
0.749853014945984 0.313068985939026
0.750998973846436 0.313616991043091
0.752147018909454 0.314166009426117
0.753298997879028 0.314716011285782
0.754453003406525 0.315268009901047
0.75560998916626 0.31582099199295
0.75677102804184 0.316374987363815
0.757933974266052 0.316931009292603
0.759100019931793 0.317488014698029
0.760268986225128 0.318046987056732
0.761440992355347 0.318607002496719
0.762615978717804 0.319168001413345
0.763792991638184 0.319730997085571
0.764973998069763 0.320295006036758
0.766157984733582 0.320859998464584
0.767345011234283 0.32142698764801
0.768535017967224 0.321994990110397
0.769728004932404 0.322564989328384
0.770923972129822 0.323136001825333
0.772122979164124 0.323709011077881
0.773325979709625 0.324283003807068
0.774531006813049 0.324858009815216
0.775739014148712 0.325435012578964
0.776951014995575 0.326014012098312
0.778165996074677 0.326593011617661
0.779384016990662 0.327174991369247
0.780605018138885 0.327758014202118
0.781828999519348 0.328341990709305
0.783056020736694 0.328927993774414
0.784286975860596 0.329515010118484
0.785520970821381 0.330103993415833
0.786758005619049 0.330693989992142
0.787998974323273 0.331286013126373
0.789242029190063 0.331878989934921
0.790489017963409 0.332473993301392
0.791740000247955 0.333070009946823
0.792993009090424 0.333667993545532
0.794250011444092 0.334268003702164
0.795509994029999 0.334868997335434
0.79677402973175 0.335471004247665
0.798040986061096 0.336075991392136
0.799310982227325 0.336681008338928
0.800584971904755 0.33728900551796
0.801863014698029 0.33789798617363
0.80314302444458 0.338508009910583
0.804427027702332 0.339120000600815
0.805715024471283 0.339733988046646
0.807006001472473 0.3403500020504
0.808300971984863 0.340966999530792
0.809598982334137 0.341585010290146
0.810899972915649 0.342206001281738
0.812205970287323 0.342828005552292
0.813513994216919 0.343452006578445
0.814827024936676 0.344076991081238
0.816142976284027 0.344704002141953
0.817462027072906 0.345333009958267
0.818785011768341 0.345963001251221
0.820111989974976 0.346594989299774
0.821443021297455 0.34722900390625
0.822776973247528 0.347864985466003
0.824114978313446 0.34850201010704
0.825456023216248 0.349141001701355
0.826802015304565 0.34978199005127
0.828150987625122 0.350423991680145
0.829502999782562 0.351067990064621
0.830860018730164 0.351713985204697
0.832220017910004 0.352362006902695
0.833585023880005 0.35301199555397
0.834953010082245 0.353662997484207
0.836324989795685 0.354315996170044
0.837700009346008 0.354970991611481
0.839079976081848 0.35562801361084
0.840462982654572 0.356285989284515
0.841850996017456 0.356947004795074
0.843241989612579 0.357609003782272
0.844637989997864 0.35827299952507
0.846036970615387 0.358938992023468
0.847440004348755 0.359607011079788
0.848847985267639 0.360276997089386
0.850259006023407 0.360947996377945
0.851674020290375 0.361622005701065
0.853093981742859 0.362296998500824
0.854516983032227 0.362973988056183
0.855944991111755 0.363653987646103
0.857376992702484 0.364335000514984
0.858812987804413 0.365018010139465
0.860252976417542 0.365702986717224
0.861697018146515 0.366389989852905
0.863144993782043 0.367078989744186
0.864597976207733 0.367769986391068
0.866055011749268 0.368463009595871
0.867515981197357 0.369156986474991
0.868982017040253 0.369854003190994
0.870450973510742 0.370552986860275
0.871924996376038 0.371253997087479
0.873404026031494 0.371957004070282
0.874886989593506 0.372662007808685
0.876374006271362 0.373369008302689
0.877865016460419 0.374078005552292
0.879360973834991 0.374788999557495
0.88086199760437 0.37550300359726
0.882366001605988 0.376217991113663
0.883876025676727 0.376935005187988
0.885389983654022 0.377654999494553
0.886907994747162 0.378376007080078
0.888431012630463 0.379099994897842
0.889958024024963 0.379826009273529
0.89148998260498 0.380553990602493
0.893027007579803 0.38128399848938
0.894568026065826 0.382016986608505
0.896113991737366 0.382750988006592
0.897665023803711 0.38348799943924
0.899219989776611 0.384227007627487
0.900780022144318 0.384968012571335
0.90234500169754 0.385711014270782
0.903914988040924 0.386456996202469
0.905489027500153 0.387205004692078
0.907068014144897 0.387955009937286
0.908652007579803 0.388707011938095
0.910241007804871 0.389461010694504
0.911835014820099 0.390217989683151
0.913433015346527 0.390978008508682
0.915036976337433 0.391739010810852
0.916644990444183 0.392502993345261
0.918259024620056 0.393269002437592
0.919876992702484 0.394037008285522
0.921500980854034 0.394807994365692
0.923129022121429 0.395581007003784
0.924763023853302 0.396356999874115
0.926401972770691 0.397134989500046
0.928045988082886 0.397915005683899
0.929695010185242 0.398698002099991
0.931348979473114 0.399482995271683
0.933008015155792 0.400270998477936
0.934673011302948 0.401060998439789
0.936342000961304 0.401852995157242
0.938017010688782 0.402648001909256
0.939697980880737 0.40344500541687
0.941383004188538 0.404244989156723
0.943073987960815 0.405048012733459
0.944770991802216 0.405853003263474
0.946473002433777 0.406659990549088
0.948180019855499 0.407469987869263
0.949892997741699 0.408282995223999
0.95161098241806 0.409097999334335
0.953333973884583 0.409915000200272
0.955063998699188 0.410735994577408
0.956798017024994 0.411558985710144
0.958539009094238 0.412384003400803
0.960285007953644 0.4132120013237
0.96203601360321 0.414043009281158
0.963792979717255 0.414876013994217
0.965556025505066 0.415711998939514
0.96732497215271 0.416550993919373
0.96909898519516 0.417392998933792
0.970879971981049 0.418237000703812
0.972666025161743 0.419084012508392
0.974457979202271 0.419932991266251
0.976254999637604 0.420785993337631
0.978058993816376 0.421640992164612
0.97986900806427 0.422499001026154
0.981684029102325 0.423359006643295
0.98350602388382 0.424223005771637
0.985333025455475 0.425089001655579
0.987167000770569 0.425958007574081
0.989005982875824 0.426829993724823
0.990851998329163 0.427704989910126
0.992703974246979 0.42858299612999
0.994561970233917 0.429464012384415
0.996426999568939 0.430346995592117
0.998296976089478 0.431234002113342
1.0001699924469 0.432123005390167
1.00206005573273 0.433014988899231
1.00394999980927 0.433910995721817
1.0058399438858 0.434808999300003
1.00774002075195 0.43571001291275
1.00964999198914 0.436614006757736
1.01156997680664 0.437521994113922
1.01348996162415 0.43843200802803
1.01541996002197 0.439345002174377
1.0173499584198 0.440261989831924
1.01928997039795 0.441181004047394
1.02123999595642 0.442104011774063
1.02320003509521 0.443029999732971
1.02515995502472 0.44395899772644
1.02711999416351 0.444891005754471
1.02909994125366 0.44582599401474
1.0310800075531 0.446765005588531
1.03306996822357 0.447706013917923
1.03506004810333 0.448650985956192
1.03707003593445 0.449598997831345
1.03908002376556 0.450549989938736
1.04109001159668 0.45150500535965
1.04311001300812 0.452463001012802
1.04514002799988 0.453424006700516
1.04718005657196 0.454387992620468
1.04922997951508 0.455356001853943
1.05128002166748 0.456326991319656
1.05333995819092 0.457302004098892
1.05540001392365 0.458279997110367
1.0574699640274 0.459261000156403
1.05955994129181 0.460245996713638
1.06164002418518 0.461234003305435
1.06374001502991 0.462226003408432
1.06584000587463 0.46322101354599
1.06795001029968 0.464219987392426
1.07007002830505 0.465222001075745
1.07219004631042 0.466226994991302
1.07432997226715 0.467236995697021
1.07647001743317 0.46824899315834
1.07860994338989 0.469265997409821
1.08077001571655 0.470286011695862
1.08292996883392 0.471309006214142
1.08510005474091 0.472337007522583
1.08728003501892 0.473367989063263
1.08947002887726 0.474402010440826
1.09167003631592 0.475439995527267
1.09387004375458 0.476482003927231
1.09607994556427 0.477528005838394
1.09829998016357 0.478578001260757
1.10052001476288 0.479631006717682
1.10275995731354 0.480688005685806
1.10500001907349 0.481748998165131
1.10724997520447 0.482814013957977
1.10950994491577 0.483882993459702
1.11178004741669 0.484955012798309
1.11406004428864 0.486032009124756
1.11634004116058 0.487111985683441
1.11863005161285 0.48819699883461
1.12093997001648 0.489284992218018
1.12325000762939 0.490377008914948
1.12557005882263 0.491474002599716
1.12788999080658 0.492574006319046
1.13022994995117 0.493678003549576
1.13257002830505 0.494787007570267
1.13493001461029 0.495900005102158
1.13729000091553 0.49701601266861
1.1394499540329 0.498037993907928
1.14089000225067 0.498719990253448
1.14186000823975 0.499175995588303
1.14250004291534 0.499480992555618
1.14293003082275 0.499684005975723
1.14321994781494 0.49981901049614
1.14340996742249 0.499909996986389
1.1434999704361 0.499954998493195
1.14355003833771 0.499976992607117
1.14359998703003 0.5
1.14359998703003 0.5
1.14365005493164 0.500023007392883
1.14370000362396 0.500045001506805
1.14379000663757 0.500090003013611
1.14398002624512 0.500181019306183
1.1442699432373 0.500316977500916
1.144700050354 0.500519990921021
1.14534997940063 0.500826001167297
1.14631998538971 0.501285016536713
1.14777994155884 0.501974999904633
1.1499799489975 0.503013014793396
1.15239000320435 0.50415700674057
1.15481996536255 0.505303978919983
1.15725994110107 0.506456017494202
1.15971004962921 0.507611989974976
1.16216003894806 0.508773028850555
1.16463005542755 0.50993800163269
1.16709995269775 0.51110702753067
1.16958999633789 0.512281000614166
1.17208003997803 0.513459980487823
1.1745799779892 0.514642000198364
1.17709994316101 0.515829980373383
1.17962002754211 0.517022013664246
1.18215000629425 0.518217980861664
1.18468999862671 0.519419014453888
1.18724000453949 0.520624995231628
1.18981003761292 0.521835029125214
1.19237995147705 0.523050010204315
1.1949599981308 0.524268984794617
1.19755005836487 0.525493979454041
1.20015001296997 0.526723027229309
1.20276999473572 0.527957022190094
1.20538997650146 0.529195010662079
1.20801997184753 0.530439019203186
1.21065998077393 0.531687021255493
1.21332001686096 0.532939970493317
1.215980052948 0.534197986125946
1.21865999698639 0.535461008548737
1.22133994102478 0.536728978157043
1.22404003143311 0.538002014160156
1.22674000263214 0.539279997348785
1.22946000099182 0.540562987327576
1.23219001293182 0.541851997375488
1.23493003845215 0.543145000934601
1.23767995834351 0.544443011283875
1.24044001102448 0.545746982097626
1.24320995807648 0.547055006027222
1.24599003791809 0.548368990421295
1.24879002571106 0.54968798160553
1.25159001350403 0.551012992858887
1.25441002845764 0.552343010902405
1.25724005699158 0.553677976131439
1.26007997989655 0.55501800775528
1.26293003559113 0.556363999843597
1.26578998565674 0.557716012001038
1.268669962883 0.559072017669678
1.27155005931854 0.560434997081757
1.27444994449615 0.56180202960968
1.27735996246338 0.563175976276398
1.28027999401093 0.564554989337921
1.28322005271912 0.565939009189606
1.28615999221802 0.567330002784729
1.28911995887756 0.568726003170013
1.29209005832672 0.570127010345459
1.29507994651794 0.571534991264343
1.29806995391846 0.572947978973389
1.30107998847961 0.574366986751556
1.30410003662109 0.575792014598846
1.30712997913361 0.577221989631653
1.31017994880676 0.578658998012543
1.31323003768921 0.580102026462555
1.31631004810333 0.581550002098083
1.31939005851746 0.583005011081696
1.32248997688293 0.584465980529785
1.32560002803802 0.585933029651642
1.32871997356415 0.587405025959015
1.33185005187988 0.588885009288788
1.33500003814697 0.590369999408722
1.33817005157471 0.591861009597778
1.34133994579315 0.593358993530273
1.34452998638153 0.594862997531891
1.34773004055023 0.596373975276947
1.35095000267029 0.597890973091125
1.35417997837067 0.599413990974426
1.35741996765137 0.600943982601166
1.36067998409271 0.602479994297028
1.36395001411438 0.604022979736328
1.3672399520874 0.605571985244751
1.37054002285004 0.607128024101257
1.3738499879837 0.608690977096558
1.37717998027802 0.610260009765625
1.38052999973297 0.611837029457092
1.38388001918793 0.613418996334076
1.38725996017456 0.615009009838104
1.39064002037048 0.616605997085571
1.39403998851776 0.618209004402161
1.39745998382568 0.619818985462189
1.40088999271393 0.621437013149261
1.40434002876282 0.623061001300812
1.40779995918274 0.624692022800446
1.4112800359726 0.626330971717834
1.41477000713348 0.627977013587952
1.41826999187469 0.629629015922546
1.42180001735687 0.631289005279541
1.42533004283905 0.632956981658936
1.42888998985291 0.634630978107452
1.43245995044708 0.636313021183014
1.43604004383087 0.638002991676331
1.43964004516602 0.639699995517731
1.44325995445251 0.64140397310257
1.44688999652863 0.643115997314453
1.45053994655609 0.644834995269775
1.45421004295349 0.646561980247498
1.45789003372192 0.648297011852264
1.461590051651 0.65003901720047
1.46529996395111 0.651789009571075
1.46903002262115 0.653546988964081
1.47277998924255 0.655313014984131
1.4765499830246 0.657087028026581
1.48032999038696 0.658869028091431
1.48413002490997 0.660658001899719
1.48794996738434 0.662455976009369
1.49178004264832 0.664261996746063
1.49563002586365 0.666076004505157
1.49950003623962 0.667897999286652
1.50338995456696 0.669727981090546
1.5072900056839 0.671566009521484
1.5112099647522 0.673412978649139
1.51514995098114 0.6752690076828
1.51910996437073 0.6771320104599
1.52307999134064 0.679004013538361
1.52708005905151 0.680885016918182
1.53109002113342 0.682774007320404
1.53512001037598 0.684671998023987
1.53917002677917 0.686578989028931
1.54323995113373 0.688494026660919
1.54732000827789 0.690418004989624
1.55142998695374 0.69235098361969
1.5555499792099 0.694293022155762
1.55970001220703 0.696242988109589
1.56386005878448 0.698203027248383
1.56804001331329 0.700172007083893
1.57223999500275 0.702149987220764
1.57647001743317 0.704137027263641
1.58071005344391 0.706133008003235
1.58496999740601 0.708137989044189
1.58924996852875 0.710152983665466
1.59354996681213 0.712176978588104
1.59786999225616 0.714210987091064
1.60221004486084 0.716252982616425
1.60657000541687 0.718306005001068
1.61094999313354 0.720368027687073
1.61535000801086 0.722440004348755
1.61977994441986 0.724520981311798
1.62422001361847 0.726611971855164
1.62869000434875 0.728712975978851
1.63317000865936 0.730823993682861
1.63768005371094 0.732945024967194
1.64221000671387 0.735076010227203
1.64675998687744 0.737215995788574
1.65132999420166 0.739367008209229
1.65592002868652 0.74152797460556
1.66053998470306 0.743699014186859
1.66516995429993 0.745881021022797
1.66982996463776 0.748072981834412
1.67452001571655 0.750275015830994
1.67921996116638 0.752488017082214
1.68394994735718 0.754710972309113
1.6886899471283 0.756945013999939
1.6934700012207 0.759189009666443
1.69825994968414 0.761443972587585
1.70308005809784 0.763710021972656
1.7079199552536 0.765986025333405
1.7127799987793 0.768274009227753
1.71766996383667 0.770572006702423
1.72257995605469 0.772881984710693
1.72750997543335 0.775201976299286
1.73247003555298 0.777532994747162
1.73745000362396 0.779875993728638
1.74246001243591 0.782230019569397
1.74749004840851 0.784595012664795
1.75255000591278 0.786971986293793
1.7576299905777 0.789359986782074
1.76273000240326 0.7917600274086
1.76786005496979 0.79417097568512
1.77301001548767 0.796593010425568
1.77819001674652 0.799027979373932
1.78339004516602 0.80147397518158
1.78861999511719 0.803932011127472
1.79387998580933 0.806402027606964
1.79914999008179 0.808883011341095
1.80446004867554 0.811376988887787
1.80979001522064 0.813883006572723
1.81515002250671 0.81640100479126
1.82053005695343 0.818930983543396
1.82594001293182 0.821473002433777
1.83138000965118 0.824028015136719
1.83684003353119 0.82659500837326
1.84232997894287 0.829174995422363
1.8478399515152 0.831767022609711
1.85338997840881 0.834370970726013
1.85896003246307 0.836988985538483
1.86454999446869 0.839618980884552
1.87018001079559 0.842261016368866
1.87583005428314 0.844916999340057
1.88151001930237 0.84758597612381
1.88722002506256 0.850266993045807
1.8929500579834 0.852962017059326
1.89872002601624 0.855669021606445
1.90451002120972 0.858389973640442
1.91033005714417 0.861123979091644
1.91618001461029 0.863870978355408
1.92204999923706 0.866631984710693
1.92796003818512 0.86940598487854
1.93389999866486 0.872193992137909
1.93985998630524 0.874994993209839
1.94585001468658 0.877810001373291
1.95187997817993 0.880638003349304
1.95792996883392 0.883481025695801
1.96401000022888 0.886336982250214
1.97011995315552 0.889207005500793
1.97625994682312 0.892090976238251
1.98242998123169 0.894989013671875
1.98863005638123 0.897900998592377
1.99486994743347 0.900826990604401
2.00113010406494 0.903766989707947
2.0074200630188 0.906722009181976
2.01374006271362 0.909690976142883
2.02010011672974 0.912674009799957
2.02648997306824 0.91567200422287
2.03290009498596 0.918685019016266
2.0393500328064 0.921711981296539
2.0458300113678 0.92475301027298
2.05234003067017 0.92781001329422
2.0588800907135 0.930881023406982
2.06545996665955 0.933966994285583
2.07206010818481 0.937067985534668
2.07870006561279 0.940182983875275
2.08537006378174 0.943314015865326
2.09208011627197 0.946460008621216
2.09880995750427 0.949621021747589
2.10558009147644 0.952798008918762
2.112380027771 0.955989003181458
2.11922001838684 0.959195971488953
2.12608003616333 0.962418973445892
2.13298010826111 0.965655982494354
2.1399199962616 0.968909025192261
2.14687991142273 0.972177982330322
2.15387988090515 0.975462973117828
2.16091990470886 0.978762984275818
2.16797995567322 0.982079029083252
2.17509007453918 0.98540997505188
2.18221998214722 0.988758027553558
2.18938994407654 0.992120981216431
2.19659996032715 0.995500028133392
2.2038300037384 0.998894989490509
2.21111011505127 1.00231003761292
2.2184100151062 1.00573003292084
2.22575998306274 1.00917994976044
2.23312997817993 1.01263999938965
2.24054002761841 1.01610994338989
2.24798989295959 1.01961004734039
2.25547003746033 1.0231100320816
2.26298999786377 1.02664005756378
2.27053999900818 1.03017997741699
2.27813005447388 1.03374004364014
2.28574991226196 1.03731000423431
2.29341006278992 1.04089999198914
2.30111002922058 1.0445100069046
2.30884003639221 1.04814004898071
2.31661009788513 1.05177998542786
2.32440996170044 1.05543994903564
2.33225011825562 1.05911004543304
2.34012007713318 1.0628000497818
2.34803009033203 1.06650996208191
2.35597991943359 1.07024002075195
2.3639600276947 1.07397997379303
2.37198996543884 1.07773995399475
2.38003993034363 1.08150994777679
2.38813996315002 1.0853099822998
2.39627003669739 1.08912003040314
2.40442991256714 1.09294998645782
2.41264009475708 1.09678995609283
2.42088007926941 1.10064995288849
2.42916011810303 1.10452997684479
2.43747997283936 1.10843002796173
2.44583010673523 1.11233997344971
2.45422005653381 1.11626994609833
2.46265006065369 1.12021994590759
2.47111010551453 1.1241899728775
2.47960996627808 1.12817001342773
2.48814988136292 1.13216996192932
2.49673008918762 1.13619005680084
2.50534009933472 1.1402200460434
2.51399993896484 1.14427995681763
2.52269005775452 1.14835000038147
2.53140997886658 1.15243995189667
2.54017996788025 1.15654003620148
2.54897999763489 1.16066002845764
2.55782008171082 1.16480004787445
2.56669998168945 1.16895997524261
2.57561993598938 1.17314004898071
2.58456993103027 1.17733001708984
2.59356999397278 1.18154001235962
2.60260009765625 1.18577003479004
2.61166000366211 1.19001996517181
2.62076997756958 1.1942800283432
2.62992000579834 1.19855999946594
2.63910007476807 1.20285999774933
2.6483199596405 1.20718002319336
2.65757989883423 1.21150994300842
2.6668701171875 1.21586000919342
2.67620992660522 1.22022998332977
2.6855800151825 1.22461998462677
2.69498991966248 1.22901999950409
2.70444011688232 1.23344004154205
2.71392011642456 1.23787999153137
2.72344994544983 1.24233996868134
2.73301005363464 1.24681997299194
2.74260997772217 1.25130999088287
2.75224995613098 1.25582003593445
2.76191997528076 1.26034998893738
2.77164006233215 1.26488995552063
2.78138995170593 1.26944994926453
2.791179895401 1.27402997016907
2.80100011825562 1.27863001823425
2.81086993217468 1.28324997425079
2.8207700252533 1.28787994384766
2.83070993423462 1.29252994060516
2.84068989753723 1.29719996452332
2.85069990158081 1.30188000202179
2.860759973526 1.30657994747162
2.87085008621216 1.31130003929138
2.88098001480103 1.3160400390625
2.89113998413086 1.32079005241394
2.90134000778198 1.32555997371674
2.91158008575439 1.33035004138947
2.92185997962952 1.33516001701355
2.93216991424561 1.33998000621796
2.94251990318298 1.34482002258301
2.95290994644165 1.34967994689941
2.96334004402161 1.35455000400543
2.97379994392395 1.35943996906281
2.98429989814758 1.36434996128082
2.99482989311218 1.36927998065948
3.00539994239807 1.37422001361847
3.01601004600525 1.37917995452881
3.02664995193481 1.38415002822876
3.03733992576599 1.38914000988007
3.04804992675781 1.39415001869202
3.05880999565125 1.39918005466461
3.06960010528564 1.40421998500824
3.08042001724243 1.40927994251251
3.09127998352051 1.41436004638672
3.10218000411987 1.41945004463196
3.11311006546021 1.42455995082855
3.12407994270325 1.42967998981476
3.13508009910583 1.43482005596161
3.14612007141113 1.43998003005981
3.15720009803772 1.44515001773834
3.16830992698669 1.45034003257751
3.17945003509521 1.45554995536804
3.19062995910645 1.46077001094818
3.20183992385864 1.46600997447968
3.21308994293213 1.47125995159149
3.2243800163269 1.47652995586395
3.23569011688232 1.48181998729706
3.24705004692078 1.48712003231049
3.25843000411987 1.49243998527527
3.26985001564026 1.49776995182037
3.28131008148193 1.50311994552612
3.292799949646 1.50847995281219
3.3043200969696 1.51385998725891
3.31588006019592 1.51926004886627
3.32746005058289 1.52467000484467
3.33909010887146 1.5300999879837
3.3507399559021 1.53553998470306
3.36243009567261 1.54098999500275
3.3741500377655 1.5464700460434
3.38591003417969 1.55194997787476
3.39770007133484 1.55745005607605
3.40951991081238 1.5629700422287
3.42137002944946 1.56850004196167
3.43324995040894 1.574049949646
3.4451699256897 1.57960999011993
3.45711994171143 1.58519005775452
3.46909999847412 1.59078001976013
3.48111009597778 1.59637999534607
3.49316000938416 1.60199999809265
3.50522994995117 1.60764002799988
3.51733994483948 1.6132800579071
3.52947998046875 1.61895000934601
3.54165005683899 1.62461996078491
3.55384993553162 1.63031005859375
3.56608009338379 1.63601994514465
3.57834005355835 1.64173996448517
3.5906400680542 1.64746999740601
3.60296010971069 1.65322005748749
3.61530995368958 1.65898001194
3.627690076828 1.66474997997284
3.64011001586914 1.67053997516632
3.65254998207092 1.67633998394012
3.66501998901367 1.68216001987457
3.67752003669739 1.68798995018005
3.69004988670349 1.69383001327515
3.70262002944946 1.69968998432159
3.71519994735718 1.70554995536804
3.72781991958618 1.71143996715546
3.74046993255615 1.71732997894287
3.75314998626709 1.72324001789093
3.76585006713867 1.72915995121002
3.77857995033264 1.73510003089905
3.79134011268616 1.74103999137878
3.80413007736206 1.74699997901917
3.81695008277893 1.75297999382019
3.82979989051819 1.75896000862122
3.84266996383667 1.76496005058289
3.85557007789612 1.77096998691559
3.86849999427795 1.7769900560379
3.88144993782043 1.78303003311157
3.89442992210388 1.78908002376556
3.9074399471283 1.79514002799988
3.92048001289368 1.80121004581451
3.9335401058197 1.80728995800018
3.94663000106812 1.81339001655579
3.95973992347717 1.81949996948242
3.97288990020752 1.82562005519867
3.98604989051819 1.83175003528595
3.99924993515015 1.83790004253387
4.01246976852417 1.8440500497818
4.025710105896 1.85021996498108
4.03899002075195 1.85640001296997
4.05227994918823 1.8625899553299
4.06559991836548 1.86879003047943
4.07894992828369 1.87501001358032
4.09232997894287 1.88122999668121
4.10572004318237 1.88747000694275
4.11915016174316 1.89371001720428
4.13258981704712 1.89997005462646
4.1460599899292 1.90623998641968
4.15956020355225 1.91252994537354
4.17307996749878 1.91882002353668
4.18662977218628 1.92511999607086
4.20020008087158 1.93142998218536
4.21378993988037 1.93775999546051
4.22740983963013 1.94410002231598
4.24104976654053 1.95044004917145
4.25471019744873 1.95679998397827
4.26840019226074 1.96317005157471
4.2821102142334 1.96955001354218
4.29584980010986 1.97592997550964
4.30960988998413 1.98232996463776
4.32339000701904 1.98873996734619
4.3371901512146 1.99515998363495
4.35101985931396 2.00159001350403
4.36487007141113 2.00802993774414
4.37873983383179 2.0144898891449
4.39263010025024 2.02095007896423
4.40654993057251 2.02742004394531
4.42048978805542 2.03390002250671
4.43445014953613 2.04039001464844
4.44844007492065 2.04689002037048
4.4624400138855 2.05340003967285
4.47646999359131 2.05992007255554
4.49052000045776 2.06645011901855
4.50459003448486 2.07298994064331
4.51868009567261 2.07954001426697
4.53280019760132 2.08610010147095
4.54692983627319 2.09266996383667
4.56108999252319 2.09925007820129
4.57527017593384 2.10583996772766
4.58945989608765 2.11244010925293
4.60368013381958 2.11904001235962
4.617919921875 2.12565994262695
4.63219022750854 2.13228011131287
4.64647006988525 2.13892006874084
4.66076993942261 2.14556002616882
4.67508983612061 2.15222001075745
4.68943977355957 2.15887999534607
4.70380020141602 2.16554999351501
4.71818017959595 2.17223000526428
4.73259019851685 2.17892003059387
4.74701023101807 2.18562006950378
4.7614598274231 2.19232988357544
4.77591991424561 2.19903993606567
4.79040002822876 2.20577001571655
4.80491018295288 2.21250009536743
4.81942987442017 2.21923995018005
4.83397006988525 2.22599005699158
4.84852981567383 2.23274993896484
4.86312007904053 2.23952007293701
4.87771987915039 2.24629998207092
4.89234018325806 2.25308990478516
4.90698003768921 2.25988006591797
4.92162990570068 2.26668000221252
4.93630981445313 2.2734899520874
4.95101022720337 2.2803099155426
4.96572017669678 2.28713989257813
4.98045015335083 2.29397988319397
4.99521017074585 2.30082011222839
5.00998020172119 2.30767011642456
5.02476978302002 2.31452989578247
5.03956985473633 2.32139992713928
5.0543999671936 2.32827997207642
5.0692400932312 2.33517003059387
5.08410978317261 2.34206008911133
5.09898996353149 2.34895992279053
5.11389017105103 2.35587000846863
5.12879991531372 2.36279010772705
5.14374017715454 2.36970996856689
5.15868997573853 2.37665009498596
5.17365980148315 2.38358998298645
5.18865013122559 2.39053988456726
5.2036600112915 2.39749002456665
5.21867990493774 2.40445995330811
5.23371982574463 2.41142988204956
5.24877977371216 2.41841006278992
5.26386022567749 2.42540001869202
5.27895021438599 2.43239998817444
5.29406023025513 2.43939995765686
5.30918979644775 2.4464099407196
5.32433986663818 2.45342993736267
5.33949995040894 2.46045994758606
5.35468006134033 2.46748995780945
5.36988019943237 2.47452998161316
5.38508987426758 2.48158001899719
5.40032005310059 2.48864006996155
5.41556978225708 2.49569988250732
5.43083000183105 2.502769947052
5.44611978530884 2.509850025177
5.4614200592041 2.51694011688232
5.47672986984253 2.52402997016907
5.49206018447876 2.53113007545471
5.50741004943848 2.5382399559021
5.52277994155884 2.54535007476807
5.53815984725952 2.5524799823761
5.55355978012085 2.55960011482239
5.56897020339966 2.56674003601074
5.58440017700195 2.57388997077942
5.59985017776489 2.5810399055481
5.61531019210815 2.58820009231567
5.63079023361206 2.59536004066467
5.64628982543945 2.60253000259399
5.66179990768433 2.60970997810364
5.67733001708984 2.6168999671936
5.69287014007568 2.62408995628357
5.70843982696533 2.63128995895386
5.72400999069214 2.63849997520447
5.73960018157959 2.6457200050354
5.75520992279053 2.65294003486633
5.77084016799927 2.66017007827759
5.78647994995117 2.66739988327026
5.80213022232056 2.67464995384216
5.81781005859375 2.68189001083374
5.83348989486694 2.68915009498596
5.8491997718811 2.6964099407196
5.86491012573242 2.70368003845215
5.88065004348755 2.71095991134644
5.896399974823 2.7182400226593
5.91215991973877 2.72552990913391
5.92794990539551 2.73283004760742
5.94373989105225 2.74013996124268
5.95954990386963 2.74745011329651
5.97537994384766 2.75476002693176
5.99123001098633 2.76208996772766
6.007080078125 2.76941990852356
6.02296018600464 2.77676010131836
6.03884983062744 2.78410005569458
6.05474996566772 2.79145002365112
6.07067012786865 2.79881000518799
6.08659982681274 2.80616998672485
6.10255002975464 2.81353998184204
6.11851978302002 2.82091999053955
6.13450002670288 2.82829999923706
6.15049982070923 2.83569002151489
6.16651010513306 2.84309005737305
6.18252992630005 2.8504900932312
6.19856977462769 2.8578999042511
6.21463012695313 2.8653199672699
6.23070001602173 2.8727400302887
6.24677991867065 2.88017010688782
6.26287984848022 2.88759994506836
6.27899980545044 2.89505004882813
6.29512977600098 2.90249991416931
6.31127023696899 2.90995001792908
6.32742977142334 2.91740989685059
6.34360980987549 2.924880027771
6.35979986190796 2.93234992027283
6.37599992752075 2.93983006477356
6.39222002029419 2.94731998443604
6.40845012664795 2.95480990409851
6.4246997833252 2.96231007575989
6.44095993041992 2.96982002258301
6.45724010467529 2.97732996940613
6.47352981567383 2.98484992980957
6.48984003067017 2.99237990379333
6.50615978240967 2.99991011619568
6.52250003814697 3.00744009017944
6.53884983062744 3.01499009132385
6.55521011352539 3.02254009246826
6.57158994674683 3.03009009361267
6.58798980712891 3.03765988349915
6.60440015792847 3.04521989822388
6.62082004547119 3.05279994010925
6.63725996017456 3.06037998199463
6.65370988845825 3.06797003746033
6.67017984390259 3.07556009292603
6.68665981292725 3.08315992355347
6.70314979553223 3.09077000617981
6.71965980529785 3.09838008880615
6.73618984222412 3.10599994659424
6.75272989273071 3.1136200428009
6.76927995681763 3.12124991416931
6.78585004806519 3.12889003753662
6.80243015289307 3.13652992248535
6.81901979446411 3.14418005943298
6.83562994003296 3.15183997154236
6.85226011276245 3.15949988365173
6.86889982223511 3.16717004776001
6.88555002212524 3.17483997344971
6.90221977233887 3.18251991271973
6.91890001296997 3.19020009040833
6.93558979034424 3.19790005683899
6.95230007171631 3.20559000968933
6.96902990341187 3.21329998970032
6.9857702255249 3.2210099697113
7.0025200843811 3.22871994972229
7.01927995681763 3.23644995689392
7.03605985641479 3.24416995048523
7.05285978317261 3.25190997123718
7.0696702003479 3.25964999198914
7.08649015426636 3.26740002632141
7.10333013534546 3.27515006065369
7.12018013000488 3.28291010856628
7.13705015182495 3.2906699180603
7.15393018722534 3.29843997955322
7.17082023620605 3.30622005462646
7.18772983551025 3.31399989128113
7.20464992523193 3.32178997993469
7.22158002853394 3.32958006858826
7.23853015899658 3.33737993240356
7.25549983978271 3.34519004821777
7.27248001098633 3.3529999256134
7.28947019577026 3.36082005500793
7.30646991729736 3.36863994598389
7.32349014282227 3.37647008895874
7.34052991867065 3.38431000709534
7.35758018493652 3.39214992523193
7.37463998794556 3.40000009536743
7.39170980453491 3.40786004066467
7.40880012512207 3.41571998596191
7.42590999603271 3.42357993125916
7.44302988052368 3.43144989013672
7.46015977859497 3.43933010101318
7.47730016708374 3.44722008705139
7.494460105896 3.4551100730896
7.5116400718689 3.46300005912781
7.52883005142212 3.47090005874634
7.54603004455566 3.47881007194519
7.56324005126953 3.48672008514404
7.58047008514404 3.49464011192322
7.5977201461792 3.50256991386414
7.61497020721436 3.51049995422363
7.63224983215332 3.51844000816345
7.64952993392944 3.52638006210327
7.66683006286621 3.53432989120483
7.6841402053833 3.54227995872498
7.70146989822388 3.55025005340576
7.71881008148193 3.55820989608765
7.73616981506348 3.56617999076843
7.7535400390625 3.57416009902954
7.77091979980469 3.58214998245239
7.78832006454468 3.59014010429382
7.80572986602783 3.59812998771667
7.82315015792847 3.60613989830017
7.84059000015259 3.61414003372192
7.85803985595703 3.62215995788574
7.87551021575928 3.63017988204956
7.89299011230469 3.63820004463196
7.91049003601074 3.64623999595642
7.9279899597168 3.65426993370056
7.94551992416382 3.66231989860535
7.96304988861084 3.67037010192871
7.98059988021851 3.6784200668335
7.99816989898682 3.6864800453186
8.01574039459229 3.69455003738403
8.03334045410156 3.70262002944946
8.05093955993652 3.71070003509521
8.06855964660645 3.71878004074097
8.08619976043701 3.72687005996704
8.10383987426758 3.73497009277344
8.12150001525879 3.74306988716125
8.13918018341064 3.75117993354797
8.15686988830566 3.75929999351501
8.17457008361816 3.76741003990173
8.19229030609131 3.7755401134491
8.21002006530762 3.78366994857788
8.22776985168457 3.79181003570557
8.24551963806152 3.79994988441467
8.2632999420166 3.80809998512268
8.28108024597168 3.81626009941101
8.29889011383057 3.82441997528076
8.31669998168945 3.83258008956909
8.33452987670898 3.84075999259949
8.352370262146 3.84893989562988
8.37022972106934 3.85712003707886
8.38809967041016 3.86530995368958
8.40598011016846 3.87350988388062
8.42387962341309 3.88171005249023
8.4417896270752 3.8899199962616
8.45971965789795 3.89812994003296
8.47766017913818 3.90634989738464
8.49561023712158 3.91457009315491
8.51358032226563 3.92281007766724
8.53157043457031 3.93104004859924
8.54955959320068 3.93929004669189
8.56756973266602 3.94753003120422
8.58559989929199 3.9557900428772
8.60363006591797 3.96405005455017
8.62168979644775 3.97232007980347
8.63974952697754 3.98059010505676
8.65783023834229 3.9888699054718
8.67593002319336 3.99714994430542
8.69404029846191 4.00544023513794
8.71216011047363 4.01374006271362
8.73029041290283 4.02203989028931
8.74845027923584 4.03035020828247
8.76661014556885 4.03866004943848
8.7847900390625 4.0469799041748
8.80298042297363 4.05530977249146
8.82118988037109 4.06364011764526
8.83940982818604 4.07196998596191
8.85764026641846 4.08031988143921
8.87588977813721 4.0886697769165
8.89414978027344 4.09702014923096
8.91242980957031 4.10538005828857
8.93072032928467 4.11374998092651
8.94902992248535 4.12211990356445
8.96735000610352 4.13049983978271
8.98567962646484 4.13887977600098
9.00403022766113 4.14727020263672
9.02239036560059 4.15567016601563
9.04076957702637 4.16407012939453
9.05916023254395 4.17248010635376
9.07756042480469 4.18089008331299
9.09597969055176 4.18931007385254
9.11441040039063 4.19774007797241
9.13286018371582 4.20617008209229
9.1513204574585 4.21461009979248
9.16979026794434 4.22305011749268
9.18828010559082 4.23150014877319
9.20678043365479 4.23996019363403
9.22529983520508 4.24841976165771
9.24382972717285 4.25687980651855
9.26237964630127 4.26535987854004
9.28094005584717 4.27383995056152
9.29951000213623 4.28232002258301
9.31809997558594 4.29081010818481
9.33670043945313 4.29931020736694
9.35531997680664 4.30780982971191
9.37395000457764 4.31631994247437
9.39260005950928 4.32483005523682
9.41125965118408 4.33335018157959
9.42992973327637 4.34187984466553
9.4486198425293 4.35040998458862
9.46732044219971 4.35895013809204
9.48604011535645 4.36749982833862
9.50477027893066 4.37604999542236
9.52352046966553 4.3846001625061
9.54228019714355 4.39315986633301
9.56105041503906 4.40173006057739
9.5798397064209 4.41030979156494
9.59864044189453 4.41888999938965
9.61746025085449 4.42747020721436
9.63628959655762 4.43606996536255
9.6551399230957 4.44466018676758
9.67399978637695 4.45326995849609
9.69287014007568 4.46188020706177
9.71175956726074 4.47048997879028
9.7306604385376 4.47910976409912
9.74958038330078 4.48774003982544
9.76850986480713 4.49637985229492
9.78746032714844 4.50502014160156
9.80642032623291 4.51365995407104
9.82540035247803 4.52230978012085
9.84438991546631 4.53097009658813
9.86338996887207 4.53963994979858
9.88241004943848 4.54830980300903
9.90143966674805 4.55698013305664
9.92049026489258 4.56565999984741
9.93955993652344 4.57434988021851
9.9586296081543 4.58304977416992
9.97772026062012 4.5917501449585
9.99682998657227 4.60045003890991
10.0159997940063 4.60915994644165
