0.805516004562378 0.26612201333046
0.804377019405365 0.265677988529205
0.803241014480591 0.265235006809235
0.802107989788055 0.264793008565903
0.800975978374481 0.26435199379921
0.799847006797791 0.263911992311478
0.798720002174377 0.263471990823746
0.797595024108887 0.263033986091614
0.796472012996674 0.262596011161804
0.795351982116699 0.262158989906311
0.794233977794647 0.261723011732101
0.793118000030518 0.261287003755569
0.792003989219666 0.260852009057999
0.790893018245697 0.260419011116028
0.789783000946045 0.259986013174057
0.788676023483276 0.259552985429764
0.787569999694824 0.259122014045715
0.786467015743256 0.258691012859344
0.785365998744965 0.258260995149612
0.784267008304596 0.257831990718842
0.783170998096466 0.257403999567032
0.782076001167297 0.256976008415222
0.780982971191406 0.256549000740051
0.779892981052399 0.256123006343842
0.778804004192352 0.255697995424271
0.777716994285583 0.255273997783661
0.776633024215698 0.254850000143051
0.775550007820129 0.25442698597908
0.774469971656799 0.254004001617432
0.773391008377075 0.253583014011383
0.77231502532959 0.253161996603012
0.771239995956421 0.252741992473602
0.770168006420135 0.252321988344193
0.769096970558167 0.251902997493744
0.768028020858765 0.251484990119934
0.766960978507996 0.251067996025085
0.765896022319794 0.250651001930237
0.764832973480225 0.250234991312027
0.763772010803223 0.249819993972778
0.762713015079498 0.24940499663353
0.76165497303009 0.248991996049881
0.760599970817566 0.248577997088432
0.759545981884003 0.248165994882584
0.758494019508362 0.247753992676735
0.757444024085999 0.247343003749847
0.756395995616913 0.246931999921799
0.75534999370575 0.24652199447155
0.754305005073547 0.246113002300262
0.753261983394623 0.245703995227814
0.752220988273621 0.245296001434326
0.75118100643158 0.244889006018639
0.750144004821777 0.24448199570179
0.749108016490936 0.244075998663902
0.748073995113373 0.243671000003815
0.747040987014771 0.243266001343727
0.746011018753052 0.24286200106144
0.744980990886688 0.242458000779152
0.743954002857208 0.242054998874664
0.742928028106689 0.241652995347977
0.741904020309448 0.24125100672245
0.740881979465485 0.240850001573563
0.739861011505127 0.240448996424675
0.738842010498047 0.240049004554749
0.737824022769928 0.239649996161461
0.736808001995087 0.239251002669334
0.735794007778168 0.238851994276047
0.73478102684021 0.23845499753952
0.73377001285553 0.238057002425194
0.732760012149811 0.237661004066467
0.731751978397369 0.237265005707741
0.730745017528534 0.236869007349014
0.729740023612976 0.236474007368088
0.728735983371735 0.236080005764961
0.72773402929306 0.235686004161835
0.726733028888702 0.235292002558708
0.725733995437622 0.234898999333382
0.724735975265503 0.234506994485855
0.723739981651306 0.23411500453949
0.722745001316071 0.233723998069763
0.721750974655151 0.233333006501198
0.720758974552155 0.232942000031471
0.719767987728119 0.232552006840706
0.718779027462006 0.232162997126579
0.717791020870209 0.231774002313614
0.716804027557373 0.231384992599487
0.715819001197815 0.230996996164322
0.714833974838257 0.230609998106956
0.713851988315582 0.230223000049591
0.712870001792908 0.229836001992226
0.711889982223511 0.22945000231266
0.710910975933075 0.229064002633095
0.709933996200562 0.228678002953529
0.708957016468048 0.228294000029564
0.707982003688812 0.227908998727798
0.707008004188538 0.227524995803833
0.706035017967224 0.227140992879868
0.705062985420227 0.226758003234863
0.704092979431152 0.226374998688698
0.703123986721039 0.225991994142532
0.702154994010925 0.225610002875328
0.701188027858734 0.225228995084763
0.700222015380859 0.224847003817558
0.699258029460907 0.224465996026993
0.69829398393631 0.224085003137589
0.697331011295319 0.223704993724823
0.696368992328644 0.223324999213219
0.695408999919891 0.222946003079414
0.694449007511139 0.222565993666649
0.693490028381348 0.222186997532845
0.692533016204834 0.22180899977684
0.69157600402832 0.221430003643036
0.690620005130768 0.221052005887032
0.689665019512177 0.220673993229866
0.688710987567902 0.220296993851662
0.687758028507233 0.219919994473457
0.68680602312088 0.219542995095253
0.685854971408844 0.219165995717049
0.684903979301453 0.218789994716644
0.683954000473022 0.21841399371624
0.683004975318909 0.218037992715836
0.682057023048401 0.217662006616592
0.681110024452209 0.217287003993988
0.680163025856018 0.216911002993584
0.679216980934143 0.216536000370979
0.678272008895874 0.216161996126175
0.67732697725296 0.215786993503571
0.676383018493652 0.215413004159927
0.675440013408661 0.215038001537323
0.674497008323669 0.214663997292519
0.673555016517639 0.214289993047714
0.672613978385925 0.213916003704071
0.671671986579895 0.213542997837067
0.670732021331787 0.213168993592262
0.669791996479034 0.212796002626419
0.668851971626282 0.212421998381615
0.667913019657135 0.212049007415771
0.666974008083344 0.211676001548767
0.666036009788513 0.211302995681763
0.665098011493683 0.21092900633812
0.664160013198853 0.210556000471115
0.663223028182983 0.210182994604111
0.662284970283508 0.209810003638268
0.661347985267639 0.209436997771263
0.660412013530731 0.20906400680542
0.659475028514862 0.208691000938416
0.658538997173309 0.208317995071411
0.65760201215744 0.207945004105568
0.656665980815887 0.207571998238564
0.655730009078979 0.20719900727272
0.654793977737427 0.206825003027916
0.653856992721558 0.206451997160912
0.65292102098465 0.206077992916107
0.651983976364136 0.205704003572464
0.651048004627228 0.20532999932766
0.650111019611359 0.204955995082855
0.649173974990845 0.204582005739212
0.648235976696014 0.204207003116608
0.647297978401184 0.203832998871803
0.646359980106354 0.203457996249199
0.645421981811523 0.203081995248795
0.644482970237732 0.20270699262619
0.643543004989624 0.202331006526947
0.642602980136871 0.201955005526543
0.641662001609802 0.201578006148338
0.640721023082733 0.201201006770134
0.639778017997742 0.200822994112968
0.63883501291275 0.200444996356964
0.637890994548798 0.20006699860096
0.636946022510529 0.199688002467155
0.635999977588654 0.199309006333351
0.635052978992462 0.198928996920586
0.634105026721954 0.198548004031181
0.633154988288879 0.198166996240616
0.632203996181488 0.197785004973412
0.631251990795135 0.197402000427246
0.630298018455505 0.197018995881081
0.629342973232269 0.196634992957115
0.628385007381439 0.196250006556511
0.627426028251648 0.195864006876945
0.626465976238251 0.19547800719738
0.62550300359726 0.195089995861053
0.624538004398346 0.194701001048088
0.623570024967194 0.194310992956161
0.622600972652435 0.193920999765396
0.621627986431122 0.19352899491787
0.620653986930847 0.193134993314743
0.619675993919373 0.192741006612778
0.618695020675659 0.19234499335289
0.617711007595062 0.191946998238564
0.616724014282227 0.191548004746437
0.615733027458191 0.191147997975349
0.614737987518311 0.190745994448662
0.613740026950836 0.190341994166374
0.612736999988556 0.189935997128487
0.611729979515076 0.189528003334999
0.610718011856079 0.18911799788475
0.609700977802277 0.188704997301102
0.608678996562958 0.188290998339653
0.607650995254517 0.187874004244804
0.606617987155914 0.187454000115395
0.605578005313873 0.187031999230385
0.604530990123749 0.186606004834175
0.603477001190186 0.186177000403404
0.602415025234222 0.185745000839233
0.601345002651215 0.185308992862701
0.600265979766846 0.184870004653931
0.599177002906799 0.184425994753838
0.598079025745392 0.183978006243706
0.59696900844574 0.183524996042252
0.595848023891449 0.183066993951797
0.594713985919952 0.182603001594543
0.593566000461578 0.182133004069328
0.59240198135376 0.181657001376152
0.591223001480103 0.181173995137215
0.590025007724762 0.180683001875877
0.588808000087738 0.180182993412018
0.587570011615753 0.179673999547958
0.586306989192963 0.179155007004738
0.58501797914505 0.178624004125595
0.583700001239777 0.178081005811691
0.582349002361298 0.177524000406265
0.580960988998413 0.176951006054878
0.579533994197845 0.176360994577408
0.578063011169434 0.175751000642776
0.576543986797333 0.175120994448662
0.574976027011871 0.174470007419586
0.573360979557037 0.173797994852066
0.571709990501404 0.173109993338585
0.570047974586487 0.172416001558304
0.568413019180298 0.171731993556023
0.566854000091553 0.171077996492386
0.565411984920502 0.170470997691154
0.56410801410675 0.16992199420929
0.562943994998932 0.169431000947952
0.561909019947052 0.16899299621582
0.560989022254944 0.168603003025055
0.560167014598846 0.168254002928734
0.559428989887238 0.167940005660057
0.55876499414444 0.167657002806664
0.558162987232208 0.167401000857353
0.557615995407104 0.167166993021965
0.557116985321045 0.16695299744606
0.556661009788513 0.166758000850677
0.556241989135742 0.166577994823456
0.555855989456177 0.166411995887756
0.555501997470856 0.166260004043579
0.555173993110657 0.166118994355202
0.55487197637558 0.165987998247147
0.55459201335907 0.165867999196053
0.554332971572876 0.16575600206852
0.554094016551971 0.165652006864548
0.553873002529144 0.165555998682976
0.553668022155762 0.165468007326126
0.553479015827179 0.165386006236076
0.553304016590118 0.165309995412827
0.55314302444458 0.165240004658699
0.552994012832642 0.165175005793571
0.552857995033264 0.165114998817444
0.55273300409317 0.165060997009277
0.552618980407715 0.165011003613472
0.552514016628265 0.164965003728867
0.552420020103455 0.164923995733261
0.552334010601044 0.164886996150017
0.552258014678955 0.164853006601334
0.552188992500305 0.164822995662689
0.552128970623016 0.164795994758606
0.552075982093811 0.164773002266884
0.552030026912689 0.164753004908562
0.551991999149323 0.16473600268364
0.551959991455078 0.164721995592117
0.551934003829956 0.164710998535156
0.551914989948273 0.164701998233795
0.551901996135712 0.164695993065834
0.551894009113312 0.164692997932434
0.551892995834351 0.164691999554634
0.551894009113312 0.164692997932434
0.55190098285675 0.164695993065834
0.551912009716034 0.164700999855995
0.551928997039795 0.164708003401756
0.551949977874756 0.164718002080917
0.551976025104523 0.164729997515678
0.552007019519806 0.164743006229401
0.552042007446289 0.164758995175362
0.552080988883972 0.164775997400284
0.5521240234375 0.164794996380806
0.552172005176544 0.164817005395889
0.552223026752472 0.164839997887611
0.552277982234955 0.164864003658295
0.552336990833282 0.164890006184578
0.552398979663849 0.164918005466461
0.55246502161026 0.164948001503944
0.552534997463226 0.164978995919228
0.552608013153076 0.165012001991272
0.552684009075165 0.165046006441116
0.552762985229492 0.165081992745399
0.552845001220703 0.165119007229805
0.552931010723114 0.165157005190849
0.553020000457764 0.165196999907494
0.553111016750336 0.165239006280899
0.553206026554108 0.165280997753143
0.553303003311157 0.165325000882149
0.55340301990509 0.165370002388954
0.553506016731262 0.16541700065136
0.553611993789673 0.165464997291565
0.553719997406006 0.165514007210732
0.553830981254578 0.165564000606537
0.553943991661072 0.165615007281303
0.554059982299805 0.165667995810509
0.55417799949646 0.165721997618675
0.554298996925354 0.165775999426842
0.55442202091217 0.165831997990608
0.554548025131226 0.165889993309975
0.554675996303558 0.165948003530502
0.554805994033813 0.166006997227669
0.554938018321991 0.166067004203796
0.555073022842407 0.166128993034363
0.55520898103714 0.16619099676609
0.555347979068756 0.166254997253418
0.555489003658295 0.166318997740746
0.555631995201111 0.166384994983673
0.555777013301849 0.166451007127762
0.555923998355865 0.166518002748489
0.556074023246765 0.166586995124817
0.556225001811981 0.166656002402306
0.55637800693512 0.166725993156433
0.556532979011536 0.166797995567322
0.556689977645874 0.16686999797821
0.556849002838135 0.166942998766899
0.557008981704712 0.167016997933388
0.557172000408173 0.167091995477676
0.55733597278595 0.167166993021965
0.557501971721649 0.167244002223015
0.557669997215271 0.167321994900703
0.55783998966217 0.167400002479553
0.558010995388031 0.167478993535042
0.55818498134613 0.167558997869492
0.558359026908875 0.167640000581741
0.558535993099213 0.167722001671791
0.558713972568512 0.167805001139641
0.558893978595734 0.167888000607491
0.559076011180878 0.16797199845314
0.559258997440338 0.16805699467659
0.559444010257721 0.168143004179001
0.55962997674942 0.168229997158051
0.559818029403687 0.168317005038261
0.560007989406586 0.168405994772911
0.560199022293091 0.168494999408722
0.560392022132874 0.168585002422333
0.560585975646973 0.168675005435944
0.560782015323639 0.168766006827354
0.560979008674622 0.168859004974365
0.561178028583527 0.168952003121376
0.561378002166748 0.169045001268387
0.561580002307892 0.169139996170998
0.561783015727997 0.16923500597477
0.561987996101379 0.16933099925518
0.562193989753723 0.169427007436752
0.562402009963989 0.169524997472763
0.562610983848572 0.169623002409935
0.562820971012115 0.169722005724907
0.563032984733582 0.169820994138718
0.563246011734009 0.16992199420929
0.563461005687714 0.170022994279861
0.56367701292038 0.170123994350433
0.563893973827362 0.170227006077766
0.564113020896912 0.170330002903938
0.564333021640778 0.17043399810791
0.564554989337921 0.170537993311882
0.564777970314026 0.170644000172615
0.565002024173737 0.170750007033348
0.56522798538208 0.17085599899292
0.565454006195068 0.170964002609253
0.565683007240295 0.171072006225586
0.565912008285522 0.171179994940758
0.566142976284027 0.171289995312691
0.566375017166138 0.171399995684624
0.566608011722565 0.171510994434357
0.566842973232269 0.17162199318409
0.56707900762558 0.171734005212784
0.567315995693207 0.171847000718117
0.567555010318756 0.17196099460125
0.567794978618622 0.172075003385544
0.568036019802094 0.172189995646477
0.568278014659882 0.172306001186371
0.568521976470947 0.172422006726265
0.568767011165619 0.172538995742798
0.569012999534607 0.172655999660492
0.569260001182556 0.172774001955986
0.569509029388428 0.17289300262928
0.569759011268616 0.173013001680374
0.570010006427765 0.173133000731468
0.570262014865875 0.173253998160362
0.570514976978302 0.173374995589256
0.570770025253296 0.173498004674911
0.571026027202606 0.173620000481606
0.571282982826233 0.1737439930439
0.571541011333466 0.173868000507355
0.571801006793976 0.17399300634861
0.572062015533447 0.174117997288704
0.572323977947235 0.174244999885559
0.572587013244629 0.174371004104614
0.572851002216339 0.174499005079269
0.573117017745972 0.174627006053925
0.573382973670959 0.17475600540638
0.573651015758514 0.174885004758835
0.573920011520386 0.17501500248909
0.574190020561218 0.175145998597145
0.574461996555328 0.1752769947052
0.574733972549438 0.175409004092216
0.575007975101471 0.175540998578072
0.575282990932465 0.175675004720688
0.575559020042419 0.175808995962143
0.575837016105652 0.175943002104759
0.576115012168884 0.176078006625175
0.576394975185394 0.176213994622231
0.576674997806549 0.176350995898247
0.576956987380981 0.176487997174263
0.577239990234375 0.176625996828079
0.57752400636673 0.176763996481895
0.577809989452362 0.176902994513512
0.578095972537994 0.177043005824089
0.578383982181549 0.177183002233505
0.578673005104065 0.177323997020721
0.578962981700897 0.177466005086899
0.579253971576691 0.177607998251915
0.579545974731445 0.177751004695892
0.579840004444122 0.177894994616508
0.580133974552155 0.178038999438286
0.580429971218109 0.178184002637863
0.580726981163025 0.17832900583744
0.581025004386902 0.178476005792618
0.581323981285095 0.178622007369995
0.58162397146225 0.178770005702972
0.581925988197327 0.17891800403595
0.582228004932404 0.179067000746727
0.582531988620758 0.179215997457504
0.582836985588074 0.179366007447243
0.583141982555389 0.17951700091362
0.583450019359589 0.179667994379997
0.583757996559143 0.179820001125336
0.584066987037659 0.179973006248474
0.584378004074097 0.180125996470451
0.584689021110535 0.18027999997139
0.58500200510025 0.180435001850128
0.585316002368927 0.180590003728867
0.585631012916565 0.180746003985405
0.585946977138519 0.180903002619743
0.586265027523041 0.181060001254082
0.586583018302917 0.18121799826622
0.586902976036072 0.181376993656158
0.587222993373871 0.181536003947258
0.587544977664948 0.181695997714996
0.587867975234985 0.181856006383896
0.588191986083984 0.182016998529434
0.588518023490906 0.182179003953934
0.588844001293182 0.182341992855072
0.589172005653381 0.182504996657372
0.58950001001358 0.182668998837471
0.589829981327057 0.18283300101757
0.590161025524139 0.18299899995327
0.590493023395538 0.183164000511169
0.590825974941254 0.183330997824669
0.591161012649536 0.183497995138168
0.591495990753174 0.183666005730629
0.591832995414734 0.183834999799728
0.592171013355255 0.184003993868828
0.592509984970093 0.184174001216888
0.592850029468536 0.184343993663788
0.593191027641296 0.184515997767448
0.593533992767334 0.184687003493309
0.593877017498016 0.18486000597477
0.594222009181976 0.185032993555069
0.594568014144897 0.18520699441433
0.594914972782135 0.18538199365139
0.595263004302979 0.185556992888451
0.595611989498138 0.185733005404472
0.595963001251221 0.185910001397133
0.596314013004303 0.186086997389793
0.596666991710663 0.186266005039215
0.597020983695984 0.186443999409676
0.597375988960266 0.186624005436897
0.597733020782471 0.186803996562958
0.598089993000031 0.186985000967979
0.598448991775513 0.187166005373001
0.598809003829956 0.187349006533623
0.599169015884399 0.187531992793083
0.599532008171082 0.187714993953705
0.599895000457764 0.187900006771088
0.600259006023407 0.188085004687309
0.600624978542328 0.188270002603531
0.600992023944855 0.188456997275352
0.601360023021698 0.188644006848335
0.601728975772858 0.188831999897957
0.602100014686584 0.18902100622654
0.602470993995667 0.189209997653961
0.602843999862671 0.189400002360344
0.603218019008636 0.189591005444527
0.603592991828918 0.189781993627548
0.603968977928162 0.189974993467331
0.604346990585327 0.190167993307114
0.604726016521454 0.190360993146896
0.605105996131897 0.19055600464344
0.605486989021301 0.190751001238823
0.605868995189667 0.190946996212006
0.606253027915955 0.191143006086349
0.606637001037598 0.191340997815132
0.607023000717163 0.191539004445076
0.60741001367569 0.191736996173859
0.607798993587494 0.191936999559402
0.608187973499298 0.192137002944946
0.608578979969025 0.19233800470829
0.608970999717712 0.192540004849434
0.609364986419678 0.192743003368378
0.609758973121643 0.192946001887321
0.610154986381531 0.193149998784065
0.61055201292038 0.193354994058609
0.610949993133545 0.193561002612114
0.611349999904633 0.193766996264458
0.61175000667572 0.193974003195763
0.612151980400085 0.194181993603706
0.612555027008057 0.194389998912811
0.612959980964661 0.194600000977516
0.613366007804871 0.194810003042221
0.613772988319397 0.195021003484726
0.614180982112885 0.195233002305031
0.614589989185333 0.195445001125336
0.615001022815704 0.195658996701241
0.615413010120392 0.195873007178307
0.615826010704041 0.196087002754211
0.616240978240967 0.196302995085716
0.616657018661499 0.196520000696182
0.617074012756348 0.196737006306648
0.617492020130157 0.196954995393753
0.617911994457245 0.197173997759819
0.618332982063293 0.197393000125885
0.618754982948303 0.197613999247551
0.619177997112274 0.197834998369217
0.619602978229523 0.198056995868683
0.620028972625732 0.19828000664711
0.620456993579865 0.198504000902176
0.620886027812958 0.198727995157242
0.621316015720367 0.198953002691269
0.621747016906738 0.199180006980896
0.622179985046387 0.199406996369362
0.622614026069641 0.199634000658989
0.623049020767212 0.199863001704216
0.62348598241806 0.200092002749443
0.623924016952515 0.20032300055027
0.624363005161285 0.200553998351097
0.624804019927979 0.200785994529724
0.625245988368988 0.201019003987312
0.625689029693604 0.201251998543739
0.626133978366852 0.201487004756927
0.626579999923706 0.201721996068954
0.627026975154877 0.201958999037743
0.62747597694397 0.202196002006531
0.627925992012024 0.202434003353119
0.628377974033356 0.202673003077507
0.628831028938293 0.202912002801895
0.629284977912903 0.203152999281883
0.629741013050079 0.203393995761871
0.630198001861572 0.203637003898621
0.630656003952026 0.203879997134209
0.631115972995758 0.204124003648758
0.631577014923096 0.204368993639946
0.632040023803711 0.204614996910095
0.632503986358643 0.204861998558044
0.632969975471497 0.205109000205994
0.633436977863312 0.205357998609543
0.633904993534088 0.205606997013092
0.634374976158142 0.205858007073402
0.634845972061157 0.206109002232552
0.635317981243134 0.206360995769501
0.635792016983032 0.206614002585411
0.636268019676208 0.20686799287796
0.636744976043701 0.207122996449471
0.6372230052948 0.207378998398781
0.637703001499176 0.207635998725891
0.638184010982513 0.207893997430801
0.638666987419128 0.208152994513512
0.639150977134705 0.208412006497383
0.639636993408203 0.208673000335693
0.640124022960663 0.208933994174004
0.6406130194664 0.209196999669075
0.641103029251099 0.209460005164146
0.641595005989075 0.209725007414818
0.642087996006012 0.209989994764328
0.64258199930191 0.210256993770599
0.643078029155731 0.210523992776871
0.64357602596283 0.210792005062103
0.644074976444244 0.211061000823975
0.644576013088226 0.211331993341446
0.645078003406525 0.211603000760078
0.645582020282745 0.211875006556511
0.646086990833282 0.212148994207382
0.646593987941742 0.212422996759415
0.647103011608124 0.212697997689247
0.647612988948822 0.21297399699688
0.648123979568481 0.213251993060112
0.648636996746063 0.213530004024506
0.649151980876923 0.213808998465538
0.649667978286743 0.214089006185532
0.650186002254486 0.214370995759964
0.650704979896545 0.214653000235558
0.651225984096527 0.214937001466751
0.651749014854431 0.215221002697945
0.652272999286652 0.215507000684738
0.652799010276794 0.215792998671532
0.653325974941254 0.216080993413925
0.65385502576828 0.21636900305748
0.654385983943939 0.216658994555473
0.654918015003204 0.216949999332428
0.655452013015747 0.217242002487183
0.655987977981567 0.217535004019737
0.656525015830994 0.217829003930092
0.657064020633698 0.218124002218246
0.657604992389679 0.218419998884201
0.658146977424622 0.218716993927956
0.658690989017487 0.219016000628471
0.659237027168274 0.219315007328987
0.659784018993378 0.219615995883942
0.660332977771759 0.219917997717857
0.660884022712708 0.220220997929573
0.661436021327972 0.220523998141289
0.661989986896515 0.220829993486404
0.66254597902298 0.221136003732681
0.663102984428406 0.221442997455597
0.663663029670715 0.221752002835274
0.664224028587341 0.222060993313789
0.664786994457245 0.222371995449066
0.66535097360611 0.222683995962143
0.665916979312897 0.22299699485302
0.666485011577606 0.223311007022858
0.667055010795593 0.223627001047134
0.667626976966858 0.223943993449211
0.668200016021729 0.224261000752449
0.668775975704193 0.224580004811287
0.669353008270264 0.224901005625725
0.669930994510651 0.225222006440163
0.670512020587921 0.225545004010201
0.671094000339508 0.225868001580238
0.671679019927979 0.226192995905876
0.672264993190765 0.226520001888275
0.672852993011475 0.226846992969513
0.673443019390106 0.227175995707512
0.674033999443054 0.227505996823311
0.674628019332886 0.22783699631691
0.675222992897034 0.228168994188309
0.675819993019104 0.228503003716469
0.676419973373413 0.228837996721268
0.677021026611328 0.229174003005028
0.677623987197876 0.229512006044388
0.678228974342346 0.229849994182587
0.678834974765778 0.230189993977547
0.679444015026093 0.230532005429268
0.680055022239685 0.230874001979828
0.680666983127594 0.231217995285988
0.681281983852386 0.231563001871109
0.681899011135101 0.23191000521183
0.682516992092133 0.232258006930351
0.683138012886047 0.232607007026672
0.683759987354279 0.232958003878593
0.684383988380432 0.233309000730515
0.685011029243469 0.233662992715836
0.685639023780823 0.234016999602318
0.686269998550415 0.2343730032444
0.686901986598969 0.234730005264282
0.687537014484406 0.235089004039764
0.688172996044159 0.235449001193047
0.688812017440796 0.235809996724129
0.68945300579071 0.236173003911972
0.690096020698547 0.236536994576454
0.690739989280701 0.236902996897697
0.691386997699738 0.237269997596741
0.692035973072052 0.237637996673584
0.69268798828125 0.238008007407188
0.693341016769409 0.238379001617432
0.693996012210846 0.238751992583275
0.694653987884521 0.239125996828079
0.695312976837158 0.239500999450684
0.695975005626678 0.239877998828888
0.696639001369476 0.240256994962692
0.697305023670197 0.240637004375458
0.697974026203156 0.241017997264862
0.698643982410431 0.241401001811028
0.69931697845459 0.241786003112793
0.699992001056671 0.242172002792358
0.70066899061203 0.242559000849724
0.701348006725311 0.242947995662689
0.702030003070831 0.243338003754616
0.702714025974274 0.243729993700981
0.703400015830994 0.244123995304108
0.704087972640991 0.244518995285034
0.704779028892517 0.244916006922722
0.705471992492676 0.245314002037048
0.706166982650757 0.245712995529175
0.706865012645721 0.246114999055862
0.707563996315002 0.24651800096035
0.708266973495483 0.246922001242638
0.70897102355957 0.247327998280525
0.709677994251251 0.247736006975174
0.710386991500854 0.248144999146461
0.711099028587341 0.24855600297451
0.711812973022461 0.248969003558159
0.712529003620148 0.249383002519608
0.713248014450073 0.249798998236656
0.713968992233276 0.250216007232666
0.714693009853363 0.250636011362076
0.715418994426727 0.251055985689163
0.716148018836975 0.251478999853134
0.7168790102005 0.251902997493744
0.717612028121948 0.252328991889954
0.718348026275635 0.252757012844086
0.71908700466156 0.253185987472534
0.719828009605408 0.253616988658905
0.720570981502533 0.254049986600876
0.721316993236542 0.254485011100769
0.722065985202789 0.254920989274979
0.722817003726959 0.255358994007111
0.723571002483368 0.255798995494843
0.724327027797699 0.256240993738174
0.725085973739624 0.256684005260468
0.725848019123077 0.257129013538361
0.726611971855164 0.257575988769531
0.727378010749817 0.258024990558624
0.728147983551025 0.258475989103317
0.728919982910156 0.258928000926971
0.729695022106171 0.259382992982864
0.730472028255463 0.259838998317719
0.731252014636993 0.260297000408173
0.732034981250763 0.260756999254227
0.732820987701416 0.261218994855881
0.733609020709991 0.261682987213135
0.734399974346161 0.26214799284935
0.735194027423859 0.262616008520126
0.735989987850189 0.263085007667542
0.736790001392365 0.263556987047195
0.737591981887817 0.264030009508133
0.738397002220154 0.264506012201309
0.739205002784729 0.264982998371124
0.740014970302582 0.265462011098862
0.740828990936279 0.265942990779877
0.741644978523254 0.266427010297775
0.742464005947113 0.266912013292313
0.743287026882172 0.26739901304245
0.744112014770508 0.267888993024826
0.744939982891083 0.268379986286163
0.745770990848541 0.268873989582062
0.746604979038239 0.269369006156921
0.747442007064819 0.26986700296402
0.748281002044678 0.270366996526718
0.749123990535736 0.270868003368378
0.749970018863678 0.271371990442276
0.750819027423859 0.271878004074097
0.751671016216278 0.272386997938156
0.752525985240936 0.272897005081177
0.753385007381439 0.273409992456436
0.75424599647522 0.273923993110657
0.755110025405884 0.274441003799438
0.755977988243103 0.27496001124382
0.756848990917206 0.275481998920441
0.757722020149231 0.276004999876022
0.758598983287811 0.276531010866165
0.759479999542236 0.277058988809586
0.760362982749939 0.277588993310928
0.761250019073486 0.278122007846832
0.762139976024628 0.278656005859375
0.763032972812653 0.279193997383118
0.763929009437561 0.279733002185822
0.764828979969025 0.280274987220764
0.765731990337372 0.280818998813629
0.766638994216919 0.281365007162094
0.767548024654388 0.281913995742798
0.768462002277374 0.282465010881424
0.769378006458282 0.283019006252289
0.770298004150391 0.283574998378754
0.771220982074738 0.28413400053978
0.772148013114929 0.284693986177444
0.773078978061676 0.285257995128632
0.77401202917099 0.285824000835419
0.77495002746582 0.286392003297806
0.775889992713928 0.286962985992432
0.776835024356842 0.28753599524498
0.77778297662735 0.288112014532089
0.778734028339386 0.288690000772476
0.779689013957977 0.289270997047424
0.780647993087769 0.289853990077972
0.781610012054443 0.290439993143082
0.782576024532318 0.291029006242752
0.783545970916748 0.2916199862957
0.784519016742706 0.292214006185532
0.78549599647522 0.292811006307602
0.786477029323578 0.293410003185272
0.78746098279953 0.294012010097504
0.788448989391327 0.294616013765335
0.789442002773285 0.295222997665405
0.790436983108521 0.295832991600037
0.791436970233917 0.296445995569229
0.792441010475159 0.297062009572983
0.793447971343994 0.297679990530014
0.794459998607635 0.298301011323929
0.795475006103516 0.298925012350082
0.796494007110596 0.299551010131836
0.797518014907837 0.300181001424789
0.798545002937317 0.300812989473343
0.799575984477997 0.301447987556458
0.800611019134521 0.302087008953094
0.801651000976563 0.302727997303009
0.802694022655487 0.303371995687485
0.803741991519928 0.30401799082756
0.804793000221252 0.304668009281158
0.805849015712738 0.305321007966995
0.806909024715424 0.305976986885071
0.807973027229309 0.30663600564003
0.809041976928711 0.307298004627228
0.810114979743958 0.307963013648987
0.811191976070404 0.308631002902985
0.812273025512695 0.309302002191544
0.813358008861542 0.309976011514664
0.814447999000549 0.310654014348984
0.815542995929718 0.311334013938904
0.816640973091125 0.312018007040024
0.817744970321655 0.312705010175705
0.818852007389069 0.313394993543625
0.819963991641998 0.314087986946106
0.821080982685089 0.314785003662109
0.822202026844025 0.315485000610352
0.823328018188477 0.316188007593155
0.824458003044128 0.316893994808197
0.825592994689941 0.317604005336761
0.826731979846954 0.318316996097565
0.827875971794128 0.31903401017189
0.829024970531464 0.319754004478455
0.83017897605896 0.32047700881958
0.831336975097656 0.321204006671906
0.832499980926514 0.321934014558792
0.833667993545532 0.322667986154556
0.834841012954712 0.323404997587204
0.836018979549408 0.324146002531052
0.837200999259949 0.324889987707138
0.838388979434967 0.325637996196747
0.83958101272583 0.326389998197556
0.840779006481171 0.327145010232925
0.841980993747711 0.327903002500534
0.843189001083374 0.328666001558304
0.844401001930237 0.329432010650635
0.845619022846222 0.330202013254166
0.846841990947723 0.330974996089935
0.848070025444031 0.331752985715866
0.849303007125854 0.332533985376358
0.850540995597839 0.333319008350372
0.851785004138947 0.334107995033264
0.853034019470215 0.334901005029678
0.854287981987 0.335696995258331
0.855548024177551 0.336497992277145
0.856813013553619 0.337301999330521
0.85808402299881 0.338109999895096
0.859359979629517 0.338923007249832
0.860641002655029 0.339738994836807
0.86192798614502 0.340559989213943
0.863220989704132 0.341383993625641
0.864519000053406 0.342213004827499
0.865822970867157 0.343046009540558
0.867132008075714 0.343883007764816
0.86844801902771 0.344723999500275
0.869768977165222 0.345569014549255
0.87109500169754 0.346419006586075
0.872427999973297 0.347272992134094
0.873766005039215 0.348131000995636
0.875110983848572 0.348993003368378
0.876461029052734 0.349860012531281
0.87781697511673 0.350730985403061
0.879180014133453 0.351606994867325
0.880548000335693 0.352486997842789
0.881922006607056 0.353372007608414
0.883302986621857 0.354261010885239
0.88468998670578 0.355154991149902
0.886083006858826 0.356052994728088
0.887481987476349 0.356956005096436
0.888886988162994 0.357863008975983
0.890299022197723 0.358774989843369
0.89171701669693 0.359692007303238
0.893141984939575 0.360612988471985
0.894572973251343 0.361539989709854
0.896010994911194 0.362471014261246
0.897454977035522 0.363406985998154
0.898904979228973 0.364347994327545
0.900363028049469 0.365292996168137
0.901826977729797 0.366243988275528
0.903297007083893 0.36719998717308
0.904775023460388 0.368160009384155
0.906259000301361 0.369125992059708
0.907750010490417 0.370097011327744
0.909247994422913 0.371071994304657
0.910753011703491 0.372052997350693
0.912265002727509 0.373039990663528
0.913784027099609 0.374031007289886
0.915310025215149 0.375028014183044
0.916844010353088 0.376029998064041
0.91838401556015 0.377036988735199
0.919932007789612 0.378048986196518
0.921486973762512 0.379067003726959
0.923048973083496 0.3800910115242
0.924619019031525 0.38111999630928
0.926195979118347 0.382153987884521
0.927779972553253 0.383193999528885
0.929372012615204 0.384240001440048
0.93097198009491 0.385291010141373
0.932578980922699 0.386348009109497
0.934194028377533 0.387410998344421
0.935817003250122 0.388480007648468
0.937448024749756 0.389553993940353
0.939086019992828 0.390634000301361
0.940732002258301 0.391719996929169
0.942386984825134 0.392812013626099
0.944049000740051 0.393909990787506
0.945719003677368 0.395013988018036
0.947398006916046 0.396124005317688
0.949083983898163 0.39724001288414
0.950779020786285 0.398362994194031
0.952482998371124 0.399491012096405
0.954194009304047 0.400626003742218
0.95591402053833 0.401766985654831
0.95764297246933 0.402913987636566
0.959379971027374 0.404067993164063
0.961126029491425 0.40522900223732
0.96288001537323 0.406394988298416
0.964643001556396 0.407568991184235
0.966414988040924 0.408749014139175
0.968195021152496 0.409934997558594
0.969985008239746 0.411128014326096
0.971783995628357 0.412328004837036
0.973591029644012 0.413534998893738
0.975408017635345 0.414748996496201
0.97723400592804 0.415969014167786
0.979068994522095 0.417196005582809
0.980913996696472 0.418431013822556
0.98276698589325 0.419672012329102
0.98463100194931 0.420920997858047
0.986504018306732 0.422176003456116
0.98838597536087 0.423438996076584
0.990278005599976 0.424710005521774
0.992179989814758 0.425987005233765
0.994090974330902 0.427271991968155
0.996012985706329 0.428564012050629
0.997943997383118 0.42986398935318
0.999885976314545 0.431171000003815
1.00183999538422 0.432485997676849
1.00380003452301 0.433809012174606
1.00576996803284 0.435139000415802
1.00775003433228 0.43647700548172
1.00975000858307 0.437822997570038
1.01174998283386 0.439177006483078
1.01375997066498 0.440539002418518
1.01578998565674 0.441908985376358
1.0178200006485 0.44328698515892
1.0198700428009 0.444673001766205
1.02191996574402 0.446067988872528
1.02399003505707 0.447470009326935
1.02606999874115 0.44888100028038
1.02815997600555 0.450300991535187
1.03025996685028 0.451728999614716
1.03236997127533 0.453164994716644
1.03450000286102 0.454609990119934
1.03663003444672 0.456063985824585
1.03877997398376 0.457527011632919
1.04094004631042 0.458997994661331
1.04311001300812 0.460478007793427
1.04528999328613 0.461966991424561
1.04747998714447 0.463465988636017
1.04969000816345 0.464973002672195
1.05191004276276 0.466490000486374
1.05413997173309 0.468015998601913
1.05638003349304 0.469550997018814
1.05864000320435 0.471096009016037
1.06089997291565 0.472649991512299
1.0631799697876 0.474213004112244
1.06547999382019 0.47578701376915
1.06778001785278 0.477369993925095
1.07009994983673 0.478962987661362
1.07243001461029 0.480565011501312
1.07477998733521 0.482178002595901
1.07712996006012 0.483801007270813
1.079509973526 0.485433995723724
1.08188998699188 0.487076997756958
1.08429002761841 0.488730013370514
1.08669996261597 0.490393996238708
1.08913004398346 0.492067992687225
1.09156000614166 0.493752986192703
1.09402000904083 0.495447993278503
1.09626996517181 0.497002989053726
1.09776997566223 0.498044013977051
1.0987800359726 0.498739987611771
1.09944999217987 0.499206006526947
1.09990000724792 0.499516010284424
1.10020005702972 0.499722987413406
1.1003999710083 0.499861985445023
1.10049998760223 0.499931007623672
1.10055005550385 0.499965012073517
1.10060000419617 0.5
1.10060000419617 0.5
1.10064995288849 0.500034987926483
1.1007000207901 0.50006902217865
1.10080003738403 0.500137984752655
1.10099995136261 0.500276982784271
1.10130000114441 0.500485002994537
1.10175001621246 0.500796973705292
1.10241997241974 0.501266002655029
1.10344004631042 0.501969993114471
1.10496997833252 0.503031015396118
1.10728001594543 0.504629015922546
1.10982000827789 0.506393015384674
1.112380027771 0.508168995380402
1.11494994163513 0.509957015514374
1.1175400018692 0.511756002902985
1.1201399564743 0.513566017150879
1.12276005744934 0.515388011932373
1.12539994716644 0.517221987247467
1.12804996967316 0.519068002700806
1.13071000576019 0.520925998687744
1.13339996337891 0.522795975208282
1.13609004020691 0.524677991867065
1.13881003856659 0.526571989059448
1.14154005050659 0.528478980064392
1.14427995681763 0.530398011207581
1.1470400094986 0.532329976558685
1.14981997013092 0.534274995326996
1.15261995792389 0.536231994628906
1.15542995929718 0.538203001022339
1.15825998783112 0.540185987949371
1.1611100435257 0.542182981967926
1.16396999359131 0.544193029403687
1.16685998439789 0.546216011047363
1.16974997520447 0.548252999782562
1.17267000675201 0.550303995609283
1.17560994625092 0.552367985248566
1.17856001853943 0.55444598197937
1.1815299987793 0.556537985801697
1.18452000617981 0.558643996715546
1.18753004074097 0.560765027999878
1.19055998325348 0.562898993492126
1.1936000585556 0.56504899263382
1.1966700553894 0.567212998867035
1.19974994659424 0.569391012191772
1.20284998416901 0.57158499956131
1.20597994327545 0.573792994022369
1.20912003517151 0.576017022132874
1.21228003501892 0.578254997730255
1.21545994281769 0.580510020256042
1.21867001056671 0.582780003547668
1.22188997268677 0.585065007209778
1.22512996196747 0.587365984916687
1.22839999198914 0.589682996273041
1.23168003559113 0.592016994953156
1.23499000072479 0.594366014003754
1.2383199930191 0.596732020378113
1.24165999889374 0.599114000797272
1.24503004550934 0.601513028144836
1.24843001365662 0.603928983211517
1.25183999538422 0.606361985206604
1.25528001785278 0.608811974525452
1.25873994827271 0.611279010772705
1.26222002506256 0.613763988018036
1.26572000980377 0.616266012191772
1.26925003528595 0.618785977363586
1.27279996871948 0.621324002742767
1.27637004852295 0.62388002872467
1.27997004985809 0.626453995704651
1.28358995914459 0.629046022891998
1.28724002838135 0.631657004356384
1.29091000556946 0.634286999702454
1.29460000991821 0.636936008930206
1.29832005500793 0.639603018760681
1.30206000804901 0.642289996147156
1.30583000183105 0.644995987415314
1.30963003635406 0.647722005844116
1.31344997882843 0.650467991828918
1.31728994846344 0.653232991695404
1.32115995883942 0.656018972396851
1.32506000995636 0.658824980258942
1.32897996902466 0.661651015281677
1.33292996883392 0.664497971534729
1.33691000938416 0.667366027832031
1.34091997146606 0.67025500535965
1.34494996070862 0.673165023326874
1.34900999069214 0.676096022129059
1.35309994220734 0.679049015045166
1.35721004009247 0.682024002075195
1.36135995388031 0.685020983219147
1.36553001403809 0.688040018081665
1.36972999572754 0.691080987453461
1.37397003173828 0.694145023822784
1.37822997570038 0.697232007980347
1.38251996040344 0.700341999530792
1.38683998584747 0.703474998474121
1.39119005203247 0.706632018089294
1.39557003974915 0.709811985492706
1.3999799489975 0.713015973567963
1.40443003177643 0.716243982315063
1.40890002250671 0.719496011734009
1.413409948349 0.722773015499115
1.41795003414154 0.726073980331421
1.42252004146576 0.729400992393494
1.42711997032166 0.732752025127411
1.43175995349884 0.736128985881805
1.43642997741699 0.739531993865967
1.44113004207611 0.74296098947525
1.44587004184723 0.746415019035339
1.45063996315002 0.749895989894867
1.45544004440308 0.753404021263123
1.46027994155884 0.756937980651855
1.46514999866486 0.760499000549316
1.47005999088287 0.764087975025177
1.47501003742218 0.767704010009766
1.47999000549316 0.771347999572754
1.48501002788544 0.775020003318787
1.49005997180939 0.778720021247864
1.49514997005463 0.782449007034302
1.50028002262115 0.786206007003784
1.50543999671936 0.789992988109589
1.51065003871918 0.793808996677399
1.51589000225067 0.79765397310257
1.52117002010345 0.801528990268707
1.52647995948792 0.805433988571167
1.53183996677399 0.80936998128891
1.53724002838135 0.81333601474762
1.54268002510071 0.817332983016968
1.54814994335175 0.821361005306244
1.55367004871368 0.825420022010803
1.55922996997833 0.829510986804962
1.56482994556427 0.83363401889801
1.5704699754715 0.837790012359619
1.57614994049072 0.841977000236511
1.58187997341156 0.84619802236557
1.5876499414444 0.850450992584229
1.59345996379852 0.854737997055054
1.59931004047394 0.859058976173401
1.60520994663239 0.863412976264954
1.61116003990173 0.867801010608673
1.61714005470276 0.872223973274231
1.62318003177643 0.876681983470917
1.62925004959106 0.881174981594086
1.63538002967834 0.885703027248383
1.64154994487762 0.890266001224518
1.64776003360748 0.894865989685059
1.65401995182037 0.899501979351044
1.66033005714417 0.904173970222473
1.66668999195099 0.908882975578308
1.67309999465942 0.913628995418549
1.67955005168915 0.918412029743195
1.68605005741119 0.923232972621918
1.69260001182556 0.928092002868652
1.69920003414154 0.932989001274109
1.70585000514984 0.937924981117249
1.71256005764008 0.942898988723755
1.71931004524231 0.947912991046906
1.72610998153687 0.952965974807739
1.73295998573303 0.958057999610901
1.73986995220184 0.963190972805023
1.74682998657227 0.968364000320435
1.75383996963501 0.973577976226807
1.76090002059937 0.978832006454468
1.76802003383636 0.984127998352051
1.77518999576569 0.989464998245239
1.78241002559662 0.994844019412994
1.7896900177002 1.00027000904083
1.79702997207642 1.00573003292084
1.80441999435425 1.01122999191284
1.8118599653244 1.01678001880646
1.81936001777649 1.0223799943924
1.82692003250122 1.0280100107193
1.8345400094986 1.03368997573853
1.84221005439758 1.03940999507904
1.84993994235992 1.04517996311188
1.85773003101349 1.050989985466
1.86556994915009 1.05684995651245
1.87347996234894 1.06274998188019
1.8814400434494 1.06869995594025
1.88945996761322 1.07469999790192
1.89754998683929 1.08073997497559
1.90568995475769 1.08682000637054
1.91389000415802 1.09294998645782
1.92216002941132 1.09913003444672
1.93048000335693 1.10536003112793
1.93886995315552 1.11162996292114
1.94731998443604 1.11794996261597
1.9558299779892 1.1243200302124
1.96440005302429 1.13074004650116
1.97303998470306 1.13719999790192
1.98173999786377 1.14372003078461
1.99049997329712 1.1502799987793
1.99933004379272 1.1568900346756
2.00821995735168 1.16355001926422
2.0171799659729 1.17025995254517
2.02620005607605 1.17701005935669
2.03527998924255 1.18382000923157
2.04443001747131 1.19068002700806
2.05364990234375 1.19758999347687
2.0629301071167 1.20455002784729
2.07226991653442 1.21154999732971
2.08169007301331 1.21861004829407
2.09117007255554 1.22572004795074
2.10070991516113 1.23287999629974
2.11033010482788 1.24009001255035
2.1200098991394 1.24735999107361
2.12975001335144 1.25467002391815
2.13956999778748 1.26204001903534
2.14945006370544 1.26944994926453
2.15939998626709 1.27691996097565
2.16942000389099 1.28444004058838
2.17951011657715 1.29200994968414
2.18966007232666 1.29964005947113
2.19988989830017 1.30730998516083
2.21018004417419 1.31503999233246
2.22054004669189 1.32281994819641
2.23096990585327 1.3306599855423
2.24147009849548 1.33853995800018
2.25202989578247 1.34648001194
2.26267004013062 1.35447001457214
2.27338004112244 1.36250996589661
2.28414988517761 1.37059998512268
2.29500007629395 1.3787499666214
2.30591011047363 1.38695001602173
2.316890001297 1.39520001411438
2.32793998718262 1.40349996089935
2.33906006813049 1.41184997558594
2.35025000572205 1.42025995254517
2.36151003837585 1.42871999740601
2.37283992767334 1.43722999095917
2.38423991203308 1.44579005241394
2.39570999145508 1.45440995693207
2.40723991394043 1.4630800485611
2.41884994506836 1.47179996967316
2.43052005767822 1.48056995868683
2.44226002693176 1.48939001560211
2.45407009124756 1.49826002120972
2.46595001220703 1.50718998908997
2.47790002822876 1.5161600112915
2.48991990089417 1.52518999576569
2.50200009346008 1.53427004814148
2.5141499042511 1.54339003562927
2.52637004852295 1.55256998538971
2.53866004943848 1.56180000305176
2.55101990699768 1.57107996940613
2.5634400844574 1.58041000366211
2.57593011856079 1.58977997303009
2.58847999572754 1.59921002388
2.60109996795654 1.60869002342224
2.6137900352478 1.61820995807648
2.62654995918274 1.62778997421265
2.63935995101929 1.6374100446701
2.65225005149841 1.6470799446106
2.66519999504089 1.65680003166199
2.67821002006531 1.66656994819641
2.6912899017334 1.67638003826141
2.70444011688232 1.68623995780945
2.7176399230957 1.69614994525909
2.73091006278992 1.70609998703003
2.74425005912781 1.71610999107361
2.75763988494873 1.72615003585815
2.77110004425049 1.73624002933502
2.78463006019592 1.74637997150421
2.79820990562439 1.75655996799469
2.81185007095337 1.76679003238678
2.82556009292603 1.77706003189087
2.83932995796204 1.78737998008728
2.85314989089966 1.79773998260498
2.86703991889954 1.80814003944397
2.88098001480103 1.81858003139496
2.89498996734619 1.82906997203827
2.90904998779297 1.83959996700287
2.923180103302 1.85017001628876
2.93736004829407 1.86079001426697
2.95159006118774 1.87144005298615
2.9658899307251 1.88214004039764
2.98024010658264 1.89286994934082
2.99464988708496 1.9036500453949
3.00910997390747 1.91446995735168
3.02362990379333 1.92532002925873
3.03819990158081 1.93622004985809
3.05282998085022 1.94714999198914
3.06751990318298 1.95811998844147
3.08225011825562 1.96913003921509
3.09703993797302 1.98018002510071
3.11189007759094 1.99126005172729
3.12678003311157 2.00237989425659
3.14173007011414 2.01354002952576
3.15672993659973 2.02472996711731
3.17178010940552 2.03595995903015
3.18688011169434 2.04721999168396
3.20202994346619 2.05852007865906
3.21723008155823 2.06985998153687
3.2324800491333 2.08121991157532
3.24778008460999 2.09262990951538
3.26311993598938 2.10405993461609
3.27852010726929 2.11553001403809
3.2939600944519 2.12702989578247
3.30944991111755 2.1385600566864
3.32499003410339 2.15013003349304
3.34057998657227 2.16172003746033
3.35620999336243 2.1733500957489
3.37188005447388 2.18500995635986
3.38759994506836 2.19670009613037
3.40336990356445 2.20842003822327
3.41917991638184 2.22017002105713
3.43502998352051 2.23195004463196
3.45093011856079 2.24376010894775
3.46687006950378 2.25558996200562
3.48286008834839 2.26746010780334
3.49887990951538 2.27935004234314
3.51495003700256 2.29128003120422
3.53105998039246 2.30322003364563
3.54720997810364 2.31520009040833
3.56341004371643 2.32719993591309
3.57963991165161 2.33923006057739
3.59591007232666 2.35128998756409
3.61223006248474 2.36336994171143
3.62858009338379 2.37547993659973
3.64496994018555 2.38760995864868
3.66140007972717 2.3997700214386
3.67787003517151 2.41195011138916
3.69438004493713 2.42416000366211
3.71093010902405 2.4363899230957
3.72750997543335 2.44864988327026
3.74412989616394 2.46093010902405
3.7607901096344 2.47322988510132
3.77747988700867 2.48554992675781
3.7942099571228 2.49790000915527
3.81097006797791 2.51027011871338
3.82776999473572 2.52266001701355
3.84460997581482 2.53507995605469
3.86147999763489 2.54750990867615
3.87839007377625 2.55996990203857
3.89532995223999 2.57244992256165
3.91230010986328 2.58494997024536
3.92931008338928 2.59747004508972
3.94635009765625 2.61000990867615
3.96341991424561 2.6225700378418
3.98053002357483 2.63514995574951
3.99766993522644 2.64774990081787
4.0148401260376 2.66037011146545
4.03205013275146 2.6730101108551
4.04928016662598 2.68565988540649
4.06654977798462 2.69833993911743
4.08384990692139 2.71104001998901
4.10118007659912 2.72375011444092
4.11853981018066 2.73647999763489
4.13594007492065 2.7492299079895
4.15335988998413 2.76200008392334
4.17081022262573 2.77478003501892
4.18829011917114 2.78758001327515
4.20581007003784 2.80040001869202
4.22335004806519 2.81324005126953
4.2409200668335 2.82609009742737
4.25852012634277 2.83895993232727
4.27615022659302 2.8518500328064
4.29380989074707 2.86474990844727
4.31149005889893 2.87767004966736
4.32920980453491 2.89059996604919
4.3469500541687 2.90354990959167
4.3647198677063 2.91651010513306
4.38252019882202 2.9294900894165
4.40034008026123 2.9424901008606
4.41820001602173 2.95549988746643
4.43607997894287 2.96851992607117
4.45398998260498 2.98155999183655
4.47192001342773 2.99462008476257
4.48988008499146 3.00768995285034
4.50787019729614 3.02077007293701
4.52587985992432 3.03386998176575
4.54392004013062 3.0469799041748
4.56198978424072 3.06010007858276
4.58008003234863 3.07324004173279
4.59818983078003 3.08639001846313
4.61634016036987 3.09956002235413
4.63450002670288 3.11273002624512
4.65269994735718 3.12592005729675
4.67091989517212 3.13913011550903
4.68915987014771 3.15234994888306
4.70742988586426 3.16558003425598
4.72571992874146 3.17881989479065
4.74404001235962 3.19207000732422
4.76238012313843 3.20533990859985
4.78074979782104 3.21862006187439
4.79913997650146 3.23190999031067
4.81755018234253 3.24520993232727
4.8359899520874 3.25852990150452
4.85445022583008 3.27185010910034
4.87294006347656 3.28519010543823
4.89144992828369 3.29854011535645
4.90997982025146 3.31190991401672
4.92854022979736 3.32527995109558
4.94711017608643 3.33866000175476
4.96572017669678 3.35206007957458
4.98434019088745 3.36545991897583
5.00298976898193 3.3788800239563
5.02165985107422 3.39230990409851
5.04035997390747 3.40575003623962
5.05908012390137 3.41919994354248
5.07780981063843 3.43266010284424
5.09658002853394 3.44613003730774
5.11535978317261 3.45960998535156
5.1341700553894 3.47309994697571
5.15299987792969 3.48659992218018
5.17185020446777 3.50011992454529
5.19072008132935 3.5136399269104
5.20961999893188 3.52716994285583
5.22852993011475 3.54070997238159
5.24746990203857 3.55426001548767
5.26642990112305 3.56783008575439
5.28541994094849 3.58139991760254
5.30441999435425 3.59498000144958
5.32345008850098 3.60857009887695
5.34249019622803 3.62216997146606
5.36155986785889 3.63578009605408
5.38065004348755 3.64939999580383
5.3997597694397 3.66302990913391
5.41890001296997 3.67666006088257
5.43804979324341 3.69031000137329
5.45722007751465 3.70396995544434
5.4764199256897 3.71762990951538
5.49563980102539 3.73130011558533
5.51487016677856 3.74499011039734
5.53413009643555 3.75868010520935
5.55341005325317 3.77238011360168
5.57271003723145 3.78608989715576
5.59203004837036 3.79979991912842
5.61137008666992 3.81352996826172
5.63074016571045 3.82727003097534
5.65011978149414 3.84101009368896
5.66951990127563 3.85475993156433
5.68894004821777 3.8685200214386
5.70839023590088 3.88228988647461
5.72784996032715 3.89607000350952
5.74734020233154 3.90984988212585
5.7668399810791 3.92365002632141
5.78636980056763 3.93744993209839
5.80591011047363 3.95126008987427
5.82547998428345 3.96507000923157
5.84505987167358 3.97889995574951
5.86466979980469 3.99272990226746
5.88429021835327 4.00657987594604
5.90394020080566 4.02043008804321
5.9236102104187 4.03427982330322
5.94329023361206 4.04815006256104
5.96299982070923 4.06201982498169
5.98271989822388 4.07590007781982
6.00247001647949 4.08978986740112
6.02223014831543 4.1036901473999
6.04201984405518 4.11758995056152
6.0618200302124 4.13149976730347
6.08164978027344 4.14542007446289
6.10149002075195 4.15934991836548
6.12135982513428 4.17327976226807
6.14124011993408 4.18722009658813
6.16113996505737 4.20116996765137
6.18106985092163 4.21512985229492
6.20101022720337 4.22909021377563
6.22097015380859 4.24306011199951
6.24095010757446 4.25704002380371
6.26095008850098 4.27102994918823
6.28097009658813 4.28501987457275
6.30101013183594 4.2990198135376
6.32107019424438 4.31302976608276
6.34114980697632 4.32704019546509
6.36124992370605 4.34106016159058
6.38137006759644 4.35509014129639
6.4015097618103 4.36913013458252
6.42165994644165 4.38317012786865
6.44184017181396 4.39722013473511
6.46202993392944 4.41128015518188
6.48225021362305 4.42534017562866
6.50248003005981 4.43941020965576
6.52273988723755 4.45348978042603
6.54301023483276 4.46756982803345
6.56330013275146 4.48165988922119
6.58361005783081 4.49575996398926
6.6039400100708 4.50986003875732
6.62428998947144 4.52398014068604
6.64465999603271 4.53809022903442
6.66505002975464 4.5522198677063
6.68546009063721 4.56634998321533
6.7058801651001 4.58049011230469
6.7263298034668 4.59462976455688
6.7467999458313 4.60877990722656
6.76728010177612 4.62294006347656
6.78777980804443 4.63711023330688
6.80831003189087 4.65127992630005
6.82884979248047 4.66546010971069
6.84941005706787 4.67963981628418
6.86998987197876 4.69383001327515
6.89059019088745 4.70803022384644
6.91121006011963 4.72222995758057
6.93183994293213 4.73644018173218
6.9524998664856 4.75065994262695
6.97317981719971 4.76488018035889
6.99386978149414 4.77910995483398
7.01458978652954 4.79335021972656
7.03531980514526 4.80759000778198
7.05606985092163 4.82183980941772
7.07683992385864 4.83610010147095
7.0976300239563 4.85035991668701
7.1184401512146 4.86463022232056
7.13926982879639 4.87890005111694
7.16012001037598 4.89317989349365
7.18099021911621 4.90747022628784
7.20186996459961 4.92176008224487
7.22278022766113 4.93605995178223
7.24370002746582 4.9503698348999
7.26464986801147 4.96468019485474
7.28561019897461 4.97900009155273
7.30659008026123 4.99331998825073
7.3275899887085 5.00764989852905
7.34860992431641 5.0219898223877
7.36964988708496 5.0363302230835
7.39070987701416 5.05068016052246
7.411789894104 5.06504011154175
7.43288993835449 5.07940006256104
7.4539999961853 5.09376001358032
7.47514009475708 5.10813999176025
7.49629020690918 5.12251996994019
7.51745986938477 5.13689994812012
7.53866004943848 5.15129995346069
7.55986976623535 5.16568994522095
7.58109998703003 5.18009996414185
7.60235023498535 5.19450998306274
7.62362003326416 5.20892000198364
7.64490985870361 5.22335004806519
7.66622018814087 5.23777008056641
7.68754005432129 5.25221014022827
7.70888996124268 5.26665019989014
7.73024988174438 5.28108978271484
7.75163984298706 5.29554986953735
7.77303981781006 5.30999994277954
7.79446983337402 5.32447004318237
7.81590986251831 5.33894014358521
7.83736991882324 5.35340976715088
7.85885000228882 5.36789989471436
7.88035011291504 5.38238000869751
7.90186977386475 5.39688014984131
7.92340993881226 5.41137981414795
7.94497013092041 5.42587995529175
7.96653985977173 5.44039011001587
7.98814010620117 5.45490980148315
8.0097599029541 5.4694299697876
8.03139019012451 5.48396015167236
8.05305004119873 5.49849987030029
8.07472038269043 5.51304006576538
8.09640979766846 5.52758979797363
8.11812973022461 5.54214000701904
8.13986015319824 5.55670022964478
8.1616096496582 5.57125997543335
8.18338012695313 5.5858302116394
8.20516967773438 5.60040998458862
8.22698020935059 5.614990234375
8.24880981445313 5.62958002090454
8.27066040039063 5.64416980743408
8.29253005981445 5.6587700843811
8.31441974639893 5.67336988449097
8.33633041381836 5.68799018859863
8.35824966430664 5.70260000228882
8.38020038604736 5.71721982955933
8.40217018127441 5.73185014724731
8.42415046691895 5.74649000167847
8.44616031646729 5.76112985610962
8.46817970275879 5.77577018737793
8.49022960662842 5.7904200553894
8.51229000091553 5.8050799369812
8.53437042236328 5.819739818573
8.55648040771484 5.83441019058228
8.57859992980957 5.84909009933472
8.60074043273926 5.86377000808716
8.62290000915527 5.8784499168396
8.64509010314941 5.89313983917236
8.66728973388672 5.90783977508545
8.68951034545898 5.92254018783569
8.71175003051758 5.9372501373291
8.73400974273682 5.95197010040283
8.75629043579102 5.96669006347656
8.77859020233154 5.98141002655029
8.80090999603271 5.99614000320435
8.82324981689453 6.01087999343872
8.84560966491699 6.02562999725342
8.8679895401001 6.04036998748779
8.89039039611816 6.05513000488281
8.91281032562256 6.06989002227783
8.9352502822876 6.08465003967285
8.95771026611328 6.09943008422852
8.98019027709961 6.11420011520386
9.00269031524658 6.12899017333984
9.0252103805542 6.14377021789551
9.04773998260498 6.15856981277466
9.07030010223389 6.17336988449097
9.09288024902344 6.18816995620728
9.11548042297363 6.20299005508423
9.13809967041016 6.21780014038086
9.16073989868164 6.23262977600098
9.18340015411377 6.24744987487793
9.20608043670654 6.26229000091553
9.22877979278564 6.27713012695313
9.25150012969971 6.29196977615356
9.2742395401001 6.30681991577148
9.29699993133545 6.32168006896973
9.31978034973145 6.33654022216797
9.34257984161377 6.35140991210938
9.36540031433105 6.36629009246826
9.38823986053467 6.38116979598999
9.41110038757324 6.39604997634888
9.43397998809814 6.41094017028809
9.45687961578369 6.42583990097046
9.4798002243042 6.44074010848999
9.50275039672852 6.45564985275269
9.525710105896 6.47056007385254
9.54868984222412 6.48547983169556
9.57168960571289 6.50040006637573
9.59471988677979 6.51532983779907
9.61775970458984 6.53027009963989
9.64083003997803 6.54520988464355
9.66390991210938 6.5601601600647
9.68702030181885 6.57510995864868
9.71014022827148 6.59006977081299
9.73328971862793 6.60503005981445
9.75646018981934 6.61999988555908
9.77964019775391 6.63498020172119
9.80284976959229 6.64996004104614
9.82608032226563 6.66494989395142
9.84932994842529 6.67994022369385
9.87259960174561 6.69494009017944
9.89589023590088 6.70993995666504
9.91919994354248 6.72494983673096
9.94252967834473 6.73997020721436
9.96588039398193 6.7549901008606
9.98925971984863 6.77000999450684
10.0127000808716 6.7850399017334
