0.441370993852615 0.140341997146606
0.441215991973877 0.140261992812157
0.4410600066185 0.140182003378868
0.4409059882164 0.140102997422218
0.440751999616623 0.14002400636673
0.440598011016846 0.13994500041008
0.440445005893707 0.13986699283123
0.44029301404953 0.139789000153542
0.44014099240303 0.139712005853653
0.439990013837814 0.139634996652603
0.439839988946915 0.139558002352715
0.439689993858337 0.139480993151665
0.439541012048721 0.139404997229576
0.439392000436783 0.139329999685287
0.439244002103806 0.139254003763199
0.439096987247467 0.13917900621891
0.438950002193451 0.13910399377346
0.438804000616074 0.139029994606972
0.438659012317657 0.138955995440483
0.438513994216919 0.138882994651794
0.438369989395142 0.138808995485306
0.438226014375687 0.138735994696617
0.438082993030548 0.13866400718689
0.437941014766693 0.138592004776001
0.437799006700516 0.138520002365112
0.4376580119133 0.138447999954224
0.437518000602722 0.138376995921135
0.437377989292145 0.138307005167007
0.437238991260529 0.138236001133919
0.437101006507874 0.13816599547863
0.436962991952896 0.138097003102303
0.43682599067688 0.138026997447014
0.436688989400864 0.137959003448486
0.436553001403809 0.137889996170998
0.436417996883392 0.13782200217247
0.436284005641937 0.137753993272781
0.436150014400482 0.137686997652054
0.436017006635666 0.137620002031326
0.43588399887085 0.137553006410599
0.435752987861633 0.13748699426651
0.435620993375778 0.137420997023582
0.435490995645523 0.137355998158455
0.435360997915268 0.137290000915527
0.435232013463974 0.1372260004282
0.435104012489319 0.137161001563072
0.434976011514664 0.137097001075745
0.434848994016647 0.137033998966217
0.434722989797592 0.136970996856689
0.434597998857498 0.136907994747162
0.434473007917404 0.136844992637634
0.434349000453949 0.136783003807068
0.434224992990494 0.13672199845314
0.434103012084961 0.136659994721413
0.433981001377106 0.136600002646446
0.43385899066925 0.136538997292519
0.433739006519318 0.136479005217552
0.433618992567062 0.136418998241425
0.433499991893768 0.136360004544258
0.433382004499435 0.13630099594593
0.43326398730278 0.136243000626564
0.433147996664047 0.136185005307198
0.433032006025314 0.13612699508667
0.432915985584259 0.136069998145103
0.432801991701126 0.136013001203537
0.432687997817993 0.135957002639771
0.432574987411499 0.135901004076004
0.432462990283966 0.135845005512238
0.432352006435394 0.135790005326271
0.432242006063461 0.135736003518105
0.432132005691528 0.135681003332138
0.432022988796234 0.135627999901772
0.431914985179901 0.135573998093605
0.431807994842529 0.135520994663239
0.431701004505157 0.135469004511833
0.431596010923386 0.135416999459267
0.431490987539291 0.1353649944067
0.431387007236481 0.135314002633095
0.431284010410309 0.135262995958328
0.431181997060776 0.135213002562523
0.431080996990204 0.135162994265556
0.430979996919632 0.135113999247551
0.43088099360466 0.135065004229546
0.430781990289688 0.135015994310379
0.430684000253677 0.134967997670174
0.430586993694305 0.134920999407768
0.430491000413895 0.134874001145363
0.430395990610123 0.134827002882957
0.430301994085312 0.134781002998352
0.430209010839462 0.134736001491547
0.430117011070251 0.134690999984741
0.430025994777679 0.134645998477936
0.42993500828743 0.13460199534893
0.429845988750458 0.134558007121086
0.429758012294769 0.134515002369881
0.429670006036758 0.134472995996475
0.429583996534348 0.134431004524231
0.429499000310898 0.134388998150826
0.429414987564087 0.134348005056381
0.429331004619598 0.134307995438576
0.429248988628387 0.134268000721931
0.429167985916138 0.134228006005287
0.429087996482849 0.134189993143082
0.429008990526199 0.134150996804237
0.428930997848511 0.134113997220993
0.428855001926422 0.134075999259949
0.428779006004333 0.134039998054504
0.428703993558884 0.13400399684906
0.428631007671356 0.133967995643616
0.428559005260468 0.133932992815971
0.428487986326218 0.133899003267288
0.428418010473251 0.133864998817444
0.428350001573563 0.133831992745399
0.428283005952835 0.133799999952316
0.428216010332108 0.133768007159233
0.428151994943619 0.133736997842789
0.428088009357452 0.133706003427505
0.428025990724564 0.133676007390022
0.427964985370636 0.133646994829178
0.427906006574631 0.133617997169495
0.427846997976303 0.133589997887611
0.427790999412537 0.133562996983528
0.42773500084877 0.133536994457245
0.427680999040604 0.133511006832123
0.427628993988037 0.13348600268364
0.427578002214432 0.133460998535156
0.427527993917465 0.133436992764473
0.427480012178421 0.133414998650551
0.427433997392654 0.133392006158829
0.427388995885849 0.133370995521545
0.427345007658005 0.133349999785423
0.427303999662399 0.133330002427101
0.427264004945755 0.133311003446579
0.42722499370575 0.133293002843857
0.427188992500305 0.133276000618935
0.427154004573822 0.133258998394012
0.427121013402939 0.13324299454689
0.427089989185333 0.133228003978729
0.427060008049011 0.133213996887207
0.427033007144928 0.133201003074646
0.427006989717484 0.133188992738724
0.426984012126923 0.133177995681763
0.426961988210678 0.133167997002602
0.426943004131317 0.133158996701241
0.426925003528595 0.133149996399879
0.426910012960434 0.133142992854118
0.426896989345551 0.133137002587318
0.426885992288589 0.133131995797157
0.42687800526619 0.133128002285957
0.426871985197067 0.133125007152557
0.426867991685867 0.133123993873596
0.426867008209229 0.133122995495796
0.426867008209229 0.133122995495796
0.426869988441467 0.133123993873596
0.426874995231628 0.133127003908157
0.42688199877739 0.133129999041557
0.426892995834351 0.133135005831718
0.426905989646912 0.133140996098518
0.426921993494034 0.133148998022079
0.426941990852356 0.133157998323441
0.4269640147686 0.133168995380402
0.426990002393723 0.133181005716324
0.427019000053406 0.133193999528885
0.427051991224289 0.133210003376007
0.427087992429733 0.133226007223129
0.427127987146378 0.133245006203651
0.427172005176544 0.133265003561974
0.427219986915588 0.133287996053696
0.427271991968155 0.133312001824379
0.427327990531921 0.133338004350662
0.42738801240921 0.133366003632545
0.427453994750977 0.133395999670029
0.427524000406265 0.133429005742073
0.427599012851715 0.133463993668556
0.427679002285004 0.133500993251801
0.427765011787415 0.133541002869606
0.427857011556625 0.13358299434185
0.427953988313675 0.133627995848656
0.428057998418808 0.133676007390022
0.428169012069702 0.133726999163628
0.428285986185074 0.133781000971794
0.42841100692749 0.133837997913361
0.428544014692307 0.133899003267288
0.428685009479523 0.133964002132416
0.4288350045681 0.134032994508743
0.428993999958038 0.134105995297432
0.429163008928299 0.134183004498482
0.429342985153198 0.134265005588531
0.429533004760742 0.134352996945381
0.429737001657486 0.134444996714592
0.429953008890152 0.134544000029564
0.430184006690979 0.134648993611336
0.430429995059967 0.13476100564003
0.430693000555038 0.134880006313324
0.430974006652832 0.135008007287979
0.431275993585587 0.135144993662834
0.431600004434586 0.135291993618011
0.431950002908707 0.135450005531311
0.432327002286911 0.13562099635601
0.43273600935936 0.135804995894432
0.433182001113892 0.136005997657776
0.433667987585068 0.136225000023842
0.43420198559761 0.13646499812603
0.434790998697281 0.136729001998901
0.435443013906479 0.137021005153656
0.436170011758804 0.137346997857094
0.436982005834579 0.137709006667137
0.437889009714127 0.138113006949425
0.438894987106323 0.138559997081757
0.439990997314453 0.139046996831894
0.441154986619949 0.139561995863914
0.442351013422012 0.140091001987457
0.443545997142792 0.140617996454239
0.44471600651741 0.141132995486259
0.445850014686584 0.141631007194519
0.446945011615753 0.142112001776695
0.448000013828278 0.142573997378349
0.449019014835358 0.143020004034042
0.450004994869232 0.143451005220413
0.450962007045746 0.143868997693062
0.451891005039215 0.144273996353149
0.452796995639801 0.144667997956276
0.453680992126465 0.145052999258041
0.454546004533768 0.145429000258446
0.455392986536026 0.145796999335289
0.456223994493484 0.146157994866371
0.457040995359421 0.146512001752853
0.457845002412796 0.146861001849174
0.458635985851288 0.147202998399734
0.45941698551178 0.147541001439095
0.460186988115311 0.147873997688293
0.460947006940842 0.148203000426292
0.46169900894165 0.14852699637413
0.462442010641098 0.148847997188568
0.463178008794785 0.149165004491806
0.46390700340271 0.149479001760483
0.464628994464874 0.14979000389576
0.4653440117836 0.150097995996475
0.466053992509842 0.150404006242752
0.466758012771606 0.150707006454468
0.467456996440887 0.151006996631622
0.46815100312233 0.151305004954338
0.46884098649025 0.151601001620293
0.469525992870331 0.151895001530647
0.470207005739212 0.152188003063202
0.470883995294571 0.152477994561195
0.47155699133873 0.15276600420475
0.47222700715065 0.153053000569344
0.472892999649048 0.153338998556137
0.473556011915207 0.153622001409531
0.474216014146805 0.153905004262924
0.47487398982048 0.154185995459557
0.475528001785278 0.15446600317955
0.476179987192154 0.154743999242783
0.476828992366791 0.155020996928215
0.477476000785828 0.155297994613647
0.478121012449265 0.15557299554348
0.47876301407814 0.155846998095512
0.479404002428055 0.156120002269745
0.480042010545731 0.156391993165016
0.480679005384445 0.156663998961449
0.48131400346756 0.15693399310112
0.481947004795074 0.157204002141953
0.482578009366989 0.157471999526024
0.483208000659943 0.157739996910095
0.483835995197296 0.158007994294167
0.484463006258011 0.158273994922638
0.485089004039764 0.158539995551109
0.485713005065918 0.158804997801781
0.48633599281311 0.159070000052452
0.486957997083664 0.159334003925323
0.487578004598618 0.159597992897034
0.488198012113571 0.159860998392105
0.488815993070602 0.160123005509377
0.489432990550995 0.160384997725487
0.490049988031387 0.160646006464958
0.490666002035141 0.160907000303268
0.491279989480972 0.161167994141579
0.491894006729126 0.16142800450325
0.492507010698318 0.16168799996376
0.493120014667511 0.161946997046471
0.493730992078781 0.162205994129181
0.494341999292374 0.162463992834091
0.494953006505966 0.162723004817963
0.495561987161636 0.162980005145073
0.496170997619629 0.163238003849983
0.496780008077621 0.163495004177094
0.497388005256653 0.163752004504204
0.497996002435684 0.164009004831314
0.498602986335754 0.164266005158424
0.499210000038147 0.164522007107735
0.499816000461578 0.164777994155884
0.50042200088501 0.165033996105194
0.50102698802948 0.165288999676704
0.501632988452911 0.165545001626015
0.502237975597382 0.165800005197525
0.502842009067535 0.166054993867874
0.503446996212006 0.166309997439384
0.504051029682159 0.166564002633095
0.504655003547668 0.166819006204605
0.505258977413177 0.167072996497154
0.50586199760437 0.167327001690865
0.506465971469879 0.167581006884575
0.507068991661072 0.167834997177124
0.507672011852264 0.168089002370834
0.508274972438812 0.168342992663383
0.508877992630005 0.168596997857094
0.509481012821198 0.168851003050804
0.510083973407745 0.169103994965553
0.510686993598938 0.169358000159264
0.511290013790131 0.169611006975174
0.511892974376678 0.169863998889923
0.512495994567871 0.170118004083633
0.513099014759064 0.170370995998383
0.513701975345612 0.170624002814293
0.514304995536804 0.170877993106842
0.514908015727997 0.171130999922752
0.515510976314545 0.171384006738663
0.516115009784698 0.171636998653412
0.516717970371246 0.171891003847122
0.5173220038414 0.172143995761871
0.517925024032593 0.172397002577782
0.518528997898102 0.172649994492531
0.519132971763611 0.172903999686241
0.519738018512726 0.173157006502151
0.520341992378235 0.173409998416901
0.520946979522705 0.173664003610611
0.52155202627182 0.17391699552536
0.52215701341629 0.17417100071907
0.52276200056076 0.17442399263382
0.523368000984192 0.17467799782753
0.523974001407623 0.17493100464344
0.524580001831055 0.175184994935989
0.525186002254486 0.1754390001297
0.525793015956879 0.17569300532341
0.526400029659271 0.175946995615959
0.527006983757019 0.176201000809669
0.527615010738373 0.17645500600338
0.528222978115082 0.176708996295929
0.528831005096436 0.176963999867439
0.529439985752106 0.17721800506115
0.530049026012421 0.177472993731499
0.530659019947052 0.177726998925209
0.531268000602722 0.177982002496719
0.531879007816315 0.17823700606823
0.532489001750946 0.178491994738579
0.533100008964539 0.178746998310089
0.533712029457092 0.179002001881599
0.534323990345001 0.17925800383091
0.534936010837555 0.17951300740242
0.535548985004425 0.179768994450569
0.53616201877594 0.180024996399879
0.53677499294281 0.18028099834919
0.537389993667603 0.1805370002985
0.538003981113434 0.18079400062561
0.538618981838226 0.181050002574921
0.53923499584198 0.181307002902031
0.539851009845734 0.181564003229141
0.540467023849487 0.181821003556252
0.541083991527557 0.182078003883362
0.541701972484589 0.182335004210472
0.542320013046265 0.182593002915382
0.542939007282257 0.182850003242493
0.54355800151825 0.183108001947403
0.544178009033203 0.183366000652313
0.544798016548157 0.183624997735023
0.545418977737427 0.183882996439934
0.546039998531342 0.184141993522644
0.546661972999573 0.184401005506516
0.54728502035141 0.184660002589226
0.547908008098602 0.184918999671936
0.548532009124756 0.185178995132446
0.549156010150909 0.185438007116318
0.549781024456024 0.185698002576828
0.550406992435455 0.185957998037338
0.551033020019531 0.18621900677681
0.551660001277924 0.18647900223732
0.552286982536316 0.18673999607563
0.552915990352631 0.187001004815102
0.553543984889984 0.187262997031212
0.55417400598526 0.187524005770683
0.554804027080536 0.187785997986794
0.555435001850128 0.188048005104065
0.55606597661972 0.188309997320175
0.556698024272919 0.188573002815247
0.557331025600433 0.188835993409157
0.557964026927948 0.189098998904228
0.55859899520874 0.1893620043993
0.559233009815216 0.18962499499321
0.559868991374969 0.189888998866081
0.560504972934723 0.190153002738953
0.561142027378082 0.190418004989624
0.561779975891113 0.190681993961334
0.562417984008789 0.190946996212006
0.563058018684387 0.191211998462677
0.563697993755341 0.191477000713348
0.564338028430939 0.19174300134182
0.56497997045517 0.192009001970291
0.565621972084045 0.192275002598763
0.566264986991882 0.192542001605034
0.566908001899719 0.192809000611305
0.567552983760834 0.193075999617577
0.568198025226593 0.193342998623848
0.568844020366669 0.193610996007919
0.569491028785706 0.193878993391991
0.570138990879059 0.194147005677223
0.570787012577057 0.194416001439095
0.571435987949371 0.194684997200966
0.572085976600647 0.194953992962837
0.572736978530884 0.19522300362587
0.573388993740082 0.195492997765541
0.574042022228241 0.195763006806374
0.574694991111755 0.196033999323845
0.575348973274231 0.196303993463516
0.576004028320313 0.196575000882149
0.576659977436066 0.196847006678581
0.577316999435425 0.197117999196053
0.577974021434784 0.197390004992485
0.578633010387421 0.197662994265556
0.579291999340057 0.197935000061989
0.579952001571655 0.198209002614021
0.580613017082214 0.198482006788254
0.58127498626709 0.198755994439125
0.581938028335571 0.199029996991158
0.582602024078369 0.19930399954319
0.583266019821167 0.199579000473022
0.583931982517242 0.199854001402855
0.584598004817963 0.200129002332687
0.58526599407196 0.20040500164032
0.585933983325958 0.200681000947952
0.586602985858917 0.200957000255585
0.587273001670837 0.201233997941017
0.587943971157074 0.20151099562645
0.588616013526917 0.201789006590843
0.589289009571075 0.202067002654076
0.589963018894196 0.202344998717308
0.590637981891632 0.20262299478054
0.591313004493713 0.202902004122734
0.591989994049072 0.203181996941566
0.592667996883392 0.20346100628376
0.593347012996674 0.203741997480392
0.594026029109955 0.204022005200386
0.594707012176514 0.204302996397018
0.595387995243073 0.204584002494812
0.596071004867554 0.204866006970406
0.596755027770996 0.205147996544838
0.597438991069794 0.205430001020432
0.598124980926514 0.205713003873825
0.598810970783234 0.205996006727219
0.599498987197876 0.206278994679451
0.600188016891479 0.206562995910645
0.600876986980438 0.206847995519638
0.601567983627319 0.207131996750832
0.602259993553162 0.207416996359825
0.602953016757965 0.207702994346619
0.603645980358124 0.207989007234573
0.604340970516205 0.208275005221367
0.605036973953247 0.20856200158596
0.60573399066925 0.208848997950554
0.606432020664215 0.209136992692947
0.607131004333496 0.209425002336502
0.607831001281738 0.209712997078896
0.608533024787903 0.21000200510025
0.609234988689423 0.210290998220444
0.609938025474548 0.210581004619598
0.610643029212952 0.210870996117592
0.611348986625671 0.211161002516747
0.612055003643036 0.211452007293701
0.612762987613678 0.211742997169495
0.613471984863281 0.212035000324249
0.614181995391846 0.212327003479004
0.614893019199371 0.212620005011559
0.615606009960175 0.212913006544113
0.616319000720978 0.213207006454468
0.617034018039703 0.213501006364822
0.617748975753784 0.213795006275177
0.618466019630432 0.214090004563332
0.619184017181396 0.214385002851486
0.619903028011322 0.214680999517441
0.620622992515564 0.214976996183395
0.621344983577728 0.215274006128311
0.622067987918854 0.215571001172066
0.622790992259979 0.21586899459362
0.623516023159027 0.216167002916336
0.624243021011353 0.216464996337891
0.624970018863678 0.216764003038406
0.62569797039032 0.217062994837761
0.626428008079529 0.217362999916077
0.627158999443054 0.217664003372192
0.627891004085541 0.217963993549347
0.628624975681305 0.218265995383263
0.629359006881714 0.218567997217178
0.6300950050354 0.218869999051094
0.630832016468048 0.21917299926281
0.631569981575012 0.219475999474525
0.632309973239899 0.219779998064041
0.633050978183746 0.220083996653557
0.633792996406555 0.220387995243073
0.634536027908325 0.220694005489349
0.635280013084412 0.220999002456665
0.63602602481842 0.221304997801781
0.636772990226746 0.221612006425858
0.637521028518677 0.221919000148773
0.638270974159241 0.22222700715065
0.639021992683411 0.222534999251366
0.639774024486542 0.222844004631042
0.640527009963989 0.223152995109558
0.641282021999359 0.223462000489235
0.642037987709045 0.223773002624512
0.642795979976654 0.224083006381989
0.643553972244263 0.224395006895065
0.644313991069794 0.224705994129181
0.645075976848602 0.225018993020058
0.645838022232056 0.225330993533134
0.646601974964142 0.225645005702972
0.647367000579834 0.225958004593849
0.648133993148804 0.226273000240326
0.648901998996735 0.226587995886803
0.649671018123627 0.226903006434441
0.650442004203796 0.227219000458717
0.651214003562927 0.227535992860794
0.65198802947998 0.227853000164032
0.652761995792389 0.228169992566109
0.653539001941681 0.228487998247147
0.654316008090973 0.228807002305984
0.655094981193542 0.229126006364822
0.655875027179718 0.229445993900299
0.656656980514526 0.229765996336937
0.657440006732941 0.230086997151375
0.658224999904633 0.230407997965813
0.659011006355286 0.230729997158051
0.6597980260849 0.231052994728088
0.660587012767792 0.231376007199287
0.661377012729645 0.231700003147125
0.662168979644775 0.232023999094963
0.662962019443512 0.232348993420601
0.663757026195526 0.2326740026474
0.664552986621857 0.232999995350838
0.665350019931793 0.233326002955437
0.666149020195007 0.233652994036674
0.666949987411499 0.233980998396873
0.667752027511597 0.234309002757072
0.668555021286011 0.234638005495071
0.669359982013702 0.23496800661087
0.670167028903961 0.235297992825508
0.670974016189575 0.235627993941307
0.671783983707428 0.235958993434906
0.672595024108887 0.236291006207466
0.673407018184662 0.236623004078865
0.674220979213715 0.236956000328064
0.675036013126373 0.237289994955063
0.67585301399231 0.237624004483223
0.676671981811523 0.237958997488022
0.677492022514343 0.238294005393982
0.678313970565796 0.238629996776581
0.679136991500854 0.238967001438141
0.679961025714874 0.239304006099701
0.680787980556488 0.2396419942379
0.681616008281708 0.23998099565506
0.682444989681244 0.24031999707222
0.683275997638702 0.24065899848938
0.684108972549438 0.24099999666214
0.684943020343781 0.2413409948349
0.685778975486755 0.24168199300766
0.686616003513336 0.242025002837181
0.687454998493195 0.242367997765541
0.688296020030975 0.242710992693901
0.689137995243073 0.243055000901222
0.689981997013092 0.243399992585182
0.690827012062073 0.243745997548103
0.691675007343292 0.244092002511024
0.692523002624512 0.244439005851746
0.69337397813797 0.244785994291306
0.694226026535034 0.245133996009827
0.695079982280731 0.245482996106148
0.695935010910034 0.245831996202469
0.696792006492615 0.24618199467659
0.697651028633118 0.246533006429672
0.698512017726898 0.246884003281593
0.69937402009964 0.247235998511314
0.700237989425659 0.247589007019997
0.70110297203064 0.247942999005318
0.701970994472504 0.2482970058918
0.702839970588684 0.248651996254921
0.703710973262787 0.249007001519203
0.704582989215851 0.249363005161285
0.705456972122192 0.249720007181168
0.706332981586456 0.250077992677689
0.707211017608643 0.250436007976532
0.708091020584106 0.250795006752014
0.708971977233887 0.251154005527496
0.709855020046234 0.251515001058578
0.710739970207214 0.251875996589661
0.711625993251801 0.252236992120743
0.712514996528625 0.252600014209747
0.713405013084412 0.252963006496429
0.714296996593475 0.253327012062073
0.715191006660461 0.253692001104355
0.716085970401764 0.254056990146637
0.71698397397995 0.25442299246788
0.717882990837097 0.254790008068085
0.718783974647522 0.255156993865967
0.719686985015869 0.25552499294281
0.720592021942139 0.255894005298615
0.721499025821686 0.256264001131058
0.722406983375549 0.256635010242462
0.72331702709198 0.257005989551544
0.724229991436005 0.25737801194191
0.725144028663635 0.257750004529953
0.726059973239899 0.258123993873596
0.726978003978729 0.258498013019562
0.727898001670837 0.258872985839844
0.728819012641907 0.259249001741409
0.729743003845215 0.259624987840652
0.730669021606445 0.260001987218857
0.731595993041992 0.260379999876022
0.732526004314423 0.260758996009827
0.733457028865814 0.261139005422592
0.7343909740448 0.261519014835358
0.735325992107391 0.261900007724762
0.73626297712326 0.262282013893127
0.737203001976013 0.262665003538132
0.738143980503082 0.263047993183136
0.739086985588074 0.263431996107101
0.740032017230988 0.263817012310028
0.74098002910614 0.264203011989594
0.741928994655609 0.264589995145798
0.742879986763 0.264977008104324
0.743833005428314 0.265365988016129
0.744789004325867 0.265754997730255
0.74574601650238 0.266144007444382
0.746706008911133 0.266535013914108
0.747667014598846 0.266927003860474
0.748631000518799 0.267318993806839
0.749595999717712 0.267711997032166
0.750563979148865 0.268106013536453
0.751533985137939 0.26850101351738
0.752506017684937 0.268896013498306
0.753480017185211 0.269293010234833
0.754455983638763 0.269690006971359
0.755433976650238 0.270087987184525
0.756413996219635 0.270487010478973
0.757396996021271 0.270886987447739
0.758381009101868 0.271288007497787
0.759368002414703 0.271688997745514
0.760357022285461 0.272092014551163
0.761348009109497 0.272495001554489
0.762341022491455 0.272899001836777
0.763337016105652 0.273303985595703
0.76433402299881 0.273710012435913
0.765334010124207 0.274116992950439
0.766336023807526 0.274524986743927
0.767340004444122 0.274933010339737
0.768347024917603 0.275341987609863
0.76935601234436 0.275752991437912
0.770367026329041 0.276163995265961
0.771380007266998 0.276576012372971
0.772395014762878 0.276989012956619
0.773413002490997 0.277402997016907
0.774433016777039 0.277817994356155
0.775454998016357 0.278232991695404
0.77648001909256 0.278649985790253
0.777505993843079 0.279067009687424
0.778535008430481 0.279486000537872
0.779567003250122 0.279904991388321
0.780601024627686 0.280324995517731
0.781637012958527 0.280746012926102
0.78267502784729 0.28116899728775
0.783716022968292 0.281592011451721
0.784758985042572 0.282016009092331
0.785804986953735 0.282440990209579
0.78685200214386 0.28286600112915
0.787903010845184 0.283293008804321
0.788954973220825 0.283720999956131
0.79000997543335 0.284150004386902
0.791068017482758 0.284579992294312
0.792128026485443 0.285010010004044
0.793190002441406 0.285441994667053
0.794255018234253 0.285874009132385
0.795322000980377 0.286307990550995
0.796392023563385 0.286742985248566
0.79746401309967 0.287178009748459
0.798538029193878 0.28761500120163
0.799615025520325 0.2880519926548
0.80069500207901 0.288491010665894
0.801777005195618 0.288929998874664
0.802860975265503 0.289371013641357
0.803948998451233 0.289811998605728
0.805037975311279 0.290255010128021
0.806129992008209 0.290697991847992
0.807224988937378 0.291143000125885
0.808322012424469 0.291588008403778
0.809422016143799 0.292035013437271
0.810525000095367 0.292483001947403
0.811630010604858 0.292930990457535
0.812736988067627 0.293381005525589
0.813847005367279 0.293832004070282
0.81496000289917 0.294283002614975
0.8160759806633 0.294735997915268
0.817193984985352 0.295190006494522
0.818314015865326 0.295644998550415
0.819437980651855 0.296101003885269
0.820563971996307 0.296557992696762
0.821693003177643 0.297015994787216
0.822824001312256 0.297475010156631
0.823957979679108 0.297935992479324
0.825094997882843 0.29839700460434
0.826234996318817 0.298860013484955
0.827377021312714 0.299322992563248
0.828522026538849 0.299787998199463
0.829670011997223 0.300253003835678
0.830820024013519 0.300720006227493
0.831974029541016 0.301187992095947
0.83313000202179 0.301656991243362
0.834289014339447 0.302127003669739
0.835449993610382 0.302599012851715
0.836615025997162 0.303070992231369
0.837782025337219 0.303544998168945
0.838952004909515 0.304019004106522
0.840125024318695 0.304495006799698
0.841301023960114 0.304971992969513
0.842480003833771 0.305449992418289
0.843662023544312 0.305929005146027
0.84484601020813 0.306410014629364
0.846033990383148 0.306890994310379
0.847223997116089 0.307374000549316
0.848416984081268 0.307857990264893
0.849613010883331 0.30834299325943
0.850812971591949 0.308829009532928
0.852015018463135 0.309316992759705
0.853219985961914 0.309805005788803
0.854427993297577 0.310294985771179
0.855638980865479 0.310786008834839
0.856853008270264 0.311277985572815
0.858070015907288 0.311771988868713
0.85929000377655 0.312265992164612
0.860512971878052 0.31276199221611
0.861739993095398 0.31325900554657
0.862968981266022 0.313757002353668
0.864201009273529 0.314256995916367
0.865436971187592 0.314756989479065
0.866675019264221 0.315259009599686
0.867917001247406 0.315762996673584
0.869162023067474 0.316267013549805
0.870410025119781 0.316772997379303
0.871661007404327 0.317279994487762
0.872915029525757 0.317788004875183
0.874172985553741 0.318298012018204
0.875433027744293 0.318807989358902
0.8766970038414 0.319319993257523
0.877964019775391 0.319833993911743
0.87923401594162 0.320347994565964
0.880508005619049 0.320863991975784
0.881784975528717 0.321381986141205
0.883064985275269 0.321900010108948
0.884347975254059 0.322420001029968
0.885635018348694 0.32294100522995
0.886924982070923 0.323464006185532
0.888217985630035 0.323987007141113
0.889514982700348 0.324512988328934
0.890814006328583 0.325038999319077
0.892117977142334 0.325567007064819
0.893423974514008 0.326095998287201
0.894734978675842 0.326626986265182
0.896048009395599 0.327158004045486
0.897364974021912 0.327692002058029
0.898684978485107 0.328226000070572
0.900008976459503 0.328761994838715
0.901336014270782 0.329299986362457
0.902666985988617 0.329838007688522
0.904000997543335 0.330379009246826
0.905339002609253 0.33092001080513
0.90667998790741 0.331463009119034
0.908025026321411 0.332006990909576
0.909372985363007 0.332552999258041
0.910724997520447 0.333099991083145
0.912079989910126 0.333649009466171
0.913438975811005 0.334199011325836
0.914801001548767 0.334751009941101
0.916167974472046 0.335303992033005
0.917536973953247 0.33585798740387
0.918910980224609 0.336414009332657
0.920288026332855 0.336971014738083
0.921669006347656 0.337529987096786
0.923053026199341 0.338090002536774
0.924440979957581 0.338652014732361
0.925832986831665 0.339215010404587
0.927228987216949 0.339780002832413
0.928628027439117 0.3403460085392
0.930032014846802 0.340914011001587
0.931438028812408 0.341482996940613
0.932848989963531 0.342054009437561
0.934264004230499 0.342626005411148
0.935681998729706 0.343199998140335
0.937103986740112 0.343775004148483
0.938530027866364 0.344352006912231
0.93996000289917 0.34493100643158
0.941393971443176 0.345510989427567
0.942831993103027 0.346091985702515
0.944274008274078 0.346675008535385
0.945719003677368 0.347259998321533
0.947169005870819 0.347846001386642
0.94862300157547 0.348434001207352
0.95007997751236 0.349023997783661
0.951542019844055 0.349615007638931
0.953006982803345 0.35020700097084
0.95447701215744 0.350802004337311
0.955950975418091 0.35139799118042
0.957427978515625 0.35199499130249
0.95890998840332 0.352593988180161
0.960395991802216 0.353195011615753
0.961885988712311 0.353798002004623
0.963380992412567 0.354402005672455
0.964878976345062 0.355008006095886
0.966382026672363 0.355614989995956
0.967889010906219 0.356224000453949
0.969399988651276 0.356835007667542
0.970915019512177 0.357448011636734
0.972434997558594 0.358061999082565
0.973958015441895 0.358678013086319
0.975485980510712 0.35929599404335
0.977019011974335 0.359914988279343
0.978555977344513 0.360536009073257
0.980096995830536 0.36115899682045
0.981642007827759 0.361784011125565
0.983192026615143 0.362410008907318
0.984745979309082 0.363038003444672
0.986304998397827 0.363667994737625
0.987868010997772 0.364300012588501
0.989435970783234 0.364933013916016
0.99100798368454 0.36556801199913
0.992583990097046 0.366205006837845
0.994165003299713 0.366843998432159
0.995751023292542 0.367484986782074
0.997340977191925 0.36812698841095
0.998935997486115 0.368772000074387
1.00054001808167 0.369417995214462
1.00214004516602 0.370065987110138
1.0037499666214 0.370716005563736
1.00536000728607 0.371367990970612
1.00697994232178 0.372020989656448
1.00859999656677 0.372676998376846
1.0102299451828 0.373333990573883
1.01186001300812 0.373993009328842
1.01349997520447 0.374653995037079
1.01514005661011 0.375317990779877
1.01679003238678 0.375982999801636
1.01844000816345 0.376648992300034
1.02008998394012 0.377317994832993
1.02174997329712 0.377988994121552
1.02341997623444 0.37866199016571
1.02508997917175 0.379337012767792
1.02676999568939 0.380012989044189
1.02845001220703 0.380692005157471
1.03013002872467 0.38137298822403
1.03182005882263 0.382055014371872
1.03351998329163 0.382739990949631
1.03522002696991 0.383426994085312
1.03692996501923 0.384115993976593
1.03864002227783 0.384806007146835
1.04034996032715 0.385499000549316
1.04207003116608 0.386193990707397
1.04379999637604 0.386891007423401
1.045529961586 0.387589991092682
1.04727005958557 0.388291001319885
1.04901003837585 0.388994008302689
1.05076003074646 0.389699012041092
1.05251002311707 0.390406996011734
1.05427002906799 0.391115993261337
1.05603003501892 0.391828000545502
1.05780005455017 0.392542004585266
1.05956995487213 0.39325800538063
1.0613499879837 0.393976002931595
1.0631400346756 0.394695997238159
1.0649299621582 0.395417988300323
1.0667200088501 0.396142989397049
1.06851994991302 0.396869987249374
1.07033002376556 0.397599011659622
1.07213997840881 0.398330003023148
1.07395994663239 0.399064004421234
1.07578003406525 0.399798989295959
1.07761001586914 0.400537014007568
1.07945001125336 0.401277005672455
1.08129000663757 0.402020007371902
1.08313000202179 0.40276500582695
1.08498001098633 0.403512001037598
1.08684003353119 0.404260993003845
1.08870005607605 0.405012995004654
1.09056997299194 0.405766993761063
1.09245002269745 0.406522989273071
1.09432995319366 0.407281994819641
1.09621000289917 0.408042997121811
1.09810996055603 0.408805996179581
1.10000002384186 0.409572005271912
1.10190999507904 0.410340011119843
1.10381996631622 0.411110997200012
1.10573995113373 0.411884009838104
1.10766005516052 0.412658989429474
1.10959005355835 0.413437008857727
1.11152005195618 0.414216995239258
1.11345994472504 0.41499999165535
1.11540997028351 0.415785014629364
1.11735999584198 0.416572988033295
1.11932003498077 0.417362987995148
1.1212899684906 0.418155997991562
1.12326002120972 0.418951004743576
1.12523996829987 0.41974800825119
1.1272200345993 0.420549005270004
1.12920999526978 0.421350985765457
1.13120996952057 0.422156989574432
1.13320994377136 0.422964990139008
1.13522005081177 0.423774987459183
1.13724005222321 0.424587994813919
1.13926005363464 0.425404012203217
1.14128994941711 0.426221996545792
1.1433299779892 0.427042990922928
1.14537000656128 0.427866995334625
1.14742004871368 0.428692996501923
1.14947998523712 0.429522007703781
1.15154004096985 0.430353999137878
1.15360999107361 0.431187987327576
1.15568995475769 0.432024985551834
1.15777003765106 0.432864993810654
1.15986001491547 0.433708012104034
1.16196000576019 0.434552997350693
1.16405999660492 0.435400992631912
1.16617000102997 0.436251997947693
1.16829001903534 0.437106013298035
1.17042005062103 0.437961995601654
1.17254996299744 0.438820987939835
1.17469000816345 0.439682990312576
1.17683005332947 0.440548002719879
1.17899000644684 0.441415995359421
1.18114995956421 0.442286998033524
1.18332004547119 0.443159997463226
1.18549001216888 0.444036990404129
1.1876699924469 0.444916009902954
1.18985998630524 0.445798993110657
1.1920599937439 0.446684002876282
1.19427001476288 0.447571992874146
1.19648003578186 0.44846299290657
1.19869995117188 0.449357002973557
1.20091998577118 0.450255006551743
1.20316004753113 0.451155006885529
1.20539999008179 0.452057987451553
1.20764994621277 0.452964007854462
1.20991003513336 0.453873991966248
1.21217000484467 0.454786002635956
1.21443998813629 0.455702006816864
1.21672999858856 0.456620007753372
1.21900999546051 0.45754200220108
1.2213100194931 0.45846700668335
1.2236100435257 0.459394991397858
1.22592997550964 0.460326999425888
1.22825002670288 0.461261004209518
1.23056995868683 0.462199002504349
1.23291003704071 0.463138997554779
1.2352499961853 0.46408399939537
1.23760998249054 0.465030997991562
1.23996996879578 0.465981990098953
1.24233996868134 0.466935008764267
1.24470996856689 0.467893004417419
1.2470999956131 0.468852996826172
1.2494900226593 0.469817012548447
1.25188994407654 0.47078400850296
1.25429999828339 0.471754997968674
1.25671994686127 0.472728997468948
1.25915002822876 0.473706007003784
1.26159000396729 0.47468701004982
1.26402997970581 0.475670993328094
1.26647996902466 0.476658999919891
1.26893997192383 0.477649986743927
1.27142000198364 0.478644996881485
1.27389001846313 0.479642987251282
1.27637994289398 0.480645000934601
1.27888000011444 0.481649994850159
1.28138995170593 0.482659012079239
1.28390002250671 0.483671009540558
1.28641998767853 0.484687000513077
1.28895998001099 0.485707014799118
1.29149997234344 0.486730009317398
1.29404997825623 0.487756997346878
1.29660999774933 0.488786995410919
1.29918003082275 0.489822000265121
1.30175995826721 0.490859985351563
1.30435001850128 0.491901010274887
1.30693995952606 0.49294701218605
1.30955004692078 0.493995994329453
1.31217002868652 0.495048999786377
1.31479001045227 0.496105998754501
1.31743001937866 0.497166991233826
1.31983995437622 0.498136013746262
1.32144999504089 0.498784989118576
1.32253003120422 0.499217987060547
1.32324004173279 0.499507009983063
1.32371997833252 0.499700009822845
1.32404005527496 0.499828010797501
1.32425999641418 0.499913990497589
1.32436001300812 0.499956995248795
1.32441997528076 0.499978989362717
1.32447004318237 0.5
1.32447004318237 0.5
1.32451999187469 0.500020980834961
1.32457995414734 0.500042974948883
1.32467997074127 0.500086009502411
1.32490003108978 0.500172019004822
1.32521998882294 0.500301003456116
1.32570004463196 0.500494003295898
1.32641994953156 0.500783979892731
1.32749998569489 0.501219987869263
1.3291300535202 0.501874983310699
1.33158004283905 0.502861022949219
1.33428001403809 0.503946006298065
1.33697998523712 0.505034983158112
1.3396999835968 0.506129026412964
1.3424299955368 0.50722599029541
1.34516000747681 0.508327007293701
1.34791004657745 0.509432971477509
1.35066998004913 0.510541975498199
1.35344004631042 0.511655986309052
1.35620999336243 0.512772977352142
1.35899996757507 0.513894975185394
1.36179995536804 0.515021026134491
1.36460995674133 0.516151010990143
1.36742997169495 0.517286002635956
1.37026000022888 0.518423974514008
1.37310004234314 0.519567012786865
1.37594997882843 0.520713984966278
1.37881994247437 0.521866023540497
1.38169002532959 0.52302098274231
1.38457000255585 0.524182021617889
1.38747000694275 0.525345981121063
1.39038002490997 0.526515007019043
1.3932900428772 0.527688026428223
1.39621996879578 0.528865993022919
1.39916002750397 0.530048012733459
1.40210998058319 0.531234979629517
1.40506994724274 0.532425999641418
1.40804994106293 0.533622026443481
1.41103005409241 0.5348219871521
1.41402995586395 0.536027014255524
1.41702997684479 0.537236988544464
1.42005002498627 0.538451015949249
1.42307996749878 0.53966897726059
1.42613005638123 0.540893018245697
1.42918002605438 0.54212099313736
1.43225002288818 0.543353974819183
1.43533003330231 0.544592022895813
1.43842005729675 0.545834004878998
1.44151997566223 0.547080993652344
1.44463002681732 0.548334002494812
1.44775998592377 0.54959100484848
1.45089995861053 0.550852000713348
1.45404994487762 0.552119016647339
1.45720994472504 0.553390979766846
1.46038997173309 0.554668009281158
1.46358001232147 0.555948972702026
1.46677994728088 0.557236015796661
1.46999001502991 0.558528006076813
1.47321999073029 0.559825003147125
1.47644996643066 0.561125993728638
1.47970998287201 0.562434017658234
1.48296999931335 0.563745975494385
1.48625004291534 0.565062999725342
1.48953998088837 0.566385984420776
1.492840051651 0.567713975906372
1.49616003036499 0.569046974182129
1.4994900226593 0.570384979248047
1.50283002853394 0.571729004383087
1.50618994235992 0.573077976703644
1.50955998897552 0.574433028697968
1.51294004917145 0.575793027877808
1.51634001731873 0.577157974243164
1.51974999904633 0.578529000282288
1.52318000793457 0.579904973506927
1.52662003040314 0.581287026405334
1.53006994724274 0.582674980163574
1.53354001045227 0.58406800031662
1.53701996803284 0.585466027259827
1.54051005840302 0.586871027946472
1.54402005672455 0.588280975818634
1.54754996299744 0.589697003364563
1.55107998847961 0.591117978096008
1.55464005470276 0.592544972896576
1.55820000171661 0.593979001045227
1.56177997589111 0.595417976379395
1.56537997722626 0.596862018108368
1.56898999214172 0.598312973976135
1.57262003421783 0.59977000951767
1.57625997066498 0.601233005523682
1.57991003990173 0.602701008319855
1.58359003067017 0.604175984859467
1.5872700214386 0.605656981468201
1.59097003936768 0.607143998146057
1.59468996524811 0.608636975288391
1.59842002391815 0.610135972499847
1.60216999053955 0.611640989780426
1.60592997074127 0.613152980804443
1.60970997810364 0.614670991897583
1.61351001262665 0.616195023059845
1.61731994152069 0.617726027965546
1.62115001678467 0.619262993335724
1.62498998641968 0.620805978775024
1.62884998321533 0.622355997562408
1.63271999359131 0.623912990093231
1.63662004470825 0.625476002693176
1.64051997661591 0.627044975757599
1.64444994926453 0.628620982170105
1.64839005470276 0.630204021930695
1.65234994888306 0.631793022155762
1.65631997585297 0.633388996124268
1.66031002998352 0.634992003440857
1.66431999206543 0.636600971221924
1.66834998130798 0.638217985630035
1.67238998413086 0.639841020107269
1.67645001411438 0.641471028327942
1.68052995204926 0.643108010292053
1.68462002277374 0.644752025604248
1.68873000144958 0.646403014659882
1.69286000728607 0.648060977458954
1.6970100402832 0.64972597360611
1.70117998123169 0.65139901638031
1.70536005496979 0.653078019618988
1.70956003665924 0.654765009880066
1.71378004550934 0.656458020210266
1.71801996231079 0.658159017562866
1.72227001190186 0.659868001937866
1.7265499830246 0.66158401966095
1.73083996772766 0.663307011127472
1.73514997959137 0.665036976337433
1.73948001861572 0.666774988174438
1.74382996559143 0.668520987033844
1.74820005893707 0.670274019241333
1.75258994102478 0.672034978866577
1.7569899559021 0.673802971839905
1.76142001152039 0.675579011440277
1.7658599615097 0.677362978458405
1.77032995223999 0.679154992103577
1.7748099565506 0.680953979492188
1.77930998802185 0.682761013507843
1.78383994102478 0.684575974941254
1.78838002681732 0.686398983001709
1.79294002056122 0.688229978084564
1.79752004146576 0.690069019794464
1.80212998390198 0.691915988922119
1.80675005912781 0.69377201795578
1.81139004230499 0.69563502073288
1.81605994701385 0.697506010532379
1.82073998451233 0.69938600063324
1.82544994354248 0.7012739777565
1.83018004894257 0.703170001506805
1.83492004871368 0.705075025558472
1.83968997001648 0.706987977027893
1.84448003768921 0.70890998840332
1.84929001331329 0.710839986801147
1.85412001609802 0.712777972221375
1.85897994041443 0.714725017547607
1.86384999752045 0.716681003570557
1.86874997615814 0.718645989894867
1.87366998195648 0.720619022846222
1.87861001491547 0.722600996494293
1.88356995582581 0.724591970443726
1.8885600566864 0.726590991020203
1.89356994628906 0.728600025177002
1.89859998226166 0.730616986751556
1.9036500453949 0.732644021511078
1.90872001647949 0.734678983688354
1.91382002830505 0.736724019050598
1.91893994808197 0.738777995109558
1.92409002780914 0.740840971469879
1.92925000190735 0.742913007736206
1.93444001674652 0.74499499797821
1.93965995311737 0.747084975242615
1.94489002227783 0.749185025691986
1.95015001296997 0.75129497051239
1.95544004440308 0.7534139752388
1.96074998378754 0.755542993545532
1.96607995033264 0.757681012153625
1.97143995761871 0.759828984737396
1.97681999206543 0.761986017227173
1.98222005367279 0.764153003692627
1.98765003681183 0.766330003738403
1.99310004711151 0.768517017364502
1.99857997894287 0.770712971687317
2.00409007072449 0.77292001247406
2.00960993766785 0.77513599395752
2.01517009735107 0.777361989021301
2.02075004577637 0.779599010944366
2.0263500213623 0.781844973564148
2.03198003768921 0.784102022647858
2.03763008117676 0.786369025707245
2.04330992698669 0.78864598274231
2.04902005195618 0.790933012962341
2.05474996566772 0.793231010437012
2.06050992012024 0.795539021492004
2.0662899017334 0.797857999801636
2.07209992408752 0.800186991691589
2.07793998718262 0.802525997161865
2.08381009101868 0.804876029491425
2.0896999835968 0.807237029075623
2.09560990333557 0.809607982635498
2.10156011581421 0.811990976333618
2.10753011703491 0.814382970333099
2.113529920578 0.816787004470825
2.11954998970032 0.81920200586319
2.1256000995636 0.821627020835876
2.13168001174927 0.824064016342163
2.1377899646759 0.826511979103088
2.14392995834351 0.828970015048981
2.15008997917175 0.831439971923828
2.15628004074097 0.833921015262604
2.16249990463257 0.836413025856018
2.16875004768372 0.838916003704071
2.17502999305725 0.841431021690369
2.18132996559143 0.843957006931305
2.18765997886658 0.846494019031525
2.19403004646301 0.849043011665344
2.20041990280151 0.851603984832764
2.20684003829956 0.854175984859467
2.21328997612 0.856759011745453
2.21975994110107 0.859354019165039
2.22626996040344 0.861961007118225
2.23281002044678 0.864579975605011
2.23937010765076 0.86720997095108
2.24597001075745 0.869853019714355
2.2525999546051 0.872506976127625
2.2592499256134 0.875172972679138
2.26593995094299 0.877851009368896
2.27266001701355 0.880541026592255
2.27940011024475 0.883243024349213
2.28618001937866 0.885957002639771
2.29298996925354 0.888683974742889
2.29981994628906 0.891421973705292
2.30668997764587 0.8941730260849
2.31359004974365 0.896935999393463
2.32051992416382 0.899712026119232
2.32749009132385 0.90249902009964
2.33448004722595 0.90530002117157
2.34150004386902 0.908111989498138
2.34856009483337 0.910938024520874
2.35563993453979 0.913775026798248
2.36276006698608 0.9166259765625
2.36991000175476 0.919489026069641
2.37709999084473 0.922363996505737
2.38431000709534 0.925252974033356
2.39156007766724 0.928153991699219
2.3988299369812 0.931068003177643
2.40614008903503 0.933993995189667
2.41349005699158 0.936933994293213
2.42086005210876 0.93988698720932
2.42827010154724 0.942852020263672
2.43570995330811 0.945831000804901
2.44318008422852 0.948822021484375
2.45069003105164 0.951826989650726
2.45823001861572 0.954845011234283
2.46580004692078 0.957876026630402
2.47340989112854 0.960919976234436
2.48105001449585 0.963976979255676
2.48871994018555 0.967046976089478
2.49641990661621 0.970130980014801
2.50415992736816 0.973227977752686
2.51192998886108 0.976338982582092
2.51974010467529 0.97946298122406
2.52758002281189 0.982599973678589
2.53544998168945 0.98575097322464
2.54335999488831 0.988915026187897
2.55130004882813 0.992093026638031
2.55927991867065 0.995284020900726
2.56729006767273 0.998489022254944
2.57533001899719 1.00171005725861
2.58341002464294 1.00494003295898
2.59152007102966 1.00819003582001
2.59966993331909 1.01145005226135
2.60785007476807 1.01471996307373
2.61606001853943 1.01801002025604
2.62431001663208 1.02130997180939
2.63260006904602 1.02462005615234
2.64091992378235 1.02795004844666
2.64927005767822 1.03129005432129
2.65766000747681 1.03464996814728
2.66609001159668 1.03802001476288
2.67455005645752 1.04139995574951
2.68303990364075 1.04480004310608
2.69157004356384 1.04821002483368
2.70013999938965 1.05164003372192
2.70873999595642 1.05508005619049
2.71737003326416 1.05852997303009
2.72603988647461 1.06200003623962
2.73475003242493 1.06547999382019
2.74348998069763 1.0689799785614
2.75226998329163 1.07248997688293
2.76108002662659 1.07600998878479
2.76992988586426 1.07955002784729
2.77881002426147 1.08309996128082
2.7877299785614 1.08667004108429
2.79667997360229 1.09025001525879
2.80567002296448 1.09384000301361
2.81469988822937 1.09745001792908
2.82376003265381 1.10107004642487
2.83285999298096 1.10470998287201
2.84198999404907 1.10836005210876
2.85116004943848 1.11203002929688
2.86035990715027 1.11571002006531
2.86960005760193 1.11940002441406
2.8788800239563 1.12311005592346
2.88819003105164 1.12682998180389
2.89754009246826 1.13057005405426
2.90691995620728 1.13432002067566
2.91634011268616 1.13808000087738
2.92580008506775 1.14186000823975
2.93529009819031 1.14566004276276
2.94480991363525 1.14945995807648
2.95438003540039 1.15329003334045
2.96396994590759 1.15711998939514
2.97360992431641 1.16096997261047
2.98327994346619 1.16483998298645
2.99298000335693 1.16870999336243
3.00272011756897 1.17261004447937
3.01250004768372 1.17650997638702
3.02231001853943 1.18043994903564
3.03216004371643 1.18437004089355
3.04204988479614 1.18832004070282
3.0519700050354 1.19228005409241
3.06191992759705 1.19625997543335
3.07190990447998 1.2002500295639
3.0819399356842 1.20425999164581
3.09200000762939 1.20827996730804
3.10209989547729 1.2123099565506
3.11223006248474 1.2163599729538
3.1224000453949 1.22042000293732
3.13261008262634 1.22449994087219
3.14284992218018 1.22859001159668
3.15312004089355 1.2326899766922
3.16342997550964 1.23680996894836
3.17377996444702 1.24093997478485
3.18415999412537 1.24509000778198
3.19457006454468 1.24925005435944
3.2050199508667 1.25341999530792
3.21550989151001 1.25760996341705
3.22603011131287 1.26180994510651
3.23658990859985 1.2660299539566
3.24717998504639 1.27025997638702
3.25780010223389 1.27450001239777
3.2684600353241 1.27875995635986
3.2791600227356 1.28303003311157
3.28989005088806 1.28731000423431
3.30064988136292 1.2916100025177
3.31145000457764 1.29592001438141
3.32227993011475 1.30025005340576
3.33314990997314 1.30457997322083
3.34404993057251 1.30894005298615
3.35497999191284 1.31330001354218
3.36595010757446 1.31768000125885
3.37696003913879 1.32207000255585
3.38798999786377 1.32648003101349
3.39906001091003 1.33089995384216
3.41017007827759 1.33533000946045
3.42130994796753 1.33977997303009
3.43248009681702 1.34423995018005
3.44369006156921 1.34870994091034
3.45493006706238 1.35318994522095
3.46620011329651 1.3576899766922
3.47749996185303 1.36220002174377
3.48884010314941 1.3667299747467
3.50021004676819 1.37126994132996
3.51162004470825 1.37582004070282
3.52306008338928 1.38038003444672
3.5345299243927 1.38496005535126
3.54603004455566 1.38954997062683
3.55755996704102 1.39415001869202
3.56912994384766 1.39876997470856
3.58072996139526 1.40339994430542
3.59237003326416 1.40804004669189
3.60402989387512 1.4126900434494
3.61573004722595 1.41735994815826
3.62746000289917 1.42202997207642
3.63921999931335 1.42673003673553
3.65101003646851 1.43142998218536
3.66283011436462 1.43614995479584
3.67469000816345 1.4408700466156
3.68657994270325 1.44561994075775
3.69848990440369 1.45036995410919
3.71043992042542 1.45512998104095
3.72241997718811 1.45991003513336
3.73443007469177 1.4646999835968
3.74647998809814 1.46949994564056
3.75854992866516 1.47432005405426
3.77064990997314 1.47915005683899
3.78278994560242 1.48397994041443
3.79495000839233 1.4888299703598
3.80714988708496 1.49370002746582
3.81937003135681 1.49856996536255
3.83162999153137 1.50346004962921
3.84390997886658 1.50835001468658
3.85622000694275 1.5132600069046
3.86857008934021 1.51818001270294
3.88093996047974 1.52312004566193
3.89334988594055 1.52805995941162
3.90578007698059 1.53302001953125
3.91824007034302 1.53798997402191
3.93073010444641 1.54296004772186
3.94324994087219 1.54795002937317
3.95580005645752 1.55296003818512
3.96837997436523 1.55797004699707
3.98097991943359 1.56298995018005
3.99361991882324 1.56802999973297
4.00627994537354 1.57307004928589
4.01897001266479 1.57813000679016
4.03169012069702 1.58319997787476
4.04443979263306 1.58827996253967
4.05720996856689 1.59336996078491
4.07002019882202 1.59846997261047
4.08284997940063 1.60357999801636
4.09570980072021 1.60871005058289
4.1085901260376 1.61383998394012
4.12151002883911 1.61898005008698
4.13444995880127 1.62414002418518
4.14740991592407 1.62929999828339
4.16040992736816 1.63447999954224
4.1734299659729 1.63967001438141
4.1864800453186 1.6448700428009
4.19955015182495 1.65006995201111
4.21264982223511 1.65529000759125
4.22578001022339 1.66051995754242
4.23893976211548 1.6657600402832
4.25212001800537 1.67101001739502
4.26531982421875 1.67627000808716
4.27855014801025 1.68154001235962
4.29181003570557 1.68681001663208
4.30508995056152 1.69210004806519
4.31839990615845 1.69739997386932
4.33173990249634 1.70271003246307
4.34509992599487 1.70802998542786
4.35847997665405 1.71335995197296
4.3718900680542 1.71870005130768
4.38533020019531 1.72405004501343
4.39878988265991 1.7294100522995
4.41227006912231 1.7347799539566
4.42577981948853 1.740149974823
4.43932008743286 1.74554002285004
4.45287990570068 1.75093996524811
4.46646022796631 1.75634002685547
4.48007011413574 1.76175999641418
4.49370002746582 1.7671799659729
4.50734996795654 1.77261996269226
4.52102994918823 1.77805995941162
4.53473997116089 1.78351998329163
4.54846000671387 1.78898000717163
4.56221008300781 1.79445004463196
4.57599020004272 1.79992997646332
4.58978986740112 1.80542004108429
4.60361003875732 1.81092000007629
4.61745023727417 1.81642997264862
4.63131999969482 1.82194995880127
4.64520978927612 1.82746994495392
4.65912008285522 1.83300995826721
4.67305994033813 1.83854997158051
4.68701982498169 1.84409999847412
4.70100021362305 1.84966003894806
4.71500015258789 1.85523998737335
4.7290301322937 1.86081004142761
4.74308013916016 1.86640000343323
4.75715017318726 1.87199997901917
4.771240234375 1.8775999546051
4.78534984588623 1.88321995735168
4.79948997497559 1.88883996009827
4.81365013122559 1.89446997642517
4.82782983779907 1.9001100063324
4.84203004837036 1.90575003623962
4.85625982284546 1.91140997409821
4.87050008773804 1.91707003116608
4.88476991653442 1.9227499961853
4.89905977249146 1.92842996120453
4.91336011886597 1.93412005901337
4.92769002914429 1.93981003761292
4.94204998016357 1.94552004337311
4.95641994476318 1.9512300491333
4.97080993652344 1.95694994926453
4.98522996902466 1.96267998218536
4.9996600151062 1.96842002868652
5.01412010192871 1.97415995597839
5.02859020233154 1.9799200296402
5.04308986663818 1.98567998409271
5.0576000213623 1.99144995212555
5.07214021682739 1.997230052948
5.08669996261597 2.00301003456116
5.10128021240234 2.00880002975464
5.11586999893188 2.01460003852844
5.13048982620239 2.02041006088257
5.1451301574707 2.02623009681702
5.1597900390625 2.03204989433289
5.17445993423462 2.03787994384766
5.18915987014771 2.04372000694275
5.20387983322144 2.04957008361816
5.21860980987549 2.055419921875
5.23336982727051 2.06128001213074
5.24813985824585 2.0671501159668
5.26293992996216 2.0730299949646
5.27775001525879 2.07891011238098
5.29258012771606 2.08480000495911
5.30742979049683 2.09069991111755
5.32230997085571 2.0966100692749
5.33720016479492 2.10251998901367
5.35209989547729 2.10843992233276
5.36703014373779 2.11437010765076
5.38197994232178 2.12030005455017
5.39694023132324 2.12624001502991
5.41193008422852 2.13218998908997
5.42692995071411 2.13814997673035
5.44194984436035 2.14410996437073
5.45698976516724 2.15007996559143
5.47205018997192 2.15605998039246
5.48712015151978 2.1620500087738
5.50222015380859 2.16804003715515
5.51733016967773 2.17404007911682
5.53246021270752 2.18003988265991
5.54760980606079 2.18605995178223
5.56277990341187 2.19208002090454
5.57796001434326 2.19810009002686
5.59317016601563 2.20413994789124
5.60838985443115 2.21018004417419
5.62363004684448 2.21621990203857
5.63887977600098 2.22228002548218
5.6541600227356 2.2283399105072
5.66944980621338 2.23441004753113
5.68476009368896 2.24047994613647
5.70008993148804 2.24656009674072
5.71542978286743 2.25265002250671
5.73080015182495 2.25874996185303
5.74618005752563 2.26484990119934
5.76156997680664 2.27095007896423
5.77698993682861 2.27707004547119
5.79241991043091 2.28319001197815
5.80786991119385 2.28931999206543
5.82332992553711 2.29544997215271
5.83881998062134 2.30158996582031
5.85432004928589 2.30773997306824
5.86984014511108 2.31389999389648
5.88536977767944 2.32006001472473
5.90091991424561 2.32622003555298
5.91649007797241 2.33240008354187
5.93206977844238 2.33857989311218
5.94767999649048 2.34475994110107
5.9633002281189 2.35096001625061
5.97892999649048 2.35715007781982
5.99457979202271 2.3633599281311
6.01025009155273 2.36957001686096
6.02593994140625 2.37579011917114
6.04163980484009 2.38200998306274
6.05736017227173 2.38825011253357
6.07309007644653 2.39447999000549
6.0888500213623 2.40072989463806
6.10460996627808 2.40698003768921
6.12039995193481 2.41322994232178
6.13619995117188 2.41949009895325
6.15201997756958 2.42576003074646
6.16785001754761 2.43203997612
6.18370008468628 2.43831992149353
6.1995701789856 2.44460010528564
6.21544981002808 2.45090007781982
6.23134994506836 2.457200050354
6.24726009368896 2.46350002288818
6.26318979263306 2.46981000900269
6.27913999557495 2.47613000869751
6.29510021209717 2.48245000839233
6.31107997894287 2.48878002166748
6.32707023620605 2.49512004852295
6.34308004379272 2.50146007537842
6.35910987854004 2.50781011581421
6.37515020370483 2.51415991783142
6.39121007919312 2.52051997184753
6.40727996826172 2.52689003944397
6.42336988449097 2.53326010704041
6.43947982788086 2.53963994979858
6.45559978485107 2.54602003097534
6.47173976898193 2.55240988731384
6.48788976669312 2.55880999565125
6.50405979156494 2.56521010398865
6.52023983001709 2.57161998748779
6.53643989562988 2.57803010940552
6.55265998840332 2.58445000648499
6.56889009475708 2.59087991714478
6.58513021469116 2.59731006622314
6.60138988494873 2.60373997688293
6.6176700592041 2.61018991470337
6.63395977020264 2.61663007736206
6.65026998519897 2.62309002876282
6.66659021377563 2.62954998016357
6.68292999267578 2.63601994514465
6.69927978515625 2.64248991012573
6.71565008163452 2.64896011352539
6.73203992843628 2.65545010566711
6.74843978881836 2.66194009780884
6.76485013961792 2.66843008995056
6.78128004074097 2.67493009567261
6.79772996902466 2.68144011497498
6.81418991088867 2.68794989585876
6.83065986633301 2.69446992874146
6.84714984893799 2.70098996162415
6.86365985870361 2.70752000808716
6.88017988204956 2.71406006813049
6.89671993255615 2.72059988975525
6.91326999664307 2.72714996337891
6.9298300743103 2.73370003700256
6.94641017913818 2.74025988578796
6.96300983428955 2.74681997299194
6.9796199798584 2.75339007377625
6.99625015258789 2.75995993614197
7.01288986206055 2.76654005050659
7.02955007553101 2.77312994003296
7.04621982574463 2.77972006797791
7.06290006637573 2.78631997108459
7.07959985733032 2.79292011260986
7.09632015228271 2.79953002929688
7.11304998397827 2.80613994598389
7.12979984283447 2.8127601146698
7.14656019210815 2.81939005851746
7.163330078125 2.82602000236511
7.18011999130249 2.83265995979309
7.19692993164063 2.83929991722107
7.21374988555908 2.84594988822937
7.23057985305786 2.85260009765625
7.24742984771729 2.85926008224487
7.26428985595703 2.8659200668335
7.28116989135742 2.87259006500244
7.29806995391846 2.87927007675171
7.31497001647949 2.88595008850098
7.33190011978149 2.89264011383057
7.34884023666382 2.89932990074158
7.36578989028931 2.90602993965149
7.38275003433228 2.9127299785614
7.39974021911621 2.91944003105164
7.41672992706299 2.92615008354187
7.43374013900757 2.93286991119385
7.45076990127563 2.93959999084473
7.46781015396118 2.94633007049561
7.48485994338989 2.95305991172791
7.50193023681641 2.95980000495911
7.51902008056641 2.96655011177063
7.53611993789673 2.97329998016357
7.55322980880737 2.98006010055542
7.57036018371582 2.98682999610901
7.58750009536743 2.99359011650085
7.60466003417969 3.00037002563477
7.62182998657227 3.00714993476868
7.63901996612549 3.01393008232117
7.65621995925903 3.0207200050354
7.6734299659729 3.02751994132996
7.69065999984741 3.03432011604309
7.70791006088257 3.04113006591797
7.72516012191772 3.04794001579285
7.74244022369385 3.05475997924805
7.75972986221313 3.06157994270325
7.7770299911499 3.06840991973877
7.79434013366699 3.07523989677429
7.81167984008789 3.08207988739014
7.82902002334595 3.0889298915863
7.84638023376465 3.09577989578247
7.86375999450684 3.10263991355896
7.88114976882935 3.10949993133545
7.89855003356934 3.11635994911194
7.91596984863281 3.12323999404907
7.93340015411377 3.13011002540588
7.95085000991821 3.13700008392334
7.96830987930298 3.14387989044189
7.98577976226807 3.15077996253967
8.00327968597412 3.15768003463745
8.02077960968018 3.16458010673523
8.03829956054688 3.17148995399475
8.05583000183105 3.17841005325317
8.07338047027588 3.18532991409302
8.09094047546387 3.19225001335144
8.10851955413818 3.19917988777161
8.1261100769043 3.20612001419067
8.14371967315674 3.21305990219116
8.16133975982666 3.22001004219055
8.17897033691406 3.22695994377136
8.19661998748779 3.23392009735107
8.214280128479 3.24088001251221
8.23196029663086 3.24784994125366
8.24965000152588 3.25482988357544
8.26735973358154 3.2618100643158
8.28507995605469 3.26879000663757
8.30282020568848 3.27577996253967
8.32056999206543 3.28277993202209
8.33833026885986 3.28977990150452
8.35610961914063 3.29678010940552
8.37390041351318 3.30380010604858
8.39171028137207 3.31081008911133
8.40952968597412 3.31784009933472
8.42737007141113 3.32486009597778
8.44521999359131 3.33189988136292
8.46308040618896 3.33893990516663
8.48095989227295 3.34597992897034
8.49886035919189 3.35302996635437
8.516770362854 3.3600800037384
8.53468990325928 3.36714005470276
8.55261993408203 3.37420988082886
8.57057952880859 3.38127994537354
8.58854007720947 3.38836002349854
8.60651969909668 3.39544010162354
8.62452030181885 3.40251994132996
8.64253044128418 3.4096200466156
8.66055011749268 3.41670989990234
8.67858982086182 3.42382001876831
8.69664001464844 3.43091988563538
8.7147102355957 3.43804001808167
8.73278999328613 3.44515991210938
8.75088024139404 3.45228004455566
8.76898956298828 3.4594099521637
8.78711986541748 3.46655011177063
8.80525970458984 3.47369003295898
8.82341003417969 3.48082995414734
8.84158039093018 3.48797988891602
8.85976028442383 3.49514007568359
8.87796020507813 3.50230002403259
8.89616966247559 3.50946998596191
8.91438961029053 3.51663994789124
8.93262958526611 3.52381992340088
8.95088958740234 3.53099989891052
8.96916007995605 3.53818988800049
8.98744010925293 3.54538011550903
9.00574016571045 3.55258011817932
9.02404975891113 3.55978989601135
9.04238033294678 3.56699991226196
9.06072044372559 3.57420992851257
9.07907009124756 3.58142995834351
9.09743976593018 3.58866000175476
9.11583042144775 3.59589004516602
9.13422966003418 3.60313010215759
9.1526403427124 3.61036992073059
9.17107009887695 3.61761999130249
9.18951034545898 3.62487006187439
9.20796966552734 3.63212990760803
9.2264404296875 3.63938999176025
9.24493026733398 3.6466600894928
9.26342964172363 3.65392994880676
9.28194046020508 3.66121006011963
9.30047035217285 3.66849994659424
9.31902027130127 3.67579007148743
9.33757972717285 3.68308997154236
9.35614967346191 3.69039011001587
9.37473964691162 3.6976900100708
9.39334011077881 3.70500993728638
9.41195964813232 3.71232008934021
9.43058967590332 3.71965003013611
9.44923973083496 3.72696995735168
9.46790027618408 3.73430991172791
9.48657035827637 3.74165010452271
9.5052604675293 3.74899005889893
9.52396965026855 3.75634002685547
9.54269027709961 3.76370000839233
9.56142044067383 3.7710599899292
9.58016967773438 3.77841997146606
9.59893035888672 3.78578996658325
9.61771011352539 3.79316997528076
9.63650989532471 3.80054998397827
9.65530967712402 3.8079400062561
9.6741304397583 3.81533002853394
9.69297027587891 3.82273006439209
9.71181964874268 3.83014011383057
9.73069000244141 3.83754992485046
9.7495698928833 3.84495997428894
9.76846027374268 3.85238003730774
9.78736972808838 3.85981011390686
9.80630016326904 3.8672399520874
9.82524013519287 3.87467002868652
9.84418964385986 3.88211989402771
9.86316013336182 3.88955998420715
9.8821496963501 3.89702010154724
9.9011402130127 3.90446996688843
9.9201602935791 3.91194009780884
9.93918991088867 3.91940999031067
9.95823001861572 3.9268798828125
9.97729015350342 3.93436002731323
9.99635982513428 3.94184994697571
10.0153999328613 3.94934010505676
