0.433504998683929 0.136151999235153
0.433032989501953 0.135939002037048
0.432599991559982 0.135744005441666
0.432200998067856 0.135563999414444
0.431832998991013 0.135398000478745
0.431492000818253 0.135242998600006
0.431174993515015 0.13510000705719
0.430880010128021 0.134966000914574
0.430604994297028 0.134840995073318
0.430348008871078 0.134724006056786
0.430106997489929 0.134614005684853
0.429881006479263 0.13451099395752
0.429668992757797 0.134414002299309
0.429470002651215 0.134323999285698
0.429282993078232 0.134238004684448
0.429107010364532 0.134157001972198
0.428941011428833 0.13408200442791
0.428784996271133 0.134010002017021
0.428638011217117 0.133943006396294
0.42849999666214 0.133879005908966
0.428369998931885 0.133818998932838
0.428247004747391 0.133763000369072
0.428131997585297 0.133709996938705
0.428023993968964 0.1336600035429
0.427922010421753 0.133613005280495
0.42782598733902 0.133569002151489
0.42773699760437 0.133526995778084
0.427653014659882 0.13348799943924
0.427574008703232 0.133451998233795
0.427500009536743 0.133417993783951
0.427432000637054 0.133386000990868
0.427367985248566 0.133357003331184
0.42730900645256 0.133329004049301
0.427253991365433 0.133303999900818
0.427204012870789 0.133279994130135
0.427157014608383 0.133258998394012
0.427114993333817 0.13323900103569
0.427076011896133 0.133221000432968
0.427040994167328 0.133203998208046
0.427009999752045 0.133190006017685
0.426981002092361 0.133176997303963
0.426957011222839 0.133165001869202
0.426934987306595 0.133155003190041
0.426916986703873 0.13314600288868
0.426901012659073 0.133138999342918
0.426889002323151 0.133132994174957
0.426878988742828 0.133129000663757
0.426872998476028 0.133126005530357
0.426869004964828 0.133123993873596
0.426867008209229 0.133122995495796
0.426867008209229 0.133122995495796
0.426869004964828 0.133123993873596
0.42687401175499 0.133126005530357
0.426880985498428 0.133129000663757
0.426889985799789 0.133133992552757
0.426901996135712 0.133138999342918
0.426914989948273 0.13314600288868
0.426930993795395 0.133153006434441
0.426950007677078 0.133162006735802
0.4269700050354 0.133172005414963
0.426991999149323 0.133182004094124
0.427015990018845 0.133193999528885
0.427042990922928 0.133205994963646
0.427071005105972 0.133219003677368
0.427100986242294 0.133233994245529
0.427132993936539 0.133248999714851
0.427166998386383 0.133265003561974
0.427201986312866 0.133282005786896
0.427239000797272 0.133300006389618
0.427278012037277 0.13331800699234
0.42731899023056 0.133338004350662
0.427361011505127 0.133358001708984
0.427404999732971 0.133378997445107
0.427451014518738 0.133399993181229
0.427498012781143 0.133423000574112
0.427545994520187 0.133445993065834
0.427596002817154 0.133469998836517
0.42764800786972 0.133495002985001
0.427700996398926 0.133520007133484
0.427756011486053 0.133545994758606
0.427810996770859 0.133572995662689
0.427868992090225 0.133600994944572
0.427926987409592 0.133628994226456
0.427987992763519 0.1336580067873
0.428048998117447 0.133687004446983
0.428112000226974 0.133717000484467
0.428175985813141 0.13374799489975
0.428241014480591 0.133780002593994
0.428306996822357 0.133811995387077
0.428375005722046 0.133844003081322
0.428443998098373 0.133877992630005
0.428514003753662 0.133911997079849
0.428586006164551 0.133946001529694
0.428658008575439 0.133981004357338
0.428732007741928 0.134017005562782
0.428806990385056 0.134053006768227
0.428882986307144 0.134090006351471
0.428959995508194 0.134127005934715
0.429037988185883 0.13416500389576
0.429118007421494 0.134204000234604
0.429197996854782 0.134242996573448
0.429278999567032 0.134283006191254
0.429361999034882 0.134323000907898
0.429446011781693 0.134362995624542
0.429529994726181 0.134405001997948
0.429616004228592 0.134445995092392
0.429702997207642 0.134488999843597
0.429789990186691 0.134531006217003
0.429879009723663 0.134574994444847
0.429969012737274 0.134617999196053
0.430058985948563 0.134663000702858
0.430150985717773 0.134707003831863
0.430242985486984 0.134753003716469
0.430337011814117 0.134798005223274
0.430431008338928 0.13484500348568
0.430527001619339 0.134891003370285
0.43062299489975 0.13493900001049
0.430720001459122 0.134985998272896
0.430817991495132 0.135033994913101
0.430916994810104 0.135083004832268
0.431017011404037 0.135131999850273
0.431118011474609 0.135181993246078
0.43121999502182 0.135232001543045
0.431322008371353 0.13528199493885
0.431425005197525 0.135333001613617
0.431529998779297 0.135383993387222
0.431634992361069 0.135435998439789
0.431740999221802 0.135488003492355
0.431847006082535 0.135541006922722
0.431955009698868 0.135593995451927
0.432063013315201 0.135647997260094
0.432172000408173 0.13570199906826
0.432282000780106 0.135756000876427
0.432393014431 0.135811001062393
0.432505011558533 0.13586600124836
0.432617008686066 0.135921999812126
0.432729989290237 0.135977998375893
0.432844012975693 0.136033996939659
0.432958990335464 0.136090993881226
0.43307501077652 0.136149004101753
0.433191001415253 0.13620600104332
0.433308005332947 0.136264994740486
0.43342599272728 0.136323004961014
0.433544009923935 0.13638199865818
0.433663010597229 0.136441007256508
0.433782994747162 0.136500999331474
0.433903992176056 0.136561006307602
0.434026002883911 0.136621996760368
0.434148013591766 0.136683002114296
0.43427100777626 0.136743992567062
0.434394001960754 0.13680599629879
0.434518992900848 0.136868000030518
0.434644013643265 0.136931002140045
0.434769988059998 0.136994004249573
0.434895992279053 0.1370570063591
0.435023009777069 0.137121006846428
0.435151010751724 0.137185007333755
0.435279995203018 0.137250006198883
0.435409009456635 0.137315005064011
0.43553900718689 0.137380003929138
0.435669988393784 0.137445002794266
0.435800999403 0.137511000037193
0.435932993888855 0.137577995657921
0.436066001653671 0.13764500617981
0.436199992895126 0.137712001800537
0.436334013938904 0.137778997421265
0.436468005180359 0.137847006320953
0.436603993177414 0.137915000319481
0.436740010976791 0.137983992695808
0.436875998973846 0.138052999973297
0.437014013528824 0.138122007250786
0.437151998281479 0.138191998004913
0.437290996313095 0.138262003660202
0.437429994344711 0.13833299279213
0.437570005655289 0.138403996825218
0.437709987163544 0.138475000858307
0.437851995229721 0.138546004891396
0.437994003295898 0.138618007302284
0.438136011362076 0.138690993189812
0.438279002904892 0.1387629956007
0.438423007726669 0.138835996389389
0.438567996025085 0.138909995555878
0.438713014125824 0.138982996344566
0.43885800242424 0.139057993888855
0.439004987478256 0.139131993055344
0.439152002334595 0.139207005500793
0.439298987388611 0.139282003045082
0.439446985721588 0.139357998967171
0.439595997333527 0.139432996511459
0.439745992422104 0.139510005712509
0.439895987510681 0.139586001634598
0.440046012401581 0.139662995934486
0.440198004245758 0.139741003513336
0.440349012613297 0.139817997813225
0.440501987934113 0.139896005392075
0.440654993057251 0.139974996447563
0.440809011459351 0.140053004026413
0.440963000059128 0.140131995081902
0.441118001937866 0.140211999416351
0.441273003816605 0.140291005373001
0.441428989171982 0.14037199318409
0.44158598780632 0.140451997518539
0.441742986440659 0.140533000230789
0.441900998353958 0.140614002943039
0.442059993743896 0.140696004033089
0.442218989133835 0.140777006745338
0.442378014326096 0.140860006213188
0.442539006471634 0.140942007303238
0.442699998617172 0.141025006771088
0.442860990762711 0.141108006238937
0.44302299618721 0.141192004084587
0.443186014890671 0.141276001930237
0.443349003791809 0.141359999775887
0.443513005971909 0.141444995999336
0.443677008152008 0.141530007123947
0.443841993808746 0.141615003347397
0.444007009267807 0.141700997948647
0.444173991680145 0.141786992549896
0.444339990615845 0.141873002052307
0.444507002830505 0.141959995031357
0.444674998521805 0.142047002911568
0.444844007492065 0.142133995890617
0.445012986660004 0.142222002148628
0.445181995630264 0.142309993505478
0.445351988077164 0.142397999763489
0.445522993803024 0.1424870043993
0.445693999528885 0.142575994133949
0.445865988731384 0.14266599714756
0.446038991212845 0.142756000161171
0.446211993694305 0.142846003174782
0.446384996175766 0.142936006188393
0.446559995412827 0.143026992678642
0.446734011173248 0.143117994070053
0.446909993886948 0.143209993839264
0.447084993124008 0.143301993608475
0.447261989116669 0.143393993377686
0.447438985109329 0.143487006425858
0.447616010904312 0.143580004572868
0.447795003652573 0.143673002719879
0.447973012924194 0.14376600086689
0.448152989149094 0.143859997391701
0.448332011699677 0.143955007195473
0.448513001203537 0.144049003720284
0.448693990707397 0.144143998622894
0.44887501001358 0.144240006804466
0.449057012796402 0.144335001707077
0.449239999055862 0.144430994987488
0.449422985315323 0.14452800154686
0.449607014656067 0.14462499320507
0.449791014194489 0.144721999764442
0.449975997209549 0.144819006323814
0.450161993503571 0.144916996359825
0.450347989797592 0.145015001296997
0.450534999370575 0.145113006234169
0.450722008943558 0.14521199464798
0.450910001993179 0.145310997962952
0.451097995042801 0.145410999655724
0.451287001371384 0.145511001348495
0.451476007699966 0.145611003041267
0.451665997505188 0.145712003111839
0.451857000589371 0.145813003182411
0.452048003673553 0.145914003252983
0.452239990234375 0.146016001701355
0.452432006597519 0.146118000149727
0.452625006437302 0.146219998598099
0.452818006277084 0.146322995424271
0.453011989593506 0.146426007151604
0.45320600271225 0.146529003977776
0.453402012586594 0.146632999181747
0.453597009181976 0.146736994385719
0.453792989253998 0.146841004490852
0.453990012407303 0.146945998072624
0.454187005758286 0.147051006555557
0.454385012388229 0.147156998515129
0.454584002494812 0.147263005375862
0.454782992601395 0.147368997335434
0.4549820125103 0.147475004196167
0.455182999372482 0.147581994533539
0.455383002758026 0.147689998149872
0.45558500289917 0.147797003388405
0.455785989761353 0.147905007004738
0.455989003181458 0.14801399409771
0.45619198679924 0.148122996091843
0.456395000219345 0.148231998085976
0.45660001039505 0.148341000080109
0.456804007291794 0.148451000452042
0.457008987665176 0.148561000823975
0.457215011119843 0.148671999573708
0.457421988248825 0.148782998323441
0.45762899518013 0.148893997073174
0.457836002111435 0.149005994200706
0.458043992519379 0.149118006229401
0.458252996206284 0.149230003356934
0.458461999893188 0.149342998862267
0.458671987056732 0.149455994367599
0.458882004022598 0.149569004774094
0.459093004465103 0.149682998657227
0.459304988384247 0.149797007441521
0.459517002105713 0.149911999702454
0.459729999303818 0.150027006864548
0.459942996501923 0.150141999125481
0.460157006978989 0.150258004665375
0.460370987653732 0.150373995304108
0.46058601140976 0.150490000844002
0.460801988840103 0.150607004761696
0.461017996072769 0.150723993778229
0.461234986782074 0.150841996073723
0.461452007293701 0.150959998369217
0.461670011281967 0.151078000664711
0.461887985467911 0.151197001338005
0.462107002735138 0.151316002011299
0.462327003479004 0.151435002684593
0.46254700422287 0.151555001735687
0.462767988443375 0.151675000786781
0.462989002466202 0.151795998215675
0.463210999965668 0.151916995644569
0.463434010744095 0.152037993073463
0.4636569917202 0.152160003781319
0.463880002498627 0.152281999588013
0.464105010032654 0.152404993772507
0.46432900428772 0.152527004480362
0.464554995298386 0.152650997042656
0.464780986309052 0.152774006128311
0.465007990598679 0.152897998690605
0.465234994888306 0.15302300453186
0.465463012456894 0.153147995471954
0.46569100022316 0.15327300131321
0.465920001268387 0.153398007154465
0.466149985790253 0.153523996472359
0.466380000114441 0.153650999069214
0.466610997915268 0.153778001666069
0.466841995716095 0.153905004262924
0.467074006795883 0.154032006859779
0.46730700135231 0.154159992933273
0.467539995908737 0.15428900718689
0.467772990465164 0.154416993260384
0.468008011579514 0.1545470058918
0.468243002891541 0.154676005244255
0.468477994203568 0.15480600297451
0.468715012073517 0.154936000704765
0.468950986862183 0.15506699681282
0.469188988208771 0.155197992920876
0.469426989555359 0.155330002307892
0.469664990901947 0.155461996793747
0.469904005527496 0.155594006180763
0.470144003629684 0.155726999044418
0.470384985208511 0.155860006809235
0.470625996589661 0.15599399805069
0.47086700797081 0.156128004193306
0.471109986305237 0.156261995434761
0.471352994441986 0.156396999955177
0.471596002578735 0.156532004475594
0.471839994192123 0.15666800737381
0.472084999084473 0.156803995370865
0.472330003976822 0.156939998269081
0.47257599234581 0.157076999545097
0.472822993993759 0.157214000821114
0.473069995641708 0.15735200047493
0.473318010568619 0.157490000128746
0.473565995693207 0.157628998160362
0.473814994096756 0.157767996191978
0.474065005779266 0.157906994223595
0.474314987659454 0.158047005534172
0.474566012620926 0.158187001943588
0.474817991256714 0.158327996730804
0.475069999694824 0.158469006419182
0.475322991609573 0.158610999584198
0.475576996803284 0.158752992749214
0.475831001996994 0.158895000815392
0.476085007190704 0.159038007259369
0.476341009140015 0.159180998802185
0.476597011089325 0.159325003623962
0.476853996515274 0.159468993544579
0.477111011743546 0.159613996744156
0.477369010448456 0.159758999943733
0.477627992630005 0.159904003143311
0.477887004613876 0.160050004720688
0.478147000074387 0.160196006298065
0.478406995534897 0.160343006253242
0.478668987751007 0.16049000620842
0.478929996490479 0.160638004541397
0.47919300198555 0.160786002874374
0.479456007480621 0.160934999585152
0.479719996452332 0.161083996295929
0.479983985424042 0.161232993006706
0.480250000953674 0.161383002996445
0.480515003204346 0.161533996462822
0.480782002210617 0.16168400645256
0.481049001216888 0.161835998296738
0.481317013502121 0.161987006664276
0.481584995985031 0.162139996886253
0.481853991746902 0.162292003631592
0.482124000787735 0.162444993853569
0.482394993305206 0.162598997354507
0.482665985822678 0.162753000855446
0.482937008142471 0.162907004356384
0.483209997415543 0.163062006235123
0.483482986688614 0.163218006491661
0.483756989240646 0.163374006748199
0.48403200507164 0.163530007004738
0.484306991100311 0.163687005639076
0.484582990407944 0.163844004273415
0.484858989715576 0.164002001285553
0.48513600230217 0.164159998297691
0.485413998365402 0.16431899368763
0.485693007707596 0.164478003978729
0.485971987247467 0.164637997746468
0.486252009868622 0.164798006415367
0.486532986164093 0.164958998560905
0.486813992261887 0.165120005607605
0.48709699511528 0.165281996130943
0.487379014492035 0.165444001555443
0.487663000822067 0.165606006979942
0.4879469871521 0.165768995881081
0.488231986761093 0.16593299806118
0.488517999649048 0.16609700024128
0.488804012537003 0.166262000799179
0.489091008901596 0.166427001357079
0.489378988742828 0.166592001914978
0.489666998386383 0.166758000850677
0.489955991506577 0.166924998164177
0.490245997905731 0.167091995477676
0.490536987781525 0.167260006070137
0.490828007459641 0.167428001761436
0.491120010614395 0.167595997452736
0.491412997245789 0.167765006422997
0.491706997156143 0.167934998869896
0.492000997066498 0.168105006217957
0.492296010255814 0.168275997042656
0.492592006921768 0.168447002768517
0.492888003587723 0.168619006872177
0.493185013532639 0.168790996074677
0.493483006954193 0.168963998556137
0.493782013654709 0.169137001037598
0.494080990552902 0.169311001896858
0.494381994009018 0.169485002756119
0.494682013988495 0.169660001993179
0.494984000921249 0.16983500123024
0.495285987854004 0.1700109988451
0.495590001344681 0.170186996459961
0.495894014835358 0.170364007353783
0.496197998523712 0.170542001724243
0.496504008769989 0.170719996094704
0.496809989213943 0.170898005366325
0.497117012739182 0.171076998114586
0.497424989938736 0.171257004141808
0.497732996940613 0.171436995267868
0.498041987419128 0.17161799967289
0.498351991176605 0.171799004077911
0.498663008213043 0.171981006860733
0.49897500872612 0.172163993120193
0.499287009239197 0.172345995903015
0.499599993228912 0.172529995441437
0.499913990497589 0.172713994979858
0.500229001045227 0.17289899289608
0.500544011592865 0.173084005713463
0.500860989093781 0.173270002007484
0.501178026199341 0.173455998301506
0.501496016979218 0.173642992973328
0.501814007759094 0.17383000254631
0.502134025096893 0.174017995595932
0.502453982830048 0.174207001924515
0.502775013446808 0.174395993351936
0.503096997737885 0.174585998058319
0.503419995307922 0.174776002764702
0.50374299287796 0.174967005848885
0.504067003726959 0.175157994031906
0.504392981529236 0.175350993871689
0.504719018936157 0.175542995333672
0.505044996738434 0.175736993551254
0.505373001098633 0.175929993391037
0.505701005458832 0.176125004887581
0.506030976772308 0.176320001482964
0.50636100769043 0.176514998078346
0.506691992282867 0.17671200633049
0.507022976875305 0.176908999681473
0.507355988025665 0.177105993032455
0.507688999176025 0.177303999662399
0.508023977279663 0.177503004670143
0.508359014987946 0.177701994776726
0.508695006370544 0.17790199816227
0.509030997753143 0.178102001547813
0.509369015693665 0.178304001688957
0.509707987308502 0.178505003452301
0.510047018527985 0.178708001971245
0.510387003421783 0.178911000490189
0.510728001594543 0.179113999009132
0.511070013046265 0.179318994283676
0.511412978172302 0.179523006081581
0.511757016181946 0.179728999733925
0.512102007865906 0.179934993386269
0.512446999549866 0.180142000317574
0.512793004512787 0.180349007248878
0.513140976428986 0.180556997656822
0.513489007949829 0.180766001343727
0.513837993144989 0.180975005030632
0.51418799161911 0.181186005473137
0.514539003372192 0.181395992636681
0.514890015125275 0.181608006358147
0.515242993831635 0.181820005178452
0.515595972537994 0.182032003998756
0.515950977802277 0.182245001196861
0.516305983066559 0.182458996772766
0.516662001609802 0.182674005627632
0.517019987106323 0.182888999581337
0.517377972602844 0.183105006814003
0.517736971378326 0.183321997523308
0.51809698343277 0.183539003133774
0.518456995487213 0.18375700712204
0.518818974494934 0.183975994586945
0.519182026386261 0.184195995330811
0.51954597234726 0.184415996074677
0.519909977912903 0.184635996818542
0.520276010036469 0.184857994318008
0.520641982555389 0.185080006718636
0.521009981632233 0.185303002595901
0.521377980709076 0.185526996850967
0.521748006343842 0.185751006007195
0.522117972373962 0.18597599864006
0.522489011287689 0.186201006174088
0.522861003875732 0.186427995562553
0.523235023021698 0.18665499985218
0.523608982563019 0.186883002519608
0.523984014987946 0.187111005187035
0.524360001087189 0.187341004610062
0.524737000465393 0.187571004033089
0.525115013122559 0.187801003456116
0.525493979454041 0.188032999634743
0.525874972343445 0.18826499581337
0.526256024837494 0.188498005270958
0.526637971401215 0.188731998205185
0.527020990848541 0.188966006040573
0.527405023574829 0.1892009973526
0.527790009975433 0.189437001943588
0.528176009654999 0.189674004912376
0.528563022613525 0.189912006258965
0.52895200252533 0.190149992704391
0.529340982437134 0.190389007329941
0.529730975627899 0.190628007054329
0.530121982097626 0.190869003534317
0.530515015125275 0.191110000014305
0.530907988548279 0.191351994872093
0.531301975250244 0.191595003008842
0.531697988510132 0.191838994622231
0.53209400177002 0.19208300113678
0.532491981983185 0.192328006029129
0.532890021800995 0.192573994398117
0.533290028572083 0.192820996046066
0.533690989017487 0.193068996071815
0.534092009067535 0.193316996097565
0.534494996070862 0.193565994501114
0.534898996353149 0.193816006183624
0.535304009914398 0.194067001342773
0.535709977149963 0.194317996501923
0.536117970943451 0.194571003317833
0.536526024341583 0.194823995232582
0.536934971809387 0.195078000426292
0.537346005439758 0.195333003997803
0.537756979465485 0.195589005947113
0.538169980049133 0.195844992995262
0.538583993911743 0.196103006601334
0.538999021053314 0.196361005306244
0.539415001869202 0.196620002388954
0.53983199596405 0.196879997849464
0.54025000333786 0.197141006588936
0.540669977664948 0.197402000427246
0.541091024875641 0.197665005922318
0.541512012481689 0.197927996516228
0.54193502664566 0.198192998766899
0.542358994483948 0.19845800101757
0.542783975601196 0.198724001646042
0.543210983276367 0.198990002274513
0.543637990951538 0.199257999658585
0.544067025184631 0.199526995420456
0.544497013092041 0.199796006083488
0.544928014278412 0.20006699860096
0.545360028743744 0.200338006019592
0.545794010162354 0.200609996914864
0.546227991580963 0.200883001089096
0.546663999557495 0.201157003641129
0.547101020812988 0.201432004570961
0.547538995742798 0.201708003878593
0.54797899723053 0.201985001564026
0.548418998718262 0.202261999249458
0.548861026763916 0.202540993690491
0.549304008483887 0.202821001410484
0.549748003482819 0.203100994229317
0.550194025039673 0.20338200032711
0.550641000270844 0.203665003180504
0.551088988780975 0.203948006033897
0.551537990570068 0.204232007265091
0.551989018917084 0.204518005251884
0.552439987659454 0.204804003238678
0.552892982959747 0.205090999603271
0.553348004817963 0.205378994345665
0.553803026676178 0.20566800236702
0.554260015487671 0.205957993865013
0.554718017578125 0.206248998641968
0.555177986621857 0.206541001796722
0.555639028549194 0.206834003329277
0.556101024150848 0.207128003239632
0.556563973426819 0.207423001527786
0.557029008865356 0.207718998193741
0.55749499797821 0.208015993237495
0.557962000370026 0.208314001560211
0.558431029319763 0.208612993359566
0.558899998664856 0.208913996815681
0.559372007846832 0.209215000271797
0.559844017028809 0.209517002105713
0.560317993164063 0.209820002317429
0.560793995857239 0.210124000906944
0.561269998550415 0.21042899787426
0.561748027801514 0.210736006498337
0.56222802400589 0.211043000221252
0.562708973884583 0.211352005600929
0.563190996646881 0.211660996079445
0.563673973083496 0.211971998214722
0.564158976078033 0.212283000349998
0.564646005630493 0.212595999240875
0.565132975578308 0.212909996509552
0.565622985363007 0.21322500705719
0.566112995147705 0.213541001081467
0.566604971885681 0.213857993483543
0.567098021507263 0.214175999164581
0.567592978477478 0.214495003223419
0.56809002161026 0.214816004037857
0.568587005138397 0.215137004852295
0.569087028503418 0.215460002422333
0.569586992263794 0.215783998370171
0.570088982582092 0.216107994318008
0.570592999458313 0.216435000300407
0.571098029613495 0.216762006282806
0.571604013442993 0.217089995741844
0.572112023830414 0.217419996857643
0.572622001171112 0.217749997973442
0.573132991790771 0.218081995844841
0.573646008968353 0.218415006995201
0.574159979820251 0.2187490016222
0.574675023555756 0.219084993004799
0.575191974639893 0.219420999288559
0.575711011886597 0.219759002327919
0.576231002807617 0.220098003745079
0.57675302028656 0.220438003540039
0.577275991439819 0.220780000090599
0.577800989151001 0.221121996641159
0.578327000141144 0.22146600484848
0.578854978084564 0.22181099653244
0.579384982585907 0.222157001495361
0.579916000366211 0.222505003213882
0.580447971820831 0.222854003310204
0.580982983112335 0.223204001784325
0.5815190076828 0.223554998636246
0.582055985927582 0.223908007144928
0.582594990730286 0.224261999130249
0.583136022090912 0.224617004394531
0.583678007125854 0.224972993135452
0.584222972393036 0.225330993533134
0.584767997264862 0.225690007209778
0.585316002368927 0.22605000436306
0.585865020751953 0.226411998271942
0.586414992809296 0.226775005459785
0.586968004703522 0.227138996124268
0.587521970272064 0.227504000067711
0.588078022003174 0.227871000766754
0.5886350274086 0.228239998221397
0.589193999767303 0.228608995676041
0.589754998683929 0.228980004787445
0.590318024158478 0.229351997375488
0.590882003307343 0.229726001620293
0.59144800901413 0.230101004242897
0.592015981674194 0.230478003621101
0.592585980892181 0.230855002999306
0.59315699338913 0.23123499751091
0.593729972839355 0.231615006923676
0.594304978847504 0.23199699819088
0.594882011413574 0.232381001114845
0.595459997653961 0.232766002416611
0.596041023731232 0.233152002096176
0.596623003482819 0.233539998531342
0.597207009792328 0.233928993344307
0.597792983055115 0.234319999814034
0.598380029201508 0.23471200466156
0.598969995975494 0.235104992985725
0.599560976028442 0.235499992966652
0.600153982639313 0.23589700460434
0.600749015808105 0.236294999718666
0.601346015930176 0.236693993210793
0.601944983005524 0.23709499835968
0.602545976638794 0.237498000264168
0.603147983551025 0.237902000546455
0.603752970695496 0.238307997584343
0.604358971118927 0.238714993000031
0.604968011379242 0.239123001694679
0.605578005313873 0.239534005522728
0.606190979480743 0.239944994449615
0.606805026531219 0.240358993411064
0.607420980930328 0.240774005651474
0.608039021492004 0.241190001368523
0.608659982681274 0.241607993841171
0.60928201675415 0.242027997970581
0.609906017780304 0.242449000477791
0.610531985759735 0.242871999740601
0.61116099357605 0.24329699575901
0.611791014671326 0.243723005056381
0.612423002719879 0.244150996208191
0.613057971000671 0.244580000638962
0.61369401216507 0.245012000203133
0.614332973957062 0.245443999767303
0.61497300863266 0.245878994464874
0.615616023540497 0.246315002441406
0.616261005401611 0.246753007173538
0.616908013820648 0.247192993760109
0.617556989192963 0.247633993625641
0.618207991123199 0.248077005147934
0.618861973285675 0.248521998524666
0.619517028331757 0.248968005180359
0.620175004005432 0.249415993690491
0.62083500623703 0.249865993857384
0.621496975421906 0.250317990779877
0.622161984443665 0.250771999359131
0.622828006744385 0.251226991415024
0.623497009277344 0.251684010028839
0.62416797876358 0.252142995595932
0.624840974807739 0.252604007720947
0.625517010688782 0.253066003322601
0.626194000244141 0.253531008958817
0.626874983310699 0.253996998071671
0.627556979656219 0.254465013742447
0.628242015838623 0.254934996366501
0.628928005695343 0.255407005548477
0.629617989063263 0.255881011486053
0.630308985710144 0.25635701417923
0.631003022193909 0.256834000349045
0.631699979305267 0.257313996553421
0.632398009300232 0.257795006036758
0.633099973201752 0.258278012275696
0.633803009986877 0.258763998746872
0.634509027004242 0.259250998497009
0.635217010974884 0.259739995002747
0.635927975177765 0.260230988264084
0.636641025543213 0.260724991559982
0.637356996536255 0.261220008134842
0.638074994087219 0.261716991662979
0.638795971870422 0.262216001749039
0.639518976211548 0.262717008590698
0.640245020389557 0.263220995664597
0.640972971916199 0.263725996017456
0.641703009605408 0.264234006404877
0.642436981201172 0.264743000268936
0.643172979354858 0.265255004167557
0.643911004066467 0.265769004821777
0.644652009010315 0.266283988952637
0.645395994186401 0.266802996397018
0.64614200592041 0.267322987318039
0.646890997886658 0.267845004796982
0.647642016410828 0.268368989229202
0.648396015167236 0.268896013498306
0.649152994155884 0.269425004720688
0.649913012981415 0.269955992698669
0.650674998760223 0.270489007234573
0.651440024375916 0.271025002002716
0.652207016944885 0.27156201004982
0.652978003025055 0.272101998329163
0.653751015663147 0.272644996643066
0.654527008533478 0.273189008235931
0.655305027961731 0.273736000061035
0.656086981296539 0.274284988641739
0.656871020793915 0.274836987257004
0.657657980918884 0.27538999915123
0.658447980880737 0.275945991277695
0.659241020679474 0.276504993438721
0.660036981105804 0.277065992355347
0.660835981369019 0.277628988027573
0.661637008190155 0.27819499373436
0.662442028522491 0.278762996196747
0.663249015808105 0.279332995414734
0.664059996604919 0.279906004667282
0.664873003959656 0.280481994152069
0.665688991546631 0.281060010194778
0.666508972644806 0.281639993190765
0.667330980300903 0.282222986221313
0.668156027793884 0.282808005809784
0.66898500919342 0.283396005630493
0.669816017150879 0.283986985683441
0.670651018619537 0.284579992294312
0.671489000320435 0.285174995660782
0.672330021858215 0.285773009061813
0.673174023628235 0.286374002695084
0.674021005630493 0.286978006362915
0.674871027469635 0.287584006786346
0.675724983215332 0.288192003965378
0.676581025123596 0.288803994655609
0.677441000938416 0.289418011903763
0.678304970264435 0.290035009384155
0.679171025753021 0.290654003620148
0.680041015148163 0.291276007890701
0.680913984775543 0.291900992393494
0.681789994239807 0.292528986930847
0.682669997215271 0.293159991502762
0.683552980422974 0.293792992830276
0.684440016746521 0.294429004192352
0.685329973697662 0.295067995786667
0.686222970485687 0.295709997415543
0.687120020389557 0.296355009078979
0.688019990921021 0.297001987695694
0.688923001289368 0.297652989625931
0.689831018447876 0.298305988311768
0.690741002559662 0.298963010311127
0.691654980182648 0.299621999263763
0.692573010921478 0.300283998250961
0.693494021892548 0.30094900727272
0.694419026374817 0.301618009805679
0.695348024368286 0.302289009094238
0.696280002593994 0.302964001893997
0.697215974330902 0.303640991449356
0.698155999183655 0.304322004318237
0.699099004268646 0.305005013942719
0.700046002864838 0.305691987276077
0.700995981693268 0.30638200044632
0.701951026916504 0.307074993848801
0.702908992767334 0.307770997285843
0.703871011734009 0.308470994234085
0.704837024211884 0.309174001216888
0.705806970596313 0.309879988431931
0.706781029701233 0.310588985681534
0.707758009433746 0.311302006244659
0.708739995956421 0.312016993761063
0.709725022315979 0.312736988067627
0.710713982582092 0.313459008932114
0.711708009243011 0.314184993505478
0.712705016136169 0.314913988113403
0.713706970214844 0.315647006034851
0.714712023735046 0.316383004188538
0.715722024440765 0.317122995853424
0.716736018657684 0.317865997552872
0.717752993106842 0.318612992763519
0.718775987625122 0.319362998008728
0.719802021980286 0.320116996765137
0.720831990242004 0.320874005556107
0.721867024898529 0.321635007858276
0.722905993461609 0.322398990392685
0.723949015140533 0.323166996240616
0.724996984004974 0.323938995599747
0.72604900598526 0.324714988470078
0.727105021476746 0.325493991374969
0.728165984153748 0.326276987791061
0.729230999946594 0.327062994241714
0.730301022529602 0.327854007482529
0.731374979019165 0.328648000955582
0.732452988624573 0.329445987939835
0.733537018299103 0.33024799823761
0.734624028205872 0.331054002046585
0.735716998577118 0.33186399936676
0.736814022064209 0.332677990198135
0.737914979457855 0.333496004343033
0.739022016525269 0.334316998720169
0.740132987499237 0.335142999887466
0.74124801158905 0.335972994565964
0.742368996143341 0.336807012557983
0.743493974208832 0.337644994258881
0.744624018669128 0.3384869992733
0.745759010314941 0.33933299779892
0.746899008750916 0.340182989835739
0.748044013977051 0.34103798866272
0.749194025993347 0.341897010803223
0.75034898519516 0.342759996652603
0.751509010791779 0.343627005815506
0.752672970294952 0.344498991966248
0.753843009471893 0.345375001430511
0.755017995834351 0.346255987882614
0.75619900226593 0.347140997648239
0.75738400220871 0.348030000925064
0.758575022220612 0.34892401099205
0.75977098941803 0.349822014570236
0.760972023010254 0.350724995136261
0.762178003787994 0.351631999015808
0.763390004634857 0.352544993162155
0.764607012271881 0.353460997343063
0.765829980373383 0.354382008314133
0.76705801486969 0.355309009552002
0.768292009830475 0.35623899102211
0.769531011581421 0.35717499256134
0.770775020122528 0.358114987611771
0.772026002407074 0.359059989452362
0.773281991481781 0.360009998083115
0.774542987346649 0.360965013504028
0.775811016559601 0.361925005912781
0.777083992958069 0.362890005111694
0.778361976146698 0.363858997821808
0.779646992683411 0.364834010601044
0.780938029289246 0.365814000368118
0.782234013080597 0.366798996925354
0.783536970615387 0.367789000272751
0.784844994544983 0.368784010410309
0.786158978939056 0.369785010814667
0.787479996681213 0.370790004730225
0.788806974887848 0.371800988912582
0.790139019489288 0.372817993164063
0.791477978229523 0.373838990926743
0.792823016643524 0.374866008758545
0.794175028800964 0.375898987054825
0.795533001422882 0.376937001943588
0.796896994113922 0.37797999382019
0.798267006874084 0.379029005765915
0.799643993377686 0.380084007978439
0.80102801322937 0.381143987178802
0.802417993545532 0.382209986448288
0.803813993930817 0.383282005786896
0.805217981338501 0.384359002113342
0.806627988815308 0.38544300198555
0.808044016361237 0.386532008647919
0.809467971324921 0.387627005577087
0.810898005962372 0.388727992773056
0.812335014343262 0.389833986759186
0.81377899646759 0.390947014093399
0.815230011940002 0.39206600189209
0.816688001155853 0.393191009759903
0.818153023719788 0.394322007894516
0.819625020027161 0.39546000957489
0.821103990077972 0.396602988243103
0.822589993476868 0.397753000259399
0.824083983898163 0.398909002542496
0.825585007667542 0.400072008371353
0.827093005180359 0.40124100446701
0.828608989715576 0.402415990829468
0.830132007598877 0.403598010540009
0.831663012504578 0.404787003993988
0.833200991153717 0.405981987714767
0.834747016429901 0.40718400478363
0.836301028728485 0.408392012119293
0.837862014770508 0.409606993198395
0.83943098783493 0.41082900762558
0.841008007526398 0.412057995796204
0.842593014240265 0.413293987512589
0.844186007976532 0.414537012577057
0.845786988735199 0.415787011384964
0.847396016120911 0.417044013738632
0.849012970924377 0.418307989835739
0.850637972354889 0.41957899928093
0.852271974086761 0.42085799574852
0.853913009166718 0.422143995761871
0.855563998222351 0.423436999320984
0.857222020626068 0.424737006425858
0.858888983726501 0.426045000553131
0.860565006732941 0.427361011505127
0.86224901676178 0.428683996200562
0.86394202709198 0.430014997720718
0.865643978118896 0.431353002786636
0.867353975772858 0.432698994874954
0.869073987007141 0.434053003787994
0.870801985263824 0.435414999723434
0.872538983821869 0.436785012483597
0.874285995960236 0.438161998987198
0.876040995121002 0.43954798579216
0.877806007862091 0.440941989421844
0.879580020904541 0.442344009876251
0.881362974643707 0.443755000829697
0.883156001567841 0.445172995328903
0.884958028793335 0.446599990129471
0.886770009994507 0.4480359852314
0.888592004776001 0.449479997158051
0.890422999858856 0.450931996107101
0.892264008522034 0.452394008636475
0.894114971160889 0.453862994909286
0.89597499370575 0.455341994762421
0.897845983505249 0.456829994916916
0.899726986885071 0.458326011896133
0.901618003845215 0.459832012653351
0.903518974781036 0.461346000432968
0.905430972576141 0.462870001792908
0.907352983951569 0.464403003454208
0.909285008907318 0.46594500541687
0.911228001117706 0.467496007680893
0.913182020187378 0.469056993722916
0.915145993232727 0.470627009868622
0.91712099313736 0.472207009792328
0.919107019901276 0.473796993494034
0.92110401391983 0.475396007299423
0.923111975193024 0.477005004882813
0.925131976604462 0.478623986244202
0.927161991596222 0.480253010988235
0.929203987121582 0.481891989707947
0.931257009506226 0.483541995286942
0.933322012424469 0.485201001167297
0.935397982597351 0.486871004104614
0.937485992908478 0.488550990819931
0.939584970474243 0.49024099111557
0.941697001457214 0.49194198846817
0.943819999694824 0.493654012680054
0.945955991744995 0.495375990867615
0.947912991046906 0.496955007314682
0.949222981929779 0.498012989759445
0.950098991394043 0.498719990253448
0.950684010982513 0.499193012714386
0.951074004173279 0.499509006738663
0.95133501291275 0.499718993902206
0.951507985591888 0.499859005212784
0.95159500837326 0.499929994344711
0.951638996601105 0.499965012073517
0.951681971549988 0.5
0.951681971549988 0.5
0.951726019382477 0.500034987926483
0.95176899433136 0.500069975852966
0.951856017112732 0.500141024589539
0.952030003070831 0.500280976295471
0.952292025089264 0.500491976737976
0.952683985233307 0.500809013843536
0.953272998332977 0.501285016536713
0.954158008098602 0.502000987529755
0.955489993095398 0.503077983856201
0.957495987415314 0.504701018333435
0.959710001945496 0.506492972373962
0.961937010288239 0.508297026157379
0.964175999164581 0.51011198759079
0.966427981853485 0.511938989162445
0.968693971633911 0.513777017593384
0.970973014831543 0.515627026557922
0.973264992237091 0.517489016056061
0.975570023059845 0.519361972808838
0.977889001369476 0.521247982978821
0.98022198677063 0.523145973682404
0.982568025588989 0.525057017803192
0.984928011894226 0.526979029178619
0.987302005290985 0.528913974761963
0.989690005779266 0.530861973762512
0.992093026638031 0.532823026180267
0.994508981704712 0.534795999526978
0.996940016746521 0.536782026290894
0.999386012554169 0.538780987262726
1.00185000896454 0.540793001651764
1.00432002544403 0.542818009853363
1.00680994987488 0.544857025146484
1.00932002067566 0.546908974647522
1.01183998584747 0.548974990844727
1.01436996459961 0.551055014133453
1.01691997051239 0.553147971630096
1.01949000358582 0.555254995822906
1.02207005023956 0.557376027107239
1.02467000484467 0.55951201915741
1.02727997303009 0.561661005020142
1.02990996837616 0.563825011253357
1.03255999088287 0.566003978252411
1.03522002696991 0.568197011947632
1.0378999710083 0.570405006408691
1.0405900478363 0.572627007961273
1.04331004619598 0.574864983558655
1.04603004455566 0.57711797952652
1.04877996444702 0.579385995864868
1.05154001712799 0.581669986248016
1.05431997776031 0.583968997001648
1.05711996555328 0.586283981800079
1.0599399805069 0.588615000247955
1.06277000904083 0.59096097946167
1.06561994552612 0.59332400560379
1.06849002838135 0.59570300579071
1.07138001918793 0.59809798002243
1.07428002357483 0.600510001182556
1.07720994949341 0.602937996387482
1.0801500082016 0.605382978916168
1.08310997486115 0.60784500837326
1.08608996868134 0.61032497882843
1.08908998966217 0.612820982933044
1.09211003780365 0.615334987640381
1.09514999389648 0.617865979671478
1.09820997714996 0.620414972305298
1.10127997398376 0.622982025146484
1.10438001155853 0.625567018985748
1.10749995708466 0.628170013427734
1.11064004898071 0.630791008472443
1.11380004882813 0.633431017398834
1.11697995662689 0.636089026927948
1.12018001079559 0.638767004013062
1.12339997291565 0.641462981700897
1.12663996219635 0.644177973270416
1.1298999786377 0.646911978721619
1.13319003582001 0.649666011333466
1.13650000095367 0.652440011501312
1.13982999324799 0.655233025550842
1.14318001270294 0.658047020435333
1.14655005931854 0.660880029201508
1.14995002746582 0.663734018802643
1.15337002277374 0.666607975959778
1.15681004524231 0.669502973556519
1.16026997566223 0.672419011592865
1.16375994682312 0.675355017185211
1.16726994514465 0.678313016891479
1.17080998420715 0.68129301071167
1.1743700504303 0.684293985366821
1.1779500246048 0.687316000461578
1.18156003952026 0.690361022949219
1.18518996238708 0.693427979946136
1.18885004520416 0.696516990661621
1.1925300359726 0.699629008769989
1.19623005390167 0.702763020992279
1.19997000694275 0.705919981002808
1.20371997356415 0.709101021289825
1.20750999450684 0.712303996086121
1.21132004261017 0.715532004833221
1.21514999866486 0.718783020973206
1.21902000904083 0.722056984901428
1.22290003299713 0.725355982780457
1.22681999206543 0.728680014610291
1.23075997829437 0.732028007507324
1.23473000526428 0.735400021076202
1.23872995376587 0.738798022270203
1.24275994300842 0.742220997810364
1.24680995941162 0.745669007301331
1.25089001655579 0.749143004417419
1.25499999523163 0.752641975879669
1.25914001464844 0.756168007850647
1.26330995559692 0.759720027446747
1.26751005649567 0.763297975063324
1.2717399597168 0.766902983188629
1.27600002288818 0.770534992218018
1.28027999401093 0.77419501543045
1.28460001945496 0.777881026268005
1.28894996643066 0.78159499168396
1.29332995414734 0.785336971282959
1.29773998260498 0.789107024669647
1.30218005180359 0.792905986309052
1.30665004253387 0.796733021736145
1.31114995479584 0.800588011741638
1.31569004058838 0.804472982883453
1.3202600479126 0.808386981487274
1.32485997676849 0.812331020832062
1.32948994636536 0.81630402803421
1.33415997028351 0.820307016372681
1.33886003494263 0.824339985847473
1.34360003471375 0.828404009342194
1.34835994243622 0.832498013973236
1.35317003726959 0.836624026298523
1.35800004005432 0.840780019760132
1.36286997795105 0.844968020915985
1.36777997016907 0.849188029766083
1.37272000312805 0.853438973426819
1.37769997119904 0.857722997665405
1.38270998001099 0.862039029598236
1.38776004314423 0.866387009620667
1.39285004138947 0.870769023895264
1.39796996116638 0.875183999538422
1.40313005447388 0.879631996154785
1.40831995010376 0.884114027023315
1.41356003284454 0.888629019260406
1.418830037117 0.893178999423981
1.42413997650146 0.897763013839722
1.42947995662689 0.902382016181946
1.43487000465393 0.907036006450653
1.44028997421265 0.911724984645844
1.44576001167297 0.916449010372162
1.45125997066498 0.92120897769928
1.45680999755859 0.926005005836487
1.46238994598389 0.930836975574493
1.46800994873047 0.93570601940155
1.47368001937866 0.940611004829407
1.47938001155853 0.945553004741669
1.48512995243073 0.950532019138336
1.49091005325317 0.955547988414764
1.49673998355865 0.960601985454559
1.50260996818542 0.965694010257721
1.50853002071381 0.970825016498566
1.51447999477386 0.975992977619171
1.52048003673553 0.981199979782104
1.5265200138092 0.986446022987366
1.53260004520416 0.991730988025665
1.53873002529144 0.997054994106293
1.54489994049072 1.00241994857788
1.5511200428009 1.00782001018524
1.55737996101379 1.01327002048492
1.56368005275726 1.01874995231628
1.57002997398376 1.02427005767822
1.57642996311188 1.02983999252319
1.58287000656128 1.03544998168945
1.58934998512268 1.04109001159668
1.59588003158569 1.04677999019623
1.60246002674103 1.05251002311707
1.60907995700836 1.0582799911499
1.61574995517731 1.06410002708435
1.62247002124786 1.06994998455048
1.62923002243042 1.07585000991821
1.63604998588562 1.08178997039795
1.64289999008179 1.08776998519897
1.6498099565506 1.09379994869232
1.6567599773407 1.09986996650696
1.66376996040344 1.10598003864288
1.67081999778748 1.11214005947113
1.67790997028351 1.11834001541138
1.68506002426147 1.12458002567291
1.69226002693176 1.13086998462677
1.69949996471405 1.13719999790192
1.70679998397827 1.14357995986938
1.71414005756378 1.14999997615814
1.72153997421265 1.15646004676819
1.7289799451828 1.16296994686127
1.73646998405457 1.16953003406525
1.74401998519897 1.17613005638123
1.75161004066467 1.1827700138092
1.75925004482269 1.18946003913879
1.76695001125336 1.19620001316071
1.77469003200531 1.20298004150391
1.78249001502991 1.20980000495911
1.79033994674683 1.21668004989624
1.79823994636536 1.22359001636505
1.80618000030518 1.23055994510651
1.81418001651764 1.23757004737854
1.82223999500275 1.24461996555328
1.83034002780914 1.25171995162964
1.83849000930786 1.2588700056076
1.84669995307922 1.26605999469757
1.8549599647522 1.27330005168915
1.86327004432678 1.28059005737305
1.8716299533844 1.28791999816895
1.88004004955292 1.29530000686646
1.88849997520447 1.30271995067596
1.89701998233795 1.31018996238708
1.90559005737305 1.31771004199982
1.91420996189117 1.32527005672455
1.9228800535202 1.3328800201416
1.93159997463226 1.34053003787994
1.94037997722626 1.34824001789093
1.94920003414154 1.35598003864288
1.95808005332947 1.36378002166748
1.96701002120972 1.37162005901337
1.97599005699158 1.37950003147125
1.98503005504608 1.38742995262146
1.99410998821259 1.39540994167328
2.00324988365173 1.40342998504639
2.01243996620178 1.41149997711182
2.02167010307312 1.41961002349854
2.03096008300781 1.42777001857758
2.04030990600586 1.43596994876862
2.04970002174377 1.44421994686127
2.05913996696472 1.45252001285553
2.0686399936676 1.46086001396179
2.07818007469177 1.46923995018005
2.0877799987793 1.47766995429993
2.09741997718811 1.48614001274109
2.10712003707886 1.49466001987457
2.11685991287231 1.50321996212006
2.12666010856628 1.51181995868683
2.13650989532471 1.52047002315521
2.146399974823 1.5291600227356
2.15633988380432 1.5378999710083
2.16634011268616 1.54667997360229
2.17637991905212 1.55550003051758
2.18647003173828 1.56436002254486
2.19660997390747 1.57326996326447
2.20679998397827 1.58221995830536
2.21704006195068 1.59121000766754
2.22731995582581 1.60023999214172
2.23764991760254 1.60932004451752
2.24802994728088 1.61843001842499
2.25846004486084 1.62758994102478
2.26892995834351 1.63679003715515
2.27944993972778 1.64602994918823
2.29001998901367 1.65531003475189
2.30063009262085 1.66462004184723
2.31129002571106 1.67397999763489
2.32199001312256 1.68338000774384
2.33274006843567 1.69281995296478
2.34352993965149 1.70229005813599
2.3543701171875 1.71180999279022
2.36525011062622 1.72135996818542
2.37617993354797 1.73094999790192
2.38715004920959 1.74057996273041
2.39816999435425 1.75024998188019
2.40921998023987 1.75995004177094
2.42033004760742 1.76969003677368
2.43146991729736 1.77946996688843
2.44265007972717 1.78928005695343
2.45388007164001 1.79912996292114
2.46515011787415 1.80901002883911
2.47645998001099 1.81893002986908
2.48780989646912 1.82888996601105
2.49920988082886 1.83887994289398
2.51063990592957 1.84889996051788
2.52210998535156 1.85896003246307
2.53362989425659 1.86905002593994
2.54518008232117 1.87916994094849
2.55677008628845 1.88933002948761
2.56839990615845 1.89952003955841
2.58007001876831 1.90973997116089
2.59177994728088 1.91999995708466
2.60351991653442 1.93028998374939
2.61530995368958 1.94061005115509
2.62713003158569 1.95096004009247
2.6389799118042 1.96133995056152
2.6508800983429 1.97175002098083
2.66281008720398 1.98219001293182
2.67477011680603 1.99266004562378
2.68676996231079 2.00315999984741
2.69881010055542 2.01368999481201
2.71088004112244 2.02425003051758
2.72299003601074 2.03484010696411
2.73513007164001 2.04544997215271
2.747309923172 2.0560998916626
2.7595100402832 2.06677007675171
2.77175998687744 2.07747006416321
2.78402996063232 2.08820009231567
2.7963399887085 2.09894990921021
2.80868005752563 2.10973000526428
2.82105994224548 2.12053990364075
2.83346009254456 2.13137006759644
2.84590005874634 2.14223003387451
2.85837006568909 2.15311002731323
2.8708701133728 2.16402006149292
2.88339996337891 2.17494988441467
2.89596009254456 2.18590998649597
2.90855002403259 2.19689011573792
2.9211699962616 2.20790004730225
2.93382000923157 2.2189199924469
2.9465000629425 2.22997999191284
2.95920991897583 2.24105000495911
2.9719500541687 2.25215005874634
2.98470997810364 2.26326990127563
2.99750995635986 2.27442002296448
3.01032996177673 2.28557991981506
3.02318000793457 2.2967700958252
3.03606009483337 2.30798006057739
3.04895997047424 2.31921005249023
3.0618999004364 2.33046007156372
3.07486009597778 2.34173011779785
3.08784008026123 2.35302996635437
3.10085010528564 2.36434006690979
3.11388993263245 2.37566995620728
3.12696003913879 2.38702988624573
3.14004993438721 2.39840006828308
3.15316009521484 2.4097900390625
3.16630005836487 2.42120003700256
3.17947006225586 2.43263006210327
3.1926600933075 2.44408011436462
3.2058699131012 2.45554995536804
3.21911001205444 2.46703004837036
3.23236989974976 2.47853994369507
3.24566006660461 2.49006009101868
3.25897002220154 2.50160002708435
3.27230000495911 2.51314997673035
3.28566002845764 2.52472996711731
3.2990300655365 2.53631997108459
3.31243991851807 2.54793000221252
3.32586002349854 2.55955004692078
3.33930993080139 2.57119011878967
3.35278010368347 2.58284997940063
3.36627006530762 2.5945200920105
3.37978005409241 2.60620999336243
3.39332008361816 2.61790990829468
3.40686988830566 2.62964010238647
3.42044997215271 2.64137005805969
3.4340500831604 2.65312004089355
3.44766998291016 2.66489005088806
3.46130990982056 2.67667007446289
3.47497010231018 2.68846011161804
3.48865008354187 2.70026993751526
3.50236010551453 2.7121000289917
3.51607990264893 2.72392988204956
3.52981996536255 2.73579001426697
3.54358005523682 2.7476499080658
3.55736994743347 2.75953006744385
3.57117009162903 2.77142000198364
3.58499002456665 2.78332996368408
3.59882998466492 2.79524993896484
3.61268997192383 2.80717992782593
3.62655997276306 2.81912994384766
3.64046001434326 2.83108997344971
3.65438008308411 2.84306001663208
3.66830992698669 2.85504007339478
3.68226003646851 2.86703991889954
3.69623994827271 2.8790500164032
3.71023011207581 2.8910698890686
3.72423005104065 2.90310001373291
3.73826003074646 2.91514992713928
3.75230002403259 2.92720007896423
3.76636004447937 2.93927001953125
3.78044009208679 2.95134997367859
3.79453992843628 2.96343994140625
3.80865001678467 2.97553992271423
3.82277989387512 2.98765993118286
3.8369300365448 2.99977993965149
3.85108995437622 3.01191997528076
3.86526989936829 3.02407002449036
3.87947010993958 3.03622007369995
3.89369010925293 3.04838991165161
3.90791988372803 3.06057000160217
3.92216992378235 3.07276010513306
3.93642997741699 3.08495998382568
3.9507200717926 3.09717011451721
3.96500992774963 3.10939002037048
3.97933006286621 3.12161993980408
3.99365997314453 3.13386011123657
4.00799989700317 3.14611005783081
4.02235984802246 3.15837001800537
4.03673982620239 3.17063999176025
4.05113983154297 3.18291997909546
4.06553983688354 3.19519996643066
4.07996988296509 3.20749998092651
4.09440994262695 3.21981000900269
4.10886001586914 3.23213005065918
4.12334012985229 3.24445009231567
4.13781976699829 3.25678992271423
4.15231990814209 3.26912999153137
4.16684007644653 3.28148007392883
4.18136978149414 3.29383993148804
4.19591999053955 3.30621004104614
4.21048021316528 3.31858992576599
4.2250599861145 3.33098006248474
4.23964977264404 3.34337997436523
4.25425004959106 3.35577988624573
4.26886987686157 3.36820006370544
4.28351020812988 3.38062000274658
4.29816007614136 3.39304995536804
4.31281995773315 3.40548992156982
4.3274998664856 3.41792988777161
4.34218978881836 3.43038988113403
4.35690021514893 3.44285011291504
4.37162017822266 3.45531988143921
4.38636016845703 3.46779990196228
4.40111017227173 3.48027992248535
4.41587018966675 3.49277997016907
4.43065023422241 3.50528001785278
4.44543981552124 3.51779007911682
4.46024990081787 3.5303099155426
4.47506999969482 3.54282999038696
4.4899001121521 3.55536007881165
4.50474977493286 3.56789994239807
4.5196099281311 3.5804500579834
4.53448009490967 3.59300994873047
4.54936981201172 3.60557007789612
4.56428003311157 3.61813998222351
4.57918977737427 3.6307098865509
4.59412002563477 3.64330005645752
4.60905981063843 3.65588998794556
4.62402009963989 3.66848993301392
4.63898992538452 3.68109011650085
4.65396976470947 3.69370007514954
4.66897010803223 3.70632004737854
4.68397998809814 3.71895003318787
4.69899988174438 3.73158001899719
4.71403980255127 3.74422001838684
4.72909021377563 3.75687003135681
4.74415016174316 3.76952004432678
4.75923013687134 3.78218007087708
4.77432012557983 3.79484009742737
4.78942012786865 3.80751991271973
4.80453014373779 3.82019996643066
4.81966018676758 3.8328800201416
4.83479976654053 3.84557008743286
4.84995985031128 3.85826992988586
4.86511993408203 3.87098002433777
4.88030004501343 3.88369011878967
4.89550018310547 3.89640998840332
4.91069984436035 3.90913009643555
4.92592000961304 3.92185997962952
4.94115018844604 3.93460011482239
4.95638990402222 3.94734001159668
4.97165012359619 3.96008992195129
4.98691987991333 3.97285008430481
5.00220012664795 3.98561000823975
5.01749992370605 3.998379945755
5.03280019760132 4.01114988327026
5.04812002182007 4.02393007278442
5.06345987319946 4.03671979904175
5.07880020141602 4.04951000213623
5.09416007995605 4.06231021881104
5.10952997207642 4.07510995864868
5.1249098777771 4.08792018890381
5.14030981063843 4.1007399559021
5.15571022033691 4.11356019973755
5.17114019393921 4.12637996673584
5.1865701675415 4.13922023773193
5.20201015472412 4.15206003189087
5.21747016906738 4.1648998260498
5.23294019699097 4.17775011062622
5.24841976165771 4.1906099319458
5.26391983032227 4.20347023010254
5.27941989898682 4.21633005142212
5.29493999481201 4.22920989990234
5.31047010421753 4.24209022521973
5.32601976394653 4.25497007369995
5.3415699005127 4.2678599357605
5.3571400642395 4.28074979782104
5.37271976470947 4.29365015029907
5.38831996917725 4.30656003952026
5.40392017364502 4.31946992874146
5.41953992843628 4.33238983154297
5.43517017364502 4.34531021118164
5.45080995559692 4.35824012756348
5.46646976470947 4.37117004394531
5.48213005065918 4.38410997390747
5.49780988693237 4.39704990386963
5.51350021362305 4.40999984741211
5.52920007705688 4.42295980453491
5.54491996765137 4.43591976165771
5.56063985824585 4.44888019561768
5.57637977600098 4.4618501663208
5.59214019775391 4.47483015060425
5.60790014266968 4.4878101348877
5.62367010116577 4.50080013275146
5.63946008682251 4.51379013061523
5.65526008605957 4.526780128479
5.67107009887695 4.5397801399231
5.68690013885498 4.55279016494751
5.70273017883301 4.56580018997192
5.71857976913452 4.57882022857666
5.73443984985352 4.59183979034424
5.75030994415283 4.6048698425293
5.76620006561279 4.61789989471436
5.78209018707275 4.63093996047974
5.7979998588562 4.64398002624512
5.81392002105713 4.65703010559082
5.82985019683838 4.67008018493652
5.84579992294312 4.68313980102539
5.86175012588501 4.69619989395142
5.87771987915039 4.70927000045776
5.89370012283325 4.72234010696411
5.90968990325928 4.73542022705078
5.92570018768311 4.74849987030029
5.94170999526978 4.76159000396729
5.95773983001709 4.77468013763428
5.97378015518188 4.78777980804443
5.98983001708984 4.80087995529175
6.00589990615845 4.81399011611938
6.02196979522705 4.82709980010986
6.03806018829346 4.8402099609375
6.05416011810303 4.85334014892578
6.07027006149292 4.86645984649658
6.08640003204346 4.87959003448486
6.10253000259399 4.89273023605347
6.11868000030518 4.90586996078491
6.13484001159668 4.91901016235352
6.15101003646851 4.93216991424561
6.16719007492065 4.94532012939453
6.18339014053345 4.95847988128662
6.19960021972656 4.97164011001587
6.21581983566284 4.98480987548828
6.2320499420166 4.99799013137817
6.24829006195068 5.01116991043091
6.26455020904541 5.0243501663208
6.28080987930298 5.03753995895386
6.29709005355835 5.05073022842407
6.31337976455688 5.06393003463745
6.32968997955322 5.07712984085083
6.34600019454956 5.09034013748169
6.36232995986938 5.10354995727539
6.37867021560669 5.11676979064941
6.39502000808716 5.1299901008606
6.41137981414795 5.14321994781494
6.42776012420654 5.15644979476929
6.4441499710083 5.16968011856079
6.46053981781006 5.18291997909546
6.47696018218994 5.19616985321045
6.49338006973267 5.20941019058228
6.50980997085571 5.22267007827759
6.5262598991394 5.2359299659729
6.54271984100342 5.24918985366821
6.55918979644775 5.26246023178101
6.57566976547241 5.27573013305664
6.59216976165771 5.2890100479126
6.60867977142334 5.30228996276855
6.62518978118896 5.31556987762451
6.64171981811523 5.32885980606079
6.65826988220215 5.34216022491455
6.67481994628906 5.35546016693115
6.69139003753662 5.36876010894775
6.7079701423645 5.38207006454468
6.72455978393555 5.3953800201416
6.74115991592407 5.40869998931885
6.75778007507324 5.42201995849609
6.77440023422241 5.43534994125366
6.79103994369507 5.44867992401123
6.80770015716553 5.46201992034912
6.82435989379883 5.47535991668701
6.84103012084961 5.4886999130249
6.85771989822388 5.50204992294312
6.87442016601563 5.51540994644165
6.89112997055054 5.52875995635986
6.90785980224609 5.54212999343872
6.92459011077881 5.55549001693726
6.94133996963501 5.56887006759644
6.95809984207153 5.58224010467529
6.97487020492554 5.59562015533447
6.99165010452271 5.60901021957397
7.00845003128052 5.62239980697632
7.02525997161865 5.63578987121582
7.04207992553711 5.64918994903564
7.05890989303589 5.66259002685547
7.07575988769531 5.67600011825562
7.09260988235474 5.68941020965576
7.1094799041748 5.70282983779907
7.1263599395752 5.71624994277954
7.14326000213623 5.72968006134033
7.16016006469727 5.74311017990112
7.17708015441895 5.75653982162476
7.19400978088379 5.76997995376587
7.21094989776611 5.78342008590698
7.22790002822876 5.79687023162842
7.24487018585205 5.8103199005127
7.26184988021851 5.82378005981445
7.27884006500244 5.83724021911621
7.29583978652954 5.85069990158081
7.31286001205444 5.86417007446289
7.32988023757935 5.87764978408813
7.34692001342773 5.89111995697021
7.36396980285645 5.90461015701294
7.38104009628296 5.91808986663818
7.39810991287231 5.93159008026123
7.41520023345947 5.9450798034668
7.43230009078979 5.95858001708984
7.44941997528076 5.97208976745605
7.46653985977173 5.98559999465942
7.48367977142334 5.99911022186279
7.50083017349243 6.01262998580933
7.51799011230469 6.02615022659302
7.53517007827759 6.03968000411987
7.55235004425049 6.05320978164673
7.56955003738403 6.06674003601074
7.5867600440979 6.08027982711792
7.60399007797241 6.09383010864258
7.62122011184692 6.10736989974976
7.63847017288208 6.12093019485474
7.6557297706604 6.13447999954224
7.67300987243652 6.14804983139038
7.69028997421265 6.16161012649536
7.70759010314941 6.17517995834351
7.72489976882935 6.18875980377197
7.74221992492676 6.2023401260376
7.75956010818481 6.21591997146606
7.77690982818604 6.22950983047485
7.79427003860474 6.2431001663208
7.8116397857666 6.25670003890991
7.82902002334595 6.27029991149902
7.84641981124878 6.28389978408813
7.86383008956909 6.29751014709473
7.88124990463257 6.31113004684448
7.89869022369385 6.32473993301392
7.91614007949829 6.33836984634399
7.93359994888306 6.35199022293091
7.95106983184814 6.36562013626099
7.96855020523071 6.37926006317139
7.98605012893677 6.39289999008179
8.00356006622314 6.40653991699219
8.02108001708984 6.42018985748291
8.03861999511719 6.43384981155396
8.05617046356201 6.44750022888184
8.07373046875 6.46116018295288
8.09130001068115 6.47483015060425
8.10888957977295 6.48850011825562
8.12648010253906 6.5021800994873
8.1440896987915 6.51586008071899
8.16172027587891 6.52954006195068
8.17934989929199 6.5432300567627
8.19699954986572 6.55692005157471
8.21465969085693 6.57061004638672
8.23233985900879 6.58432006835938
8.25002002716064 6.59802007675171
8.26772022247314 6.61173009872437
8.28544044494629 6.62544012069702
8.30315971374512 6.63916015625
8.32089996337891 6.65288019180298
8.33864974975586 6.66660976409912
8.35641002655029 6.68033981323242
8.37419033050537 6.69407987594604
8.39198017120361 6.70781993865967
8.40977954864502 6.72156000137329
8.42759037017822 6.73531007766724
8.44542026519775 6.74906015396118
8.46325969696045 6.76281976699829
8.48110961914063 6.77657985687256
8.49897956848145 6.79034996032715
8.51685047149658 6.80412006378174
8.53474044799805 6.81789016723633
8.55265045166016 6.83166980743408
8.57056045532227 6.84544992446899
8.5884895324707 6.85924005508423
8.6064395904541 6.87303018569946
8.6243896484375 6.88682985305786
8.64235973358154 6.90062999725342
8.66034030914307 6.91443014144897
8.67833042144775 6.9282398223877
8.69633960723877 6.9420599937439
8.71436023712158 6.95587015151978
8.73239040374756 6.96969985961914
8.75043964385986 6.98352003097534
8.76850032806396 6.99735021591187
8.78656959533691 7.01118993759155
8.80465984344482 7.0250301361084
8.82275009155273 7.03886985778809
8.84086036682129 7.05272006988525
8.85898971557617 7.06656980514526
8.87712955474854 7.08043003082275
8.89527988433838 7.09428977966309
8.91343975067139 7.1081600189209
8.93161010742188 7.12202978134155
8.94979953765869 7.13590002059937
8.96800994873047 7.14977979660034
8.98622035980225 7.16366004943848
9.00444984436035 7.17754983901978
9.02268981933594 7.19144010543823
9.04094982147217 7.20533990859985
9.0592098236084 7.21924018859863
9.07750034332275 7.23313999176025
9.09578990936279 7.2470498085022
9.11410045623779 7.26097011566162
9.13241958618164 7.27487993240356
9.15075016021729 7.28880977630615
9.16909980773926 7.30273008346558
9.18745994567871 7.31665992736816
9.20582962036133 7.33059978485107
9.22422027587891 7.34454011917114
9.24262046813965 7.35847997665405
9.26103973388672 7.37242984771729
9.27945995330811 7.38638019561768
9.29790019989014 7.40034008026123
9.31636047363281 7.41429996490479
9.33481979370117 7.42826986312866
9.35330009460449 7.4422402381897
9.37180042266846 7.45621013641357
9.39029979705811 7.47019004821777
9.40882015228271 7.48416996002197
9.42735958099365 7.49815988540649
9.44589996337891 7.51214981079102
9.4644603729248 7.52615022659302
9.48303985595703 7.54015016555786
9.50162982940674 7.55416011810303
9.52023029327393 7.56816005706787
9.53884029388428 7.58218002319336
9.55747032165527 7.59619998931885
9.57610988616943 7.61021995544434
9.59477043151855 7.62424993515015
9.61343002319336 7.63827991485596
9.63212013244629 7.65230989456177
9.65081024169922 7.6663498878479
9.66952037811279 7.68039989471436
9.68824005126953 7.69444990158081
9.70697975158691 7.70849990844727
9.72572994232178 7.72255992889404
9.7444896697998 7.73661994934082
9.76327037811279 7.75068998336792
9.78205966949463 7.76476001739502
9.80086040496826 7.77883005142212
9.81968021392822 7.79291009902954
9.83850955963135 7.80700016021729
9.85735988616943 7.82108020782471
9.87621974945068 7.83517980575562
9.89509010314941 7.84926986694336
9.91397953033447 7.86337995529175
9.93288040161133 7.87748003005981
9.95178985595703 7.8915901184082
9.9707202911377 7.90571022033691
9.98966026306152 7.91982984542847
10.0086002349854 7.93394994735718
