1.22514998912811 0.670898973941803
1.2218199968338 0.668941974639893
1.21851003170013 0.666993975639343
1.21521997451782 0.665054976940155
1.21194005012512 0.663125991821289
1.20868003368378 0.661204993724823
1.20543003082275 0.659294009208679
1.20219004154205 0.657391011714935
1.19897997379303 0.655497014522552
1.19578003883362 0.653612971305847
1.19258999824524 0.651736974716187
1.1894199848175 0.649869024753571
1.18625998497009 0.648011028766632
1.18312001228333 0.646161019802094
1.17999005317688 0.644318997859955
1.17686998844147 0.642485976219177
1.17377996444702 0.640662014484406
1.17068994045258 0.638845026493073
1.16761994361877 0.637037992477417
1.16456997394562 0.635237991809845
1.16152000427246 0.633446991443634
1.15849995613098 0.631663024425507
1.15548002719879 0.629887998104095
1.15248000621796 0.628121018409729
1.14948999881744 0.626362025737762
1.14652001857758 0.624611020088196
1.14356005191803 0.622868001461029
1.14061999320984 0.621133029460907
1.13768005371094 0.61940598487854
1.13476002216339 0.617685973644257
1.13186001777649 0.615974009037018
1.12897002696991 0.614269971847534
1.12609004974365 0.612573027610779
1.12321996688843 0.610884010791779
1.12037003040314 0.609202027320862
1.11751997470856 0.6075279712677
1.11469995975494 0.605861008167267
1.11187994480133 0.604201972484589
1.10907995700836 0.602550029754639
1.10628998279572 0.600905001163483
1.10351002216339 0.599268019199371
1.1007399559021 0.597636997699738
1.09799003601074 0.596014022827148
1.09525001049042 0.594398021697998
1.09251999855042 0.592788994312286
1.08980000019073 0.591187000274658
1.08709001541138 0.589591979980469
1.08440005779266 0.588003993034363
1.08171999454498 0.586422026157379
1.07904994487762 0.584847986698151
1.07639002799988 0.583280026912689
1.07374000549316 0.581718981266022
1.07111001014709 0.580165028572083
1.06848001480103 0.578617990016937
1.0658700466156 0.577076971530914
1.06326997280121 0.575541973114014
1.06068003177643 0.574015021324158
1.05809998512268 0.572493016719818
1.05552995204926 0.570977985858917
1.05297005176544 0.5694699883461
1.05043005943298 0.567968010902405
1.04788994789124 0.566471993923187
1.04536998271942 0.564983010292053
1.04285001754761 0.563499987125397
1.04034996032715 0.562022984027863
1.0378600358963 0.560552000999451
1.03536999225616 0.559086978435516
1.03289997577667 0.557628989219666
1.0304399728775 0.556176006793976
1.02798998355865 0.554729998111725
1.02555000782013 0.553288996219635
1.02312004566193 0.551855027675629
1.02069997787476 0.550426006317139
1.0182900428772 0.549004018306732
1.01589000225067 0.547586977481842
1.01349997520447 0.546176016330719
1.01111996173859 0.544770002365112
1.00874996185303 0.543371021747589
1.00638997554779 0.541976988315582
1.00404000282288 0.540588974952698
1.00169003009796 0.539206027984619
0.999363005161285 0.537829995155334
0.997040987014771 0.536458015441895
0.994728028774261 0.535091996192932
0.99242502450943 0.533731997013092
0.990131020545959 0.532377004623413
0.987846970558167 0.531027972698212
0.985571026802063 0.529684007167816
0.983304977416992 0.528344988822937
0.981047987937927 0.52701199054718
0.978799998760223 0.525683999061584
0.976562023162842 0.52436101436615
0.974331974983215 0.523043990135193
0.972110986709595 0.521731972694397
0.969898998737335 0.520424008369446
0.967696011066437 0.519122004508972
0.965501010417938 0.517826020717621
0.963315010070801 0.516533970832825
0.961138010025024 0.515246987342834
0.958970010280609 0.513966023921967
0.956809997558594 0.512688994407654
0.954658985137939 0.511416971683502
0.95251601934433 0.510150015354156
0.950380980968475 0.508889019489288
0.948255002498627 0.50763201713562
0.946138024330139 0.506379008293152
0.94402801990509 0.505132019519806
0.941927015781403 0.503889977931976
0.939833998680115 0.502651989459991
0.93774801492691 0.501419007778168
0.935671985149384 0.500190019607544
0.93360298871994 0.498966991901398
0.931541979312897 0.497747987508774
0.929489016532898 0.496533006429672
0.927443027496338 0.495323985815048
0.925405979156494 0.494118005037308
0.923376977443695 0.492918014526367
0.921355009078979 0.491721004247665
0.919341027736664 0.490530014038086
0.917334020137787 0.489342987537384
0.915336012840271 0.488160014152527
0.913344025611877 0.486981004476547
0.9113609790802 0.485807001590729
0.90938401222229 0.484638005495071
0.907415986061096 0.483473002910614
0.905453979969025 0.482311993837357
0.903500020503998 0.481155008077621
0.901552975177765 0.480002999305725
0.899613976478577 0.47885400056839
0.897682011127472 0.477710008621216
0.895757019519806 0.47657099366188
0.893839001655579 0.475434988737106
0.891928017139435 0.474303007125854
0.89002400636673 0.473176002502441
0.888127028942108 0.472052991390228
0.886237978935242 0.470934003591537
0.884355008602142 0.469817996025085
0.882479012012482 0.468706995248795
0.88060998916626 0.467599987983704
0.878747999668121 0.466497004032135
0.87689197063446 0.465398013591766
0.875043988227844 0.464302003383636
0.87320202589035 0.463210999965668
0.871366024017334 0.46212300658226
0.869536995887756 0.461039990186691
0.867715001106262 0.459960013628006
0.865899980068207 0.458884000778198
0.864090979099274 0.457812011241913
0.862287998199463 0.456743001937866
0.860491991043091 0.455678999423981
0.858702003955841 0.454618006944656
0.85691899061203 0.453559994697571
0.855141997337341 0.452506989240646
0.853371024131775 0.451456993818283
0.851607024669647 0.45041099190712
0.849848985671997 0.449368000030518
0.848097026348114 0.448329001665115
0.846351027488708 0.447293996810913
0.844610989093781 0.446262001991272
0.842877984046936 0.445234000682831
0.841149985790253 0.444209009408951
0.839429020881653 0.443188011646271
0.837713003158569 0.442169994115829
0.836004018783569 0.441154986619949
0.834299981594086 0.44014498591423
0.832602024078369 0.439137011766434
0.83091002702713 0.438133001327515
0.829223990440369 0.437132000923157
0.827543973922729 0.436134994029999
0.825869023799896 0.435140997171402
0.824200987815857 0.434150993824005
0.822538018226624 0.433162987232208
0.820879995822906 0.432179003953934
0.819227993488312 0.431199014186859
0.817582011222839 0.430220991373062
0.815941989421844 0.429246991872787
0.814306020736694 0.428276002407074
0.812677025794983 0.427307993173599
0.811052978038788 0.426344007253647
0.809433996677399 0.425381988286972
0.807820975780487 0.42442399263382
0.806213021278381 0.423469007015228
0.804611027240753 0.422517001628876
0.803013980388641 0.421568006277084
0.801421999931335 0.420621991157532
0.799835026264191 0.41967898607254
0.798254013061523 0.418740004301071
0.796678006649017 0.41780298948288
0.795107007026672 0.416869014501572
0.793541014194489 0.415939003229141
0.791980981826782 0.415010988712311
0.790425002574921 0.414086014032364
0.788874983787537 0.413165003061295
0.787329018115997 0.412245988845825
0.785789012908936 0.411330014467239
0.784254014492035 0.41041699051857
0.782723009586334 0.409507006406784
0.781198024749756 0.408598989248276
0.779676973819733 0.40769499540329
0.778162002563477 0.406792998313904
0.77665102481842 0.405894011259079
0.775144994258881 0.404998004436493
0.773643970489502 0.404105007648468
0.772146999835968 0.403214991092682
0.770655989646912 0.402327001094818
0.769168972969055 0.401441991329193
0.767687022686005 0.400559991598129
0.766209006309509 0.399681001901627
0.764735996723175 0.398804008960724
0.763267993927002 0.39792999625206
0.761803984642029 0.397058010101318
0.760344982147217 0.396189004182816
0.758890986442566 0.395323008298874
0.757440984249115 0.394459992647171
0.755994975566864 0.393599003553391
0.754553973674774 0.39274001121521
0.753117978572845 0.391885012388229
0.7516850233078 0.391032010316849
0.750258028507233 0.390181005001068
0.748834013938904 0.389333009719849
0.747415006160736 0.388487011194229
0.746001005172729 0.387643992900848
0.744589984416962 0.386804014444351
0.743183970451355 0.38596498966217
0.741782009601593 0.385129988193512
0.740384995937347 0.384297013282776
0.738991022109985 0.383466005325317
0.73760199546814 0.38263800740242
0.736217021942139 0.381812006235123
0.734835982322693 0.380988001823425
0.733460009098053 0.380167007446289
0.732087016105652 0.379348009824753
0.730718016624451 0.378531992435455
0.729354023933411 0.37771800160408
0.727993011474609 0.376906007528305
0.726637005805969 0.376096993684769
0.725283980369568 0.375290006399155
0.723936021327972 0.374484986066818
0.722590982913971 0.373681992292404
0.721251010894775 0.372882008552551
0.719914019107819 0.372083991765976
0.718581020832062 0.371288001537323
0.717252016067505 0.370494991540909
0.715927004814148 0.369704008102417
0.714605987071991 0.368914991617203
0.713288009166718 0.368128001689911
0.711974024772644 0.367343008518219
0.710663974285126 0.366560012102127
0.709357976913452 0.365779995918274
0.708055019378662 0.365002006292343
0.706757009029388 0.364225000143051
0.705461025238037 0.36345100402832
0.704169988632202 0.362679004669189
0.702881991863251 0.361909985542297
0.701597988605499 0.361142009496689
0.700317025184631 0.360376000404358
0.699039995670319 0.359613001346588
0.697766005992889 0.358850985765457
0.69649600982666 0.358090996742249
0.69522899389267 0.357333987951279
0.693965971469879 0.35657799243927
0.692707002162933 0.355825006961823
0.691451013088226 0.355073004961014
0.690198004245758 0.354324012994766
0.68894898891449 0.353576004505157
0.687703013420105 0.352829992771149
0.686460018157959 0.352086991071701
0.685221016407013 0.351345002651215
0.683984994888306 0.350605010986328
0.682752013206482 0.349866986274719
0.681523025035858 0.349130988121033
0.680297017097473 0.348396986722946
0.679073989391327 0.347663998603821
0.677855014801025 0.346933990716934
0.676639020442963 0.346204996109009
0.675426006317139 0.345477998256683
0.674215972423553 0.344752997159958
0.673008978366852 0.344029992818832
0.671805024147034 0.343308985233307
0.670605003833771 0.342588990926743
0.669408023357391 0.341870993375778
0.66821300983429 0.341154992580414
0.667021989822388 0.340440988540649
0.665834009647369 0.339727997779846
0.66464900970459 0.339017003774643
0.663466989994049 0.33830800652504
0.662288010120392 0.337601006031036
0.661110997200012 0.336894989013672
0.659937977790833 0.33619099855423
0.658767998218536 0.335489004850388
0.657600998878479 0.334787994623184
0.656436026096344 0.334089010953903
0.655274987220764 0.3333919942379
0.654115974903107 0.332695990800858
0.652960002422333 0.332002013921738
0.651807010173798 0.331308990716934
0.650656998157501 0.330619007349014
0.649510025978088 0.329928994178772
0.648365020751953 0.329241007566452
0.647222995758057 0.32855498790741
0.646084010601044 0.32787099480629
0.64494800567627 0.327187985181808
0.643814027309418 0.326505988836288
0.642683029174805 0.325825989246368
0.64155501127243 0.325147986412048
0.640429019927979 0.324470996856689
0.639306008815765 0.323794990777969
0.638185977935791 0.323121011257172
0.637067973613739 0.32244798541069
0.635951995849609 0.321776986122131
0.63484001159668 0.321108013391495
0.633729994297028 0.320439010858536
0.632622003555298 0.319772988557816
0.631516993045807 0.319106996059418
0.630414009094238 0.31844300031662
0.629314005374908 0.317779988050461
0.628216028213501 0.317119002342224
0.627120971679688 0.316459000110626
0.626028001308441 0.315800994634628
0.624938011169434 0.315144002437592
0.623848974704742 0.314487993717194
0.622763991355896 0.313832998275757
0.621680021286011 0.31317999958992
0.620598971843719 0.312528014183044
0.619520008563995 0.311877995729446
0.61844402551651 0.311228007078171
0.617368996143341 0.310579985380173
0.616297006607056 0.309933006763458
0.615227997303009 0.309287995100021
0.614160001277924 0.308643013238907
0.613094985485077 0.30799999833107
0.612030982971191 0.307357996702194
0.610970020294189 0.30671700835228
0.609911024570465 0.306077986955643
0.608855009078979 0.305438995361328
0.607800006866455 0.304802000522614
0.606746971607208 0.304165989160538
0.605696976184845 0.303530991077423
0.604647994041443 0.30289700627327
0.603600978851318 0.302264988422394
0.602557003498077 0.30163300037384
0.601513981819153 0.301001995801926
0.600473999977112 0.300372987985611
0.599434971809387 0.299744009971619
0.598397970199585 0.299116998910904
0.597362995147705 0.29849100112915
0.596329987049103 0.297865003347397
0.595299005508423 0.297241002321243
0.594269990921021 0.29661700129509
0.593241989612579 0.295994997024536
0.592216014862061 0.295374006032944
0.591192007064819 0.294752985239029
0.5901700258255 0.294133991003036
0.589150011539459 0.293514996767044
0.588131010532379 0.29289698600769
0.58711302280426 0.292281001806259
0.58609801530838 0.291664987802505
0.585084021091461 0.291049987077713
0.58407199382782 0.290434986352921
0.58306097984314 0.28982201218605
0.582051992416382 0.289209008216858
0.581044018268585 0.288598001003265
0.580038011074066 0.287986993789673
0.579033017158508 0.28737598657608
0.578029990196228 0.28676700592041
0.577027976512909 0.286157995462418
0.576027989387512 0.285549998283386
0.575029015541077 0.284943014383316
0.574030995368958 0.284336000680923
0.573035001754761 0.283730000257492
0.572040021419525 0.283125013113022
0.571045994758606 0.282519996166229
0.570053994655609 0.281915992498398
0.569063007831573 0.281313002109528
0.568072021007538 0.280710011720657
0.56708300113678 0.280108004808426
0.566096007823944 0.279505997896194
0.565109014511108 0.278903990983963
0.564122974872589 0.278304010629654
0.563138008117676 0.277702987194061
0.56215500831604 0.277103006839752
0.561172008514404 0.276504009962082
0.56019002199173 0.275905013084412
0.559208989143372 0.275305986404419
0.558229029178619 0.27470800280571
0.557249009609222 0.274109989404678
0.556271016597748 0.273512005805969
0.555293023586273 0.272915005683899
0.554315984249115 0.272318005561829
0.553339004516602 0.271721005439758
0.552362978458405 0.271124005317688
0.551388025283813 0.270527988672256
0.550413012504578 0.269932001829147
0.549439013004303 0.269335001707077
0.548465013504028 0.268739014863968
0.547491014003754 0.268142998218536
0.54651802778244 0.267547011375427
0.545544981956482 0.266950994729996
0.544571995735168 0.266355007886887
0.543599009513855 0.265758007764816
0.542626976966858 0.265161991119385
0.541653990745544 0.264564990997314
0.540682017803192 0.263969004154205
0.539708971977234 0.263372004032135
0.53873598575592 0.262773990631104
0.537762999534607 0.262176990509033
0.536790013313293 0.261579006910324
0.535816013813019 0.260980010032654
0.534842014312744 0.260381013154984
0.533867001533508 0.259781986474991
0.532891988754272 0.259182006120682
0.53191602230072 0.258581012487411
0.530939996242523 0.257979989051819
0.529962003231049 0.257376998662949
0.528982996940613 0.256774008274078
0.528003990650177 0.256170004606247
0.527023017406464 0.255566000938416
0.526040017604828 0.254960000514984
0.525057017803192 0.254352003335953
0.524070978164673 0.253744006156921
0.523084998130798 0.25313401222229
0.52209597826004 0.252523005008698
0.521104991436005 0.251911014318466
0.520111978054047 0.251296997070313
0.519116997718811 0.250681012868881
0.518118977546692 0.250063002109528
0.517118990421295 0.249443992972374
0.51611602306366 0.248822003602982
0.515109002590179 0.248198002576828
0.51409900188446 0.247572004795074
0.513086020946503 0.24694299697876
0.5120689868927 0.246310994029045
0.511048018932343 0.24567699432373
0.510021984577179 0.245039001107216
0.50899201631546 0.24439899623394
0.507956981658936 0.243753999471664
0.506915986537933 0.243105992674828
0.505868971347809 0.242454007267952
0.504815995693207 0.241797000169754
0.503755986690521 0.241135999560356
0.502689003944397 0.240470007061958
0.501613974571228 0.239797994494438
0.500530004501343 0.239121004939079
0.499437004327774 0.238436996936798
0.498333990573883 0.237746000289917
0.497220009565353 0.237048000097275
0.496093988418579 0.236341997981071
0.494955003261566 0.235626995563507
0.49380099773407 0.234902992844582
0.492632985115051 0.234167993068695
0.491447001695633 0.233421996235847
0.490242004394531 0.232663005590439
0.489017009735107 0.231889992952347
0.4877690076828 0.231102004647255
0.486494988203049 0.23029799759388
0.485195010900497 0.229475006461143
0.483864009380341 0.228631004691124
0.482501000165939 0.227767005562782
0.481104999780655 0.226879000663757
0.479676008224487 0.22597000002861
0.478219002485275 0.225040003657341
0.476745009422302 0.22409899532795
0.475275993347168 0.223159000277519
0.473843991756439 0.222240000963211
0.472485989332199 0.221366003155708
0.471233010292053 0.220559000968933
0.470102995634079 0.219828993082047
0.469098001718521 0.219178006052971
0.468208998441696 0.218602001667023
0.467424988746643 0.218091994524002
0.466731011867523 0.217639997601509
0.46611499786377 0.217237994074821
0.465566992759705 0.216879993677139
0.465077996253967 0.216560006141663
0.464639991521835 0.216272994875908
0.464246988296509 0.216013997793198
0.463894009590149 0.215782001614571
0.46357598900795 0.215571999549866
0.463288992643356 0.215382993221283
0.463030993938446 0.215213000774384
0.46279901266098 0.215058997273445
0.462590008974075 0.214920997619629
0.462402999401093 0.214797005057335
0.462235003709793 0.214684993028641
0.462085008621216 0.21458600461483
0.461953014135361 0.214497998356819
0.461834996938705 0.214420005679131
0.461733013391495 0.214350998401642
0.461643993854523 0.214292004704475
0.461567997932434 0.214240998029709
0.461504012346268 0.214197993278503
0.46145099401474 0.21416200697422
0.461409002542496 0.214133992791176
0.461376011371613 0.214111998677254
0.461353987455368 0.214096993207932
0.461340010166168 0.21408799290657
0.461335986852646 0.21408499777317
0.461338013410568 0.21408599615097
0.461347013711929 0.214092999696732
0.46136400103569 0.214103996753693
0.461389005184174 0.214120998978615
0.461419999599457 0.214141994714737
0.461459010839462 0.21416799724102
0.461502999067307 0.214199006557465
0.461553990840912 0.214232996106148
0.46161100268364 0.214272007346153
0.461672991514206 0.214313998818398
0.461742013692856 0.214360997080803
0.461814999580383 0.214411005377769
0.461894005537033 0.214463993906975
0.461977988481522 0.214522004127502
0.462065994739532 0.214581996202469
0.462159991264343 0.214645996689796
0.462258011102676 0.214713007211685
0.462359994649887 0.214782997965813
0.462467014789581 0.214856997132301
0.462577998638153 0.21493299305439
0.462693005800247 0.21501199901104
0.462812006473541 0.215094000101089
0.462935000658035 0.215178996324539
0.463061988353729 0.21526600420475
0.463192999362946 0.215356007218361
0.463326990604401 0.215449005365372
0.463465005159378 0.215544000267982
0.463607013225555 0.215642005205154
0.46375098824501 0.215742006897926
0.463899999856949 0.215844005346298
0.464051008224487 0.21594899892807
0.464206010103226 0.216057002544403
0.464363008737564 0.216166004538536
0.464524000883102 0.216278001666069
0.464688003063202 0.216391995549202
0.46485498547554 0.216508001089096
0.465025007724762 0.21662600338459
0.465196996927261 0.216746002435684
0.465373009443283 0.216868996620178
0.465550988912582 0.216993004083633
0.465732008218765 0.217120006680489
0.465916007757187 0.217247992753983
0.466102004051208 0.217378005385399
0.466291010379791 0.217510998249054
0.466482996940613 0.21764500439167
0.466677010059357 0.217781007289886
0.466872990131378 0.217919006943703
0.467072010040283 0.218059003353119
0.467274010181427 0.218200996518135
0.467478007078171 0.218344002962112
0.467684000730515 0.21848900616169
0.467893004417419 0.218636006116867
0.468104004859924 0.218785002827644
0.468317002058029 0.218935996294022
0.468533009290695 0.21908800303936
0.46875 0.219242006540298
0.468970000743866 0.219396993517876
0.469193011522293 0.219555005431175
0.469417005777359 0.219714000821114
0.469644010066986 0.219873994588852
0.469871997833252 0.220036000013351
0.470102995634079 0.220200002193451
0.470335990190506 0.22036600112915
0.470571011304855 0.22053299844265
0.470807999372482 0.22070200741291
0.471047013998032 0.22087199985981
0.471287995576859 0.22104400396347
0.471531003713608 0.221217006444931
0.471776008605957 0.221392005681992
0.472023010253906 0.221568003296852
0.472272008657455 0.221745997667313
0.472523003816605 0.221926003694534
0.472775995731354 0.222106993198395
0.473031014204025 0.222289994359016
0.473287999629974 0.222473993897438
0.473545998334885 0.222659006714821
0.473807007074356 0.222846001386642
0.474068999290466 0.223034992814064
0.474332988262177 0.223224997520447
0.474599003791809 0.22341600060463
0.474866986274719 0.223609000444412
0.475136995315552 0.223802998661995
0.475407987833023 0.223998993635178
0.475681990385056 0.224196001887321
0.475957006216049 0.224395006895065
0.47623398900032 0.224594995379448
0.476512014865875 0.224796995520592
0.476792991161346 0.224999994039536
0.477075010538101 0.22520400583744
0.477358996868134 0.225409999489784
0.477645009756088 0.225617006421089
0.477932006120682 0.225825995206833
0.478222012519836 0.226035997271538
0.47851300239563 0.226247996091843
0.478805005550385 0.226460993289948
0.479099988937378 0.226675003767014
0.479395985603333 0.226890996098518
0.479694008827209 0.227108001708984
0.479992985725403 0.22732600569725
0.480293989181519 0.227546006441116
0.480596989393234 0.227767005562782
0.48090198636055 0.227990001440048
0.481207996606827 0.228213995695114
0.481516003608704 0.228440001606941
0.48182600736618 0.228665992617607
0.482136994600296 0.228894993662834
0.482450008392334 0.229123994708061
0.482764005661011 0.229355007410049
0.483081012964249 0.229588001966476
0.483399003744125 0.229820996522903
0.483718007802963 0.230056002736092
0.484039008617401 0.23029300570488
0.484362006187439 0.230531007051468
0.484687000513077 0.230770006775856
0.485013008117676 0.231011003255844
0.485341012477875 0.231252998113632
0.485670000314713 0.231496006250381
0.486001014709473 0.23174099624157
0.48633399605751 0.231986999511719
0.486667990684509 0.232234999537468
0.487004011869431 0.232483997941017
0.487342000007629 0.232733994722366
0.487681001424789 0.232986003160477
0.488021999597549 0.233238995075226
0.488364011049271 0.233493000268936
0.488707989454269 0.233749002218246
0.489053994417191 0.234006002545357
0.489401012659073 0.234264999628067
0.489749997854233 0.234524995088577
0.490101009607315 0.234786003828049
0.490453004837036 0.235048994421959
0.490806996822357 0.23531299829483
0.491162002086639 0.235578998923302
0.49151998758316 0.235845997929573
0.491878002882004 0.236113995313644
0.492238998413086 0.236384004354477
0.492599993944168 0.236654996871948
0.492963999509811 0.236927002668381
0.493328988552094 0.237201005220413
0.493696004152298 0.237477004528046
0.49406498670578 0.237754002213478
0.494435012340546 0.238031998276711
0.494805991649628 0.238310992717743
0.495180010795593 0.238591998815536
0.495555013418198 0.23887500166893
0.495930999517441 0.239159002900124
0.496309012174606 0.239444002509117
0.496688991785049 0.239730998873711
0.497070997953415 0.240018993616104
0.497453987598419 0.240309000015259
0.497839003801346 0.240600004792213
0.498225003480911 0.240891993045807
0.498612999916077 0.241185992956161
0.499002993106842 0.241481006145477
0.499393999576569 0.241778001189232
0.499787002801895 0.242076992988586
0.500181972980499 0.242375999689102
0.500577986240387 0.242678001523018
0.500976026058197 0.242980003356934
0.50137597322464 0.243284001946449
0.501776993274689 0.243589997291565
0.502179980278015 0.243897005915642
0.502584993839264 0.244205996394157
0.502991020679474 0.244516000151634
0.503399014472961 0.244827002286911
0.503808975219727 0.245140001177788
0.504220008850098 0.245454996824265
0.504633009433746 0.245771005749702
0.505047976970673 0.246088996529579
0.505464017391205 0.246408000588417
0.505882024765015 0.246728003025055
0.506301999092102 0.247050002217293
0.506722986698151 0.247373998165131
0.507147014141083 0.24769900739193
0.50757098197937 0.248025998473167
0.507997989654541 0.248354002833366
0.508426010608673 0.248684003949165
0.508855998516083 0.249015003442764
0.509288012981415 0.249347999691963
0.509721994400024 0.249681994318962
0.510156989097595 0.250018000602722
0.510594010353088 0.250355988740921
0.511032998561859 0.250694990158081
0.511473000049591 0.251035988330841
0.511915028095245 0.251377999782562
0.512359023094177 0.251722007989883
0.512804985046387 0.252068012952805
0.513252019882202 0.252415001392365
0.513701975345612 0.252763003110886
0.514153003692627 0.253114014863968
0.51460599899292 0.253466010093689
0.515060007572174 0.253818988800049
0.515515983104706 0.254175007343292
0.515974998474121 0.254530996084213
0.516435027122498 0.254889994859695
0.51689600944519 0.255250006914139
0.517359972000122 0.25561198592186
0.51782500743866 0.255975008010864
0.518293023109436 0.256339997053146
0.518761992454529 0.256707012653351
0.519232988357544 0.257075995206833
0.51970499753952 0.257445991039276
0.520179986953735 0.257818013429642
0.520655989646912 0.258190989494324
0.521134972572327 0.258565992116928
0.521615028381348 0.258942991495132
0.522096991539001 0.259321987628937
0.522580981254578 0.259703010320663
0.523065984249115 0.260084986686707
0.523554027080536 0.260468989610672
0.524043023586273 0.260854005813599
0.524535000324249 0.261242002248764
0.525027990341187 0.261631011962891
0.525523006916046 0.262021988630295
0.526021003723145 0.262414991855621
0.526520013809204 0.262809008359909
0.527020990848541 0.263204991817474
0.527523994445801 0.263603985309601
0.528029024600983 0.26400300860405
0.528535008430481 0.264405012130737
0.529043972492218 0.264809012413025
0.529555022716522 0.265213996171951
0.530067980289459 0.2656210064888
0.530583024024963 0.266030997037888
0.531099021434784 0.266440987586975
0.531617999076843 0.266853988170624
0.532139003276825 0.267268985509872
0.532661974430084 0.267686009407043
0.533186018466949 0.268103986978531
0.533712983131409 0.268523991107941
0.53424197435379 0.268947005271912
0.534772992134094 0.269371002912521
0.535305976867676 0.269796997308731
0.53584098815918 0.270224988460541
0.536378026008606 0.270655006170273
0.536916971206665 0.271086990833282
0.537458002567291 0.271521002054214
0.538001000881195 0.271957010030746
0.538546979427338 0.272395014762878
0.539093971252441 0.272834002971649
0.539644002914429 0.273276001214981
0.540196001529694 0.273719996213913
0.540750026702881 0.274165987968445
0.541306018829346 0.274614006280899
0.541863977909088 0.275063991546631
0.542424023151398 0.275516003370285
0.542986989021301 0.275970011949539
0.543551027774811 0.276425987482071
0.544117987155914 0.276883989572525
0.54468697309494 0.277343988418579
0.54525899887085 0.277806997299194
0.545831978321075 0.278270989656448
0.546407997608185 0.278737992048264
0.546985983848572 0.27920600771904
0.547565996646881 0.279677003622055
0.548148989677429 0.28014999628067
0.548732995986938 0.280624985694885
0.549319982528687 0.281102985143661
0.549910008907318 0.281581997871399
0.550500988960266 0.282063990831375
0.551095008850098 0.282548010349274
0.551692008972168 0.28303399682045
0.552290022373199 0.283522009849548
0.55289101600647 0.284013003110886
0.553493976593018 0.284505993127823
0.554099977016449 0.285001009702682
0.554708003997803 0.28549799323082
0.555317997932434 0.285997986793518
0.555930972099304 0.286500006914139
0.556545972824097 0.287003993988037
0.557164013385773 0.287510991096497
0.557784020900726 0.288020014762878
0.558405995368958 0.288531005382538
0.559031009674072 0.289043992757797
0.559657990932465 0.289559990167618
0.56028801202774 0.290078997612
0.560921013355255 0.290600001811981
0.561555027961731 0.291123002767563
0.562192976474762 0.291648000478745
0.56283301115036 0.292176008224487
0.563475012779236 0.292706996202469
0.56411999464035 0.293240010738373
0.564767003059387 0.293774992227554
0.565416991710663 0.294313013553619
0.566070020198822 0.294853001832962
0.566725015640259 0.295396000146866
0.567382991313934 0.295942008495331
0.568042993545532 0.296490013599396
0.56870698928833 0.297039985656738
0.569371998310089 0.297592997550964
0.570041000843048 0.298148989677429
0.570711970329285 0.298707008361816
0.571385025978088 0.299268007278442
0.572062015533447 0.299831986427307
0.572740972042084 0.300397992134094
0.573423027992249 0.300967007875443
0.574106991291046 0.301537990570068
0.574795007705688 0.302112013101578
0.575484991073608 0.302688986063004
0.576178014278412 0.303268998861313
0.576874017715454 0.303851008415222
0.577571988105774 0.30443599820137
0.578274011611938 0.305023998022079
0.578978002071381 0.305613994598389
0.579684972763062 0.30620801448822
0.580394983291626 0.306804001331329
0.581107974052429 0.307402998209
0.581822991371155 0.308005005121231
0.58254200220108 0.308609992265701
0.583262979984283 0.309217005968094
0.583988010883331 0.309828013181686
0.584715008735657 0.310440987348557
0.585446000099182 0.31105700135231
0.58617901802063 0.311677008867264
0.586916029453278 0.312299013137817
0.587655007839203 0.31292399764061
0.588397979736328 0.313551992177963
0.589142978191376 0.314184010028839
0.589892029762268 0.314817994832993
0.590644001960754 0.315454989671707
0.591399013996124 0.316094994544983
0.592157006263733 0.316738992929459
0.59291797876358 0.317384988069534
0.593681991100311 0.318035006523132
0.594449996948242 0.318688005208969
0.595220029354095 0.319344013929367
0.595993995666504 0.320003002882004
0.596771001815796 0.320665001869202
0.597552001476288 0.321330994367599
0.598335027694702 0.321999996900558
0.599121987819672 0.322672009468079
0.599911987781525 0.323347002267838
0.600705981254578 0.324025988578796
0.601503014564514 0.324708014726639
0.602303028106689 0.325392991304398
0.60310697555542 0.326081991195679
0.603914022445679 0.326774001121521
0.604723989963531 0.327468991279602
0.605538010597229 0.328168004751205
0.606355011463165 0.328869998455048
0.607176005840302 0.32957598567009
0.608000993728638 0.330285012722015
0.608828008174896 0.330998003482819
0.609660029411316 0.331714004278183
0.61049497127533 0.332433998584747
0.611333012580872 0.333157986402512
0.612174987792969 0.333885014057159
0.613021016120911 0.334614992141724
0.613870024681091 0.33534899353981
0.614723026752472 0.336086988449097
0.615580022335052 0.336829006671906
0.616441011428833 0.337574005126953
0.617304980754852 0.338322997093201
0.618173003196716 0.339076012372971
0.619044005870819 0.339832991361618
0.619920015335083 0.340593010187149
0.620799005031586 0.341356992721558
0.621681988239288 0.342124998569489
0.622569024562836 0.342896997928619
0.623459994792938 0.34367299079895
0.624355018138885 0.344453006982803
0.625253975391388 0.345236003398895
0.626155972480774 0.346024006605148
0.627062976360321 0.346816003322601
0.627973973751068 0.347611993551254
0.62888902425766 0.348410993814468
0.629806995391846 0.349215000867844
0.630729973316193 0.350023001432419
0.631657004356384 0.350834995508194
0.632588028907776 0.35165199637413
0.633522987365723 0.352472007274628
0.634463012218475 0.353296995162964
0.635406970977783 0.354126006364822
0.636354029178619 0.354959011077881
0.637306988239288 0.355796992778778
0.638262987136841 0.356638997793198
0.639223992824554 0.357484996318817
0.640188992023468 0.358336001634598
0.641157984733582 0.359191000461578
0.642131984233856 0.360049992799759
0.643109977245331 0.360913991928101
0.644092977046967 0.361782997846603
0.645079970359802 0.362655997276306
0.646071970462799 0.36353400349617
0.647068023681641 0.364416003227234
0.648069024085999 0.365303009748459
0.649074018001556 0.366194009780884
0.650084018707275 0.367089986801147
0.651099026203156 0.367991000413895
0.652118027210236 0.368896991014481
0.653142988681793 0.369807988405228
0.654170989990234 0.370723009109497
0.655205011367798 0.371643006801605
0.656243026256561 0.372568994760513
0.657287001609802 0.373499006032944
0.658334970474243 0.374433994293213
0.65938800573349 0.375373989343643
0.660445988178253 0.376318991184235
0.661508977413177 0.377268999814987
0.662576973438263 0.378223985433578
0.66364997625351 0.379184991121292
0.664727985858917 0.380149990320206
0.665811002254486 0.381121009588242
0.666899025440216 0.382097005844116
0.667991995811462 0.383078992366791
0.669090986251831 0.384065002202988
0.670194983482361 0.385057002305984
0.671303987503052 0.386054992675781
0.672417998313904 0.387057989835739
0.673538029193878 0.388065993785858
0.674663007259369 0.389079988002777
0.675794005393982 0.390098989009857
0.676930010318756 0.39112401008606
0.678071975708008 0.39215499162674
0.679219007492065 0.393191009759903
0.680370986461639 0.394232988357544
0.681529998779297 0.395280987024307
0.682693004608154 0.396335005760193
0.68386298418045 0.397394001483917
0.685037970542908 0.398460000753403
0.686218976974487 0.399531006813049
0.687406003475189 0.400608003139496
0.688598990440369 0.401692003011703
0.689796984195709 0.402781009674072
0.691002011299133 0.403876006603241
0.692211985588074 0.404978007078171
0.693428993225098 0.406085997819901
0.694651007652283 0.407200008630753
0.695879995822906 0.408320009708405
0.697113990783691 0.409447014331818
0.69835501909256 0.410580009222031
0.699602007865906 0.411718994379044
0.70085597038269 0.41286501288414
0.702114999294281 0.414018005132675
0.70338100194931 0.41517698764801
0.704653978347778 0.416343003511429
0.705932021141052 0.417515009641647
0.707217991352081 0.418693989515305
0.708509981632233 0.419880002737045
0.709807991981506 0.421072006225586
0.711112976074219 0.422271996736526
0.712424993515015 0.423478990793228
0.713742971420288 0.424692004919052
0.715068995952606 0.425911992788315
0.716400980949402 0.4271399974823
0.717739999294281 0.428375005722046
0.719084978103638 0.429616987705231
0.720438003540039 0.430866003036499
0.721798002719879 0.432121992111206
0.723164975643158 0.433385998010635
0.72453898191452 0.434657007455826
0.725920021533966 0.435936003923416
0.727308988571167 0.437222003936768
0.728704988956451 0.438515990972519
0.730108022689819 0.439817994832993
0.731517970561981 0.441127002239227
0.732936024665833 0.442443996667862
0.734362006187439 0.443769007921219
0.735795021057129 0.445102006196976
0.737235009670258 0.446442008018494
0.738683998584747 0.447791010141373
0.740140020847321 0.449147999286652
0.741603016853333 0.450513005256653
0.743075013160706 0.451885998249054
0.744554996490479 0.453267008066177
0.746042013168335 0.454656988382339
0.747537970542908 0.456054985523224
0.749041974544525 0.457462012767792
0.750553011894226 0.458876997232437
0.752072989940643 0.460301011800766
0.753602027893066 0.461733013391495
0.755137979984283 0.463174998760223
0.756684005260468 0.464625000953674
0.75823700428009 0.466082990169525
0.759799003601074 0.467550992965698
0.761370003223419 0.469027996063232
0.762948989868164 0.470513999462128
0.76453697681427 0.472009003162384
0.766134023666382 0.47351399064064
0.76774001121521 0.47502800822258
0.769354999065399 0.476550996303558
0.770978987216949 0.47808301448822
0.772611975669861 0.479625999927521
0.774254024028778 0.481177985668182
0.775905013084412 0.482739001512527
0.777565002441406 0.484310001134872
0.779235005378723 0.485891997814178
0.780915021896362 0.487482994794846
0.782603025436401 0.489084005355835
0.784301996231079 0.490694999694824
0.786010026931763 0.492316991090775
0.787728011608124 0.493948996067047
0.789456009864807 0.495591014623642
0.791038990020752 0.497096985578537
0.792098999023438 0.498104989528656
0.79280698299408 0.498780012130737
0.793281018733978 0.499229997396469
0.793596982955933 0.499531000852585
0.793807983398438 0.499731987714767
0.793947994709015 0.499866008758545
0.794018983840942 0.499933004379272
0.794053971767426 0.499965995550156
0.794089019298553 0.5
0.794089019298553 0.5
0.794124007225037 0.500033974647522
0.79415899515152 0.500066995620728
0.794229984283447 0.500133991241455
0.794371008872986 0.50026798248291
0.794582009315491 0.500469982624054
0.794898986816406 0.500771999359131
0.795376002788544 0.501226007938385
0.796091973781586 0.501909017562866
0.797169983386993 0.502936005592346
0.798793971538544 0.504483997821808
0.800584971904755 0.506193995475769
0.802386999130249 0.507915019989014
0.804199993610382 0.509647011756897
0.806023001670837 0.511389970779419
0.807856976985931 0.513144016265869
0.809701025485992 0.514909982681274
0.811556994915009 0.516686975955963
0.813422977924347 0.518476009368896
0.81530100107193 0.520276010036469
0.817189991474152 0.522089004516602
0.819088995456696 0.523913025856018
0.821000993251801 0.525749027729034
0.822923004627228 0.527598023414612
0.824856996536255 0.529457986354828
0.826803028583527 0.53133100271225
0.828760027885437 0.533215999603271
0.830729007720947 0.535113990306854
0.832710027694702 0.537024021148682
0.834703981876373 0.538947999477386
0.836709022521973 0.540884017944336
0.838725984096527 0.542832970619202
0.840755999088287 0.544794976711273
0.842797994613647 0.546769976615906
0.844851970672607 0.548758983612061
0.846920013427734 0.550760984420776
0.848999977111816 0.552775979042053
0.851091980934143 0.554804980754852
0.853197991847992 0.556847989559174
0.855316996574402 0.558905005455017
0.857448995113373 0.560976028442383
0.859593987464905 0.563060998916626
0.861752986907959 0.565159976482391
0.863924980163574 0.56727397441864
0.866110026836395 0.569401979446411
0.86830997467041 0.571545004844666
0.870522975921631 0.573702991008759
0.872750997543335 0.575875997543335
0.8749920129776 0.578063011169434
0.877247989177704 0.580265998840332
0.87951797246933 0.582484006881714
0.881802022457123 0.584717988967896
0.88410097360611 0.586966991424561
0.886415004730225 0.58923202753067
0.888743996620178 0.591512978076935
0.891086995601654 0.593809008598328
0.893446028232574 0.596122026443481
0.895820021629333 0.598451972007751
0.898209989070892 0.60079699754715
0.900614976882935 0.60316002368927
0.90303498506546 0.60553902387619
0.905471980571747 0.607935011386871
0.907923996448517 0.610347986221313
0.910391986370087 0.612778007984161
0.912877023220062 0.615225970745087
0.915377974510193 0.617690980434418
0.917895972728729 0.620173990726471
0.92043000459671 0.622675001621246
0.922981023788452 0.625192999839783
0.92554897069931 0.627730011940002
0.928134024143219 0.630285024642944
0.930736005306244 0.632858991622925
0.933355987071991 0.635451972484589
0.935994029045105 0.638063013553619
0.938648998737335 0.640693008899689
0.941322028636932 0.643342971801758
0.944012999534607 0.646012008190155
0.946721971035004 0.648699998855591
0.949450016021729 0.651408970355988
0.952196002006531 0.654137015342712
0.954961001873016 0.656885027885437
0.957745015621185 0.659654021263123
0.960547983646393 0.662442982196808
0.963370025157928 0.665251970291138
0.966211974620819 0.668083012104034
0.969072997570038 0.670934975147247
0.971953988075256 0.67380702495575
0.974855005741119 0.67670202255249
0.977777004241943 0.679618000984192
0.980718016624451 0.682555973529816
0.983680009841919 0.685515999794006
0.986662983894348 0.688498020172119
0.989665985107422 0.691501975059509
0.992690980434418 0.694530010223389
0.995737016201019 0.697579979896545
0.998803973197937 0.70065301656723
1.00188994407654 0.703750014305115
1.00499999523163 0.706870019435883
1.0081399679184 0.71001398563385
1.01128995418549 0.713181972503662
1.01446998119354 0.716373980045319
1.01767003536224 0.719591021537781
1.0208899974823 0.722832024097443
1.02414000034332 0.726098001003265
1.02741003036499 0.729390025138855
1.03069996833801 0.732706010341644
1.034019947052 0.736048996448517
1.03735995292664 0.739417016506195
1.04072999954224 0.742811024188995
1.04411995410919 0.746231973171234
1.04753005504608 0.749679028987885
1.05096995830536 0.753153026103973
1.05444002151489 0.756654024124146
1.05792999267578 0.760182023048401
1.06143999099731 0.763737976551056
1.06498003005981 0.7673220038414
1.06854999065399 0.770933985710144
1.07213997840881 0.774573981761932
1.0757600069046 0.778243005275726
1.07940995693207 0.781940996646881
1.08308005332947 0.785668015480042
1.08678996562958 0.789424002170563
1.0905100107193 0.793210029602051
1.09426999092102 0.797025978565216
1.09806001186371 0.800872027873993
1.10186994075775 0.804749011993408
1.10571002960205 0.808656990528107
1.10958003997803 0.812596023082733
1.11347997188568 0.816565990447998
1.1174099445343 0.820568025112152
1.12136995792389 0.824602007865906
1.12536001205444 0.828667998313904
1.12936997413635 0.832767009735107
1.13341999053955 0.836898982524872
1.13750004768372 0.841063976287842
1.14161002635956 0.845261991024017
1.14576005935669 0.849493980407715
1.14993000030518 0.853760004043579
1.15412998199463 0.858061015605927
1.15837001800537 0.862396001815796
1.16263997554779 0.866765975952148
1.16693997383118 0.87117201089859
1.17128002643585 0.87561297416687
1.1756500005722 0.880089998245239
1.18005001544952 0.884603977203369
1.18448996543884 0.889154016971588
1.18895995616913 0.893741011619568
1.19345998764038 0.898365020751953
1.19799995422363 0.90302699804306
1.20257997512817 0.907727003097534
1.20719003677368 0.91246497631073
1.21184003353119 0.917240977287292
1.21651995182037 0.922056972980499
1.22124004364014 0.926912009716034
1.22599005699158 0.931806027889252
1.23078000545502 0.936739981174469
1.23561000823975 0.941713988780975
1.24047994613647 0.946730017662048
1.24539005756378 0.951785027980804
1.25032997131348 0.956883013248444
1.25531005859375 0.962020993232727
1.26032996177673 0.967202007770538
1.2653900384903 0.972424983978271
1.27049005031586 0.977690994739532
1.27562999725342 0.982999980449677
1.28080999851227 0.988352000713348
1.28603005409241 0.993746995925903
1.29129004478455 0.999186992645264
1.29658997058868 1.00467002391815
1.30192995071411 1.01020002365112
1.30731999874115 1.01576995849609
1.31274998188019 1.02138996124268
1.31822001934052 1.02706003189087
1.32372999191284 1.03277003765106
1.32928001880646 1.03852999210358
1.3348799943924 1.04433000087738
1.34052002429962 1.05017995834351
1.34621000289917 1.05607998371124
1.35194003582001 1.0620299577713
1.35772001743317 1.06801998615265
1.36354005336761 1.07405996322632
1.36940002441406 1.08016002178192
1.37530994415283 1.08630001544952
1.3812700510025 1.09248995780945
1.38726997375488 1.09872996807098
1.39331996440887 1.10502004623413
1.39942002296448 1.11135995388031
1.40556001663208 1.11775004863739
1.411749958992 1.1241899728775
1.41798996925354 1.13068997859955
1.42428004741669 1.13723003864288
1.43060994148254 1.14382994174957
1.4369900226593 1.15048003196716
1.44342994689941 1.15717995166779
1.4499100446701 1.16393995285034
1.45643997192383 1.17074000835419
1.46301996707916 1.177610039711
1.46965003013611 1.18452000617981
1.47633004188538 1.19149005413055
1.48306000232697 1.19851005077362
1.48984003067017 1.20559000968933
1.49667000770569 1.21272003650665
1.50355994701385 1.21991002559662
1.51048994064331 1.22715997695923
1.5174800157547 1.23444998264313
1.52452003955841 1.24180996417999
1.53161001205444 1.24922001361847
1.53875994682312 1.25669002532959
1.54595005512238 1.26420998573303
1.55320000648499 1.27179002761841
1.56050002574921 1.27942001819611
1.56786000728607 1.28711998462677
1.57527005672455 1.29487001895905
1.58273005485535 1.30267000198364
1.59024000167847 1.31053996086121
1.59781002998352 1.31845998764038
1.60544002056122 1.3264399766922
1.61310994625092 1.33448004722595
1.62084996700287 1.34257996082306
1.62863004207611 1.35072994232178
1.63646996021271 1.35894000530243
1.64436995983124 1.36722004413605
1.65232002735138 1.37555003166199
1.66032004356384 1.38392996788025
1.66838002204895 1.39237999916077
1.6764999628067 1.40088999271393
1.68466997146606 1.4094500541687
1.69289994239807 1.41806995868683
1.70117998123169 1.42674994468689
1.70950996875763 1.43549001216888
1.7179000377655 1.44429004192352
1.72634994983673 1.45315003395081
1.73485004901886 1.46206998825073
1.74340999126434 1.47104001045227
1.75202000141144 1.48008000850677
1.76067996025085 1.4891699552536
1.76941001415253 1.49831998348236
1.7781800031662 1.50752997398376
1.78701996803284 1.5168000459671
1.79589998722076 1.52612996101379
1.80484998226166 1.5355099439621
1.81384003162384 1.54495000839233
1.82290005683899 1.55445003509521
1.83200001716614 1.56401002407074
1.84116005897522 1.57362997531891
1.85037994384766 1.58329999446869
1.85965001583099 1.59302997589111
1.86897003650665 1.60282003879547
1.87835001945496 1.61266994476318
1.88777995109558 1.6225700378418
1.89726996421814 1.63252997398376
1.90681004524231 1.64253997802734
1.91639995574951 1.65260994434357
1.92604994773865 1.66273999214172
1.93575000762939 1.6729199886322
1.94550001621246 1.68315994739532
1.95529997348785 1.69344997406006
1.96516001224518 1.70379996299744
1.97506999969482 1.71420001983643
1.98503005504608 1.72466003894806
1.99504005908966 1.73517000675201
2.00510001182556 1.74573004245758
2.01521992683411 1.75635004043579
2.02537989616394 1.76701998710632
2.03559994697571 1.77774000167847
2.04586005210876 1.78851997852325
2.05618000030518 1.79934000968933
2.06654000282288 1.81022000312805
2.07695007324219 1.82114994525909
2.08741998672485 1.83212995529175
2.09792995452881 1.84316003322601
2.10848999023438 1.85423994064331
2.11910009384155 1.86537003517151
2.12975001335144 1.87654995918274
2.14045000076294 1.88777005672455
2.15120005607605 1.89904999732971
2.16199994087219 1.91036999225616
2.1728401184082 1.92174005508423
2.18372988700867 1.93315994739532
2.19466996192932 1.94463002681732
2.20564007759094 1.95614004135132
2.21667003631592 1.96770000457764
2.22774004936218 1.97930002212524
2.23885011672974 1.99094998836517
2.25001001358032 2.00264000892639
2.2612099647522 2.01436996459961
2.27244997024536 2.02614998817444
2.28373003005981 2.03798007965088
2.2950599193573 2.04983997344971
2.30643010139465 2.06174993515015
2.31784009933472 2.07369995117188
2.32928991317749 2.08569002151489
2.34078001976013 2.09772992134094
2.35231995582581 2.10980010032654
2.36388993263245 2.12191009521484
2.37549996376038 2.13406991958618
2.38715004920959 2.14626002311707
2.39884996414185 2.15848994255066
2.41056990623474 2.17075991630554
2.42233991622925 2.18306994438171
2.43414998054504 2.19541001319885
2.44599008560181 2.2077898979187
2.45787000656128 2.22021007537842
2.46977996826172 2.23267006874084
2.48172998428345 2.24516010284424
2.49372005462646 2.25767993927002
2.50573992729187 2.27024006843567
2.51780009269714 2.28284001350403
2.52990007400513 2.29546999931335
2.54202008247375 2.30813002586365
2.55418992042542 2.32083010673523
2.5663800239563 2.3335599899292
2.57860994338989 2.34631991386414
2.59086990356445 2.35911011695862
2.6031699180603 2.37193989753723
2.6154899597168 2.38478994369507
2.62785005569458 2.39768004417419
2.64023995399475 2.41059994697571
2.65265989303589 2.42354989051819
2.66511988639832 2.43652009963989
2.67759990692139 2.44952988624573
2.69010996818542 2.46256995201111
2.70266008377075 2.47563004493713
2.71522998809814 2.48871994018555
2.7278299331665 2.50184011459351
2.74045991897583 2.51499009132385
2.75311994552612 2.52816009521484
2.76581001281738 2.54136991500854
2.77852988243103 2.55458998680115
2.79128003120422 2.56785011291504
2.80404996871948 2.581130027771
2.81684994697571 2.5944299697876
2.8296799659729 2.60775995254517
2.84253001213074 2.62110996246338
2.85541009902954 2.63449001312256
2.86831998825073 2.64790010452271
2.88124990463257 2.66131997108459
2.89421010017395 2.67477011680603
2.90720009803772 2.68825006484985
2.92020988464355 2.701740026474
2.93323993682861 2.71526002883911
2.94630002975464 2.72880005836487
2.95937991142273 2.74236011505127
2.97249007225037 2.75594997406006
2.98562002182007 2.76955008506775
2.99878001213074 2.78317999839783
3.01196002960205 2.79682993888855
3.02516007423401 2.81049990653992
3.03837990760803 2.82418990135193
3.0516300201416 2.83789992332458
3.06489992141724 2.85161995887756
3.07819008827209 2.86537003517151
3.09151005744934 2.87913990020752
3.10485005378723 2.89293003082275
3.11821007728577 2.90672993659973
3.13158988952637 2.92055010795593
3.14498996734619 2.93440008163452
3.15841007232666 2.94826006889343
3.17185997962952 2.96214008331299
3.1853199005127 2.97603011131287
3.19881010055542 2.98993992805481
3.21231007575989 3.00387001037598
3.22584009170532 3.01781988143921
3.2393798828125 3.03179001808167
3.25294995307922 3.04576992988586
3.26654005050659 3.05976009368896
3.2801399230957 3.07378005981445
3.29377007484436 3.08781003952026
3.30741000175476 3.1018500328064
3.32106995582581 3.11591005325317
3.33475995063782 3.1299901008606
3.34845995903015 3.14407992362976
3.36217999458313 3.15819001197815
3.37592005729675 3.17231011390686
3.38966989517212 3.18643999099731
3.40345001220703 3.20058989524841
3.41723990440369 3.21476006507874
3.43105006217957 3.2289400100708
3.44488000869751 3.24312996864319
3.4587299823761 3.25733995437622
3.47258996963501 3.27155995368958
3.48646998405457 3.28578996658325
3.50037002563477 3.30004000663757
3.51429009437561 3.31430006027222
3.5282199382782 3.32857990264893
3.54217004776001 3.34285998344421
3.55612993240356 3.35716009140015
3.57012009620667 3.37147998809814
3.58412003517151 3.38579988479614
3.59812998771667 3.40014004707336
3.61216998100281 3.41448998451233
3.62621998786926 3.42884993553162
3.64028000831604 3.44322991371155
3.65436005592346 3.45760989189148
3.66845989227295 3.47200989723206
3.68256998062134 3.48641991615295
3.69670009613037 3.50083994865417
3.71085000038147 3.51526999473572
3.72500991821289 3.52972006797791
3.73918008804321 3.54416990280151
3.7533700466156 3.55864000320435
3.76758003234863 3.5731201171875
3.78180003166199 3.58759999275208
3.79604005813599 3.60209989547729
3.81029009819031 3.61661005020142
3.82454991340637 3.63112998008728
3.83884000778198 3.64565992355347
3.85313010215759 3.66020011901855
3.86743998527527 3.67476010322571
3.88176989555359 3.68932008743286
3.89611005783081 3.70389008522034
3.91045999526978 3.71847009658813
3.92482995986938 3.73305988311768
3.93921995162964 3.74765992164612
3.95361995697021 3.76226997375488
3.96802997589111 3.77689003944397
3.98245000839233 3.79152011871338
3.99690008163452 3.80615997314453
4.01135015487671 3.82081007957458
4.02581977844238 3.83546996116638
4.04029989242554 3.85014009475708
4.05480003356934 3.8648099899292
4.06931018829346 3.87949991226196
4.08382987976074 3.89420008659363
4.09837007522583 3.90890002250671
4.11291980743408 3.92360997200012
4.12749004364014 3.93832993507385
4.14206981658936 3.95305991172791
4.15666007995605 3.96779990196228
4.17125988006592 3.98254990577698
4.18588018417358 3.997309923172
4.20051002502441 4.0120701789856
4.21515989303589 4.02684020996094
4.22981977462769 4.04161977767944
4.24449014663696 4.05640983581543
4.25918006896973 4.07120990753174
4.27388000488281 4.08601999282837
4.28858995437622 4.100830078125
4.30330991744995 4.11565017700195
4.31804990768433 4.13047981262207
4.33279991149902 4.14531993865967
4.34755992889404 4.16017007827759
4.36233997344971 4.17502021789551
4.37713003158569 4.18987989425659
4.391930103302 4.20475006103516
4.40675020217896 4.21962976455688
4.42156982421875 4.23450994491577
4.43641996383667 4.24940013885498
4.45127010345459 4.26429986953735
4.46612977981567 4.27921009063721
4.48100996017456 4.2941198348999
4.49590015411377 4.3090500831604
4.51080989837646 4.32396984100342
4.52572011947632 4.33891010284424
4.54064989089966 4.3538498878479
4.55559015274048 4.36881017684937
4.57054996490479 4.38375997543335
4.58550977706909 4.39872980117798
4.6004900932312 4.41370010375977
4.61547994613647 4.42867994308472
4.63047981262207 4.44366979598999
4.64550018310547 4.45866012573242
4.66053009033203 4.47365999221802
4.67557001113892 4.48866987228394
4.69061994552612 4.50368022918701
4.70567989349365 4.51870012283325
4.72075986862183 4.53373003005981
4.73584985733032 4.54875993728638
4.75094985961914 4.56380987167358
4.76605987548828 4.57884979248047
4.78118991851807 4.59391021728516
4.79631996154785 4.60897016525269
4.81147003173828 4.62404012680054
4.82663011550903 4.63911008834839
4.84181022644043 4.65419006347656
4.85698986053467 4.66928005218506
4.87218999862671 4.68437004089355
4.88740015029907 4.69947004318237
4.9026198387146 4.71458005905151
4.91785001754761 4.72969007492065
4.93310022354126 4.74481010437012
4.94834995269775 4.7599401473999
4.96362018585205 4.77507019042969
4.97889995574951 4.79020977020264
4.99420022964478 4.80534982681274
5.00950002670288 4.82049989700317
5.02481985092163 4.83565998077393
5.04015016555786 4.85082006454468
5.05549001693726 4.86599016189575
5.07083988189697 4.88116979598999
5.08620023727417 4.89634990692139
5.10158014297485 4.91154003143311
5.11696004867554 4.92673015594482
5.13235998153687 4.94192981719971
5.14776992797852 4.95713996887207
5.16318988800049 4.97235012054443
5.17862987518311 4.98756980895996
5.19406986236572 5.00278997421265
5.20952987670898 5.01802015304565
5.22499990463257 5.03325986862183
5.24047994613647 5.04850006103516
5.2559700012207 5.06374979019165
5.27148008346558 5.0789999961853
5.28700017929077 5.09426021575928
5.30251979827881 5.10951995849609
5.31805992126465 5.12479019165039
5.33361005783081 5.14006996154785
5.34918022155762 5.15535020828247
5.36474990844727 5.17063999176025
5.38034009933472 5.18593978881836
5.39592981338501 5.2012300491333
5.41154003143311 5.21653985977173
5.42715978622437 5.23185014724731
5.44280004501343 5.24716997146606
5.45843982696533 5.26248979568481
5.47409009933472 5.27782011032104
5.48975992202759 5.29314994812012
5.50544023513794 5.30848979949951
5.52113008499146 5.32383012771606
5.53682994842529 5.3391900062561
5.55254983901978 5.35453987121582
5.56827020645142 5.36990022659302
5.58401012420654 5.38527011871338
5.59976005554199 5.40064001083374
5.61552000045776 5.41601991653442
5.63128995895386 5.43139982223511
5.64706993103027 5.44679021835327
5.66285991668701 5.4621901512146
5.67866992950439 5.47759008407593
5.6944899559021 5.49299001693726
5.71031999588013 5.50839996337891
5.72616004943848 5.52381992340088
5.74201011657715 5.53923988342285
5.75787019729614 5.55466985702515
5.77374982833862 5.57009983062744
5.78962993621826 5.58553981781006
5.80553007125854 5.60097980499268
5.82144021987915 5.61642980575562
5.83735990524292 5.63187980651855
5.85330009460449 5.64733982086182
5.86923980712891 5.6628098487854
5.88520002365112 5.67827987670898
5.9011697769165 5.69374990463257
5.91714000701904 5.70922994613647
5.93312978744507 5.7247200012207
5.9491400718689 5.74021005630493
5.96514987945557 5.75571012496948
5.98118019104004 5.77121019363403
5.99721002578735 5.78671979904175
6.01325988769531 5.80222988128662
6.02931976318359 5.81773996353149
6.04539012908936 5.83327007293701
6.0614800453186 5.84880018234253
6.07756996154785 5.86432981491089
6.09367990493774 5.87986993789673
6.10979986190796 5.89541006088257
6.12591981887817 5.91096019744873
6.14206981658936 5.92650985717773
6.15821981430054 5.94207000732422
6.17437982559204 5.95764017105103
6.19055986404419 5.97320985794067
6.20673990249634 5.98878002166748
6.22293996810913 6.00436019897461
6.23915004730225 6.0199499130249
6.25538015365601 6.03554010391235
6.27160978317261 6.05112981796265
6.28784990310669 6.06673002243042
6.30411005020142 6.08233976364136
6.32038021087646 6.09794998168945
6.33665990829468 6.11356019973755
6.35295009613037 6.12917995452881
6.36925983428955 6.14481019973755
6.38557004928589 6.16043996810913
6.40189981460571 6.17608022689819
6.4182300567627 6.1917200088501
6.43457984924316 6.207359790802
6.45095014572144 6.22301006317139
6.46731996536255 6.23866987228394
6.48369979858398 6.25433015823364
6.50010013580322 6.26999998092651
6.51651000976563 6.28566980361938
6.53292989730835 6.30135011672974
6.5493597984314 6.31702995300293
6.56580018997192 6.33271980285645
6.58226013183594 6.34841012954712
6.59872007369995 6.36409997940063
6.61520004272461 6.37980985641479
6.63169002532959 6.39551019668579
6.64819002151489 6.41122007369995
6.66470003128052 6.42693996429443
6.68123006820679 6.44265985488892
6.69777011871338 6.45839023590088
6.71431016921997 6.47412014007568
6.73086977005005 6.48986005783081
6.74744987487793 6.50559997558594
6.76402997970581 6.52134990692139
6.78062009811401 6.53709983825684
6.7972297668457 6.55285978317261
6.81384992599487 6.56862020492554
6.83048009872437 6.58438014984131
6.84711980819702 6.60016012191772
6.86378002166748 6.61593008041382
6.88044023513794 6.63171005249023
6.89711999893188 6.64750003814697
6.91380977630615 6.66329002380371
6.9305100440979 6.67909002304077
6.94721984863281 6.69489002227783
6.96395015716553 6.71070003509521
6.98069000244141 6.7265100479126
6.99742984771729 6.7423300743103
7.01419019699097 6.75815010070801
7.03097009658813 6.77397012710571
7.0477499961853 6.78980016708374
7.06454992294312 6.80564022064209
7.08134984970093 6.82147979736328
7.09816980361938 6.83732986450195
7.11500978469849 6.85317993164063
7.13184976577759 6.86904001235962
7.14870023727417 6.88490009307861
7.16556978225708 6.90076017379761
7.18244981765747 6.91662979125977
7.19933986663818 6.9325098991394
7.21623992919922 6.94839000701904
7.2331600189209 6.96427011489868
7.2500901222229 6.98016977310181
7.26702976226807 6.99605989456177
7.28397989273071 7.01196002960205
7.30094003677368 7.02787017822266
7.31791019439697 7.0437798500061
7.33489990234375 7.05968999862671
7.35190010070801 7.07561016082764
7.36890983581543 7.09153985977173
7.38593006134033 7.10747003555298
7.40296983718872 7.12340021133423
7.42001008987427 7.13933992385864
7.4370698928833 7.15529012680054
7.45414018630981 7.17123985290527
7.47123003005981 7.18719005584717
7.48831987380981 7.20314979553223
7.50543022155762 7.21911001205444
7.52255010604858 7.23507976531982
7.53968000411987 7.25106000900269
7.55681991577148 7.26703977584839
7.57397985458374 7.28302001953125
7.59114980697632 7.29900979995728
7.60832977294922 7.31500005722046
7.6255202293396 7.33099985122681
7.64272022247314 7.34700012207031
7.65993976593018 7.36300992965698
7.67716979980469 7.37903022766113
7.69440984725952 7.3950400352478
7.71165990829468 7.41106986999512
7.72891998291016 7.42709016799927
7.74620008468628 7.4431300163269
7.76349020004272 7.45916986465454
7.78078985214233 7.47521018981934
7.79811000823975 7.49126005172729
7.81543016433716 7.50730991363525
7.83276987075806 7.52336978912354
7.85012006759644 7.53943014144897
7.86747980117798 7.55550003051758
7.88486003875732 7.57156991958618
7.90223979949951 7.58763980865479
7.9196400642395 7.60373020172119
7.93705987930298 7.61981010437012
7.95448017120361 7.63590002059937
7.97192001342773 7.65199995040894
7.98936986923218 7.66809988021851
8.0068302154541 7.6842098236084
8.02429962158203 7.70031976699829
8.04179000854492 7.71644020080566
8.05928039550781 7.73256015777588
8.07678985595703 7.74868011474609
8.09432029724121 7.76481008529663
8.11184978485107 7.78095006942749
8.1294002532959 7.79709005355835
8.14696025848389 7.81324005126953
8.16452980041504 7.82939004898071
8.18212032318115 7.84554004669189
8.19972038269043 7.8617000579834
8.21732997894287 7.87787008285522
8.23495006561279 7.89404010772705
8.25257968902588 7.91021013259888
8.27023029327393 7.92639017105103
8.28789043426514 7.9425802230835
8.30556011199951 7.95876979827881
8.32324981689453 7.97495985031128
8.34095001220703 7.99115991592407
8.3586597442627 8.00736999511719
8.37637996673584 8.02357959747314
8.39412021636963 8.03979015350342
8.41186046600342 8.05601024627686
8.42961978912354 8.07223033905029
8.44740009307861 8.08845996856689
8.46518039703369 8.10470008850098
8.4829797744751 8.12092971801758
8.50078964233398 8.13718032836914
8.51861953735352 8.15342998504639
8.53645038604736 8.16967964172363
8.55430030822754 8.18593978881836
8.57215976715088 8.20219993591309
8.59004020690918 8.21846961975098
8.60791969299316 8.23474025726318
8.62582015991211 8.25102043151855
8.64373970031738 8.26729965209961
8.66166019439697 8.28359031677246
8.67959976196289 8.29988956451416
8.69754981994629 8.31618022918701
8.71551036834717 8.33248996734619
8.73348999023438 8.34879016876221
8.75148010253906 8.36511039733887
8.76947975158691 8.38142013549805
8.78748989105225 8.39774990081787
8.80552005767822 8.41407012939453
8.82355976104736 8.43041038513184
8.84162044525146 8.44674015045166
8.85968017578125 8.46308994293213
8.87775993347168 8.47943019866943
8.89585018157959 8.49578952789307
8.91396045684814 8.51214027404785
8.93206977844238 8.52849960327148
8.95020008087158 8.54487037658691
8.96835041046143 8.56124019622803
8.98649978637695 8.5776195526123
9.00467014312744 8.5939998626709
9.02285957336426 8.61038970947266
9.04104995727539 8.62677955627441
9.05926036834717 8.64317989349365
9.07748031616211 8.65958023071289
9.09570980072021 8.67597961425781
9.11396026611328 8.6923999786377
9.13222026824951 8.7088098526001
9.15050029754639 8.72523021697998
9.16878032684326 8.74166011810303
9.18708038330078 8.75809001922607
9.20538997650146 8.7745304107666
9.22371959686279 8.79096984863281
9.2420597076416 8.8074197769165
9.26041030883789 8.8238697052002
9.27877044677734 8.84031963348389
9.29714965820313 8.85678005218506
9.3155403137207 8.87325000762939
9.33395004272461 8.88971996307373
9.352370262146 8.90620040893555
9.37080001831055 8.92267990112305
9.38924026489258 8.93916034698486
9.40769958496094 8.95565986633301
9.42617034912109 8.97214984893799
9.4446496963501 8.98865032196045
9.46315002441406 9.00516033172607
9.48165988922119 9.0216703414917
9.5001802444458 9.03818035125732
9.51871967315674 9.05471038818359
9.53726959228516 9.07122993469238
9.55583000183105 9.08775997161865
9.5744104385376 9.10429954528809
9.5930004119873 9.12084007263184
9.61159992218018 9.13739013671875
9.63022041320801 9.15394020080566
9.648850440979 9.17049026489258
9.66749000549316 9.18704986572266
9.68614959716797 9.20361995697021
9.70481967926025 9.22019004821777
9.72350025177002 9.2367696762085
9.74219989776611 9.25335025787354
9.76091003417969 9.26992988586426
9.77962970733643 9.28652000427246
9.79837036132813 9.30311965942383
9.81711959838867 9.31972026824951
9.83588981628418 9.33633041381836
9.85466957092285 9.35293960571289
9.873459815979 9.36954975128174
9.89225959777832 9.38617992401123
9.9110803604126 9.40279960632324
9.92990970611572 9.41942977905273
9.94876003265381 9.43607044219971
9.96761989593506 9.45271015167236
9.98649024963379 9.4693603515625
10.0053997039795 9.48600959777832
