0.408636003732681 0.208355993032455
0.408315002918243 0.208086997270584
0.407995998859406 0.207819998264313
0.407676994800568 0.207552999258041
0.40735998749733 0.20728699862957
0.407043009996414 0.207021996378899
0.406726986169815 0.206759005784988
0.4064120054245 0.206496000289917
0.406098008155823 0.206233993172646
0.405784994363785 0.205972999334335
0.405472993850708 0.205712005496025
0.405162006616592 0.205452993512154
0.404852002859116 0.205194994807243
0.4045430123806 0.204936996102333
0.404233992099762 0.204680994153023
0.403926998376846 0.204425007104874
0.403620004653931 0.204171001911163
0.403315007686615 0.203916996717453
0.403010010719299 0.203664004802704
0.402705997228622 0.203411996364594
0.402402997016907 0.203161001205444
0.402101010084152 0.202911004424095
0.401800006628036 0.202662006020546
0.401499003171921 0.202412992715836
0.401199996471405 0.202166005969048
0.400900989770889 0.201919004321098
0.400604009628296 0.201673001050949
0.40030699968338 0.2014279961586
0.400011003017426 0.201184004545212
0.39971598982811 0.200940996408463
0.399421989917755 0.200699001550674
0.399127990007401 0.200457006692886
0.398835986852646 0.200216993689537
0.398544013500214 0.199976995587349
0.398252993822098 0.199737995862961
0.397962987422943 0.199499994516373
0.39767399430275 0.199261993169785
0.397386014461517 0.199026003479958
0.397098988294601 0.198789998888969
0.396811991930008 0.198556005954742
0.396526008844376 0.198321998119354
0.396241009235382 0.198089003562927
0.395956993103027 0.197855994105339
0.395673990249634 0.197624996304512
0.395392000675201 0.197393998503685
0.395110011100769 0.197163999080658
0.394829005002975 0.196934998035431
0.394549012184143 0.196706995368004
0.394270002841949 0.196480005979538
0.393992006778717 0.196253001689911
0.393714010715485 0.196026995778084
0.393438011407852 0.195802003145218
0.39316201210022 0.195577993988991
0.392886996269226 0.195353999733925
0.392612993717194 0.195132002234459
0.392338991165161 0.194910004734993
0.39206600189209 0.194689005613327
0.391795009374619 0.194468006491661
0.391523987054825 0.194249004125595
0.391252994537354 0.194030001759529
0.390983998775482 0.193811997771263
0.390715003013611 0.193595007061958
0.390446990728378 0.193378001451492
0.390179991722107 0.193162992596626
0.389914005994797 0.192947998642921
0.389647990465164 0.192734003067017
0.389382988214493 0.192519992589951
0.389118999242783 0.192307993769646
0.388855993747711 0.192095994949341
0.388594001531601 0.191883996129036
0.388332009315491 0.191673994064331
0.388071000576019 0.191464006900787
0.387811005115509 0.191255003213882
0.387551993131638 0.191046997904778
0.387293010950089 0.190840005874634
0.387035012245178 0.190632998943329
0.386777997016907 0.190427005290985
0.386521995067596 0.19022199511528
0.386265993118286 0.190016999840736
0.386011004447937 0.189813002943993
0.385756999254227 0.189610004425049
0.385504007339478 0.189408004283905
0.385250985622406 0.189206004142761
0.384999006986618 0.189005002379417
0.384748011827469 0.188804998993874
0.384498000144958 0.18860599398613
0.384247988462448 0.188407003879547
0.38400000333786 0.188208997249603
0.383751004934311 0.188011005520821
0.383504003286362 0.187814995646477
0.383257001638412 0.187619000673294
0.383011013269424 0.187424004077911
0.382766008377075 0.187228992581367
0.382521986961365 0.187034994363785
0.382277995347977 0.186841994524002
0.382034987211227 0.186648994684219
0.381792992353439 0.186458006501198
0.381550997495651 0.186266005039215
0.381310999393463 0.186076000332832
0.381069988012314 0.18588599562645
0.380831003189087 0.185697004199028
0.380591988563538 0.185508996248245
0.380353987216949 0.185321003198624
0.380116999149323 0.185133993625641
0.379880994558334 0.184947997331619
0.379644989967346 0.184762001037598
0.379409998655319 0.184577003121376
0.379175007343292 0.184393003582954
0.378942012786865 0.184209004044533
0.378708988428116 0.184026002883911
0.37847700715065 0.183844000101089
0.378244996070862 0.183661997318268
0.378013998270035 0.183480992913246
0.377784013748169 0.183301001787186
0.377555012702942 0.183120995759964
0.377326011657715 0.182942003011703
0.377097994089127 0.182762995362282
0.376870006322861 0.182585999369621
0.376643985509872 0.182409003376961
0.376417994499207 0.1822320073843
0.376192986965179 0.182055994868279
0.375968009233475 0.181880995631218
0.375743985176086 0.181706994771957
0.375521004199982 0.181532993912697
0.375299006700516 0.181358993053436
0.37507700920105 0.181187003850937
0.374855995178223 0.181014999747276
0.374635010957718 0.180843994021416
0.374415010213852 0.180673003196716
0.374195992946625 0.180502995848656
0.373977988958359 0.180333003401756
0.373760014772415 0.180164992809296
0.373542994260788 0.179996997117996
0.373326987028122 0.179829001426697
0.373111009597778 0.179662004113197
0.372896999120712 0.179496005177498
0.372682005167007 0.179330006241798
0.372469007968903 0.179165005683899
0.372256010770798 0.179001003503799
0.372043013572693 0.1788370013237
0.371832013130188 0.1786739975214
0.371621012687683 0.178510993719101
0.371410995721817 0.178349003195763
0.371201008558273 0.178187996149063
0.370992004871368 0.178027004003525
0.370784014463425 0.177866995334625
0.37057700753212 0.177707999944687
0.370370000600815 0.177549004554749
0.370164006948471 0.177390992641449
0.369958013296127 0.177232995629311
0.369753003120422 0.177075996994972
0.369549006223679 0.176919996738434
0.369345992803574 0.176763996481895
0.369143009185791 0.176608994603157
0.368941009044647 0.176453992724419
0.368739008903503 0.176300004124641
0.36853900551796 0.176146999001503
0.368337988853455 0.175993993878365
0.368138998746872 0.175842002034187
0.367940008640289 0.175689995288849
0.367742002010345 0.175539001822472
0.367545008659363 0.175389006733894
0.367347985506058 0.175238996744156
0.367152005434036 0.175090000033379
0.366955995559692 0.174941003322601
0.36676099896431 0.174793004989624
0.366566985845566 0.174645006656647
0.366373986005783 0.174499005079269
0.366180986166 0.174352005124092
0.365988999605179 0.174207001924515
0.365797013044357 0.174061998724937
0.365606009960175 0.17391699552536
0.365415990352631 0.173773005604744
0.36522701382637 0.173629999160767
0.365038007497787 0.173486992716789
0.364850014448166 0.173344999551773
0.364661991596222 0.173204004764557
0.3644759953022 0.17306299507618
0.364288985729218 0.172922000288963
0.364104002714157 0.172783002257347
0.363918989896774 0.172643005847931
0.363734990358353 0.172505006194115
0.363550990819931 0.172367006540298
0.363368988037109 0.172229006886482
0.363186001777649 0.172093003988266
0.363005012273788 0.17195600271225
0.362823992967606 0.171820998191833
0.362643986940384 0.171685993671417
0.362464994192123 0.171551004052162
0.362286001443863 0.171416997909546
0.362107992172241 0.171284005045891
0.361930012702942 0.171150997281075
0.361752986907959 0.171019002795219
0.36157700419426 0.170886993408203
0.361402004957199 0.170755997300148
0.361227005720139 0.170625999569893
0.361052989959717 0.170496001839638
0.360879004001617 0.170367002487183
0.360707014799118 0.170238003134727
0.360534995794296 0.170110002160072
0.360363006591797 0.169982001185417
0.360192000865936 0.169854998588562
0.360022008419037 0.169728994369507
0.359852999448776 0.169603005051613
0.359683990478516 0.169477999210358
0.359515994787216 0.169352993369102
0.359349012374878 0.169229000806808
0.359182000160217 0.169106006622314
0.359016001224518 0.168982997536659
0.358850985765457 0.168861001729965
0.35868701338768 0.168739005923271
0.358523011207581 0.168617993593216
0.35835999250412 0.168496996164322
0.358197003602982 0.168376997113228
0.358034998178482 0.168257996439934
0.357874006032944 0.16813899576664
0.357713997364044 0.168020993471146
0.357553988695145 0.167903006076813
0.357394993305206 0.167786002159119
0.357237011194229 0.167669996619225
0.35707899928093 0.167554005980492
0.356922000646591 0.167438998818398
0.356765985488892 0.167324006557465
0.356610000133514 0.16720999777317
0.356456011533737 0.167096003890038
0.356301009654999 0.166984006762505
0.35614800453186 0.16687099635601
0.355994999408722 0.166759997606277
0.355843991041183 0.166648000478745
0.355691999197006 0.166538000106812
0.355542004108429 0.166427999734879
0.355392009019852 0.166318997740746
0.355242997407913 0.166209995746613
0.355094999074936 0.166102007031441
0.354947000741959 0.165994003415108
0.35479998588562 0.165886998176575
0.354654014110565 0.165781006217003
0.354508996009827 0.16567499935627
0.354364007711411 0.165570005774498
0.354220986366272 0.165465995669365
0.354077011346817 0.165362000465393
0.35393500328064 0.165258005261421
0.353794008493423 0.165156006813049
0.353653013706207 0.165053993463516
0.35351300239563 0.164951995015144
0.353372991085052 0.164850994944572
0.353235006332397 0.164750993251801
0.35309699177742 0.16465100646019
0.352959990501404 0.164553001523018
0.352824002504349 0.164453998208046
0.352688014507294 0.164355993270874
0.352553993463516 0.164259001612663
0.352420002222061 0.164162993431091
0.352286994457245 0.164067000150681
0.35215499997139 0.16397200524807
0.352023005485535 0.163876995444298
0.35189300775528 0.163782998919487
0.351763010025024 0.163690000772476
0.351633995771408 0.163598001003265
0.351505994796753 0.163506001234055
0.351377993822098 0.163414001464844
0.351251989603043 0.163323998451233
0.351125985383987 0.163233995437622
0.351000994443893 0.163144007325172
0.350876986980438 0.163056001067162
0.350753992795944 0.162967994809151
0.350632011890411 0.162880003452301
0.350511014461517 0.16279399394989
0.350389987230301 0.16270799934864
0.350270003080368 0.162622004747391
0.350151985883713 0.162538006901741
0.35003399848938 0.16245399415493
0.349916994571686 0.16237099468708
0.349801003932953 0.162287995219231
0.349685996770859 0.162205994129181
0.349572002887726 0.162125006318092
0.349458009004593 0.162045001983643
0.34934601187706 0.161964997649193
0.349234998226166 0.161886006593704
0.349124014377594 0.161807999014854
0.3490149974823 0.161730006337166
0.348906010389328 0.161653995513916
0.348798006772995 0.161577999591827
0.348691999912262 0.161502003669739
0.348585993051529 0.16142800450325
0.348482012748718 0.161354005336761
0.348378002643585 0.161281004548073
0.348275989294052 0.161209002137184
0.348174005746841 0.161136999726295
0.348073989152908 0.161066994071007
0.347974002361298 0.160997003316879
0.347876012325287 0.160927996039391
0.347779005765915 0.160859003663063
0.347683012485504 0.160791993141174
0.347588002681732 0.160724997520447
0.347494006156921 0.160659000277519
0.347400993108749 0.160594001412392
0.347308993339539 0.160530000925064
0.347218990325928 0.160466998815536
0.347128987312317 0.160403996706009
0.347041010856628 0.160343006253242
0.346953988075256 0.160282000899315
0.346868008375168 0.160221993923187
0.346783995628357 0.160163000226021
0.346700996160507 0.160105004906654
0.346619009971619 0.160047993063927
0.346538007259369 0.15999199450016
0.346457988023758 0.159936994314194
0.346379995346069 0.159883007407188
0.34630298614502 0.159829005599022
0.346228003501892 0.159777000546455
0.346154004335403 0.159725993871689
0.346080988645554 0.159675002098083
0.346009999513626 0.159626007080078
0.345939993858337 0.159577995538712
0.345872014760971 0.159529998898506
0.345804989337921 0.159483999013901
0.345739990472794 0.159438997507095
0.345676004886627 0.15939499437809
0.345613986253738 0.159352004528046
0.345553010702133 0.15930999815464
0.345494002103806 0.159270003437996
0.345436990261078 0.15922999382019
0.345380991697311 0.159191995859146
0.345326989889145 0.159154996275902
0.345275014638901 0.159118995070457
0.345223993062973 0.159085005521774
0.345176011323929 0.15905100107193
0.345129013061523 0.159018993377686
0.345084011554718 0.158988997340202
0.345041006803513 0.158959001302719
0.344999998807907 0.158931002020836
0.344960987567902 0.158904999494553
0.344924986362457 0.158879995346069
0.344889998435974 0.158856004476547
0.344857007265091 0.158833995461464
0.344826996326447 0.158812999725342
0.344799011945724 0.15879400074482
0.34477299451828 0.158776998519897
0.344749987125397 0.158760994672775
0.344729006290436 0.158747002482414
0.344711005687714 0.158733993768692
0.344695001840591 0.158723995089531
0.344682991504669 0.15871499478817
0.344671994447708 0.15870800614357
0.344664990901947 0.158702999353409
0.344660997390747 0.158700004220009
0.344659000635147 0.158699005842209
0.344659000635147 0.158699005842209
0.344662010669708 0.158701002597809
0.344668000936508 0.158704996109009
0.344677001237869 0.15871100127697
0.34468999505043 0.158720001578331
0.344707012176514 0.158730998635292
0.344727009534836 0.158745005726814
0.344751000404358 0.158760994672775
0.344779014587402 0.158779993653297
0.344810992479324 0.158801004290581
0.34484800696373 0.158825993537903
0.344888985157013 0.158852994441986
0.34493499994278 0.15888400375843
0.344985991716385 0.158917993307114
0.345043003559113 0.158956006169319
0.34510400891304 0.158996999263763
0.345171988010406 0.159042000770569
0.345245003700256 0.159089997410774
0.345324993133545 0.159143000841141
0.345411986112595 0.159200996160507
0.345504999160767 0.159262999892235
0.3456070125103 0.159329995512962
0.345715999603271 0.159401997923851
0.345833003520966 0.159480005502701
0.34595999121666 0.159564003348351
0.346096992492676 0.159652993083
0.346244007349014 0.159749999642372
0.346401989459991 0.159853994846344
0.346572011709213 0.159966006875038
0.346754997968674 0.160086005926132
0.346953004598618 0.160216003656387
0.347166001796722 0.160356000065804
0.347396999597549 0.160505995154381
0.347645998001099 0.16066899895668
0.34791699051857 0.160845994949341
0.348210990428925 0.161036998033524
0.348531007766724 0.161245003342628
0.348881989717484 0.161473006010056
0.349265992641449 0.161722004413605
0.349689990282059 0.161997005343437
0.350158989429474 0.162300005555153
0.350681006908417 0.162635996937752
0.351263999938965 0.163011997938156
0.351918995380402 0.163433000445366
0.352654993534088 0.163905993103981
0.353480011224747 0.164434000849724
0.354393988847733 0.165018007159233
0.355383992195129 0.165647998452187
0.356422990560532 0.166309997439384
0.357481986284256 0.166980996727943
0.358532011508942 0.167646005749702
0.359558999538422 0.168294996023178
0.36055400967598 0.168924003839493
0.361517012119293 0.169530004262924
0.362448990345001 0.170116007328033
0.363352000713348 0.170682996511459
0.364228010177612 0.171232998371124
0.365079998970032 0.171766996383667
0.36591100692749 0.172288000583649
0.366724014282227 0.172794997692108
0.36751800775528 0.173291996121407
0.36829799413681 0.173777997493744
0.36906298995018 0.17425499856472
0.369814991950989 0.174723997712135
0.370555996894836 0.175184994935989
0.371286004781723 0.175639003515244
0.372005999088287 0.176085993647575
0.372718006372452 0.176528006792068
0.373421013355255 0.176963999867439
0.374116003513336 0.17739500105381
0.374803990125656 0.17782199382782
0.375485986471176 0.17824399471283
0.376161009073257 0.178662002086639
0.376830995082855 0.179076001048088
0.377494990825653 0.179486006498337
0.378154009580612 0.179893001914024
0.378809005022049 0.180297002196312
0.379458993673325 0.180699005723
0.3801049888134 0.181097000837326
0.380746990442276 0.181492999196053
0.381384998559952 0.181886002421379
0.382019996643066 0.182276993989944
0.382652014493942 0.182665005326271
0.383280992507935 0.183052003383636
0.383906006813049 0.183437004685402
0.384528994560242 0.183818995952606
0.385149985551834 0.184200003743172
0.385767996311188 0.184579998254776
0.38638299703598 0.18495699763298
0.386997014284134 0.185333997011185
0.387607991695404 0.185708001255989
0.388217002153397 0.186082005500793
0.388823986053467 0.186453998088837
0.389429986476898 0.18682399392128
0.39003399014473 0.187194004654884
0.390635997056961 0.187563002109528
0.391236990690231 0.187930002808571
0.391835987567902 0.188296005129814
0.392434000968933 0.188661992549896
0.393031001091003 0.18902599811554
0.393626004457474 0.189390003681183
0.394221007823944 0.189752995967865
0.394814014434814 0.190115004777908
0.395406007766724 0.19047600030899
0.395996987819672 0.190835997462273
0.396587997674942 0.191195994615555
0.397177010774612 0.191554993391037
0.39776599407196 0.19191400706768
0.398353010416031 0.192271992564201
0.398939996957779 0.192628994584084
0.399527013301849 0.192985996603966
0.400112986564636 0.193342000246048
0.400698006153107 0.19369800388813
0.401282012462616 0.194053992629051
0.401865988969803 0.194408997893333
0.402449995279312 0.194763004779816
0.40303298830986 0.195116996765137
0.403616011142731 0.195471003651619
0.404197990894318 0.19582499563694
0.404780000448227 0.196178004145622
0.405362010002136 0.196530997753143
0.405943006277084 0.196882992982864
0.406524002552032 0.197236001491547
0.407104998826981 0.197587996721268
0.407685995101929 0.19794000685215
0.408266007900238 0.198292002081871
0.408845990896225 0.198642998933792
0.409426987171173 0.198994994163513
0.410006999969482 0.199346005916595
0.410587012767792 0.199697002768517
0.411166995763779 0.200047999620438
0.411747008562088 0.200398996472359
0.412326008081436 0.20074899494648
0.412905991077423 0.201100006699562
0.413486003875732 0.201450005173683
0.414065986871719 0.201801002025604
0.414645999670029 0.202151000499725
0.415226995944977 0.202501997351646
0.415807008743286 0.202851995825768
0.416386991739273 0.203202992677689
0.416967988014221 0.203553006052971
0.417548000812531 0.203904002904892
0.418128997087479 0.204254001379013
0.418709993362427 0.204604998230934
0.419292002916336 0.204954996705055
0.419872999191284 0.205305993556976
0.420455008745193 0.205656006932259
0.42103698849678 0.20600700378418
0.42161899805069 0.206358000636101
0.422201991081238 0.206708997488022
0.422785013914108 0.207059994339943
0.423368006944656 0.207411006093025
0.423950999975204 0.207763001322746
0.424535006284714 0.208113998174667
0.425119012594223 0.208465993404388
0.425704002380371 0.208817005157471
0.426288992166519 0.209169000387192
0.42687401175499 0.209520995616913
0.427460014820099 0.209873005747795
0.428045988082886 0.210225999355316
0.428633004426956 0.210577994585037
0.429219990968704 0.210931003093719
0.429807007312775 0.211283996701241
0.430395007133484 0.211637005209923
0.430983990430832 0.211990997195244
0.431573003530502 0.212345004081726
0.43216198682785 0.212697997689247
0.432752013206482 0.213053002953529
0.43334299325943 0.21340699493885
0.4339340031147 0.213762000203133
0.434525012969971 0.214116007089615
0.43511700630188 0.214471995830536
0.43571001291275 0.214827001094818
0.436302989721298 0.2151830047369
0.43689700961113 0.215538993477821
0.437490999698639 0.215894997119904
0.438086003065109 0.216251999139786
0.438681989908218 0.216609001159668
0.43927800655365 0.21696600317955
0.43987500667572 0.217323005199432
0.440472990274429 0.217681005597115
0.441071003675461 0.218039005994797
0.441670000553131 0.218398004770279
0.442268997430801 0.218757003545761
0.442869007587433 0.219116002321243
0.443470001220703 0.219475001096725
0.444072008132935 0.219834998250008
0.444673985242844 0.22019499540329
0.445277005434036 0.220556005835533
0.445881009101868 0.220917001366615
0.446485012769699 0.221277996897697
0.447089999914169 0.221640005707741
0.447696000337601 0.222001999616623
0.448303014039993 0.222365006804466
0.448909997940063 0.222727999091148
0.449517995119095 0.223091006278992
0.450127005577087 0.223454996943474
0.450736999511719 0.223819002509117
0.45134699344635 0.22418400645256
0.451959013938904 0.224548995494843
0.452571004629135 0.224913999438286
0.453184008598328 0.225280001759529
0.45379701256752 0.225646004080772
0.454412013292313 0.226013004779816
0.455027014017105 0.226380005478859
0.455644011497498 0.226748004555702
0.45626100897789 0.227116003632545
0.456878989934921 0.227484002709389
0.457497000694275 0.227853000164032
0.458117008209229 0.228222995996475
0.458737999200821 0.228591993451118
0.459358990192413 0.228963002562523
0.459980994462967 0.229333996772766
0.46060499548912 0.229705005884171
0.461228996515274 0.230076998472214
0.461854010820389 0.230449005961418
0.462480008602142 0.230821996927261
0.463106989860535 0.231195002794266
0.463734000921249 0.23156900703907
0.464363008737564 0.231943994760513
0.464993000030518 0.232318997383118
0.465624004602432 0.232694000005722
0.466255009174347 0.233070001006126
0.466888010501862 0.233446002006531
0.467521011829376 0.233823001384735
0.468156009912491 0.234200999140739
0.468791007995605 0.234578996896744
0.46942800283432 0.234956994652748
0.470066010951996 0.235337004065514
0.470703989267349 0.235716000199318
0.471343994140625 0.236096993088722
0.471983999013901 0.236477002501488
0.472626000642776 0.236858993768692
0.473268002271652 0.237240999937057
0.473912000656128 0.237623006105423
0.474557012319565 0.238005995750427
0.475203007459641 0.238389998674393
0.475849986076355 0.238774001598358
0.476496994495392 0.239159002900124
0.477145999670029 0.239544004201889
0.477797001600266 0.239930003881454
0.478448003530502 0.24031700193882
0.479099988937378 0.240703999996185
0.479752987623215 0.241091996431351
0.480408012866974 0.241481006145477
0.481063008308411 0.241870000958443
0.481720000505447 0.242258995771408
0.482378005981445 0.242650002241135
0.483036994934082 0.2430409938097
0.48369699716568 0.243432000279427
0.484358012676239 0.243824005126953
0.485020011663437 0.244216993451118
0.485684007406235 0.244610995054245
0.486348986625671 0.245004996657372
0.487015008926392 0.245399996638298
0.487682014703751 0.245794996619225
0.488350003957748 0.246190994977951
0.489019006490707 0.246588006615639
0.489690005779266 0.246985003352165
0.490361988544464 0.247382998466492
0.491035014390945 0.247782006859779
0.491708993911743 0.248181000351906
0.492383986711502 0.248582005500793
0.493061006069183 0.24898199737072
0.493739008903503 0.249384000897408
0.494417995214462 0.249786004424095
0.495099008083344 0.250189006328583
0.495779991149902 0.250591993331909
0.496463000774384 0.250997006893158
0.497146993875504 0.251401990652084
0.497833013534546 0.251807004213333
0.498519003391266 0.252214014530182
0.499206990003586 0.252620995044708
0.499897003173828 0.253028988838196
0.500586986541748 0.253437012434006
0.50127899646759 0.253847002983093
0.501972019672394 0.254256993532181
0.502667009830475 0.254667013883591
0.503363013267517 0.255079001188278
0.504059970378876 0.255490988492966
0.50475800037384 0.255903989076614
0.505457997322083 0.256318002939224
0.506159007549286 0.256731986999512
0.506861984729767 0.257147997617722
0.507565975189209 0.257564008235931
0.508270978927612 0.25798100233078
0.508978009223938 0.258397996425629
0.50968599319458 0.258816003799438
0.510394990444183 0.259236007928848
0.511106014251709 0.259656012058258
0.511817991733551 0.260075986385345
0.512531995773315 0.260497987270355
0.513247013092041 0.260919988155365
0.513962984085083 0.261343002319336
0.514680981636047 0.261766999959946
0.515401005744934 0.262192010879517
0.516120970249176 0.262616991996765
0.516843020915985 0.263043999671936
0.517566978931427 0.263471007347107
0.518292009830475 0.263898998498917
0.5190190076828 0.264326989650726
0.519747018814087 0.264757007360458
0.52047598361969 0.265188008546829
0.521206974983215 0.2656190097332
0.521939992904663 0.26605099439621
0.522674024105072 0.266483992338181
0.523409008979797 0.266918003559113
0.524146020412445 0.267352998256683
0.52488499879837 0.267787992954254
0.525624990463257 0.268225014209747
0.526367008686066 0.268662005662918
0.527109980583191 0.26910001039505
0.527854025363922 0.269538998603821
0.528600990772247 0.269979000091553
0.529348015785217 0.270420014858246
0.530098021030426 0.270860999822617
0.530848979949951 0.27130401134491
0.531601011753082 0.27174699306488
0.532355010509491 0.272192001342773
0.533110976219177 0.272637009620667
0.533868014812469 0.273083001375198
0.534627020359039 0.273530006408691
0.535387992858887 0.273977994918823
0.536149978637695 0.274426996707916
0.536913990974426 0.27487701177597
0.537679016590118 0.275328010320663
0.538446009159088 0.275779992341995
0.53921502828598 0.276232004165649
0.53998601436615 0.276686012744904
0.540758013725281 0.277139991521835
0.541531026363373 0.277595996856689
0.542307019233704 0.278052002191544
0.543084025382996 0.278510004281998
0.543862998485565 0.278968006372452
0.544642984867096 0.279426991939545
0.545424997806549 0.27988800406456
0.54620897769928 0.280348986387253
0.546994984149933 0.280811011791229
0.547782003879547 0.281275004148483
0.5485720038414 0.281738996505737
0.549362003803253 0.282204002141953
0.550154983997345 0.282669991254807
0.550948977470398 0.283136993646622
0.551746010780334 0.283605992794037
0.552543997764587 0.284074991941452
0.553342998027802 0.284545004367828
0.554144978523254 0.285017013549805
0.554947972297668 0.285488992929459
0.555752992630005 0.285961985588074
0.556559979915619 0.286437004804611
0.557368993759155 0.286911994218826
0.558179974555969 0.287387996912003
0.558992028236389 0.287865996360779
0.559805989265442 0.288343995809555
0.560622990131378 0.288823992013931
0.561441004276276 0.289305001497269
0.562260985374451 0.289786010980606
0.563081979751587 0.290268987417221
0.563906013965607 0.29075300693512
0.564732015132904 0.291238009929657
0.565559029579163 0.291723996400833
0.566388010978699 0.29221099615097
0.567219972610474 0.292699009180069
0.568053007125854 0.293188989162445
0.568888008594513 0.293678998947144
0.569724977016449 0.294171005487442
0.570563971996307 0.29466301202774
0.571404993534088 0.295156985521317
0.572247982025146 0.295652002096176
0.573092997074127 0.296148002147675
0.573939979076385 0.296644985675812
0.574788987636566 0.297143995761871
0.575640022754669 0.297643005847931
0.57649302482605 0.29814401268959
0.577347993850708 0.298644989728928
0.578204989433289 0.299147993326187
0.579064011573792 0.299652010202408
0.579925000667572 0.300157010555267
0.580788016319275 0.300664007663727
0.581654012203217 0.301171004772186
0.582521021366119 0.301679998636246
0.5833899974823 0.302190005779266
0.584262013435364 0.302700996398926
0.585134983062744 0.303214013576508
0.586010992527008 0.303727000951767
0.586889028549194 0.304242014884949
0.587768971920013 0.304758012294769
0.5886510014534 0.305274993181229
0.589534997940063 0.305792987346649
0.59042102098465 0.306313008069992
0.591310024261475 0.306834012269974
0.592200994491577 0.307355999946594
0.593093991279602 0.307879000902176
0.593989014625549 0.308403998613358
0.594886004924774 0.3089300096035
0.595785021781921 0.309457004070282
0.596687018871307 0.309985011816025
0.597590982913971 0.310514986515045
0.598496973514557 0.311046004295349
0.599406003952026 0.311578005552292
0.600315988063812 0.312112003564835
0.601229012012482 0.312647014856339
0.602144002914429 0.313183009624481
0.603061974048615 0.313719987869263
0.603981971740723 0.314258992671967
0.604903995990753 0.314799010753632
0.605827987194061 0.315340012311935
0.606755018234253 0.315883010625839
0.607684016227722 0.316426992416382
0.60861599445343 0.316973000764847
0.609548985958099 0.317519009113312
0.610485970973969 0.318067997694016
0.611424028873444 0.318616986274719
0.612365007400513 0.319168001413345
0.613308012485504 0.31972000002861
0.614253997802734 0.320273995399475
0.615202009677887 0.320829004049301
0.616153001785278 0.321384996175766
0.617106020450592 0.321943014860153
0.618061006069183 0.322501987218857
0.619018971920013 0.323062002658844
0.619979977607727 0.323624014854431
0.620941996574402 0.324187994003296
0.621908009052277 0.324752986431122
0.622875988483429 0.325318992137909
0.623845994472504 0.325886011123657
0.624818980693817 0.326456010341644
0.625793993473053 0.327026009559631
0.626771986484528 0.327598005533218
0.627753019332886 0.328171998262405
0.628736019134521 0.328747004270554
0.629721999168396 0.329322993755341
0.630710005760193 0.32990100979805
0.631700992584229 0.330480992794037
0.632694005966187 0.331061989068985
0.633689999580383 0.331643998622894
0.634688973426819 0.332228004932404
0.635690987110138 0.332812994718552
0.636695027351379 0.333400011062622
0.637700974941254 0.33398899435997
0.638710975646973 0.334578990936279
0.639723002910614 0.335171014070511
0.640738010406494 0.335763990879059
0.641754984855652 0.33635801076889
0.642774999141693 0.336955010890961
0.643797993659973 0.337552011013031
0.644824028015137 0.33815199136734
0.645852982997894 0.338753014802933
0.646884024143219 0.339356005191803
0.647917985916138 0.339960008859634
0.64895498752594 0.340566009283066
0.649995028972626 0.341172993183136
0.651036977767944 0.341782003641129
0.652082979679108 0.342393010854721
0.653131008148193 0.343005001544952
0.654182016849518 0.343618988990784
0.655236005783081 0.344235002994537
0.656292974948883 0.34485200047493
0.657352983951569 0.345470994710922
0.658415019512177 0.346091002225876
0.65948098897934 0.346713989973068
0.660549998283386 0.347337990999222
0.66162097454071 0.347963005304337
0.662696003913879 0.34859099984169
0.663773000240326 0.349220007658005
0.664852976799011 0.349849998950958
0.665937006473541 0.350483000278473
0.667023003101349 0.351117014884949
0.668112993240356 0.351752996444702
0.669206023216248 0.352391004562378
0.670301020145416 0.353029996156693
0.671400010585785 0.353671997785568
0.672501981258392 0.354315012693405
0.673606991767883 0.35495999455452
0.674714982509613 0.355605989694595
0.675826013088226 0.356254994869232
0.676940023899078 0.35690501332283
0.67805802822113 0.357556998729706
0.67917799949646 0.358211010694504
0.680302023887634 0.358866006135941
0.681429028511047 0.359524011611938
0.682559013366699 0.360183000564575
0.683692991733551 0.360844999551773
0.684830009937286 0.361508011817932
0.68597000837326 0.362172991037369
0.687112987041473 0.362839996814728
0.688260018825531 0.363507986068726
0.689409971237183 0.364178985357285
0.690563023090363 0.364850997924805
0.691718995571136 0.365525990724564
0.692879021167755 0.366201996803284
0.694042980670929 0.366881012916565
0.69520902633667 0.367561012506485
0.696379005908966 0.368243008852005
0.697552978992462 0.368927001953125
0.698729991912842 0.369612991809845
0.69990998506546 0.370301991701126
0.701093971729279 0.370992004871368
0.70228099822998 0.371684014797211
0.703472018241882 0.372377991676331
0.704666018486023 0.373073995113373
0.705864012241364 0.373771995306015
0.707065999507904 0.374473005533218
0.708271026611328 0.375174999237061
0.709478974342346 0.375878989696503
0.710690975189209 0.376585006713867
0.711907029151917 0.37729400396347
0.713126003742218 0.378004014492035
0.714348971843719 0.378717005252838
0.715575993061066 0.379431992769241
0.716805994510651 0.380149006843567
0.718039989471436 0.38086798787117
0.71927797794342 0.381588995456696
0.72052001953125 0.382311999797821
0.721764981746674 0.383037000894547
0.723013997077942 0.383765012025833
0.72426700592041 0.384494990110397
0.725522994995117 0.385226994752884
0.726783990859985 0.38596099615097
0.728048026561737 0.386696994304657
0.729315996170044 0.387436002492905
0.730588018894196 0.388175994157791
0.731863975524902 0.388918995857239
0.733143985271454 0.389665007591248
0.734426975250244 0.390412002801895
0.735714972019196 0.391162008047104
0.737007021903992 0.391914010047913
0.738301992416382 0.392668008804321
0.739602029323578 0.393424987792969
0.740906000137329 0.394183993339539
0.742213010787964 0.394944995641708
0.74352502822876 0.395709007978439
0.744840979576111 0.396474987268448
0.746160984039307 0.397242993116379
0.747484982013702 0.398014008998871
0.748812973499298 0.398786991834641
0.750145018100739 0.399562001228333
0.751482009887695 0.400339990854263
0.752822995185852 0.401120990514755
0.754167973995209 0.401903003454208
0.75551700592041 0.4026879966259
0.756869971752167 0.403475999832153
0.758228003978729 0.404265999794006
0.759590029716492 0.405059009790421
0.760957002639771 0.405853986740112
0.762328028678894 0.406650990247726
0.763702988624573 0.407451003789902
0.765082001686096 0.408253997564316
0.766466021537781 0.40905898809433
0.767854988574982 0.409866988658905
0.769246995449066 0.41067698597908
0.770645022392273 0.411489993333817
0.772046029567719 0.412304997444153
0.773452997207642 0.41312301158905
0.774864017963409 0.413944005966187
0.776278972625732 0.414766997098923
0.777698993682861 0.41559299826622
0.779124021530151 0.416420996189117
0.780552983283997 0.417252987623215
0.781987011432648 0.418085992336273
0.783425986766815 0.418922990560532
0.784869015216827 0.41976198554039
0.786316990852356 0.42060399055481
0.787769973278046 0.42144900560379
0.78922700881958 0.422295987606049
0.790690004825592 0.423146992921829
0.792156994342804 0.42399999499321
0.793628990650177 0.42485499382019
0.795105993747711 0.425713986158371
0.796588003635406 0.426575005054474
0.798075020313263 0.427439987659454
0.799565970897675 0.428306996822357
0.801063001155853 0.429176986217499
0.802564978599548 0.430049002170563
0.804071009159088 0.430925011634827
0.805583000183105 0.431804001331329
0.807099997997284 0.432684987783432
0.808622002601624 0.433569997549057
0.810149013996124 0.434457004070282
0.811680972576141 0.435348004102707
0.813217997550964 0.436241000890732
0.814760982990265 0.437137007713318
0.816308975219727 0.438037008047104
0.817861974239349 0.43893900513649
0.819419980049133 0.439844012260437
0.82098400592804 0.440753012895584
0.822552978992462 0.441664010286331
0.824127018451691 0.442579001188278
0.825707018375397 0.443497002124786
0.827292025089264 0.444418013095856
0.828882992267609 0.445342004299164
0.830479025840759 0.446269005537033
0.832081019878387 0.447198987007141
0.833688020706177 0.448132991790771
0.835300981998444 0.449068993330002
0.836919009685516 0.450008988380432
0.838542997837067 0.450951993465424
0.840171992778778 0.451898992061615
0.841808021068573 0.452847987413406
0.843448996543884 0.45380100607872
0.845094978809357 0.454757988452911
0.846747994422913 0.455716997385025
0.84840601682663 0.456679999828339
0.850069999694824 0.457646012306213
0.851741015911102 0.458615988492966
0.85341602563858 0.459589004516602
0.855098009109497 0.460566014051437
0.856786012649536 0.461544990539551
0.858479976654053 0.462529003620148
0.860180020332336 0.463515996932983
0.861886024475098 0.46450600028038
0.863597989082336 0.465499997138977
0.865315973758698 0.466497004032135
0.867039978504181 0.467498004436493
0.868770003318787 0.468502014875412
0.870507001876831 0.469509989023209
0.872250020503998 0.470521986484528
0.873998999595642 0.471536993980408
0.87575501203537 0.472555994987488
0.877515971660614 0.473578006029129
0.879284977912903 0.47460401058197
0.881058990955353 0.475634008646011
0.882839977741241 0.476668000221252
0.884627997875214 0.477705001831055
0.886421978473663 0.478745996952057
0.888222992420197 0.479790985584259
0.890030026435852 0.480839997529984
0.891843974590302 0.481891989707947
0.893665015697479 0.482948005199432
0.895492017269135 0.484008014202118
0.897325992584229 0.485073000192642
0.899167001247406 0.486140012741089
0.901014983654022 0.487212002277374
0.902868986129761 0.48828798532486
0.904730975627899 0.489367991685867
0.90659898519516 0.490451991558075
0.908474028110504 0.491539001464844
0.910355985164642 0.492630988359451
0.912245988845825 0.493726998567581
0.91414201259613 0.494827002286911
0.916046023368835 0.495930999517441
0.917957007884979 0.497038990259171
0.919704020023346 0.498053014278412
0.92087197303772 0.498730003833771
0.921652972698212 0.499182999134064
0.922173976898193 0.499484986066818
0.922520995140076 0.499686002731323
0.922752976417542 0.49982100725174
0.922908008098602 0.499909996986389
0.922985017299652 0.499954998493195
0.923023998737335 0.499978005886078
0.923062026500702 0.5
0.923062026500702 0.5
0.923101007938385 0.500021994113922
0.923139989376068 0.500045001506805
0.923216998577118 0.500090003013611
0.923371970653534 0.50017899274826
0.923604011535645 0.500313997268677
0.923952996730804 0.500515997409821
0.924476027488708 0.500819981098175
0.925261974334717 0.50127500295639
0.926442980766296 0.501959979534149
0.928219020366669 0.502991020679474
0.930176019668579 0.504124999046326
0.932141005992889 0.505263984203339
0.934112012386322 0.506407976150513
0.936092019081116 0.50755500793457
0.938078999519348 0.508706986904144
0.940073013305664 0.509863972663879
0.942076027393341 0.511023998260498
0.944086015224457 0.512189984321594
0.946103990077972 0.513359010219574
0.948128998279572 0.514533996582031
0.950163006782532 0.515712022781372
0.952203989028931 0.51689600944519
0.954253017902374 0.518082976341248
0.956309974193573 0.519276022911072
0.958375990390778 0.520473003387451
0.960448980331421 0.521674990653992
0.962530970573425 0.522880971431732
0.964619994163513 0.524092018604279
0.966718018054962 0.525308012962341
0.968824028968811 0.526529014110565
0.970938980579376 0.527754008769989
0.973061978816986 0.528984010219574
0.975193023681641 0.53021901845932
0.97733199596405 0.531458973884583
0.979480981826782 0.532703995704651
0.981637001037598 0.53395402431488
0.983802974224091 0.535207986831665
0.985976994037628 0.536468029022217
0.988160014152527 0.537732005119324
0.990351021289825 0.539002001285553
0.992551028728485 0.540277004241943
0.994760990142822 0.541557013988495
0.996978998184204 0.542841970920563
0.999206006526947 0.544131994247437
1.00144004821777 0.545427024364471
1.00369000434875 0.546728014945984
1.00593996047974 0.548034012317657
1.00820004940033 0.549345016479492
1.01048004627228 0.550661027431488
1.01276004314423 0.551982998847961
1.0150500535965 0.553309977054596
1.0173499584198 0.554642021656036
1.01965999603271 0.555980026721954
1.02198004722595 0.55732399225235
1.02430999279022 0.558673024177551
1.02664995193481 0.560027003288269
1.02900004386902 0.561387002468109
1.03136003017426 0.562753021717072
1.03372001647949 0.56412398815155
1.03610002994537 0.565500974655151
1.03849005699158 0.566883981227875
1.04088997840881 0.568271994590759
1.04330003261566 0.569666028022766
1.04570996761322 0.57106602191925
1.04814004898071 0.572471976280212
1.05058002471924 0.573884010314941
1.05303001403809 0.575300991535187
1.05549001693726 0.576725006103516
1.05796003341675 0.578154981136322
1.06043994426727 0.579590022563934
1.06292998790741 0.581031978130341
1.06543004512787 0.582479000091553
1.06793999671936 0.583932995796204
1.07045996189117 0.585393011569977
1.07298994064331 0.586860001087189
1.07553994655609 0.588331997394562
1.07808995246887 0.589811027050018
1.0806599855423 0.591296017169952
1.08324003219604 0.592787027359009
1.0858199596405 0.594285011291504
1.0884200334549 0.595789015293121
1.09103000164032 0.597299993038177
1.09365999698639 0.598816990852356
1.09628999233246 0.600341022014618
1.09893000125885 0.601872026920319
1.10159003734589 0.603408992290497
1.10425996780396 0.604952991008759
1.10694003105164 0.606503009796143
1.10962998867035 0.608060002326965
1.11232995986938 0.609624028205872
1.11504995822906 0.611195027828217
1.11776995658875 0.612773001194
1.12050998210907 0.614358007907867
1.12326002120972 0.615948975086212
1.12602996826172 0.617547988891602
1.12880003452301 0.61915397644043
1.13159000873566 0.620766997337341
1.13438999652863 0.622386991977692
1.13721001148224 0.624014019966125
1.14003002643585 0.625648975372314
1.14286994934082 0.627290010452271
1.1457200050354 0.628938972949982
1.14857995510101 0.630595982074738
1.15146005153656 0.632260024547577
1.15435004234314 0.63393098115921
1.15725004673004 0.635609984397888
1.1601699590683 0.637296974658966
1.16310000419617 0.638990998268127
1.16603994369507 0.640691995620728
1.1690000295639 0.642401993274689
1.17197000980377 0.644119024276733
1.17495000362396 0.645843982696533
1.1779500246048 0.647576987743378
1.18096005916595 0.649317979812622
1.18397998809814 0.651067018508911
1.18701994419098 0.652822971343994
1.19007003307343 0.654587984085083
1.19314002990723 0.656360983848572
1.19622004032135 0.65814197063446
1.19930994510651 0.659932017326355
1.2024199962616 0.661728978157043
1.20554995536804 0.663534998893738
1.20868003368378 0.665349006652832
1.21184003353119 0.667172014713287
1.21501004695892 0.669003009796143
1.21818995475769 0.670843005180359
1.22139000892639 0.672690987586975
1.22459995746613 0.674547970294952
1.22783005237579 0.676414012908936
1.23107004165649 0.678288996219635
1.23433005809784 0.680172026157379
1.23759996891022 0.68206399679184
1.24089002609253 0.683965027332306
1.24418997764587 0.685874998569489
1.24750995635986 0.687794029712677
1.2508499622345 0.689722001552582
1.25419998168945 0.691659986972809
1.25757002830505 0.693606019020081
1.26095998287201 0.69556200504303
1.26435995101929 0.69752699136734
1.26777005195618 0.699501991271973
1.27120995521545 0.701485991477966
1.27465999126434 0.703480005264282
1.27812004089355 0.705483019351959
1.28161001205444 0.707495987415314
1.28510999679565 0.709518015384674
1.28863000869751 0.711551010608673
1.29216003417969 0.713593006134033
1.29570996761322 0.715645015239716
1.29928004741669 0.717706978321075
1.30287003517151 0.719779014587402
1.30647003650665 0.721861004829407
1.31008994579315 0.723953008651733
1.31373000144958 0.726055979728699
1.31738996505737 0.72816801071167
1.32106995582581 0.730292022228241
1.32475996017456 0.732424974441528
1.32846999168396 0.734569013118744
1.332200050354 0.736724019050598
1.3359500169754 0.73888897895813
1.33972001075745 0.74106502532959
1.34350001811981 0.743251979351044
1.34730994701385 0.745449006557465
1.35113000869751 0.747658014297485
1.35496997833252 0.749876976013184
1.3588399887085 0.752107977867126
1.36272001266479 0.754348993301392
1.36661994457245 0.756601989269257
1.37054002285004 0.758866012096405
1.37448000907898 0.761142015457153
1.37844002246857 0.763427972793579
1.38241994380951 0.765726983547211
1.38642001152039 0.768037021160126
1.39043998718262 0.770358026027679
1.39447999000549 0.772691011428833
1.39854001998901 0.775035977363586
1.40262997150421 0.777392983436584
1.40673005580902 0.779762029647827
1.41085004806519 0.782142996788025
1.41499996185303 0.784534990787506
1.41916000843048 0.78694099187851
1.42334997653961 0.789358019828796
1.42755997180939 0.791787028312683
1.43178999423981 0.794229984283447
1.43604004383087 0.79668402671814
1.44032001495361 0.799151003360748
1.44460999965668 0.801630973815918
1.44893002510071 0.804122984409332
1.45326995849609 0.806629002094269
1.45763003826141 0.809147000312805
1.46202003955841 0.811677992343903
1.46642994880676 0.814221978187561
1.47086000442505 0.816779017448425
1.47530996799469 0.819350004196167
1.4797899723053 0.82193398475647
1.48429000377655 0.824531018733978
1.48880994319916 0.827142000198364
1.49336004257202 0.829765975475311
1.49793004989624 0.832404017448425
1.50252997875214 0.835056006908417
1.50715005397797 0.837720990180969
1.51179003715515 0.840399980545044
1.51645994186401 0.843093991279602
1.52114999294281 0.845800995826721
1.52586996555328 0.848523020744324
1.5306099653244 0.851258993148804
1.53538000583649 0.854008972644806
1.54016995429993 0.856773018836975
1.54498994350433 0.859552025794983
1.54982995986938 0.862345993518829
1.5547000169754 0.865154981613159
1.55958998203278 0.867977976799011
1.56450998783112 0.870815992355347
1.56946003437042 0.873669028282166
1.57442998886108 0.876537024974823
1.57942998409271 0.879419982433319
1.58445000648499 0.88231897354126
1.58949995040894 0.885232985019684
1.59458005428314 0.888162016868591
1.59968996047974 0.891107022762299
1.60482001304626 0.894066989421844
1.60997998714447 0.897042989730835
1.61517000198364 0.90003502368927
1.62039005756378 0.90304297208786
1.62563002109528 0.90606701374054
1.63090002536774 0.909107029438019
1.63619995117188 0.912163019180298
1.64153003692627 0.915234982967377
1.64689004421234 0.918323993682861
1.65226995944977 0.921428978443146
1.65768003463745 0.924551010131836
1.66313004493713 0.927689015865326
1.66859996318817 0.930844008922577
1.67410004138947 0.934015989303589
1.67963004112244 0.937205016613007
1.68518996238708 0.940410971641541
1.69078004360199 0.94363397359848
1.69640004634857 0.946874022483826
1.70205998420715 0.950130999088287
1.70773994922638 0.953405976295471
1.71344995498657 0.956699013710022
1.71919000148773 0.960008978843689
1.72495996952057 0.963335990905762
1.73076999187469 0.966682016849518
1.73660004138947 0.97004497051239
1.74247002601624 0.973426997661591
1.74837005138397 0.976826012134552
1.75429999828339 0.980243980884552
1.76025998592377 0.983680009841919
1.76625001430511 0.987133979797363
1.77227997779846 0.990607023239136
1.77833998203278 0.994098007678986
1.78443002700806 0.997608006000519
1.79054999351501 1.00113999843597
1.79671001434326 1.00468003749847
1.80289995670319 1.00824999809265
1.80912005901337 1.01183998584747
1.81537997722626 1.01543998718262
1.82166004180908 1.01906001567841
1.82799005508423 1.02270996570587
1.83433997631073 1.02637004852295
1.84073996543884 1.03005003929138
1.8471599817276 1.03375005722046
1.85362005233765 1.03746998310089
1.86011004447937 1.04121005535126
1.86663997173309 1.0449800491333
1.87320005893707 1.04876005649567
1.87979996204376 1.05255997180939
1.88644003868103 1.05638003349304
1.89310002326965 1.06022000312805
1.8998099565506 1.06407999992371
1.9065500497818 1.06796002388
1.91331994533539 1.07185995578766
1.92013001441956 1.07579004764557
1.92698001861572 1.07973003387451
1.93385994434357 1.0836900472641
1.94078004360199 1.08767998218536
1.94773995876312 1.09168004989624
1.95473003387451 1.09571003913879
1.9617600440979 1.09976005554199
1.96881997585297 1.10381996631622
1.97592997550964 1.10791003704071
1.98307001590729 1.11203002929688
1.99023997783661 1.11616003513336
1.99746000766754 1.1203099489212
2.00470995903015 1.1244900226593
2.01200008392334 1.12867999076843
2.01933002471924 1.13289999961853
2.0266900062561 1.13714003562927
2.03409004211426 1.14139997959137
2.04153990745544 1.14568996429443
2.04902005195618 1.14998996257782
2.0565299987793 1.15432000160217
2.06409001350403 1.15866994857788
2.07169008255005 1.16304004192352
2.07931995391846 1.16744005680084
2.08699011802673 1.17184996604919
2.09470009803772 1.1762900352478
2.10245990753174 1.18075001239777
2.1102499961853 1.1852400302887
2.11806988716125 1.18973994255066
2.1259400844574 1.19427001476288
2.13385009765625 1.19881999492645
2.14179992675781 1.20339000225067
2.14979004859924 1.20799005031586
2.15780997276306 1.2126100063324
2.16587996482849 1.21724998950958
2.17399001121521 1.22190999984741
2.1821300983429 1.22660005092621
2.19032001495361 1.23131000995636
2.19854998588562 1.23603999614716
2.20680999755859 1.24080002307892
2.21512007713318 1.24557995796204
2.22346997261047 1.25038003921509
2.23185992240906 1.25521004199982
2.24027991294861 1.26005005836487
2.24874997138977 1.26493000984192
2.25726008415222 1.26981997489929
2.26581001281738 1.27473998069763
2.27439999580383 1.27968001365662
2.28303003311157 1.28463995456696
2.29170989990234 1.28963005542755
2.30042004585266 1.29463994503021
2.30917000770569 1.29967999458313
2.31797003746033 1.30473005771637
2.32680010795593 1.30981004238129
2.33568000793457 1.31491994857788
2.34458994865417 1.32003998756409
2.35354995727539 1.32518994808197
2.3625500202179 1.33036994934082
2.37158989906311 1.33556997776031
2.38067007064819 1.34079003334045
2.38979005813599 1.34602999687195
2.39895009994507 1.35130000114441
2.40814995765686 1.35659003257751
2.41739988327026 1.36189997196198
2.42668008804321 1.3672399520874
2.43600988388062 1.37259995937347
2.44537997245789 1.37797999382019
2.45478010177612 1.38338994979858
2.46423006057739 1.38882005214691
2.47372007369995 1.39427995681763
2.48324990272522 1.39974999427795
2.49282002449036 1.40524995326996
2.5024299621582 1.41077995300293
2.51207995414734 1.41631996631622
2.52178001403809 1.42189002037048
2.5315101146698 1.42748999595642
2.54128003120422 1.43309998512268
2.55110001564026 1.43874001502991
2.56095004081726 1.44439995288849
2.57083988189697 1.45009005069733
2.58078002929688 1.45580005645752
2.59074997901917 1.46152997016907
2.60076999664307 1.46728003025055
2.61082005500793 1.47306001186371
2.62091994285583 1.47886002063751
2.63105010986328 1.48468005657196
2.64123010635376 1.49052000045776
2.65143990516663 1.49638998508453
2.66170001029968 1.50227999687195
2.67198991775513 1.50819003582001
2.68232011795044 1.51412999629974
2.69269990921021 1.5200799703598
2.70310997962952 1.52605998516083
2.71356010437012 1.53207004070282
2.72405004501343 1.53808999061584
2.73458003997803 1.54413998126984
2.74514007568359 1.55019998550415
2.75574994087219 1.55629003047943
2.76639008522034 1.56240999698639
2.77708005905151 1.56853997707367
2.78780007362366 1.57469999790192
2.79855990409851 1.58087003231049
2.80935001373291 1.58706998825073
2.82018995285034 1.59328997135162
2.83105993270874 1.59952998161316
2.84196996688843 1.60580003261566
2.8529200553894 1.6120799779892
2.86390995979309 1.6183899641037
2.87492990493774 1.62471997737885
2.88598990440369 1.63106000423431
2.89708995819092 1.63742995262146
2.90822005271912 1.64382004737854
2.91938996315002 1.65023005008698
2.93059992790222 1.65666997432709
2.94184994697571 1.66312003135681
2.95313000679016 1.66958999633789
2.96444010734558 1.67607998847961
2.97579002380371 1.6826000213623
2.98717999458313 1.68912994861603
2.99860000610352 1.69569003582001
3.01006007194519 1.70226001739502
3.02155995368958 1.70885002613068
3.03309011459351 1.71546995639801
3.04465007781982 1.72210001945496
3.05625009536743 1.72874999046326
3.06787991523743 1.73543000221252
3.07955002784729 1.74212002754211
3.09124994277954 1.74882996082306
3.10298991203308 1.75556004047394
3.11475992202759 1.76231002807617
3.12655997276306 1.76908004283905
3.13840007781982 1.77586996555328
3.15026998519897 1.78268003463745
3.16216993331909 1.78951001167297
3.1741099357605 1.79635000228882
3.18607997894287 1.80322003364563
3.19808006286621 1.81009995937347
3.21011996269226 1.81700003147125
3.22218990325928 1.82392001152039
3.23428988456726 1.83086001873016
3.24641990661621 1.83781003952026
3.25857996940613 1.84477996826172
3.27078008651733 1.85178005695343
3.28301000595093 1.85879004001617
3.29526996612549 1.86581003665924
3.30755996704102 1.87285995483398
3.31988000869751 1.87992000579834
3.33223009109497 1.88699996471405
3.34460997581482 1.89409005641937
3.35701990127563 1.90120995044708
3.36946988105774 1.9083399772644
3.38193988800049 1.91549003124237
3.3944399356842 1.92264997959137
3.40698003768921 1.92982995510101
3.41953992843628 1.9370299577713
3.4321300983429 1.94424998760223
3.4447500705719 1.95148003101349
3.45740008354187 1.95871996879578
3.47007989883423 1.96598994731903
3.48278999328613 1.9732700586319
3.49552989006042 1.98055994510651
3.50829005241394 1.98787999153137
3.52109003067017 1.99520003795624
3.53391003608704 2.00254988670349
3.54676008224487 2.00991010665894
3.55962991714478 2.01728010177612
3.57254004478455 2.02466988563538
3.58546996116638 2.03207993507385
3.59842991828918 2.03949999809265
3.61141991615295 2.04694008827209
3.62442994117737 2.05438995361328
3.63747000694275 2.06186008453369
3.6505401134491 2.06933999061584
3.66363000869751 2.07682991027832
3.67674994468689 2.08435010910034
3.68989992141724 2.09187006950378
3.70306992530823 2.09941005706787
3.71626996994019 2.1069700717926
3.72949004173279 2.11454010009766
3.74273991584778 2.12211990356445
3.75601005554199 2.12971997261047
3.76930999755859 2.13733005523682
3.78263998031616 2.14495992660522
3.79598999023438 2.15260004997253
3.80936002731323 2.16024994850159
3.82276010513306 2.16792011260986
3.83617997169495 2.17560005187988
3.84963011741638 2.18329000473022
3.86310005187988 2.19099998474121
3.87660002708435 2.19871997833252
3.89012002944946 2.20645999908447
3.90366005897522 2.21421003341675
3.91722989082336 2.22197008132935
3.93081998825073 2.22973990440369
3.94443011283875 2.23752999305725
3.95807003974915 2.24533009529114
3.97172999382019 2.25313997268677
3.98540997505188 2.26097011566162
3.99911999702454 2.26881003379822
4.01284980773926 2.27665996551514
4.0265998840332 2.2845299243927
4.04036998748779 2.29239988327026
4.05417013168335 2.30029010772705
4.06797981262207 2.30819010734558
4.08182001113892 2.31610989570618
4.09568977355957 2.32402992248535
4.10957002639771 2.33196997642517
4.12347984313965 2.33992004394531
4.13740015029907 2.3478798866272
4.1513500213623 2.35585999488831
4.16531991958618 2.36384010314941
4.1793098449707 2.37184000015259
4.19332981109619 2.37984991073608
4.207359790802 2.38787007331848
4.22140979766846 2.39591002464294
4.23548984527588 2.40394997596741
4.24957990646362 2.41200995445251
4.26370000839233 2.42006993293762
4.27784013748169 2.42814993858337
4.29198980331421 2.43623995780945
4.30616998672485 2.44433999061584
4.32037019729614 2.45245003700256
4.33458995819092 2.46058011054993
4.34882020950317 2.46870994567871
4.36308002471924 2.47686004638672
4.37735986709595 2.48500990867615
4.39165019989014 2.4931800365448
4.40597009658813 2.5013599395752
4.42031002044678 2.50955009460449
4.43465995788574 2.51775002479553
4.44902992248535 2.52595996856689
4.46342992782593 2.53417992591858
4.47783994674683 2.54240989685059
4.49226999282837 2.55064988136292
4.50672006607056 2.55890011787415
4.52119016647339 2.56715989112854
4.53567981719971 2.57543992996216
4.55017995834351 2.58371996879578
4.56471014022827 2.59201002120972
4.5792498588562 2.60031008720398
4.59381008148193 2.60862994194031
4.60838985443115 2.61695003509521
4.62299013137817 2.62527990341187
4.63760995864868 2.63363003730774
4.65223979949951 2.64197993278503
4.66689014434814 2.65034008026123
4.68156003952026 2.65872001647949
4.69624996185303 2.66709995269775
4.71095991134644 2.67548990249634
4.72567987442017 2.68390011787415
4.74041986465454 2.69231009483337
4.75517988204956 2.70073008537292
4.76995992660522 2.7091600894928
4.78474998474121 2.71760010719299
4.79956007003784 2.72604990005493
4.81439018249512 2.73450994491577
4.82922983169556 2.74298000335693
4.84409999847412 2.75146007537842
4.85898017883301 2.75994992256165
4.87386989593506 2.76844000816345
4.88879013061523 2.77694988250732
4.90371990203857 2.7854700088501
4.91866016387939 2.79398989677429
4.93362998962402 2.80252003669739
4.94860982894897 2.81106996536255
4.96360015869141 2.81961989402771
4.97862005233765 2.82818007469177
4.99364995956421 2.83675003051758
5.00868988037109 2.84532999992371
5.02375984191895 2.85391998291016
5.03883981704712 2.86251997947693
5.05392980575562 2.8711199760437
5.06903982162476 2.87973999977112
5.08416986465454 2.88836002349854
5.09930992126465 2.89699006080627
5.1144700050354 2.90563011169434
5.1296501159668 2.91427993774414
5.14483976364136 2.92294001579285
5.16004991531372 2.93161010742188
5.17527008056641 2.94028997421265
5.19050979614258 2.948970079422
5.20577001571655 2.95765995979309
5.22103977203369 2.96636009216309
5.23632001876831 2.97506999969482
5.25162982940674 2.98378992080688
5.26694011688232 2.99252009391785
5.28227996826172 3.00126004219055
5.29762983322144 3.00999999046326
5.31299018859863 3.01874995231628
5.32837009429932 3.02750992774963
5.34377002716064 3.03627991676331
5.35917997360229 3.0450599193573
5.37459993362427 3.05384993553162
5.39003992080688 3.06263995170593
5.40549993515015 3.07143998146057
5.42096996307373 3.08025002479553
5.43646001815796 3.08907008171082
5.45196008682251 3.09789991378784
5.46747016906738 3.10672998428345
5.48300981521606 3.1155800819397
5.4985499382019 3.12442994117737
5.51411008834839 3.13329005241394
5.52968978881836 3.14214992523193
5.54527997970581 3.15103006362915
5.56089019775391 3.15990996360779
5.57650995254517 3.16880011558533
5.59214019775391 3.17770004272461
5.60778999328613 3.18660998344421
5.623459815979 3.19552993774414
5.63914012908936 3.20444989204407
5.65482997894287 3.2133800983429
5.67053985595703 3.22232007980347
5.68627023696899 3.23127007484436
5.7020001411438 3.24022006988525
5.71776008605957 3.24919009208679
5.73352003097534 3.25816011428833
5.74931001663208 3.26712989807129
5.76510000228882 3.27611994743347
5.7809100151062 3.28510999679565
5.79674005508423 3.29412007331848
5.81258010864258 3.30312991142273
5.82843017578125 3.31213998794556
5.84429979324341 3.32117009162903
5.86017990112305 3.33019995689392
5.87608003616333 3.33924007415771
5.89199018478394 3.34828996658325
5.90790987014771 3.35734009742737
5.92385005950928 3.36641001701355
5.93980979919434 3.37547993659973
5.95577001571655 3.38456010818481
5.97175979614258 3.39364004135132
5.98775005340576 3.40274000167847
6.00375986099243 3.41183996200562
6.0197901725769 3.42094993591309
6.03582000732422 3.43005990982056
6.0518798828125 3.43918991088867
6.06794023513794 3.44831991195679
6.08402013778687 3.45745992660522
6.10012006759644 3.46659994125366
6.11621999740601 3.47575998306274
6.13234996795654 3.48492002487183
6.14847993850708 3.49409008026123
6.16462993621826 3.50326991081238
6.18079996109009 3.5124499797821
6.19696998596191 3.52164006233215
6.21317005157471 3.53083992004395
6.2293701171875 3.54005002975464
6.24559020996094 3.54925990104675
6.26181983947754 3.55848002433777
6.27806997299194 3.56770992279053
6.29433012008667 3.57694005966187
6.31059980392456 3.58618998527527
6.32688999176025 3.59543991088867
6.34319019317627 3.60469007492065
6.35950994491577 3.6139600276947
6.37584018707275 3.62322998046875
6.3921799659729 3.63250994682312
6.40853977203369 3.64179992675781
6.42491006851196 3.6510899066925
6.4412899017334 3.66039991378784
6.45768976211548 3.66969990730286
6.47410011291504 3.67901992797852
6.49053001403809 3.68833994865417
6.50696992874146 3.69766998291016
6.52341985702515 3.70701003074646
6.53987979888916 3.71636009216309
6.55635976791382 3.72570991516113
6.57285976409912 3.73506999015808
6.58936023712158 3.74444007873535
6.60587978363037 3.75380992889404
6.62241983413696 3.76319003105164
6.63895988464355 3.77257990837097
6.65551996231079 3.78198003768921
6.67210006713867 3.79137992858887
6.68869018554688 3.80079007148743
6.70528984069824 3.81020998954773
6.72189998626709 3.81962990760803
6.73853015899658 3.82907009124756
6.75516986846924 3.83850002288818
6.7718300819397 3.84794998168945
6.78849983215332 3.85739994049072
6.80518007278442 3.86685991287231
6.82186985015869 3.87632989883423
6.83858013153076 3.88580989837646
6.855299949646 3.8952898979187
6.87203979492188 3.90477991104126
6.88879013061523 3.91426992416382
6.90555000305176 3.92377996444702
6.92232990264893 3.93329000473022
6.93911981582642 3.94281005859375
6.95592021942139 3.95233011245728
6.97274017333984 3.96185994148254
6.98957014083862 3.97140002250671
7.00641012191772 3.98095011711121
7.02327013015747 3.99049997329712
7.04014015197754 4.00006008148193
7.05702018737793 4.00963020324707
7.07391977310181 4.01919984817505
7.09082984924316 4.02878999710083
7.10774993896484 4.03837013244629
7.12469005584717 4.04796981811523
7.14164018630981 4.05756998062134
7.15859985351563 4.06718015670776
7.17558002471924 4.07679986953735
7.19257020950317 4.0864200592041
7.20956993103027 4.09605979919434
7.22659015655518 4.10569000244141
7.24361991882324 4.11534023284912
7.26066017150879 4.12498998641968
7.27771997451782 4.13465023040771
7.29478979110718 4.14432001113892
7.31187009811401 4.15398979187012
7.32896995544434 4.1636700630188
7.34607982635498 4.17335987091064
7.36321020126343 4.18305015563965
7.38034009933472 4.19275999069214
7.39749002456665 4.20246982574463
7.41465997695923 4.21218013763428
7.43182992935181 4.22189998626709
7.44902992248535 4.23162984848022
7.4662299156189 4.24137020111084
7.48344993591309 4.25112009048462
7.5006799697876 4.2608699798584
7.51792001724243 4.2706298828125
7.53518009185791 4.2803897857666
7.55245018005371 4.29016017913818
7.56972980499268 4.29994010925293
7.58702993392944 4.309730052948
7.60434007644653 4.31951999664307
7.62166023254395 4.32931995391846
7.63899993896484 4.33912992477417
7.65635013580322 4.34894990921021
7.67371988296509 4.35876989364624
7.69109010696411 4.3685998916626
7.70848989486694 4.37842988967896
7.72589015960693 4.38827991485596
7.74330997467041 4.39812994003296
7.76073980331421 4.40797996520996
7.77818012237549 4.41785001754761
7.79563999176025 4.42772006988525
7.81310987472534 4.43760013580322
7.83059978485107 4.44748020172119
7.84809017181396 4.45736980438232
7.86560010910034 4.46726989746094
7.88313007354736 4.47718000411987
7.90067005157471 4.48709011077881
7.91822004318237 4.49701023101807
7.93578004837036 4.50693988800049
7.95336008071899 4.51687002182007
7.97095012664795 4.52682018280029
7.98856019973755 4.53675985336304
8.00617980957031 4.54672002792358
8.02381038665771 4.55668020248413
8.04144954681396 4.56664991378784
8.05910968780518 4.57663011550903
8.07678031921387 4.58660984039307
8.09447002410889 4.59660005569458
8.11217021942139 4.60659980773926
8.12987995147705 4.61661005020142
8.14760971069336 4.62661981582642
8.16534042358398 4.6366400718689
8.1830997467041 4.64665985107422
8.20086002349854 4.65670013427734
8.21864032745361 4.66673994064331
8.23643970489502 4.67679023742676
8.25424003601074 4.68684005737305
8.27206039428711 4.69689989089966
8.2898998260498 4.70697021484375
8.30774021148682 4.71705007553101
8.32559967041016 4.72712993621826
8.34348011016846 4.73721981048584
8.36135959625244 4.7473201751709
8.37926959991455 4.7574200630188
8.39717960357666 4.76752996444702
8.41510963439941 4.77764987945557
8.43305015563965 4.78776979446411
8.45100021362305 4.79791021347046
8.46897029876709 4.80805015563965
8.4869499206543 4.81819009780884
8.50494956970215 4.82835006713867
8.52295970916748 4.83851003646851
8.54098033905029 4.84867000579834
8.55902004241943 4.85885000228882
8.57707023620605 4.8690299987793
8.59512996673584 4.8792200088501
8.61320972442627 4.88942003250122
8.63129997253418 4.89962005615234
8.64939975738525 4.90983009338379
8.66751956939697 4.92005014419556
8.68564987182617 4.93027019500732
8.70380020141602 4.94050979614258
8.72196006774902 4.95073986053467
8.74013042449951 4.9609899520874
8.75831985473633 4.97124004364014
8.77651023864746 4.98150014877319
8.7947301864624 4.99176979064941
8.81295967102051 5.00204992294312
8.83119964599609 5.01233005523682
8.84945011138916 5.02262020111084
8.86771965026855 5.03290987014771
8.88599967956543 5.04322004318237
8.90429973602295 5.05353021621704
8.92259979248047 5.06384992599487
8.94093036651611 5.07417011260986
8.95925998687744 5.08449983596802
8.97760963439941 5.09484004974365
8.99598026275635 5.10518980026245
9.01436042785645 5.11554002761841
9.03275012969971 5.12589979171753
9.05115032196045 5.13627004623413
9.06956958770752 5.1466498374939
9.08800029754639 5.15703010559082
9.10645008087158 5.16741991043091
9.12491035461426 5.17781019210815
9.14338970184326 5.18822002410889
9.16187000274658 5.19862985610962
9.18037986755371 5.20905017852783
9.19888973236084 5.21947002410889
9.21741962432861 5.22990989685059
9.23596954345703 5.24034976959229
9.25452041625977 5.25079011917114
9.27309036254883 5.26125001907349
9.29168033599854 5.27170991897583
9.31027984619141 5.2821798324585
9.32888984680176 5.29265022277832
9.34751987457275 5.30314016342163
9.36616039276123 5.31363010406494
9.38481044769287 5.32413005828857
9.40347957611084 5.33463001251221
9.42216014862061 5.34513998031616
9.4408597946167 5.35565996170044
9.45956993103027 5.36618995666504
9.47828960418701 5.37671995162964
9.49703025817871 5.38726997375488
9.51578998565674 5.3978099822998
9.53454971313477 5.40837001800537
9.55333042144775 5.41893005371094
9.57213020324707 5.42950010299683
9.59092998504639 5.44008016586304
9.60976028442383 5.45066976547241
9.62858963012695 5.46125984191895
9.64743995666504 5.4718599319458
9.66631031036377 5.48247003555298
9.68519020080566 5.49308013916016
9.70407962799072 5.5036997795105
9.72299003601074 5.51432991027832
9.74190998077393 5.52497005462646
9.76084041595459 5.53561019897461
9.77978992462158 5.54625988006592
9.79876041412354 5.55692005157471
9.81772994995117 5.56759023666382
9.83672046661377 5.57825994491577
9.8557300567627 5.58894014358521
9.8747501373291 5.5996298789978
9.89377975463867 5.61033010482788
9.9128303527832 5.6210298538208
9.93190002441406 5.6317400932312
9.95096969604492 5.64245986938477
9.97006034851074 5.65318012237549
9.98917007446289 5.66390991210938
10.0082998275757 5.67465019226074
