0.90785801410675 0.393747985363007
0.905873000621796 0.392794013023376
0.903895020484924 0.391842991113663
0.901925027370453 0.390895992517471
0.899963021278381 0.389952003955841
0.898007988929749 0.389012008905411
0.89606100320816 0.388074994087219
0.89411997795105 0.38714200258255
0.892188012599945 0.386213004589081
0.890262007713318 0.385286003351212
0.888343989849091 0.384362995624542
0.886433005332947 0.383444011211395
0.884528994560242 0.382528007030487
0.88263201713562 0.38161501288414
0.880742013454437 0.380706012248993
0.878858983516693 0.379799991846085
0.876982986927032 0.37889701128006
0.875114023685455 0.377997994422913
0.873251974582672 0.377101987600327
0.871397018432617 0.376208990812302
0.869548976421356 0.375319004058838
0.867707014083862 0.374433010816574
0.865872025489807 0.373549997806549
0.864044010639191 0.372669994831085
0.862223029136658 0.371793001890182
0.860408008098602 0.370918989181519
0.85860002040863 0.370047986507416
0.856797993183136 0.369181007146835
0.855002999305725 0.368315994739532
0.853214979171753 0.367455005645752
0.851432025432587 0.36659699678421
0.849656999111176 0.365741014480591
0.847886979579926 0.364888995885849
0.846123993396759 0.364039987325668
0.844367027282715 0.363193988800049
0.842616975307465 0.362349987030029
0.840873003005981 0.361510008573532
0.839134991168976 0.360673010349274
0.837402999401093 0.359838008880615
0.835677027702332 0.359005987644196
0.833957016468048 0.358177989721298
0.832243978977203 0.357351988554001
0.830536007881165 0.356528997421265
0.828835010528564 0.355708986520767
0.827139019966125 0.354891002178192
0.825448989868164 0.354077011346817
0.823764979839325 0.353264987468719
0.822086989879608 0.352456003427505
0.820415019989014 0.35164999961853
0.818749010562897 0.350847005844116
0.817089021205902 0.350046008825302
0.815433979034424 0.349247992038727
0.813785016536713 0.348452985286713
0.812141001224518 0.347660005092621
0.810503005981445 0.346870005130768
0.80887097120285 0.346082985401154
0.807244002819061 0.345297992229462
0.80562299489975 0.344516009092331
0.804008007049561 0.343737006187439
0.802398025989532 0.342960000038147
0.800792992115021 0.342184990644455
0.799193978309631 0.341414004564285
0.797599971294403 0.340644985437393
0.796011984348297 0.339877992868423
0.794429004192352 0.339114010334015
0.792850971221924 0.338351994752884
0.791278004646301 0.337592989206314
0.789710998535156 0.336836993694305
0.788148999214172 0.336082011461258
0.78659200668335 0.335330992937088
0.785040020942688 0.33458200097084
0.783493995666504 0.333835005760193
0.781952023506165 0.333090007305145
0.780416011810303 0.332347989082336
0.778885006904602 0.331609010696411
0.777359008789063 0.330870985984802
0.775837004184723 0.330137014389038
0.774321019649506 0.32940399646759
0.772809982299805 0.328673988580704
0.771302998065948 0.32794600725174
0.76980197429657 0.327219992876053
0.768305003643036 0.326496988534927
0.766812980175018 0.325776010751724
0.765326023101807 0.32505801320076
0.763844013214111 0.324340999126434
0.762365996837616 0.32362699508667
0.760892987251282 0.322914987802505
0.759424984455109 0.322205007076263
0.757961988449097 0.32149800658226
0.756502985954285 0.320791989564896
0.755048990249634 0.320089012384415
0.753600001335144 0.319388002157211
0.752155005931854 0.318688988685608
0.750715017318726 0.317992985248566
0.749279022216797 0.317297995090485
0.747847020626068 0.316605985164642
0.746420979499817 0.315916001796722
0.744997978210449 0.315227001905441
0.743579983711243 0.314541012048721
0.742166996002197 0.313856989145279
0.740758001804352 0.31317600607872
0.739353001117706 0.3124960064888
0.737953007221222 0.31181800365448
0.736557006835938 0.31114199757576
0.735164999961853 0.31046798825264
0.733776986598969 0.309796988964081
0.732393980026245 0.309127002954483
0.731015026569366 0.308459013700485
0.729640007019043 0.307792991399765
0.728269994258881 0.307130008935928
0.726903021335602 0.30646800994873
0.725540995597839 0.305808007717133
0.724183022975922 0.305150002241135
0.722828984260559 0.304493993520737
0.721478998661041 0.303840011358261
0.720133006572723 0.303187996149063
0.718791007995605 0.302536994218826
0.717453002929688 0.301889002323151
0.716118991374969 0.301241993904114
0.714788973331451 0.300597995519638
0.713463008403778 0.299955010414124
0.71214097738266 0.299313992261887
0.710821986198425 0.298675000667572
0.709508001804352 0.298036992549896
0.708196997642517 0.297401994466782
0.706891000270844 0.296768009662628
0.705587983131409 0.296135991811752
0.704289019107819 0.295506000518799
0.702993988990784 0.294878005981445
0.701701998710632 0.294250994920731
0.700414001941681 0.293626010417938
0.699129998683929 0.293002992868423
0.697849988937378 0.292382001876831
0.69657301902771 0.291761994361877
0.695299983024597 0.291144013404846
0.694031000137329 0.290527999401093
0.6927649974823 0.289914011955261
0.69150298833847 0.289301007986069
0.690244019031525 0.288690000772476
0.688988983631134 0.288080006837845
0.687736988067627 0.287472009658813
0.68648898601532 0.286866009235382
0.685244977474213 0.286262005567551
0.684004008769989 0.285658985376358
0.682766020298004 0.285057008266449
0.681532025337219 0.284458011388779
0.680301010608673 0.283859997987747
0.679073989391327 0.283262997865677
0.677850008010864 0.282667994499207
0.67662900686264 0.282074987888336
0.675411999225616 0.281482994556427
0.674197971820831 0.280892997980118
0.672987997531891 0.28030401468277
0.671779990196228 0.279716998338699
0.670575976371765 0.279132008552551
0.669376015663147 0.278548002243042
0.668178021907806 0.277965009212494
0.666984021663666 0.277384012937546
0.665793001651764 0.276805013418198
0.664605021476746 0.276226013898849
0.663420021533966 0.27564999461174
0.662238001823425 0.275074988603592
0.661059975624084 0.274500995874405
0.659884989261627 0.273928999900818
0.658712029457092 0.27335798740387
0.657543003559113 0.272789001464844
0.656377017498016 0.272220999002457
0.655214011669159 0.27165499329567
0.65405398607254 0.271088987588882
0.652897000312805 0.270525991916656
0.651742994785309 0.269964009523392
0.650592029094696 0.269403010606766
0.649442970752716 0.268842995166779
0.648298025131226 0.268285006284714
0.647156000137329 0.267728000879288
0.646017014980316 0.267172992229462
0.644879996776581 0.266618996858597
0.643746018409729 0.266066014766693
0.642615973949432 0.265513986349106
0.641488015651703 0.264964014291763
0.640362977981567 0.264416009187698
0.639240026473999 0.263868004083633
0.638121008872986 0.263321995735168
0.637004017829895 0.262777000665665
0.635890007019043 0.2622329890728
0.63477897644043 0.261691004037857
0.633669972419739 0.261150002479553
0.632564008235931 0.260610014200211
0.631461024284363 0.260071009397507
0.630360007286072 0.259534001350403
0.629262983798981 0.25899800658226
0.628166973590851 0.258462995290756
0.627075016498566 0.257928997278214
0.625985026359558 0.257396012544632
0.624897003173828 0.256864994764328
0.623812019824982 0.256334990262985
0.622730016708374 0.255805999040604
0.621649980545044 0.255277991294861
0.620572984218597 0.254750996828079
0.619498014450073 0.254225999116898
0.618426024913788 0.253701001405716
0.61735600233078 0.253178000450134
0.616289019584656 0.252656012773514
0.615224003791809 0.252135008573532
0.614161014556885 0.251614987850189
0.613101005554199 0.25109601020813
0.612043023109436 0.250577986240387
0.610988020896912 0.250061988830566
0.609934985637665 0.249546006321907
0.60888397693634 0.249032005667686
0.607836008071899 0.248518005013466
0.606790006160736 0.248006001114845
0.60574597120285 0.247494995594025
0.604704976081848 0.246984004974365
0.603664994239807 0.246474996209145
0.602627992630005 0.245967000722885
0.601593971252441 0.245460003614426
0.600561022758484 0.244953006505966
0.59953099489212 0.244448006153107
0.598501980304718 0.243944004178047
0.597476005554199 0.243441000580788
0.596451997756958 0.242937996983528
0.5954310297966 0.24243700504303
0.594411015510559 0.24193699657917
0.59339302778244 0.241437003016472
0.59237802028656 0.240939006209373
0.591364026069641 0.240440994501114
0.590351998806 0.239943996071815
0.589343011379242 0.239448994398117
0.588334977626801 0.238953992724419
0.587329983711243 0.238460004329681
0.586326003074646 0.237966999411583
0.585325002670288 0.237473994493484
0.584325015544891 0.236983001232147
0.583326995372772 0.23649300634861
0.582331001758575 0.236002996563911
0.581336975097656 0.235514000058174
0.580344974994659 0.235026001930237
0.579355001449585 0.234539002180099
0.578365981578827 0.234052002429962
0.577380001544952 0.233566999435425
0.576394975185394 0.233081996440887
0.575411021709442 0.232598006725311
0.574429988861084 0.232115000486374
0.573450028896332 0.231631994247437
0.572471976280212 0.23115000128746
0.57149600982666 0.230669006705284
0.570520997047424 0.230188995599747
0.569548010826111 0.22970999777317
0.568576991558075 0.229230999946594
0.567606985569 0.228752002120018
0.566639006137848 0.228275001049042
0.565671980381012 0.227797999978065
0.564706981182098 0.227321997284889
0.563742995262146 0.226846992969513
0.562780976295471 0.226372003555298
0.561819970607758 0.225896999239922
0.560860991477966 0.225424006581306
0.559903025627136 0.22495099902153
0.558947026729584 0.224479004740715
0.557991981506348 0.224006995558739
0.557039022445679 0.223535001277924
0.556086003780365 0.223065003752708
0.555135011672974 0.222595006227493
0.55418598651886 0.222124993801117
0.553237020969391 0.221655994653702
0.552290022373199 0.221186995506287
0.551343977451324 0.220718994736671
0.550400018692017 0.220252007246017
0.549456000328064 0.219785004854202
0.548514008522034 0.219318002462387
0.547572016716003 0.218851998448372
0.546631991863251 0.218385994434357
0.545692980289459 0.217921003699303
0.544754981994629 0.217455998063087
0.54381799697876 0.216991007328033
0.542882025241852 0.216527000069618
0.54194700717926 0.216062992811203
0.54101300239563 0.215599998831749
0.540078997612 0.215137004852295
0.539147019386292 0.21467399597168
0.538214981555939 0.214211001992226
0.537284016609192 0.213749006390572
0.536354005336761 0.213286995887756
0.535425007343292 0.212825000286102
0.534496009349823 0.212364003062248
0.533568024635315 0.211901992559433
0.532640993595123 0.211440995335579
0.531714022159576 0.210979998111725
0.530786991119385 0.210519000887871
0.529861986637115 0.210058003664017
0.52893602848053 0.209597006440163
0.52801102399826 0.209136992692947
0.527086973190308 0.208675995469093
0.526162028312683 0.208215996623039
0.52523797750473 0.207754999399185
0.524314999580383 0.207294002175331
0.523391008377075 0.206834003329277
0.522467970848083 0.206373006105423
0.521543979644775 0.205911993980408
0.520621001720428 0.205450996756554
0.519698023796082 0.2049899995327
0.518773972988129 0.204529002308846
0.517850995063782 0.204067006707191
0.516927003860474 0.203605994582176
0.516003012657166 0.203143000602722
0.515079021453857 0.202681005001068
0.514154016971588 0.202217996120453
0.513229012489319 0.201755002140999
0.512302994728088 0.201291993260384
0.511376023292542 0.20082700252533
0.51044899225235 0.200362995266914
0.509521007537842 0.19989800453186
0.508593022823334 0.199432000517845
0.507663011550903 0.19896499812603
0.506731986999512 0.198497995734215
0.505800008773804 0.1980299949646
0.504867017269135 0.197560995817184
0.503931999206543 0.197091996669769
0.502996027469635 0.196621000766754
0.502058982849121 0.196149006485939
0.501119017601013 0.195676997303963
0.500177979469299 0.195203006267548
0.49923500418663 0.194728001952171
0.498288989067078 0.194251000881195
0.497341990470886 0.193773999810219
0.496390998363495 0.193294003605843
0.495438992977142 0.192814007401466
0.49448299407959 0.192331001162529
0.493523985147476 0.191846996545792
0.492561995983124 0.191360995173454
0.49159699678421 0.190871998667717
0.490626990795135 0.19038200378418
0.489654004573822 0.189888998866081
0.488676995038986 0.189393997192383
0.487695008516312 0.188896998763084
0.486707985401154 0.188396006822586
0.485715985298157 0.187893003225327
0.48471799492836 0.187386006116867
0.483714014291763 0.186875998973846
0.482704013586044 0.186362996697426
0.481687009334564 0.185846000909805
0.480663001537323 0.185323998332024
0.479629993438721 0.184798002243042
0.478588998317719 0.184266999363899
0.477539002895355 0.183731004595757
0.47647899389267 0.183190003037453
0.475407004356384 0.182641997933388
0.474323987960815 0.182088002562523
0.473228007555008 0.181527003645897
0.472119003534317 0.18095900118351
0.470993995666504 0.180381998419762
0.469853013753891 0.179795995354652
0.468694001436234 0.179199993610382
0.467514991760254 0.178593993186951
0.466315001249313 0.177975997328758
0.465092986822128 0.177344992756844
0.463845998048782 0.176700994372368
0.462574005126953 0.176043003797531
0.461275011301041 0.175371006131172
0.459951013326645 0.174684002995491
0.458604991436005 0.173984006047249
0.457244992256165 0.173276007175446
0.455882012844086 0.172564998269081
0.454535990953445 0.171862006187439
0.453231990337372 0.171178996562958
0.451994001865387 0.170528993010521
0.450841993093491 0.16992299258709
0.449788004159927 0.169367000460625
0.448834002017975 0.168862998485565
0.447973996400833 0.168406993150711
0.447201013565063 0.167997002601624
0.44650599360466 0.16762800514698
0.445879995822906 0.16729499399662
0.445315003395081 0.166993007063866
0.44480299949646 0.166719004511833
0.444337993860245 0.166471004486084
0.443915009498596 0.166244000196457
0.44352999329567 0.166036993265152
0.443177998065948 0.16584800183773
0.442856997251511 0.16567499935627
0.442562997341156 0.165517002344131
0.442294001579285 0.165371000766754
0.442048013210297 0.165237993001938
0.441821992397308 0.165115997195244
0.441615998744965 0.165004000067711
0.441428005695343 0.164902001619339
0.441255986690521 0.164808005094528
0.441098988056183 0.164722993969917
0.440957009792328 0.164645999670029
0.440827995538712 0.16457499563694
0.440710991621017 0.164511993527412
0.440607011318207 0.164453998208046
0.440513014793396 0.164403006434441
0.440429985523224 0.164358004927635
0.440356999635696 0.16431799530983
0.440293997526169 0.164283007383347
0.440239012241364 0.164252996444702
0.440192997455597 0.164226993918419
0.440154999494553 0.164205998182297
0.440124988555908 0.164189994335175
0.440102010965347 0.164177000522614
0.440086007118225 0.164168000221252
0.440077006816864 0.164162993431091
0.440075010061264 0.164161995053291
0.440075010061264 0.164161995053291
0.440079987049103 0.164165005087852
0.440091013908386 0.164170995354652
0.440106987953186 0.164179995656013
0.440129011869431 0.164192005991936
0.440156996250153 0.164207994937897
0.440189987421036 0.164225995540619
0.440227001905441 0.164247006177902
0.440270006656647 0.164270997047424
0.440317988395691 0.164296999573708
0.440369009971619 0.164325997233391
0.440425992012024 0.164358004927635
0.440486997365952 0.164391994476318
0.44055101275444 0.164427995681763
0.440620005130768 0.164467006921768
0.440692991018295 0.164508000016212
0.440770000219345 0.164551004767418
0.440851002931595 0.164597004652023
0.440934985876083 0.164644002914429
0.441022008657455 0.164693996310234
0.441114008426666 0.164745002985001
0.441208004951477 0.164799004793167
0.441305994987488 0.164854004979134
0.441408008337021 0.1649110019207
0.441511988639832 0.164970993995667
0.441619992256165 0.165031999349594
0.441729992628098 0.165094003081322
0.44184398651123 0.165159001946449
0.441960006952286 0.165224999189377
0.442079991102219 0.165292993187904
0.442202001810074 0.165362998843193
0.442326992750168 0.165434002876282
0.442454993724823 0.16550700366497
0.442584991455078 0.165581002831459
0.442717999219894 0.165656998753548
0.442853003740311 0.165735006332397
0.442992001771927 0.165813997387886
0.443132013082504 0.165895000100136
0.44327500462532 0.165977001190186
0.443421006202698 0.166060000658035
0.443569004535675 0.166144996881485
0.443718999624252 0.166231006383896
0.44387099146843 0.166318997740746
0.444025993347168 0.166408002376556
0.444182991981506 0.166499003767967
0.444343000650406 0.166591003537178
0.444503992795944 0.166684001684189
0.444667994976044 0.1667789965868
0.444833993911743 0.166874006390572
0.445001006126404 0.166971996426582
0.445170998573303 0.167070001363754
0.445342987775803 0.167170003056526
0.445517003536224 0.167271003127098
0.445692986249924 0.16737300157547
0.445870995521545 0.167475998401642
0.446051001548767 0.167581006884575
0.446233004331589 0.167686998844147
0.44641700387001 0.16779400408268
0.446603000164032 0.167901992797852
0.446790993213654 0.168011993169785
0.446979999542236 0.168123006820679
0.447171986103058 0.168234005570412
0.447364985942841 0.168347001075745
0.447560012340546 0.168461993336678
0.447757005691528 0.168577000498772
0.447955012321472 0.168693006038666
0.448155999183655 0.168810993432999
0.448357999324799 0.168928995728493
0.448561996221542 0.169048994779587
0.448767006397247 0.169170007109642
0.448974996805191 0.169292002916336
0.449184000492096 0.16941499710083
0.44939398765564 0.169539004564285
0.449607014656067 0.169664993882179
0.449820995330811 0.169790998101234
0.450035989284515 0.16991899907589
0.450253993272781 0.170047000050545
0.450473010540009 0.1701769977808
0.450693011283875 0.170306995511055
0.45091500878334 0.170439004898071
0.451139003038406 0.170571997761726
0.451364994049072 0.170705005526543
0.451591998338699 0.170839995145798
0.451819986104965 0.170975998044014
0.452050000429153 0.17111299932003
0.452282011508942 0.171250998973846
0.452515006065369 0.171389997005463
0.452749997377396 0.171529993414879
0.452986001968384 0.171671003103256
0.453224003314972 0.171812996268272
0.453462988138199 0.17195600271225
0.453703999519348 0.172099992632866
0.453945994377136 0.172244995832443
0.454189985990524 0.172390997409821
0.454436004161835 0.172537997364998
0.454681992530823 0.172685995697975
0.454930990934372 0.172835007309914
0.455181002616882 0.172985002398491
0.455431997776031 0.173135995864868
0.455684989690781 0.173288002610207
0.455938994884491 0.173442006111145
0.456194013357162 0.173595994710922
0.456450998783112 0.173750996589661
0.456710010766983 0.173906996846199
0.456970006227493 0.174063995480537
0.457230985164642 0.174222007393837
0.457493990659714 0.174381002783775
0.457758992910385 0.174540996551514
0.458023995161057 0.174702003598213
0.458290994167328 0.174863994121552
0.458559989929199 0.175026997923851
0.458829998970032 0.175191000103951
0.459100991487503 0.17535500228405
0.459374010562897 0.175521001219749
0.459648013114929 0.175687998533249
0.459924012422562 0.175855994224548
0.460200995206833 0.176025003194809
0.460478991270065 0.176194995641708
0.46075901389122 0.176365002989769
0.461039990186691 0.17653700709343
0.461322993040085 0.176709994673729
0.46160700917244 0.17688399553299
0.461892008781433 0.17705799639225
0.462179005146027 0.177233994007111
0.462467014789581 0.177411004900932
0.462756991386414 0.177588000893593
0.463048011064529 0.177766993641853
0.463340014219284 0.177946999669075
0.463634014129639 0.178127005696297
0.463928997516632 0.178308993577957
0.464224994182587 0.178490996360779
0.464522987604141 0.1786749958992
0.464821994304657 0.178858995437622
0.465122997760773 0.179045006632805
0.46542501449585 0.179231002926826
0.465728014707565 0.179418995976448
0.466033011674881 0.179607003927231
0.466338992118835 0.179796993732452
0.466646999120712 0.179986998438835
0.466955006122589 0.180178999900818
0.467265993356705 0.180371001362801
0.467577010393143 0.180564999580383
0.467889994382858 0.180758997797966
0.468205004930496 0.180954992771149
0.468519985675812 0.181151002645493
0.468838006258011 0.181348994374275
0.469155997037888 0.181547001004219
0.469476014375687 0.181747004389763
0.469796985387802 0.181946992874146
0.470120012760162 0.182148993015289
0.470443993806839 0.182350993156433
0.470768988132477 0.182555004954338
0.471096009016037 0.182759001851082
0.471424013376236 0.182964995503426
0.471754014492035 0.183171004056931
0.472084999084473 0.183378994464874
0.472416996955872 0.183586999773979
0.47275099158287 0.183797001838684
0.473085999488831 0.184008002281189
0.473421990871429 0.184219002723694
0.473760008811951 0.184431999921799
0.474099010229111 0.184645995497704
0.474440008401871 0.18486100435257
0.47478199005127 0.185075998306274
0.475125014781952 0.18529300391674
0.475470006465912 0.185510993003845
0.475816994905472 0.185729995369911
0.476164013147354 0.185949996113777
0.476512998342514 0.186170995235443
0.476864010095596 0.186392992734909
0.477216005325317 0.186616003513336
0.477569013834 0.186840996146202
0.477923989295959 0.187066003680229
0.478280007839203 0.187291994690895
0.478637009859085 0.187519997358322
0.478996008634567 0.187748000025749
0.479357004165649 0.187977999448776
0.479719012975693 0.188208997249603
0.480082005262375 0.18843999505043
0.480446994304657 0.188673004508018
0.4808129966259 0.188906997442245
0.481180012226105 0.189142003655434
0.481548994779587 0.189377993345261
0.481920003890991 0.189614996314049
0.482291996479034 0.189853996038437
0.482665002346039 0.190092995762825
0.483040004968643 0.190334007143974
0.483415991067886 0.190575003623962
0.483794003725052 0.19081799685955
0.484172999858856 0.1910620033741
0.48455399274826 0.191306993365288
0.484935998916626 0.191552996635437
0.48531898856163 0.191799998283386
0.485704988241196 0.192048996686935
0.486090987920761 0.192297995090485
0.486479014158249 0.192549005150795
0.486869007349014 0.192800998687744
0.487260013818741 0.193053007125854
0.487652003765106 0.193307995796204
0.488045990467072 0.193562999367714
0.488442003726959 0.193819001317024
0.488839000463486 0.194077000021935
0.489237993955612 0.194335997104645
0.4896380007267 0.194595992565155
0.490038990974426 0.194857001304626
0.490442007780075 0.195118993520737
0.490846991539001 0.195382997393608
0.491252988576889 0.195647001266479
0.491661012172699 0.195913001894951
0.492069989442825 0.196180000901222
0.492480993270874 0.196448996663094
0.492893010377884 0.196718007326126
0.493306994438171 0.196988999843597
0.493723005056381 0.19726100564003
0.49413999915123 0.197533994913101
0.49455800652504 0.197807997465134
0.494978994131088 0.198083996772766
0.495400011539459 0.198360994458199
0.495824009180069 0.198639005422592
0.496248990297318 0.198917999863625
0.49667501449585 0.199199005961418
0.497103005647659 0.199480995535851
0.497532993555069 0.199763998389244
0.497965008020401 0.200047999620438
0.498398005962372 0.200333997607231
0.498831987380981 0.200620993971825
0.499267995357513 0.200909003615379
0.499706000089645 0.201198995113373
0.500145971775055 0.201489999890327
0.500586986541748 0.201782003045082
0.501030027866364 0.202076002955437
0.501474022865295 0.202370002865791
0.501919984817505 0.202665999531746
0.502367973327637 0.2029639929533
0.502817988395691 0.203262999653816
0.503269016742706 0.203563004732132
0.503722012042999 0.203863993287086
0.504176020622253 0.204166993498802
0.504631996154785 0.204471006989479
0.505089998245239 0.204777002334595
0.505550026893616 0.20508399605751
0.506011009216309 0.205392003059387
0.506474018096924 0.205700993537903
0.506938993930817 0.20601199567318
0.507405996322632 0.206324994564056
0.507874011993408 0.206639006733894
0.508343994617462 0.206954002380371
0.508816003799438 0.207270994782448
0.509289026260376 0.207589000463486
0.509764015674591 0.207908004522324
0.510241985321045 0.208229005336761
0.510720014572144 0.208551004528999
0.511201024055481 0.208875000476837
0.511682987213135 0.209199994802475
0.512167990207672 0.209527000784874
0.512654006481171 0.209855005145073
0.513141989707947 0.210185006260872
0.513630986213684 0.210516005754471
0.514123022556305 0.21084900200367
0.514616012573242 0.211182996630669
0.515111982822418 0.211518004536629
0.5156090259552 0.211854994297028
0.516107976436615 0.212193995714188
0.516607999801636 0.212533995509148
0.517111003398895 0.212876006960869
0.517615973949432 0.213219001889229
0.518122017383575 0.213563993573189
0.518630981445313 0.21390999853611
0.519141018390656 0.214258000254631
0.519653022289276 0.214607000350952
0.520166993141174 0.214957997202873
0.520682990550995 0.215311005711555
0.521201014518738 0.215664997696877
0.521721005439758 0.216021001338959
0.522243022918701 0.216378003358841
0.522767007350922 0.216737002134323
0.523293018341064 0.217097997665405
0.523820996284485 0.217460006475449
0.524351000785828 0.217823997139931
0.524882018566132 0.218189999461174
0.525416016578674 0.218557000160217
0.525951981544495 0.218925997614861
0.526489973068237 0.219295993447304
0.527029991149902 0.219668999314308
0.527571976184845 0.220042005181313
0.52811598777771 0.220418006181717
0.528662025928497 0.220795005559921
0.529209971427917 0.221174001693726
0.529761016368866 0.22155499458313
0.530313014984131 0.221937999129295
0.530867993831635 0.222322002053261
0.531423985958099 0.222708001732826
0.531983017921448 0.223095998167992
0.532544016838074 0.223484992980957
0.533106982707977 0.223876997828484
0.533671975135803 0.22427000105381
0.534238994121552 0.224665001034737
0.534808993339539 0.225061997771263
0.535381019115448 0.22545999288559
0.535955011844635 0.225860998034477
0.5365309715271 0.226263001561165
0.537109017372131 0.226667001843452
0.537689983844757 0.22707299888134
0.538272023200989 0.227480992674828
0.538856983184814 0.227890998125076
0.539444983005524 0.228302001953125
0.540033996105194 0.228716000914574
0.540625989437103 0.229130998253822
0.541220009326935 0.229549005627632
0.541817009449005 0.229967996478081
0.542415976524353 0.230388998985291
0.543017029762268 0.2308119982481
0.543619990348816 0.23123799264431
0.544225990772247 0.231665000319481
0.544834017753601 0.232094004750252
0.545445024967194 0.232525005936623
0.546057999134064 0.232958003878593
0.546672999858856 0.233392998576164
0.547290980815887 0.233831003308296
0.547910988330841 0.234270006418228
0.548533022403717 0.23471100628376
0.549157977104187 0.235155001282692
0.549785971641541 0.235599994659424
0.550415992736816 0.236047998070717
0.55104798078537 0.23649699985981
0.551683008670807 0.236948996782303
0.552321016788483 0.237403005361557
0.552960991859436 0.23785899579525
0.553602993488312 0.238317996263504
0.554247975349426 0.238777995109558
0.554895997047424 0.239241003990173
0.5555459856987 0.239704996347427
0.556199014186859 0.240171998739243
0.556854009628296 0.240641996264458
0.557512998580933 0.241113007068634
0.558173000812531 0.241586998105049
0.558836996555328 0.242063000798225
0.559502005577087 0.242541000247002
0.560171008110046 0.243021994829178
0.560842990875244 0.243504002690315
0.561517000198364 0.243990004062653
0.562192976474762 0.24447700381279
0.562873005867004 0.244966998696327
0.563555002212524 0.245459005236626
0.564239978790283 0.245954006910324
0.564927995204926 0.246451005339622
0.565618991851807 0.246950000524521
0.56631201505661 0.24745200574398
0.567008018493652 0.247955992817879
0.567707002162933 0.248462006449699
0.568409025669098 0.248971998691559
0.569114029407501 0.249483004212379
0.569822013378143 0.2499970048666
0.570532023906708 0.250514000654221
0.571246027946472 0.251033008098602
0.571961998939514 0.251554995775223
0.572682023048401 0.252079010009766
0.573404014110565 0.252604991197586
0.574128985404968 0.253134995698929
0.574858009815216 0.253666996955872
0.575589001178741 0.254200994968414
0.576323986053467 0.254738003015518
0.577060997486115 0.255277991294861
0.577802002429962 0.255820989608765
0.578544974327087 0.256366014480591
0.579291999340057 0.256913989782333
0.580042004585266 0.257465004920959
0.580794990062714 0.258017987012863
0.581551015377045 0.25857400894165
0.582310020923615 0.259133011102676
0.583073019981384 0.259694010019302
0.583838999271393 0.260259002447128
0.584608018398285 0.260825991630554
0.585380017757416 0.261395990848541
0.586154997348785 0.261969000101089
0.586933970451355 0.262544989585876
0.587715983390808 0.263123989105225
0.588501989841461 0.263705998659134
0.589290976524353 0.264290004968643
0.590083003044128 0.264878004789352
0.590879023075104 0.265468001365662
0.591678023338318 0.266061991453171
0.592480003833771 0.266658008098602
0.593285977840424 0.267257988452911
0.59409499168396 0.267861008644104
0.594907999038696 0.268465995788574
0.595723986625671 0.269075006246567
0.596544027328491 0.269686996936798
0.597368001937866 0.270301997661591
0.598195016384125 0.270920008420944
0.599026024341583 0.271542012691498
0.599860012531281 0.272166013717651
0.600697994232178 0.272794008255005
0.601539015769958 0.27342501282692
0.602384984493256 0.274058997631073
0.603233993053436 0.274697005748749
0.604085981845856 0.275337994098663
0.604942977428436 0.275981992483139
0.6058030128479 0.276630014181137
0.60666698217392 0.277280002832413
0.607535004615784 0.277934998273849
0.608407020568848 0.278593003749847
0.609282970428467 0.279253989458084
0.610162019729614 0.279917985200882
0.611046016216278 0.280586987733841
0.611932992935181 0.2812579870224
0.612824976444244 0.281933009624481
0.613719999790192 0.28261199593544
0.614619970321655 0.283295005559921
0.615522980690002 0.283980995416641
0.616430997848511 0.284669995307922
0.617341995239258 0.285362988710403
0.618257999420166 0.286060005426407
0.619177997112274 0.286760985851288
0.620101988315582 0.287465006113052
0.621030986309052 0.288174003362656
0.621963024139404 0.28888601064682
0.622900009155273 0.289600998163223
0.623842000961304 0.290320992469788
0.624786972999573 0.291043996810913
0.625737011432648 0.2917720079422
0.626690983772278 0.292502999305725
0.627650022506714 0.293238997459412
0.628612995147705 0.293978005647659
0.629580974578857 0.294721007347107
0.630553007125854 0.295468002557755
0.631528973579407 0.296220004558563
0.632511019706726 0.296974986791611
0.633495986461639 0.297735005617142
0.634486973285675 0.29849898815155
0.635482013225555 0.299266993999481
0.636480987071991 0.300038993358612
0.637485980987549 0.300814986228943
0.638495028018951 0.301595985889435
0.63950902223587 0.302381008863449
0.64052802324295 0.303169995546341
0.64155101776123 0.303963989019394
0.642579972743988 0.304762005805969
0.64361298084259 0.305564999580383
0.644650995731354 0.306371986865997
0.645694971084595 0.307184010744095
0.64674299955368 0.30799999833107
0.647795975208282 0.308820009231567
0.648854970932007 0.309646010398865
0.649918019771576 0.310476005077362
0.650987029075623 0.311309993267059
0.652060985565186 0.312148988246918
0.653140008449554 0.312992990016937
0.65422397851944 0.313841998577118
0.655314028263092 0.31469601392746
0.656409025192261 0.315553992986679
0.657509028911591 0.316417992115021
0.658614993095398 0.317286014556885
0.659726023674011 0.318159013986588
0.660843014717102 0.31903800368309
0.661965012550354 0.319920986890793
0.663092970848083 0.320809006690979
0.664225995540619 0.321702986955643
0.665364980697632 0.322600990533829
0.666508972644806 0.323505014181137
0.667659997940063 0.324414014816284
0.668815970420837 0.325329005718231
0.669978022575378 0.326247990131378
0.671145021915436 0.327172994613647
0.672318994998932 0.328103989362717
0.67349898815155 0.329039007425308
0.67468398809433 0.329980999231339
0.675876021385193 0.330927014350891
0.677073001861572 0.331880003213882
0.678277015686035 0.332837998867035
0.679486989974976 0.333801001310349
0.680702984333038 0.334771007299423
0.681924998760223 0.335745990276337
0.683153986930847 0.336726009845734
0.684387981891632 0.337713003158569
0.685630023479462 0.338705986738205
0.686877012252808 0.339704006910324
0.688130974769592 0.340707987546921
0.68939197063446 0.341719001531601
0.690658986568451 0.34273499250412
0.69193297624588 0.3437579870224
0.693212985992432 0.344787001609802
0.694500982761383 0.345822006464005
0.695794999599457 0.346863001585007
0.697094976902008 0.347909986972809
0.698403000831604 0.348964005708694
0.699716985225677 0.35002401471138
0.701039016246796 0.351090997457504
0.702367007732391 0.352164000272751
0.703702986240387 0.353244006633759
0.705045998096466 0.354330986738205
0.706395983695984 0.355423986911774
0.707753002643585 0.356523007154465
0.709116995334625 0.357630014419556
0.710488975048065 0.358743011951447
0.711867988109589 0.359863996505737
0.713254988193512 0.36099100112915
0.714649021625519 0.362125009298325
0.716050982475281 0.363265991210938
0.717459976673126 0.364414989948273
0.718877017498016 0.36557000875473
0.720301985740662 0.366733014583588
0.72173398733139 0.367902994155884
0.72317498922348 0.369080990552902
0.724623024463654 0.370265990495682
0.726080000400543 0.371457993984222
0.727544009685516 0.372658014297485
0.729017019271851 0.373865991830826
0.730498015880585 0.37508100271225
0.731986999511719 0.376304000616074
0.733484029769897 0.377534002065659
0.734990000724792 0.378773003816605
0.736504018306732 0.380019009113312
0.738026976585388 0.38127401471138
0.739557981491089 0.382535994052887
0.741097986698151 0.383807003498077
0.742646992206573 0.385085999965668
0.744203984737396 0.38637301325798
0.745770990848541 0.387668013572693
0.747345983982086 0.388972014188766
0.748929977416992 0.39028400182724
0.75052398443222 0.391604989767075
0.752125978469849 0.392935007810593
0.753737986087799 0.394273012876511
0.755358994007111 0.395619988441467
0.756990015506744 0.396975994110107
0.758629977703094 0.398341000080109
0.76027899980545 0.39971399307251
0.761937975883484 0.401096999645233
0.763607025146484 0.402489006519318
0.765286028385162 0.403890013694763
0.766973972320557 0.405301004648209
0.768673002719879 0.406720995903015
0.770380973815918 0.408149987459183
0.772099018096924 0.409588992595673
0.773828029632568 0.411038011312485
0.77556699514389 0.412496000528336
0.777315974235535 0.413964003324509
0.779075980186462 0.415441989898682
0.780845999717712 0.416929990053177
0.782626986503601 0.418428003787994
0.784419000148773 0.419937014579773
0.786221027374268 0.42145499587059
0.788034975528717 0.422984004020691
0.789858996868134 0.424524009227753
0.79169499874115 0.426073014736176
0.793541014194489 0.427634000778198
0.795399010181427 0.429205000400543
0.797267973423004 0.430786997079849
0.799148976802826 0.432379990816116
0.801041007041931 0.433984011411667
0.802945017814636 0.435598999261856
0.804861009120941 0.437225013971329
0.80678802728653 0.438863009214401
0.808727979660034 0.440512001514435
0.810679018497467 0.442173004150391
0.812642991542816 0.443845003843307
0.81461900472641 0.445529013872147
0.816606998443604 0.447223991155624
0.818607985973358 0.448931992053986
0.820622026920319 0.450652003288269
0.822647988796234 0.452383011579514
0.824687004089355 0.454127997159958
0.826739013195038 0.455884009599686
0.828804016113281 0.457652986049652
0.830882012844086 0.459434986114502
0.832973003387451 0.461228996515274
0.835078001022339 0.463036000728607
0.837197005748749 0.464855998754501
0.83932900428772 0.466690003871918
0.841475009918213 0.468535989522934
0.843634009361267 0.470396012067795
0.845808029174805 0.472268998622894
0.84799599647522 0.474155992269516
0.850197970867157 0.476056009531021
0.852414011955261 0.477970987558365
0.854645013809204 0.479898989200592
0.856890976428986 0.481840997934341
0.859151005744934 0.483797997236252
0.861425995826721 0.485769003629684
0.863717019557953 0.487753987312317
0.866021990776062 0.489753991365433
0.868342995643616 0.49176898598671
0.870679020881653 0.49379900097847
0.87303102016449 0.49584299325943
0.874647974967957 0.497249990701675
0.875729978084564 0.498190999031067
0.876452028751373 0.498820006847382
0.876935005187988 0.49924099445343
0.877258002758026 0.499520987272263
0.877472996711731 0.499709010124207
0.877615988254547 0.499832987785339
0.87771201133728 0.49991700053215
0.877758979797363 0.499958008527756
0.877807021141052 0.5
0.877807021141052 0.5
0.877855002880096 0.500042021274567
0.877902984619141 0.500083029270172
0.877999007701874 0.500167012214661
0.87814199924469 0.500292003154755
0.878358006477356 0.500479996204376
0.878681004047394 0.500760972499847
0.879167020320892 0.50118499994278
0.879896998405457 0.501820981502533
0.880994975566864 0.502777993679047
0.88264799118042 0.504218995571136
0.885079979896545 0.506341993808746
0.887529015541077 0.50848001241684
0.889994978904724 0.510634005069733
0.892476975917816 0.512804985046387
0.894976019859314 0.514991998672485
0.897493004798889 0.517195999622345
0.900026023387909 0.519415974617004
0.902576982975006 0.52165299654007
0.90514600276947 0.523907005786896
0.907732009887695 0.526178002357483
0.910336017608643 0.528466999530792
0.912958979606628 0.530772984027863
0.91559898853302 0.5330970287323
0.918258011341095 0.535438001155853
0.920935988426208 0.53779798746109
0.923632025718689 0.540175974369049
0.926347017288208 0.542572021484375
0.92908102273941 0.54498702287674
0.931834995746613 0.547420024871826
0.934607982635498 0.549872994422913
0.937400996685028 0.552344024181366
0.940213024616241 0.554835021495819
0.943045973777771 0.557344973087311
0.94589900970459 0.559875011444092
0.948772013187408 0.562425017356873
0.951665997505188 0.564993977546692
0.954580008983612 0.567583978176117
0.957516014575958 0.570195019245148
0.960471987724304 0.572826027870178
0.963451027870178 0.575477004051208
0.966449975967407 0.578149974346161
0.969471991062164 0.580843985080719
0.972514986991882 0.583559989929199
0.975580990314484 0.58629697561264
0.978668987751007 0.589056015014648
0.981779992580414 0.591836988925934
0.984912991523743 0.594640016555786
0.988070011138916 0.597465991973877
0.991249978542328 0.600314974784851
0.994454026222229 0.603186011314392
0.997681021690369 0.606081008911133
1.00092995166779 0.608999013900757
1.00420999526978 0.611940026283264
1.00750994682312 0.614906013011932
1.0108300447464 0.617895007133484
1.01417994499207 0.620908975601196
1.01756000518799 0.623947978019714
1.02095997333527 0.627011001110077
1.02437996864319 0.6300989985466
1.02783000469208 0.633212983608246
1.03130996227264 0.636352002620697
1.03480994701385 0.63951700925827
1.03833997249603 0.642708003520966
1.04190003871918 0.645924985408783
1.04548001289368 0.649168014526367
1.04910004138947 0.652438998222351
1.05273997783661 0.655736029148102
1.0563999414444 0.659061014652252
1.06009995937347 0.662414014339447
1.0638200044632 0.665794014930725
1.06756997108459 0.669202029705048
1.07135999202728 0.672639012336731
1.07517004013062 0.676104009151459
1.07901000976563 0.679598987102509
1.0828800201416 0.683121979236603
1.08677995204926 0.686675012111664
1.09071004390717 0.690258026123047
1.09467005729675 0.693871021270752
1.09865999221802 0.697513997554779
1.10267996788025 0.701188027858734
1.10673999786377 0.704892992973328
1.11082005500793 0.708629012107849
1.1149400472641 0.712396025657654
1.11908996105194 0.716194987297058
1.12328004837036 0.720027029514313
1.12749004364014 0.723890006542206
1.13173997402191 0.727787017822266
1.13602995872498 0.731715977191925
1.14033997058868 0.735678970813751
1.144700050354 0.739675998687744
1.14908003807068 0.743705987930298
1.15349996089935 0.747771024703979
1.15796005725861 0.751869976520538
1.16244995594025 0.756003975868225
1.16698002815247 0.76017302274704
1.17154002189636 0.764378011226654
1.17613995075226 0.768619000911713
1.18078005313873 0.772895991802216
1.18545997142792 0.777208983898163
1.19017004966736 0.781558990478516
1.19491994380951 0.785947024822235
1.19969999790192 0.790371000766754
1.20453000068665 0.794834017753601
1.20940005779266 0.79933500289917
1.21430003643036 0.803874015808105
1.21923995018005 0.808452010154724
1.22423005104065 0.813068985939026
1.22924995422363 0.817725002765656
1.23431003093719 0.822422027587891
1.23942005634308 0.827157974243164
1.24456000328064 0.831934988498688
1.24975001811981 0.836753010749817
1.25497996807098 0.841611981391907
1.26024997234344 0.846512019634247
1.26556003093719 0.851454019546509
1.27092003822327 0.856437981128693
1.27631998062134 0.861464977264404
1.2817599773407 0.866535007953644
1.28725004196167 0.871647000312805
1.29278004169464 0.876803994178772
1.29835999011993 0.882004022598267
1.30397999286652 0.887247979640961
1.30964004993439 0.892536997795105
1.31535995006561 0.897870004177094
1.32111001014709 0.903249025344849
1.32692003250122 0.908672988414764
1.33276998996735 0.914143025875092
1.33866000175476 0.919659018516541
1.34460997581482 0.925221025943756
1.35060000419617 0.930830001831055
1.35663998126984 0.936487019062042
1.36273002624512 0.942189991474152
1.3688600063324 0.947942018508911
1.37504994869232 0.953741014003754
1.38127994537354 0.959589004516602
1.38757002353668 0.965484976768494
1.39390003681183 0.971430003643036
1.40029001235962 0.9774249792099
1.4067200422287 0.983469009399414
1.4132000207901 0.989561975002289
1.41973996162415 0.995706021785736
1.4263299703598 1.00189995765686
1.43297004699707 1.0081399679184
1.43965995311737 1.01443994045258
1.44640004634857 1.02078998088837
1.45318996906281 1.02718997001648
1.46003997325897 1.0336400270462
1.46694004535675 1.04014003276825
1.47388994693756 1.04668998718262
1.48090004920959 1.05330002307892
1.48795998096466 1.05996000766754
1.49507999420166 1.06666994094849
1.50223994255066 1.07342994213104
1.50946998596191 1.08025002479553
1.51673996448517 1.08712005615234
1.52407002449036 1.0940500497818
1.53146004676819 1.10101997852325
1.53890001773834 1.10806000232697
1.54639995098114 1.11513996124268
1.55394995212555 1.12229001522064
1.56156003475189 1.12948000431061
1.56921994686127 1.13672995567322
1.57693994045258 1.14403998851776
1.58472001552582 1.15139997005463
1.59255003929138 1.1588100194931
1.60044002532959 1.16628003120422
1.60837996006012 1.17379999160767
1.61637997627258 1.18138003349304
1.62443995475769 1.18902003765106
1.63255000114441 1.1967099905014
1.64073002338409 1.20446002483368
1.64894998073578 1.21226000785828
1.65724003314972 1.22011005878448
1.66558003425598 1.22802996635437
1.67397999763489 1.23599004745483
1.68243002891541 1.24401998519897
1.69094002246857 1.25209999084473
1.69950997829437 1.2602299451828
1.70814001560211 1.26841998100281
1.71682000160217 1.27665996551514
1.72555994987488 1.2849600315094
1.73435997962952 1.29331994056702
1.74320995807648 1.30173003673553
1.75212001800537 1.31019997596741
1.76108002662659 1.31871998310089
1.77011001110077 1.32729005813599
1.77918994426727 1.33591997623444
1.78831994533539 1.34460997581482
1.79751002788544 1.35335004329681
1.80675995349884 1.36214005947113
1.81605994701385 1.37099003791809
1.8254200220108 1.37988996505737
1.8348400592804 1.38883996009827
1.84431004524231 1.39785003662109
1.85382997989655 1.40690994262695
1.86340999603271 1.41603004932404
1.87303996086121 1.42519998550415
1.88273000717163 1.43441998958588
1.8924800157547 1.44368994235992
1.90226995944977 1.45300996303558
1.91212999820709 1.46238994598389
1.92202997207642 1.4718199968338
1.93199002742767 1.48129999637604
1.94200003147125 1.4908299446106
1.95206999778748 1.50040996074677
1.96218001842499 1.51004004478455
1.97235000133514 1.51971995830536
1.98257005214691 1.52945995330811
1.992840051651 1.53924000263214
2.00317001342773 1.5490700006485
2.01354002952576 1.55894005298615
2.02396988868713 1.56886994838715
2.03444004058838 1.57885003089905
2.04497003555298 1.58887004852295
2.05554008483887 1.59894001483917
2.06616997718811 1.60905003547668
2.07683992385864 1.61922001838684
2.08755993843079 1.62943005561829
2.09833002090454 1.63968002796173
2.10914993286133 1.6499799489975
2.12001991271973 1.66032004356384
2.13092994689941 1.67070996761322
2.14189004898071 1.68114995956421
2.15288996696472 1.69161999225616
2.16393995285034 1.70213997364044
2.17504000663757 1.71271002292633
2.18618011474609 1.7233099937439
2.19737005233765 1.73396003246307
2.20860004425049 1.74465000629425
2.21987009048462 1.75538003444672
2.23118996620178 1.76614999771118
2.24254989624023 1.77696001529694
2.25395011901855 1.78780996799469
2.26539993286133 1.79869997501373
2.27689003944397 1.80963003635406
2.28841996192932 1.8206000328064
2.29998993873596 1.83159995079041
2.31159996986389 1.84264004230499
2.32325005531311 1.85371994972229
2.33493995666504 1.86484003067017
2.34666991233826 1.87599003314972
2.35843992233276 1.88717997074127
2.37024998664856 1.89840996265411
2.38210010528564 1.90966999530792
2.39398002624512 1.92095994949341
2.40590000152588 1.93228995800018
2.41786003112793 1.94366002082825
2.42986011505127 1.95504999160767
2.441890001297 1.96648001670837
2.45395994186401 1.97793996334076
2.466059923172 1.98943996429443
2.47819995880127 2.00096011161804
2.49037003517151 2.01252007484436
2.50257992744446 2.02411007881165
2.51482009887695 2.03572988510132
2.52710008621216 2.04737997055054
2.53941011428833 2.0590500831604
2.55174994468689 2.07076001167297
2.564120054245 2.08249998092651
2.57652997970581 2.09426999092102
2.58896994590759 2.10606002807617
2.60143995285034 2.11788010597229
2.61394000053406 2.1297299861908
2.62647008895874 2.14160990715027
2.63902997970581 2.15351009368896
2.65162992477417 2.16544008255005
2.66424989700317 2.1774001121521
2.67689990997314 2.18937993049622
2.68957996368408 2.20139002799988
2.70229005813599 2.21341991424561
2.71502995491028 2.22548007965088
2.72779989242554 2.23756003379822
2.74059009552002 2.2496600151062
2.75341010093689 2.26179003715515
2.76625990867615 2.27394008636475
2.77913999557495 2.28611993789673
2.79204988479614 2.29832005500793
2.80498003959656 2.31053996086121
2.81792998313904 2.32277989387512
2.83090996742249 2.33505010604858
2.8439199924469 2.34733009338379
2.85696005821228 2.35963988304138
2.8700098991394 2.3719699382782
2.8831000328064 2.38432002067566
2.89620995521545 2.39668989181519
2.90933990478516 2.40908002853394
2.9224898815155 2.42148995399475
2.93566989898682 2.43391990661621
2.9488799571991 2.44636988639832
2.96211004257202 2.45883989334106
2.97535991668701 2.47132992744446
2.98863005638123 2.48382997512817
3.0019199848175 2.49636006355286
3.01523995399475 2.50889992713928
3.02857995033264 2.52146005630493
3.0419499874115 2.53403997421265
3.05533003807068 2.54663991928101
3.06873989105225 2.55925011634827
3.08215999603271 2.57188010215759
3.09560990333557 2.58452010154724
3.10908007621765 2.59718990325928
3.1225700378418 2.60986995697021
3.13608002662659 2.62256002426147
3.14962005615234 2.63527011871338
3.16317009925842 2.64800000190735
3.17673993110657 2.66073989868164
3.19033002853394 2.67350006103516
3.20393991470337 2.68628001213074
3.21757006645203 2.69905996322632
3.23122000694275 2.71186995506287
3.24488997459412 2.72467994689941
3.25857996940613 2.73751997947693
3.27228999137878 2.75036001205444
3.28601002693176 2.7632200717926
3.29976010322571 2.77609992027283
3.3135199546814 2.78898000717163
3.32730007171631 2.80188989639282
3.34109997749329 2.81480002403259
3.35491991043091 2.82772994041443
3.36876010894775 2.84067010879517
3.38261008262634 2.85362005233765
3.39648008346558 2.86659002304077
3.41037011146545 2.87957000732422
3.42426991462708 2.89256000518799
3.43819999694824 2.9055700302124
3.45214009284973 2.91858005523682
3.46608996391296 2.93161010742188
3.48007011413574 2.94464993476868
3.49406003952026 2.95770001411438
3.50805997848511 2.97076988220215
3.5220799446106 2.9838399887085
3.53611993789673 2.99692988395691
3.55017995834351 3.01003003120422
3.56424999237061 3.02313995361328
3.57834005355835 3.03625988960266
3.59243988990784 3.04939007759094
3.60655999183655 3.06253004074097
3.62069988250732 3.07568001747131
3.634850025177 3.0888500213623
3.64901995658875 3.1020200252533
3.66319990158081 3.11520004272461
3.67739009857178 3.12840008735657
3.69161009788513 3.14159989356995
3.70583009719849 3.15481996536255
3.72007989883423 3.16804003715515
3.73432993888855 3.18127989768982
3.74861001968384 3.19451999664307
3.76290011405945 3.20777010917664
3.7771999835968 3.22104001045227
3.79151010513306 3.23430991172791
3.8058500289917 3.24759006500244
3.82018995285034 3.26087999343872
3.83454990386963 3.27417993545532
3.84892988204956 3.28748989105225
3.86332011222839 3.30081009864807
3.87772011756897 3.31414008140564
3.89213991165161 3.32748007774353
3.90656995773315 3.34082007408142
3.92102003097534 3.35418009757996
3.93547010421753 3.36753988265991
3.9499499797821 3.38090991973877
3.96444010734558 3.39428997039795
3.9789400100708 3.40768003463745
3.99344992637634 3.42108011245728
4.00797986984253 3.43447995185852
4.02252006530762 3.44789004325867
4.03707981109619 3.46131992340088
4.05165004730225 3.47475004196167
4.06622982025146 3.48817992210388
4.08083009719849 3.50163006782532
4.09543991088867 3.51507997512817
4.11006021499634 3.52853989601135
4.12470006942749 3.54201006889343
4.13934993743896 3.55549001693726
4.15400981903076 3.56896996498108
4.16869020462036 3.58246994018555
4.1833701133728 3.59595990180969
4.19808006286621 3.60946989059448
4.21279001235962 3.62298989295959
4.22751998901367 3.63650989532471
4.24225997924805 3.65003991127014
4.25700998306274 3.66356992721558
4.27178001403809 3.67711997032166
4.28656005859375 3.69067001342773
4.30135011672974 3.70423007011414
4.31616020202637 3.71778988838196
4.33096981048584 3.73135995864868
4.34579992294312 3.74494004249573
4.36065006256104 3.75852990150452
4.37550020217896 3.77211999893188
4.39036989212036 3.78572010993958
4.40525007247925 3.79932999610901
4.4201397895813 3.81293988227844
4.43505001068115 3.82656002044678
4.44996976852417 3.84018993377686
4.46490001678467 3.85382008552551
4.47983980178833 3.86746001243591
4.49479007720947 3.88110995292664
4.5097599029541 3.89475989341736
4.52474021911621 3.90842008590698
4.53973007202148 3.92209005355835
4.55472993850708 3.93576002120972
4.56974983215332 3.94944000244141
4.58478021621704 3.96312999725342
4.59982013702393 3.97681999206543
4.61487007141113 3.99050998687744
4.62994003295898 4.0042200088501
4.64500999450684 4.01793003082275
4.66009998321533 4.03165006637573
4.67519998550415 4.04537010192871
4.69032001495361 4.05910015106201
4.70544004440308 4.07283020019531
4.72058010101318 4.08656978607178
4.73573017120361 4.10031986236572
4.75088977813721 4.11406993865967
4.76605987548828 4.12783002853394
4.78125 4.14160013198853
4.79644012451172 4.15537023544312
4.81164979934692 4.16914987564087
4.82686996459961 4.18292999267578
4.84210014343262 4.19672012329102
4.85734987258911 4.21050977706909
4.87260007858276 4.22430992126465
4.8878698348999 4.23812007904053
4.90315008163452 4.25193023681641
4.9184398651123 4.26574993133545
4.93375015258789 4.27957010269165
4.94905996322632 4.29339981079102
4.96438980102539 4.30722999572754
4.97973012924194 4.32107019424438
4.99507999420166 4.33491992950439
5.0104398727417 4.34877014160156
5.02580976486206 4.36262989044189
5.04120016098022 4.37649011611938
5.05659008026123 4.39035987854004
5.07200002670288 4.40423011779785
5.08741998672485 4.41810989379883
5.10284996032715 4.43199014663696
5.11829996109009 4.44587993621826
5.13374996185303 4.45978021621704
5.14921998977661 4.47368001937866
5.16470003128052 4.48758983612061
5.18019008636475 4.50150012969971
5.1956901550293 4.51541996002197
5.21120023727417 4.52933979034424
5.22672986984253 4.54327011108398
5.24225997924805 4.55719995498657
5.25781011581421 4.57113981246948
5.27336978912354 4.58508014678955
5.28893995285034 4.59903001785278
5.30452013015747 4.61297988891602
5.32011985778809 4.62693977355957
5.33572006225586 4.64091014862061
5.35133981704712 4.65488004684448
5.36697006225586 4.66884994506836
5.38260984420776 4.68282985687256
5.39826011657715 4.69680976867676
5.4139199256897 4.71081018447876
5.42959976196289 4.72480010986328
5.44528007507324 4.73880004882813
5.46097993850708 4.75281000137329
5.47668981552124 4.76681995391846
5.49241018295288 4.78082990646362
5.50814008712769 4.79484987258911
5.52389001846313 4.80887985229492
5.53963994979858 4.82290983200073
5.55540990829468 4.83694982528687
5.57118988037109 4.850989818573
5.58697986602783 4.86502981185913
5.60277986526489 4.87907981872559
5.61858987808228 4.89313983917236
5.6344199180603 4.90719985961914
5.65024995803833 4.92126989364624
5.666100025177 4.93533992767334
5.681960105896 4.94940996170044
5.69783020019531 4.96350002288818
5.71370983123779 4.97758007049561
5.72959995269775 4.99167013168335
5.74551010131836 5.00577020645142
5.76141977310181 5.01986980438232
5.77734994888306 5.03396987915039
5.79329013824463 5.04807996749878
5.80923986434937 5.06220006942749
5.82520008087158 5.0763201713562
5.84117984771729 5.09043979644775
5.85716009140015 5.10456991195679
5.87315988540649 5.11871004104614
5.88917016983032 5.1328501701355
5.90518999099731 5.1469898223877
5.92121982574463 5.16113996505737
5.93726015090942 5.17529010772705
5.95331001281738 5.18944978713989
5.96937990188599 5.20361995697021
5.98545980453491 5.21778011322021
6.001540184021 5.2319598197937
6.01764011383057 5.24612998962402
6.03376007080078 5.26032018661499
6.049880027771 5.27449989318848
6.06600999832153 5.28870010375977
6.08215999603271 5.30288982391357
6.09832000732422 5.31709003448486
6.11449003219604 5.33129978179932
6.13067007064819 5.34551000595093
6.14686012268066 5.3597297668457
6.16306018829346 5.37395000457764
6.17927980422974 5.38816976547241
6.19549989700317 5.40240001678467
6.21174001693726 5.41663980484009
6.22799015045166 5.43088006973267
6.24424982070923 5.44511985778809
6.2605299949646 5.45937013626099
6.27681016921997 5.47361993789673
6.29310989379883 5.48788022994995
6.30942010879517 5.50214004516602
6.32572984695435 5.5164098739624
6.34207010269165 5.53068017959595
6.3584098815918 5.54496002197266
6.37476015090942 5.55923986434937
6.39112997055054 5.57353019714355
6.40750980377197 5.58782005310059
6.42389011383057 5.60210990905762
6.44028997421265 5.61640977859497
6.45670986175537 5.6307201385498
6.47313022613525 5.64502000808716
6.48957014083862 5.65933990478516
6.50601005554199 5.67365980148315
6.52246999740601 5.68798017501831
6.53893995285034 5.70231008529663
6.555419921875 5.71663999557495
6.5719199180603 5.73097991943359
6.58841991424561 5.74531984329224
6.60493993759155 5.75965976715088
6.62146997451782 5.774010181427
6.63801002502441 5.78837013244629
6.65456008911133 5.80273008346558
6.67112016677856 5.81709003448486
6.68769979476929 5.83145999908447
6.70428991317749 5.84582996368408
6.72089004516602 5.86020994186401
6.73750019073486 5.87459993362427
6.75411987304688 5.8889799118042
6.77075004577637 5.90336990356445
6.78739976882935 5.91776990890503
6.8040599822998 5.93216991424561
6.82072019577026 5.9465799331665
6.83740997314453 5.9609899520874
6.85410022735596 5.9753999710083
6.87080001831055 5.98982000350952
6.88751983642578 6.00424003601074
6.9042501449585 6.01867008209229
6.92098999023438 6.03310012817383
6.93773984909058 6.04754018783569
6.95450019836426 6.0619797706604
6.97128009796143 6.07642984390259
6.98805999755859 6.09087991714478
7.00485992431641 6.10534000396729
7.02166986465454 6.11980009078979
7.03849983215332 6.1342601776123
7.0553297996521 6.14872980117798
7.07217979431152 6.16319990158081
7.08903980255127 6.17768001556396
7.10590982437134 6.19216012954712
7.12278985977173 6.20664978027344
7.13967990875244 6.22113990783691
7.1565899848938 6.23564004898071
7.17351007461548 6.25014019012451
7.19044017791748 6.26463985443115
7.20737981796265 6.27915000915527
7.22432994842529 6.29367017745972
7.24130010604858 6.308189868927
7.25827980041504 6.32271003723145
7.27526998519897 6.33724021911621
7.29227018356323 6.35176992416382
7.30927991867065 6.36631011962891
7.32631015777588 6.38084983825684
7.34333992004395 6.39539003372192
7.36039018630981 6.40993976593018
7.37744998931885 6.42449998855591
7.39452981948853 6.43906021118164
7.41161012649536 6.45361995697021
7.42870998382568 6.46819019317627
7.44581985473633 6.48275995254517
7.46294021606445 6.49734020233154
7.48008012771606 6.51191997528076
7.49722003936768 6.5265097618103
7.51437997817993 6.541100025177
7.53154993057251 6.55568981170654
7.54872989654541 6.57029008865356
7.56592988967896 6.58489990234375
7.5831298828125 6.59951019287109
7.60034990310669 6.61412000656128
7.6175799369812 6.62873983383179
7.63482999801636 6.64336013793945
7.65208005905151 6.65798997879028
7.66935014724731 6.67261981964111
7.68662977218628 6.68726015090942
7.70391988754272 6.70190000534058
7.72122001647949 6.71653985977173
7.7385401725769 6.73119020462036
7.75586986541748 6.74584007263184
7.77321004867554 6.76049995422363
7.79055976867676 6.77516984939575
7.80792999267578 6.78983020782471
7.82531023025513 6.80450010299683
7.84268999099731 6.81918001174927
7.86009979248047 6.83385992050171
7.87751007080078 6.84854984283447
7.89493989944458 6.86323976516724
7.91238021850586 6.87793016433716
7.9298300743103 6.89263010025024
7.94728994369507 6.90733003616333
7.96476984024048 6.92203998565674
7.98226022720337 6.93674993515015
7.99976015090942 6.95146989822388
8.0172700881958 6.96618986129761
8.0347900390625 6.98091983795166
8.05233001708984 6.99564981460571
8.06987953186035 7.01037979125977
8.08745002746582 7.02511978149414
8.10501956939697 7.03986978530884
8.12261009216309 7.05460977554321
8.14021015167236 7.06936979293823
8.1578197479248 7.08411979675293
8.17545032501221 7.09888982772827
8.19307994842529 7.11364984512329
8.21072959899902 7.12841987609863
8.22840023040771 7.1431999206543
8.24606990814209 7.15797996520996
8.26375961303711 7.17276000976563
8.28145980834961 7.18755006790161
8.29916954040527 7.20235013961792
8.3169002532959 7.21714019775391
8.33463001251221 7.23194980621338
8.35237979888916 7.24674987792969
8.37014961242676 7.26156997680664
8.38792037963867 7.27638006210327
8.40571022033691 7.29120016098022
8.42350959777832 7.30602979660034
8.44132041931152 7.32085990905762
8.45915031433105 7.33569002151489
8.47698974609375 7.35053014755249
8.49483966827393 7.36536979675293
8.51270008087158 7.38021993637085
8.53057956695557 7.39507007598877
8.54846954345703 7.40993022918701
8.56637001037598 7.4247899055481
8.58428955078125 7.43966007232666
8.60221004486084 7.45452976226807
8.62014961242676 7.46939992904663
8.63811016082764 7.48428010940552
8.6560697555542 7.49915981292725
8.67405033111572 7.51405000686646
8.69204044342041 7.52895021438599
8.71004962921143 7.54383993148804
8.72807025909424 7.55875015258789
8.74610042572021 7.57364988327026
8.76414012908936 7.58856010437012
8.78219032287598 7.60347986221313
8.80025959014893 7.61840009689331
8.81834030151367 7.63331985473633
8.83644008636475 7.64825010299683
8.8545503616333 7.66318988800049
8.87267017364502 7.67813014984131
8.89080047607422 7.69306993484497
8.90894031524658 7.70802021026611
8.92710018157959 7.7229700088501
8.94528007507324 7.73791980743408
8.96345996856689 7.75289011001587
8.98165988922119 7.76784992218018
8.99987030029297 7.78282022476196
9.01809024810791 7.79780006408691
9.0363302230835 7.81277990341187
9.05457973480225 7.82776021957397
9.07283973693848 7.84275007247925
9.09111976623535 7.85773992538452
9.10941028594971 7.87273979187012
9.12771034240723 7.88774013519287
9.14601993560791 7.90275001525879
9.16434955596924 7.91775989532471
9.18268966674805 7.93276977539063
9.2010498046875 7.94779014587402
9.21942043304443 7.96282005310059
9.23779964447021 7.97784996032715
9.25619029998779 7.99287986755371
9.2746000289917 8.00792026519775
9.29302024841309 8.02297019958496
9.31145000457764 8.03800964355469
9.32989978790283 8.05307006835938
9.34836006164551 8.06812000274658
9.36682987213135 8.08318042755127
9.38531970977783 8.09825038909912
9.4038200378418 8.11332035064697
9.42232990264893 8.12839984893799
9.4408597946167 8.14348030090332
9.45940017700195 8.15855979919434
9.47795009613037 8.17364978790283
9.49652004241943 8.18873977661133
9.51509952545166 8.2038402557373
9.53369045257568 8.21895027160645
9.55230045318604 8.23404979705811
9.57091999053955 8.24917030334473
9.58955001831055 8.26428031921387
9.60820007324219 8.27939987182617
9.62685966491699 8.29452991485596
9.64552974700928 8.30965995788574
9.66421985626221 8.32479953765869
9.68292045593262 8.33994007110596
9.70162963867188 8.35507965087891
9.72035980224609 8.37022972106934
9.73910045623779 8.38537979125977
9.75784969329834 8.40054035186768
9.77661991119385 8.41569995880127
9.79539966583252 8.43087005615234
9.81420040130615 8.44604015350342
9.83300018310547 8.46121978759766
9.85182952880859 8.47640037536621
9.87065982818604 8.49158954620361
9.88951015472412 8.50677967071533
9.90837001800537 8.52196979522705
9.92724990844727 8.53717041015625
9.94614028930664 8.5523796081543
9.96504020690918 8.56758975982666
9.98396015167236 8.58279991149902
10.0029001235962 8.59801959991455
