0.514904975891113 0.202593997120857
0.514280021190643 0.20228099822998
0.513653993606567 0.201967999339104
0.513028025627136 0.201655000448227
0.51240199804306 0.20134100317955
0.511775016784668 0.201027005910873
0.511147975921631 0.200712993741035
0.510519981384277 0.200397998094559
0.509891986846924 0.200083002448082
0.509262979030609 0.199768006801605
0.508633971214294 0.199452996253967
0.508004009723663 0.199137002229691
0.507373988628387 0.198819994926453
0.506743013858795 0.198503002524376
0.506111025810242 0.198185995221138
0.505478024482727 0.197868004441261
0.504845023155212 0.197549998760223
0.504211008548737 0.197231993079185
0.5035759806633 0.196912005543709
0.502939999103546 0.196593001484871
0.502303004264832 0.196272000670433
0.501664996147156 0.195950999855995
0.501025974750519 0.195629999041557
0.500385999679565 0.195307001471519
0.49974399805069 0.194985002279282
0.499101996421814 0.194661006331444
0.498457998037338 0.194336995482445
0.497812986373901 0.194011002779007
0.497166991233826 0.193684995174408
0.49651899933815 0.19335900247097
0.495869010686874 0.193030998110771
0.495218008756638 0.192701995372772
0.494565010070801 0.192372992634773
0.493910998106003 0.192041993141174
0.493254005908966 0.191710993647575
0.492596000432968 0.191377997398376
0.49193599820137 0.191044002771378
0.491272985935211 0.190708994865417
0.490608990192413 0.190373003482819
0.489942014217377 0.190035000443459
0.489271998405457 0.189695999026299
0.488599985837936 0.189355000853539
0.487924993038177 0.189013004302979
0.487246990203857 0.188669994473457
0.486566990613937 0.188325002789497
0.485882997512817 0.187977999448776
0.485195994377136 0.187628999352455
0.484504997730255 0.187278002500534
0.483810991048813 0.186924993991852
0.483112007379532 0.186570003628731
0.48241001367569 0.186213001608849
0.481703013181686 0.185854002833366
0.480991989374161 0.185491994023323
0.480275988578796 0.185127004981041
0.479553997516632 0.184759005904198
0.478826999664307 0.184388995170593
0.478094011545181 0.18401500582695
0.477355003356934 0.183636993169785
0.476608991622925 0.18325699865818
0.475856006145477 0.182871997356415
0.475095003843307 0.182483002543449
0.474326014518738 0.182089999318123
0.473547995090485 0.181691005825996
0.472761005163193 0.181288003921509
0.471962988376617 0.18087899684906
0.471154004335403 0.180463999509811
0.470331996679306 0.180041998624802
0.469496995210648 0.179612994194031
0.468647003173828 0.17917600274086
0.467781007289886 0.178729996085167
0.466895997524261 0.178275004029274
0.465992003679276 0.177809000015259
0.465063989162445 0.177330002188683
0.464112013578415 0.176838994026184
0.463129997253418 0.176330998539925
0.462116003036499 0.175806000828743
0.461064994335175 0.175262004137039
0.459971994161606 0.174695000052452
0.458831012248993 0.174101993441582
0.457639008760452 0.173482000827789
0.456396013498306 0.172832995653152
0.455110013484955 0.172161996364594
0.45380899310112 0.171480998396873
0.452538996934891 0.170815005898476
0.451353013515472 0.170192003250122
0.450284987688065 0.169628992676735
0.449340999126434 0.169130995869637
0.448511987924576 0.168691992759705
0.44778099656105 0.168304994702339
0.447133004665375 0.167961001396179
0.446554005146027 0.167652994394302
0.446034014225006 0.16737699508667
0.445562988519669 0.167125999927521
0.445134997367859 0.166896998882294
0.444743990898132 0.166687995195389
0.44438499212265 0.166495993733406
0.444054991006851 0.166318997740746
0.443749010562897 0.166154995560646
0.443466991186142 0.166003003716469
0.443204998970032 0.165861994028091
0.442961007356644 0.165730997920036
0.442734003067017 0.165609002113342
0.442523002624512 0.165494993329048
0.442324995994568 0.165388002991676
0.442140996456146 0.165288999676704
0.441969007253647 0.165195003151894
0.441807985305786 0.165107995271683
0.441657990217209 0.165026992559433
0.441518008708954 0.164950996637344
0.441386997699738 0.164879992604256
0.441264003515244 0.164812996983528
0.441150009632111 0.164750993251801
0.441042989492416 0.164692997932434
0.440943986177444 0.164638996124268
0.440851986408234 0.164588004350662
0.440766006708145 0.164541006088257
0.440687000751495 0.164498001337051
0.440613001585007 0.164458006620407
0.440544992685318 0.164421007037163
0.440483003854752 0.164387002587318
0.440425992012024 0.164354994893074
0.440373986959457 0.164326995611191
0.440326988697052 0.164300993084908
0.440284013748169 0.164277002215385
0.440245985984802 0.164256006479263
0.44021201133728 0.164238005876541
0.440182000398636 0.164221003651619
0.440156012773514 0.164206996560097
0.440133988857269 0.164195001125336
0.440115004777908 0.164184004068375
0.440100014209747 0.164176002144814
0.440088987350464 0.164169996976852
0.440081000328064 0.164166003465652
0.440075993537903 0.164162993431091
0.440075010061264 0.164161995053291
0.440075010061264 0.164161995053291
0.440075993537903 0.164162993431091
0.440081000328064 0.164165005087852
0.440088003873825 0.164168998599052
0.440097987651825 0.164175003767014
0.440111011266708 0.164182007312775
0.440126985311508 0.164190992712975
0.44014498591423 0.164201006293297
0.440165013074875 0.164212003350258
0.440189003944397 0.164224997162819
0.44021400809288 0.164240002632141
0.440241992473602 0.164254993200302
0.440272003412247 0.164271995425224
0.44030499458313 0.164289996027946
0.440338999032974 0.164309993386269
0.44037601351738 0.164330005645752
0.440414994955063 0.164351999759674
0.440456002950668 0.164375007152557
0.440497994422913 0.164398998022079
0.440542995929718 0.164424002170563
0.440589994192123 0.164450004696846
0.440638989210129 0.164478003978729
0.440688997507095 0.164506003260612
0.440741986036301 0.164535000920296
0.440795987844467 0.164565995335579
0.440851986408234 0.164597004652023
0.440908998250961 0.164629995822906
0.440968990325928 0.164663001894951
0.441029995679855 0.164698004722595
0.441092014312744 0.164732992649078
0.441155999898911 0.164768993854523
0.441222012042999 0.164805993437767
0.441289007663727 0.164845004677773
0.441358000040054 0.164884001016617
0.441428989171982 0.164922997355461
0.441500008106232 0.164964005351067
0.44157400727272 0.165005996823311
0.441648006439209 0.165048003196716
0.441724985837936 0.165090993046761
0.441801995038986 0.165134996175766
0.441881000995636 0.165179997682571
0.441960990428925 0.165225997567177
0.442043006420135 0.165271997451782
0.442126005887985 0.165318995714188
0.442209988832474 0.165367007255554
0.442295998334885 0.16541600227356
0.442382007837296 0.165465995669365
0.442470014095306 0.165516003966331
0.442559987306595 0.165566995739937
0.442649990320206 0.165619000792503
0.442741990089417 0.16567100584507
0.442835003137589 0.165723994374275
0.442928999662399 0.165777996182442
0.443024009466171 0.165831997990608
0.443120002746582 0.165887996554375
0.443217992782593 0.165943995118141
0.443316012620926 0.165999993681908
0.443415999412537 0.166057005524635
0.443516999483109 0.166115000844002
0.443619012832642 0.166173994541168
0.443722009658813 0.166233003139496
0.443825989961624 0.166292995214462
0.443931013345718 0.16635300219059
0.444036990404129 0.166415005922318
0.444144010543823 0.166475996375084
0.444252014160156 0.166538998484612
0.444362014532089 0.166602000594139
0.4444719851017 0.166665002703667
0.444582998752594 0.166730001568794
0.444694995880127 0.166795000433922
0.444808006286621 0.166859999299049
0.444923013448715 0.166925996541977
0.445037990808487 0.166993007063866
0.445154011249542 0.167060002684593
0.445270985364914 0.167127996683121
0.445389002561569 0.167196005582809
0.445508003234863 0.167264997959137
0.445627987384796 0.167335003614426
0.445748001337051 0.167404994368553
0.445870012044907 0.167475998401642
0.445993006229401 0.167547002434731
0.446116000413895 0.167619004845619
0.44624000787735 0.167691007256508
0.446366012096405 0.167763993144035
0.446491986513138 0.167836993932724
0.446619004011154 0.167910993099213
0.446745991706848 0.167986005544662
0.446875005960464 0.168061003088951
0.44700500369072 0.16813699901104
0.447135001420975 0.168212994933128
0.447266012430191 0.168290004134178
0.447398006916046 0.168366998434067
0.447531014680862 0.168445006012917
0.447665005922318 0.168522998690605
0.447798997163773 0.168602004647255
0.447934985160828 0.168680995702744
0.448071002960205 0.168761000037193
0.448208004236221 0.168842002749443
0.448345988988876 0.168922007083893
0.448484003543854 0.169003993272781
0.448624014854431 0.169085994362831
0.448763996362686 0.169167995452881
0.448904991149902 0.169250994920731
0.44904699921608 0.16933499276638
0.449189007282257 0.169418007135391
0.449331998825073 0.169503003358841
0.449476003646851 0.169587999582291
0.449620991945267 0.16967299580574
0.449766993522644 0.169759005308151
0.449912995100021 0.169845998287201
0.45006000995636 0.169933006167412
0.450208008289337 0.170019999146461
0.450356006622314 0.170108005404472
0.450506001710892 0.170195996761322
0.450655996799469 0.170285001397133
0.450807005167007 0.170374006032944
0.450958013534546 0.170463994145393
0.451110005378723 0.170553997159004
0.451263010501862 0.170644998550415
0.451416999101639 0.170736998319626
0.451570987701416 0.170827999711037
0.451727002859116 0.170919999480247
0.451882004737854 0.171012997627258
0.452039003372192 0.171105995774269
0.452196002006531 0.171200007200241
0.45235401391983 0.171294003725052
0.452513009309769 0.171388998627663
0.452672004699707 0.171483993530273
0.452832996845245 0.171579003334045
0.452993005514145 0.171674996614456
0.453155010938644 0.171772003173828
0.453316986560822 0.171868994832039
0.453480005264282 0.171966001391411
0.453644007444382 0.172064006328583
0.453808009624481 0.172161996364594
0.453972995281219 0.172260999679565
0.454138994216919 0.172360002994537
0.454304993152618 0.172460004687309
0.454472005367279 0.172560006380081
0.454640001058578 0.172659993171692
0.454807996749878 0.172762006521225
0.454977005720139 0.172863006591797
0.455146998167038 0.172965005040169
0.455316990613937 0.173067003488541
0.455487996339798 0.173170000314713
0.455659985542297 0.173273995518684
0.455832004547119 0.173377007246017
0.45600500702858 0.173482000827789
0.456178992986679 0.173585996031761
0.45635399222374 0.173692002892494
0.4565289914608 0.173796996474266
0.456703990697861 0.173903003334999
0.456880986690521 0.174009993672371
0.457058012485504 0.174116998910904
0.457235991954803 0.174224004149437
0.457414001226425 0.174331992864609
0.457592993974686 0.174439996480942
0.457773000001907 0.174548998475075
0.457953006029129 0.174658000469208
0.45813399553299 0.174768000841141
0.458315014839172 0.174878001213074
0.458498001098633 0.174988999962807
0.458680987358093 0.17509999871254
0.458864003419876 0.175210997462273
0.459048002958298 0.175322994589806
0.459232985973358 0.1754360049963
0.459419012069702 0.175548002123833
0.459605008363724 0.175661996006966
0.459791988134384 0.17577500641346
0.459978997707367 0.175889998674393
0.460166990756989 0.176003992557526
0.460355997085571 0.17611899971962
0.460545003414154 0.176235005259514
0.460734993219376 0.176350995898247
0.460925996303558 0.176467001438141
0.461116999387741 0.176584005355835
0.461308985948563 0.176700994372368
0.461501985788345 0.176818996667862
0.461694985628128 0.176936998963356
0.461888998746872 0.17705599963665
0.462083011865616 0.177175000309944
0.462278008460999 0.177294999361038
0.46247398853302 0.177414998412132
0.462669998407364 0.177534997463226
0.462866991758347 0.17765599489212
0.46306499838829 0.177777007222176
0.463263005018234 0.17789900302887
0.463461995124817 0.178021997213364
0.4636609852314 0.178143993020058
0.463862001895905 0.178267002105713
0.464062005281448 0.178390994668007
0.464264005422592 0.178515002131462
0.464466005563736 0.178639993071556
0.464668989181519 0.178764998912811
0.464872002601624 0.178890004754066
0.465075999498367 0.17901599407196
0.465279996395111 0.179141998291016
0.465485990047455 0.179269000887871
0.46569100022316 0.179396003484726
0.465898007154465 0.179524004459381
0.46610501408577 0.179652005434036
0.466313004493713 0.179781004786491
0.466520994901657 0.179910004138947
0.466729998588562 0.180039003491402
0.466939985752106 0.180169001221657
0.467150002717972 0.180298998951912
0.467361003160477 0.180429995059967
0.467572003602982 0.180562004446983
0.467783987522125 0.180693000555038
0.467997014522552 0.180825993418694
0.468210011720657 0.18095800280571
0.468425005674362 0.181091994047165
0.468638986349106 0.181225001811981
0.468854010105133 0.181358993053436
0.469069987535477 0.181493997573853
0.469287008047104 0.181629002094269
0.469503998756409 0.181764006614685
0.469722002744675 0.18189999461174
0.469940006732941 0.182035997509956
0.470158994197845 0.182172998785973
0.470378994941711 0.182310998439789
0.470598995685577 0.182447999715805
0.470820009708405 0.182586997747421
0.47104200720787 0.182724997401237
0.471264004707336 0.182863995432854
0.471486985683441 0.183004006743431
0.471711009740829 0.183144003152847
0.471935003995895 0.183284997940063
0.472160011529922 0.18342599272728
0.472384989261627 0.183567002415657
0.472611010074615 0.183708995580673
0.472838014364243 0.183852002024651
0.473064988851547 0.183994993567467
0.473293006420135 0.184138000011444
0.473522007465363 0.184282004833221
0.47375100851059 0.184425994753838
0.473980993032455 0.184570997953415
0.474211007356644 0.184716001152992
0.474442005157471 0.18486200273037
0.474673986434937 0.185008004307747
0.474907010793686 0.185155004262924
0.475140005350113 0.185302004218102
0.475374013185501 0.185450002551079
0.475607991218567 0.185598000884056
0.475843012332916 0.185746997594833
0.476078987121582 0.185895994305611
0.47631499171257 0.186046004295349
0.47655200958252 0.186195999383926
0.476788997650146 0.186345994472504
0.477028012275696 0.186497002840042
0.477266997098923 0.186648994684219
0.477506011724472 0.186801001429558
0.47774600982666 0.186952993273735
0.477986991405487 0.187105998396873
0.478228986263275 0.187260001897812
0.478471010923386 0.18741400539875
0.478713989257813 0.187567993998528
0.478956997394562 0.187722995877266
0.47920098900795 0.187878996133804
0.479445993900299 0.188034996390343
0.479690998792648 0.188190996646881
0.479938000440598 0.188347995281219
0.480183988809586 0.188506007194519
0.480432003736496 0.188664004206657
0.480679988861084 0.188822001218796
0.480928003787994 0.188980996608734
0.481177985668182 0.189140006899834
0.481427997350693 0.189300000667572
0.481678992509842 0.18946099281311
0.481929987668991 0.18962199985981
0.482181996107101 0.189783006906509
0.482434988021851 0.189944997429848
0.482688009738922 0.190108001232147
0.48294198513031 0.190271005034447
0.483197003602982 0.190433993935585
0.483451992273331 0.190597996115685
0.483707994222641 0.190762996673584
0.483965009450912 0.190927997231483
0.484221994876862 0.191093996167183
0.484481006860733 0.191259995102882
0.484739005565643 0.191425994038582
0.484999001026154 0.191593006253242
0.485258996486664 0.191761001944542
0.485520005226135 0.191928997635841
0.485781013965607 0.192098006606102
0.486043006181717 0.192267000675201
0.486306011676788 0.192436993122101
0.486570000648499 0.192607000470161
0.486833989620209 0.192778006196022
0.48709899187088 0.192948997020721
0.487363994121552 0.193121001124382
0.487630993127823 0.193294003605843
0.487897992134094 0.193465992808342
0.488164991140366 0.193639993667603
0.488433986902237 0.193813994526863
0.488703012466431 0.193987995386124
0.488972008228302 0.194163993000984
0.489243000745773 0.194339007139206
0.489513993263245 0.194515004754066
0.489785999059677 0.194692000746727
0.49005800485611 0.194868996739388
0.490332007408142 0.195047006011009
0.490606009960175 0.19522500038147
0.490880012512207 0.19540399312973
0.491156011819839 0.195583999156952
0.491432011127472 0.195764005184174
0.491708010435104 0.195943996310234
0.491986006498337 0.196125000715256
0.492264002561569 0.196307003498077
0.492543011903763 0.196489006280899
0.492823004722595 0.196672007441521
0.493102997541428 0.196854993700981
0.493384003639221 0.197038993239403
0.493665993213654 0.197224006056786
0.493948012590408 0.197409003973007
0.494231998920441 0.197594001889229
0.494515985250473 0.19777999818325
0.494800001382828 0.197966992855072
0.495086014270782 0.198154002428055
0.495371997356415 0.198341995477676
0.495658993721008 0.198531001806259
0.495945990085602 0.198719993233681
0.496235013008118 0.198908999562263
0.496524006128311 0.199099004268646
0.496814012527466 0.199290007352829
0.497103989124298 0.199480995535851
0.497395992279053 0.199672996997833
0.497687995433807 0.199865996837616
0.497979998588562 0.200058996677399
0.498273998498917 0.200252994894981
0.498567998409271 0.200446993112564
0.498863011598587 0.200642004609108
0.499159008264542 0.200837001204491
0.499455988407135 0.201032996177673
0.499752998352051 0.201230004429817
0.500051021575928 0.2014269977808
0.500349998474121 0.201625004410744
0.500648975372314 0.201822996139526
0.50094997882843 0.20202200114727
0.501250982284546 0.202222004532814
0.501552999019623 0.202421993017197
0.5018550157547 0.20262299478054
0.502158999443054 0.202824994921684
0.502462983131409 0.203026995062828
0.502767980098724 0.203229993581772
0.503073990345001 0.203433007001877
0.503380000591278 0.203637003898621
0.503687024116516 0.203841000795364
0.503995001316071 0.204046994447708
0.504303991794586 0.204252004623413
0.504613995552063 0.204458996653557
0.50492399930954 0.204666003584862
0.505236029624939 0.204873993992805
0.505548000335693 0.20508199930191
0.505859971046448 0.205291002988815
0.506174027919769 0.20550100505352
0.506488025188446 0.205711007118225
0.5068039894104 0.205921992659569
0.507120013237 0.206132993102074
0.507435977458954 0.20634600520134
0.507754027843475 0.206558004021645
0.508072018623352 0.206771999597549
0.508391976356506 0.206985995173454
0.508711993694305 0.20720100402832
0.509033024311066 0.207415997982025
0.509353995323181 0.207632005214691
0.509676992893219 0.207848995923996
0.509999990463257 0.208066999912262
0.510324001312256 0.208285003900528
0.510649025440216 0.208502992987633
0.510975003242493 0.208722993731499
0.51130199432373 0.208942994475365
0.511628985404968 0.209163993597031
0.511956989765167 0.209384992718697
0.512287020683289 0.209607005119324
0.512616991996765 0.20983000099659
0.512947022914886 0.210053995251656
0.513279020786285 0.210278004407883
0.513611972332001 0.210502997040749
0.513944983482361 0.210728004574776
0.514279007911682 0.210953995585442
0.51461398601532 0.211180999875069
0.514949977397919 0.211409002542496
0.515286982059479 0.211637005209923
0.515625 0.21186600625515
0.515963017940521 0.212096005678177
0.51630300283432 0.212326005101204
0.516642987728119 0.212557002902031
0.516983985900879 0.212788999080658
0.5173259973526 0.213021993637085
0.517669022083282 0.213255003094673
0.518013000488281 0.2134889960289
0.51835697889328 0.213724002242088
0.518702983856201 0.213958993554115
0.519048988819122 0.214194998145103
0.519396007061005 0.214432001113892
0.519744992256165 0.21467000246048
0.520093977451324 0.214908003807068
0.520443975925446 0.215147003531456
0.520794987678528 0.215387001633644
0.52114599943161 0.215627998113632
0.52149897813797 0.21586899459362
0.521853029727936 0.21611100435257
0.522207021713257 0.216353997588158
0.522562980651855 0.216597005724907
0.522918999195099 0.216841995716095
0.523275971412659 0.217087000608444
0.523635029792786 0.217332005500793
0.523994028568268 0.217579007148743
0.524353981018066 0.217825993895531
0.524715006351471 0.21807399392128
0.525076985359192 0.21832300722599
0.525439977645874 0.218573004007339
0.525803029537201 0.218823000788689
0.526167988777161 0.219073995947838
0.526534020900726 0.219326004385948
0.526899993419647 0.219578996300697
0.52726799249649 0.219833001494408
0.527637004852295 0.220087006688118
0.528006017208099 0.220341995358467
0.528376996517181 0.220597997307777
0.528747975826263 0.220854997634888
0.529120028018951 0.221111997961998
0.529493987560272 0.221370995044708
0.529868006706238 0.22163000702858
0.530243992805481 0.22189000248909
0.530619978904724 0.2221499979496
0.530996978282928 0.222412005066872
0.531374990940094 0.222673997282982
0.531754970550537 0.222937002778053
0.532135009765625 0.223201006650925
0.532516002655029 0.223465994000435
0.532899022102356 0.223731994628906
0.533281981945038 0.223997995257378
0.533666014671326 0.224265992641449
0.53405100107193 0.224534004926682
0.534438014030457 0.224803000688553
0.534825026988983 0.225072994828224
0.535212993621826 0.225344002246857
0.535602986812592 0.225614994764328
0.535992980003357 0.22588700056076
0.536383986473083 0.226161003112793
0.536777019500732 0.226435005664825
0.537169992923737 0.226710006594658
0.537564992904663 0.22698600590229
0.53795999288559 0.227263003587723
0.538357019424438 0.227540001273155
0.538754999637604 0.227818995714188
0.53915399312973 0.228098005056381
0.539552986621857 0.228377997875214
0.539954006671906 0.228660002350807
0.540355980396271 0.228942006826401
0.540759027004242 0.229224994778633
0.54116302728653 0.229507997632027
0.541567981243134 0.22979299724102
0.541974008083344 0.230078995227814
0.542382001876831 0.230364993214607
0.542789995670319 0.230653002858162
0.543200016021729 0.230940997600555
0.543609976768494 0.23123100399971
0.544022023677826 0.231520995497704
0.544435024261475 0.231812000274658
0.54484897851944 0.232104003429413
0.545264005661011 0.232397004961967
0.545679986476898 0.232691004872322
0.546096980571747 0.232986003160477
0.546514987945557 0.233281999826431
0.546935021877289 0.233578994870186
0.547354996204376 0.233876004815102
0.547776997089386 0.234174996614456
0.548200011253357 0.234475001692772
0.548623979091644 0.234776005148888
0.549049019813538 0.235076993703842
0.549476027488708 0.235379993915558
0.549902975559235 0.235682994127274
0.550332009792328 0.23598800599575
0.550760984420776 0.236293002963066
0.551191985607147 0.236599996685982
0.55162501335144 0.236907005310059
0.552057981491089 0.237215995788574
0.552492022514343 0.237525999546051
0.55292797088623 0.237836003303528
0.553364992141724 0.238148003816605
0.553803026676178 0.238460004329681
0.554242014884949 0.238774001598358
0.554683029651642 0.239087998867035
0.555124998092651 0.239403992891312
0.555567026138306 0.23972100019455
0.556011974811554 0.240037992596626
0.556456983089447 0.240356996655464
0.556903004646301 0.240676999092102
0.557350993156433 0.24099799990654
0.557799994945526 0.241319000720978
0.558251023292542 0.241641998291016
0.558701992034912 0.241965994238853
0.559154987335205 0.242291003465652
0.559608995914459 0.24261699616909
0.560064017772675 0.242945000529289
0.560521006584167 0.243273004889488
0.560979008674622 0.243601992726326
0.561438024044037 0.243933007121086
0.561897993087769 0.244264006614685
0.562359988689423 0.244597002863884
0.562822997570038 0.244930997490883
0.563287019729614 0.245265007019043
0.563751995563507 0.245600998401642
0.564218997955322 0.245938003063202
0.564687013626099 0.246277004480362
0.565156996250153 0.246616005897522
0.565626978874207 0.246956005692482
0.566098988056183 0.247298002243042
0.566573023796082 0.247640997171402
0.567048013210297 0.247984007000923
0.567524015903473 0.248328998684883
0.568000972270966 0.248676002025604
0.568480014801025 0.249023005366325
0.568960011005402 0.249371007084846
0.569441020488739 0.249721005558968
0.569923996925354 0.250072002410889
0.570408999919891 0.25042399764061
0.570894002914429 0.250777006149292
0.571380972862244 0.251130998134613
0.571869015693665 0.251486986875534
0.572359025478363 0.251843988895416
0.572849988937378 0.25220200419426
0.573342978954315 0.252561002969742
0.573836982250214 0.252920985221863
0.574331998825073 0.253282994031906
0.57482898235321 0.253645986318588
0.575326979160309 0.254009991884232
0.57582700252533 0.254375010728836
0.576327979564667 0.254741996526718
0.57683002948761 0.255109995603561
0.577333986759186 0.255479007959366
0.577839970588684 0.255849003791809
0.578347027301788 0.256220996379852
0.578854978084564 0.256592988967896
0.579365015029907 0.2569679915905
0.579876005649567 0.257342994213104
0.580389022827148 0.257719993591309
0.580902993679047 0.258098006248474
0.581418991088867 0.258477002382278
0.581936001777649 0.258857995271683
0.582454979419708 0.259238988161087
0.582974970340729 0.259622991085052
0.583496987819672 0.260006994009018
0.584020972251892 0.260392993688583
0.584546029567719 0.26078000664711
0.585071980953217 0.261168986558914
0.585600018501282 0.261559009552002
0.586129009723663 0.261949986219406
0.586660027503967 0.262342989444733
0.587193012237549 0.26273700594902
0.587727010250092 0.263132005929947
0.588262975215912 0.263529002666473
0.588801026344299 0.263927012681961
0.589339971542358 0.264326006174088
0.589879989624023 0.264726996421814
0.590421974658966 0.265130013227463
0.590965986251831 0.265533000230789
0.591511011123657 0.265938013792038
0.592059016227722 0.266344994306564
0.592607021331787 0.266752988100052
0.593158006668091 0.267161995172501
0.593708992004395 0.267572999000549
0.594263017177582 0.267985999584198
0.594817996025085 0.268399000167847
0.595375001430511 0.268815010786057
0.595933973789215 0.269230991601944
0.596494019031525 0.269650012254715
0.597055971622467 0.270069003105164
0.597620010375977 0.270489990711212
0.598185002803802 0.270913004875183
0.598752021789551 0.271337002515793
0.599321007728577 0.271762996912003
0.599892020225525 0.272190004587173
0.60046398639679 0.272619009017944
0.601037979125977 0.273048996925354
0.601613998413086 0.273481011390686
0.602190971374512 0.273914009332657
0.602770984172821 0.274349004030228
0.603352010250092 0.274785995483398
0.60393500328064 0.27522400021553
0.604519009590149 0.275662988424301
0.605105996131897 0.276104986667633
0.605693995952606 0.276547014713287
0.606284022331238 0.276991993188858
0.606876015663147 0.277438014745712
0.607469975948334 0.277884989976883
0.608065009117126 0.278335005044937
0.608663022518158 0.278784990310669
0.609261989593506 0.279237985610962
0.609862983226776 0.279691994190216
0.610466003417969 0.28014799952507
0.611070990562439 0.280604988336563
0.611678004264832 0.281064987182617
0.612285971641541 0.281525999307632
0.612896978855133 0.281987994909286
0.613508999347687 0.282451987266541
0.614124000072479 0.282918006181717
0.614740014076233 0.283385992050171
0.615357995033264 0.283854991197586
0.615978002548218 0.284325987100601
0.616599977016449 0.284799009561539
0.617224991321564 0.285273998975754
0.61785101890564 0.28575000166893
0.618479013442993 0.286228001117706
0.619108974933624 0.286707997322083
0.619741022586823 0.287189990282059
0.620374977588654 0.287672996520996
0.621011018753052 0.288157999515533
0.621649026870728 0.288646012544632
0.622289001941681 0.289133995771408
0.622932016849518 0.289624989032745
0.623575985431671 0.290118008852005
0.624221980571747 0.290612012147903
0.624871015548706 0.291108012199402
0.625521004199982 0.291606992483139
0.626173973083496 0.292106002569199
0.626828014850616 0.292607992887497
0.627484977245331 0.293112009763718
0.628144025802612 0.293617993593216
0.628804981708527 0.294124990701675
0.629468977451324 0.294634997844696
0.630133986473083 0.295145988464355
0.630801975727081 0.295659989118576
0.63147097826004 0.296175003051758
0.632143020629883 0.29669201374054
0.632816970348358 0.29721200466156
0.633494019508362 0.297733008861542
0.634172022342682 0.298256009817123
0.634853005409241 0.298781007528305
0.635536015033722 0.299308985471725
0.636220991611481 0.299838006496429
0.636909008026123 0.300368994474411
0.637598991394043 0.300902992486954
0.638291001319885 0.301438003778458
0.638984978199005 0.301975011825562
0.639681994915009 0.302515000104904
0.64038097858429 0.303056985139847
0.641081988811493 0.303600013256073
0.641785979270935 0.304145991802216
0.6424919962883 0.304693996906281
0.643199980258942 0.305243998765945
0.643911004066467 0.305797010660172
0.644623994827271 0.306351006031036
0.645340025424957 0.306908011436462
0.646058022975922 0.307466000318527
0.646777987480164 0.308026999235153
0.647500991821289 0.308589994907379
0.648226022720337 0.309156000614166
0.648953974246979 0.309722989797592
0.649684011936188 0.310292989015579
0.650416970252991 0.310865014791489
0.651152014732361 0.311439007520676
0.651889979839325 0.312016010284424
0.652629971504211 0.312595009803772
0.653373003005981 0.31317600607872
0.654118001461029 0.313758999109268
0.654865980148315 0.314345002174377
0.655616998672485 0.314933001995087
0.656369984149933 0.315524011850357
0.657124996185303 0.316116005182266
0.657882988452911 0.316711992025375
0.658644020557404 0.317308992147446
0.65940797328949 0.317909002304077
0.660174012184143 0.318511009216309
0.66094297170639 0.319115996360779
0.661714017391205 0.319723010063171
0.662487983703613 0.320333003997803
0.663264989852905 0.320944994688034
0.664044976234436 0.321559995412827
0.664826989173889 0.322176992893219
0.665611982345581 0.322797000408173
0.666400015354156 0.323419004678726
0.66719001531601 0.32404300570488
0.667984008789063 0.324669986963272
0.668780028820038 0.325300008058548
0.669579029083252 0.325931996107101
0.670381009578705 0.326566994190216
0.671185970306396 0.327205002307892
0.671993017196655 0.327845007181168
0.672802984714508 0.328487992286682
0.673617005348206 0.329133003950119
0.674432992935181 0.329780995845795
0.675252020359039 0.330431997776031
0.676074028015137 0.331084996461868
0.676899015903473 0.331741005182266
0.677726984024048 0.332399994134903
0.678557991981506 0.333061993122101
0.679391980171204 0.333725988864899
0.680229008197784 0.334392994642258
0.681069016456604 0.335063010454178
0.681912004947662 0.335736006498337
0.682758986949921 0.336410999298096
0.683607995510101 0.337089002132416
0.684459984302521 0.337770998477936
0.685316026210785 0.338454991579056
0.686173975467682 0.339141011238098
0.687035977840424 0.339830994606018
0.687901020050049 0.340523988008499
0.688768982887268 0.341219007968903
0.689639985561371 0.341917991638184
0.690514981746674 0.342619001865387
0.69139301776886 0.34332400560379
0.69227397441864 0.344031006097794
0.693157970905304 0.344742000102997
0.694045007228851 0.3454549908638
0.694935977458954 0.346172004938126
0.69582998752594 0.34689199924469
0.696727991104126 0.347613990306854
0.697628974914551 0.348340004682541
0.698532998561859 0.349068999290466
0.699441015720367 0.349801003932953
0.700352013111115 0.350535988807678
0.7012659907341 0.351274996995926
0.702184021472931 0.352016001939774
0.703105986118317 0.352761000394821
0.704030990600586 0.35350900888443
0.704958975315094 0.354259997606277
0.705891013145447 0.355015009641647
0.706825971603394 0.355773001909256
0.707765996456146 0.356534004211426
0.708707988262177 0.357297986745834
0.709653973579407 0.358065992593765
0.710604012012482 0.358837008476257
0.711557984352112 0.359611988067627
0.712514996528625 0.36039000749588
0.713476002216339 0.361171007156372
0.714441001415253 0.361956000328064
0.715408980846405 0.362744003534317
0.716381013393402 0.36353600025177
0.717356979846954 0.364331007003784
0.718336999416351 0.365130007266998
0.719321012496948 0.365931987762451
0.720308005809784 0.366737991571426
0.72129899263382 0.367547988891602
0.722293972969055 0.368360996246338
0.723293006420135 0.369177997112274
0.724295973777771 0.369998008012772
0.725302994251251 0.370822012424469
0.726314008235931 0.371650010347366
0.727329015731812 0.372482001781464
0.728348016738892 0.373317003250122
0.729371011257172 0.37415599822998
0.730397999286652 0.374998986721039
0.731428980827332 0.37584599852562
0.732465028762817 0.376695990562439
0.733503997325897 0.37755098938942
0.734547972679138 0.378408998250961
0.735594987869263 0.379271000623703
0.736647009849548 0.380136996507645
0.73770397901535 0.381006985902786
0.738763988018036 0.38188099861145
0.739829003810883 0.382759988307953
0.740898013114929 0.383641988039017
0.741971015930176 0.384528011083603
0.743049025535583 0.385417997837067
0.744131028652191 0.386312991380692
0.745217978954315 0.387210994958878
0.746308982372284 0.388114005327225
0.747404992580414 0.389021009206772
0.748504996299744 0.389932006597519
0.749608993530273 0.390846997499466
0.750717997550964 0.391766995191574
0.751832008361816 0.392690986394882
0.752950012683868 0.393619000911713
0.754073023796082 0.394551008939743
0.755200982093811 0.395487993955612
0.756332993507385 0.396429985761642
0.757470011711121 0.397376000881195
0.758611977100372 0.398326009511948
0.75975900888443 0.399280995130539
0.760909974575043 0.400240004062653
0.762066006660461 0.401203989982605
0.763226985931396 0.40217199921608
0.764392971992493 0.403144985437393
0.765564024448395 0.40412300825119
0.766740024089813 0.405104994773865
0.767920970916748 0.4060919880867
0.769106984138489 0.407083988189697
0.770298004150391 0.408080995082855
0.771493971347809 0.409081995487213
0.772695004940033 0.410088002681732
0.773900985717773 0.41109898686409
0.775112986564636 0.412115007638931
0.776328980922699 0.413136005401611
0.777550995349884 0.414162009954453
0.778778970241547 0.415192008018494
0.780010998249054 0.416227996349335
0.781248986721039 0.417268991470337
0.782491981983185 0.4183149933815
0.783740997314453 0.419366002082825
0.784995019435883 0.420421987771988
0.786253988742828 0.421483010053635
0.787519991397858 0.422549992799759
0.788789987564087 0.423620998859406
0.790066003799438 0.424697995185852
0.791347980499268 0.425781011581421
0.792635977268219 0.426869004964828
0.793928980827332 0.427962005138397
0.795228004455566 0.429060012102127
0.796531975269318 0.430164009332657
0.797842979431152 0.431273996829987
0.799158990383148 0.432388991117477
0.800481021404266 0.433510005474091
0.801810026168823 0.434635996818542
0.803143978118896 0.435768008232117
0.804484009742737 0.43690499663353
0.805830001831055 0.438048988580704
0.807182013988495 0.439197987318039
0.808539986610413 0.440353006124496
0.809904992580414 0.441513001918793
0.811275005340576 0.44268000125885
0.812651991844177 0.443852990865707
0.814034998416901 0.445030987262726
0.815424978733063 0.446215987205505
0.816820979118347 0.447405993938446
0.818222999572754 0.448603004217148
0.819631993770599 0.44980600476265
0.821047008037567 0.451014995574951
0.822467982769012 0.452230006456375
0.823897004127502 0.453451007604599
0.82533198595047 0.454679012298584
0.82677298784256 0.455913007259369
0.828221023082733 0.457154005765915
0.8296759724617 0.458400994539261
0.831138014793396 0.459654003381729
0.832606971263885 0.460913985967636
0.834082007408142 0.462181001901627
0.835564970970154 0.463454008102417
0.837054014205933 0.464733988046646
0.838549971580505 0.466019988059998
0.840053975582123 0.46731299161911
0.841565012931824 0.468614012002945
0.843082010746002 0.469920009374619
0.844606995582581 0.471233993768692
0.846140027046204 0.472555011510849
0.847679018974304 0.473883002996445
0.849225997924805 0.475217998027802
0.85078102350235 0.476559996604919
0.852343022823334 0.477908998727798
0.853911995887756 0.479265004396439
0.855489015579224 0.480628997087479
0.857074022293091 0.48199999332428
0.858666002750397 0.483377993106842
0.860265970230103 0.484762996435165
0.861873984336853 0.48615700006485
0.863489985466003 0.487556993961334
0.865113019943237 0.488965004682541
0.866744995117188 0.490381002426147
0.868384003639221 0.491804987192154
0.870032012462616 0.493236005306244
0.871688008308411 0.494675010442734
0.873351991176605 0.496122002601624
0.874875009059906 0.49744701385498
0.875894010066986 0.498333990573883
0.876576006412506 0.498928010463715
0.877031028270721 0.49932399392128
0.877333998680115 0.499588012695313
0.87753701210022 0.499765008687973
0.877672016620636 0.499882012605667
0.877740025520325 0.499940991401672
0.877772986888885 0.499971002340317
0.877807021141052 0.5
0.877807021141052 0.5
0.877840995788574 0.500029027462006
0.877874970436096 0.500059008598328
0.877942025661469 0.500118017196655
0.878077983856201 0.500235974788666
0.878280997276306 0.500411987304688
0.878585994243622 0.50067800283432
0.879042983055115 0.501076996326447
0.879730999469757 0.501676023006439
0.880765020847321 0.502577006816864
0.882322013378143 0.503934979438782
0.884038984775543 0.505433022975922
0.885764002799988 0.506938993930817
0.887498021125793 0.508453011512756
0.889240980148315 0.509976029396057
0.890992999076843 0.511506974697113
0.892754018306732 0.513046979904175
0.894523024559021 0.514594972133636
0.896301984786987 0.516152024269104
0.898088991641998 0.517718017101288
0.899886012077332 0.519293010234833
0.901691973209381 0.520875990390778
0.903506994247437 0.522467970848083
0.905331015586853 0.524070024490356
0.907164990901947 0.525680005550385
0.909008026123047 0.527300000190735
0.910861015319824 0.528927981853485
0.912723004817963 0.530565977096558
0.914595007896423 0.532212972640991
0.916477024555206 0.533869981765747
0.918368995189667 0.535535991191864
0.920270025730133 0.537212014198303
0.922182023525238 0.538896977901459
0.924103021621704 0.540592014789581
0.926034986972809 0.542297005653381
0.927977025508881 0.544010996818542
0.92992901802063 0.545736014842987
0.931891024112701 0.547469973564148
0.933863997459412 0.549215018749237
0.935846984386444 0.550969004631042
0.93784099817276 0.552734017372131
0.939845979213715 0.554508984088898
0.941860973834991 0.556294977664948
0.943886995315552 0.55809098482132
0.945923984050751 0.559897005558014
0.947971999645233 0.561713993549347
0.950030982494354 0.563542008399963
0.952100992202759 0.565380990505219
0.954182028770447 0.567229986190796
0.95627498626709 0.569091022014618
0.958378970623016 0.570962011814117
0.960493981838226 0.572844982147217
0.962620973587036 0.5747389793396
0.964760005474091 0.576644003391266
0.966910004615784 0.578559994697571
0.969072997570038 0.58048802614212
0.971247017383575 0.582427978515625
0.973433017730713 0.584379017353058
0.97563099861145 0.586341977119446
0.977841973304749 0.588316977024078
0.980064988136292 0.590303003787994
0.982299983501434 0.592302024364471
0.984547972679138 0.594313025474548
0.986808001995087 0.596336007118225
0.989081025123596 0.598371028900146
0.991366982460022 0.600418984889984
0.993664979934692 0.602478981018066
0.995976984500885 0.60455197095871
0.998301982879639 0.606638014316559
1.0006400346756 0.608735978603363
1.00299000740051 0.610848009586334
1.00536000728607 0.612972021102905
1.00773000717163 0.615109026432037
1.01013004779816 0.617259979248047
1.01252996921539 0.619423985481262
1.01495003700256 0.621601998806
1.01737999916077 0.623793005943298
1.01982998847961 0.625997006893158
1.02228999137878 0.628216028213501
1.0247700214386 0.63044798374176
1.02725994586945 0.632695019245148
1.0297600030899 0.634954988956451
1.03227996826172 0.637229979038239
1.03480994701385 0.639518976211548
1.03735995292664 0.641821980476379
1.03992998600006 0.644140005111694
1.04251003265381 0.646472990512848
1.04509997367859 0.648819983005524
1.04770994186401 0.651183009147644
1.05033004283905 0.653559982776642
1.05297005176544 0.655952990055084
1.05562996864319 0.65836101770401
1.05830001831055 0.660784006118774
1.06098997592926 0.663223028182983
1.0636899471283 0.665678024291992
1.06640994548798 0.66814798116684
1.0691499710083 0.670634984970093
1.07190001010895 0.673137009143829
1.07466995716095 0.675656020641327
1.07746005058289 0.678191006183624
1.08026003837585 0.680742025375366
1.08308005332947 0.683309972286224
1.08591997623444 0.685895025730133
1.08877003192902 0.688497006893158
1.09165000915527 0.691115021705627
1.09453999996185 0.693750977516174
1.09744000434875 0.696403980255127
1.10037004947662 0.699074983596802
1.10330998897552 0.701762974262238
1.10626995563507 0.70446902513504
1.10924994945526 0.70719301700592
1.1122499704361 0.709935009479523
1.11527001857758 0.712695002555847
1.11829996109009 0.715472996234894
1.12135994434357 0.718270003795624
1.12442994117737 0.721085011959076
1.12752997875214 0.723919987678528
1.13064002990723 0.726773023605347
1.13376998901367 0.729645013809204
1.13691997528076 0.732536971569061
1.1400899887085 0.735448002815247
1.14328002929688 0.738379001617432
1.14649999141693 0.7413290143013
1.14972996711731 0.744298994541168
1.15297996997833 0.747290015220642
1.15625 0.750299990177155
1.15954995155334 0.753331005573273
1.1628600358963 0.756383001804352
1.16620004177094 0.759455978870392
1.16955995559692 0.762548983097076
1.17294001579285 0.765663027763367
1.17633998394012 0.768799006938934
1.17975997924805 0.771956026554108
1.18321001529694 0.775134980678558
1.18667995929718 0.778335988521576
1.19017004966736 0.781558990478516
1.19368004798889 0.784803986549377
1.1972199678421 0.788070976734161
1.20078003406525 0.791360974311829
1.20436000823975 0.794673979282379
1.20796000957489 0.798008978366852
1.211590051651 0.801367998123169
1.21525001525879 0.804750025272369
1.2189199924469 0.80815601348877
1.22262001037598 0.811585009098053
1.22634994983673 0.815038025379181
1.23010003566742 0.818515002727509
1.23388004302979 0.822017014026642
1.23767995834351 0.825542986392975
1.24150002002716 0.829093992710114
1.24535000324249 0.832669973373413
1.24923002719879 0.836270987987518
1.25312995910645 0.839896976947784
1.25706005096436 0.843549013137817
1.26101994514465 0.847226023674011
1.26499998569489 0.850929975509644
1.26900994777679 0.854659020900726
1.27304005622864 0.858416020870209
1.27710998058319 0.862197995185852
1.28120005130768 0.86600798368454
1.28532004356384 0.869844019412994
1.28945994377136 0.873708009719849
1.29364001750946 0.877599000930786
1.29783999919891 0.881518006324768
1.30207002162933 0.885465025901794
1.30632996559143 0.88944000005722
1.31061995029449 0.893444001674652
1.3149299621582 0.897476017475128
1.3192800283432 0.901537001132965
1.32366001605988 0.905627012252808
1.32807004451752 0.909745991230011
1.33249998092651 0.913895010948181
1.3369699716568 0.918074011802673
1.34147000312805 0.922281980514526
1.34599995613098 0.926521003246307
1.35055994987488 0.93079000711441
1.35514998435974 0.935090005397797
1.35977005958557 0.939420998096466
1.36442995071411 0.943782985210419
1.36912000179291 0.948176980018616
1.37383997440338 0.952602028846741
1.37858998775482 0.957059979438782
1.38337004184723 0.961548984050751
1.38819003105164 0.966071009635925
1.39303994178772 0.970624983310699
1.39793002605438 0.97521299123764
1.40285003185272 0.979833006858826
1.40779995918274 0.984486997127533
1.41278994083405 0.989175021648407
1.41781997680664 0.993896007537842
1.42287003993988 0.99865198135376
1.42797005176544 1.00344002246857
1.43309998512268 1.0082700252533
1.43825995922089 1.0131299495697
1.44345998764038 1.01802003383636
1.44869995117188 1.02295005321503
1.45396995544434 1.02792000770569
1.45928001403809 1.03292000293732
1.46463000774384 1.03796005249023
1.47001004219055 1.04303002357483
1.47543001174927 1.04814004898071
1.48089003562927 1.0532900094986
1.48638999462128 1.05847001075745
1.49193000793457 1.06369996070862
1.49749994277954 1.06895995140076
1.50311994552612 1.07424998283386
1.50876998901367 1.07958996295929
1.51445996761322 1.08496999740601
1.52019000053406 1.0903799533844
1.52595996856689 1.09582996368408
1.53178000450134 1.10132002830505
1.53762996196747 1.10685002803802
1.54351997375488 1.112419962883
1.54946005344391 1.11802995204926
1.55543005466461 1.1236799955368
1.56145000457764 1.12936997413635
1.56751000881195 1.13511002063751
1.57360994815826 1.14087998867035
1.57974994182587 1.14669001102448
1.58592998981476 1.15254998207092
1.59215998649597 1.15843999385834
1.59843003749847 1.16437995433807
1.6047500371933 1.1703599691391
1.6110999584198 1.17638003826141
1.61749994754791 1.18245005607605
1.62395000457764 1.18854999542236
1.63043999671936 1.19470000267029
1.63697004318237 1.20089995861053
1.64355003833771 1.20712995529175
1.65016996860504 1.21341001987457
1.65683996677399 1.21974003314972
1.66355001926422 1.22609996795654
1.67031002044678 1.2325199842453
1.67710995674133 1.23897004127502
1.6839599609375 1.24547004699707
1.69086003303528 1.25202000141144
1.69780004024506 1.25861001014709
1.70478999614716 1.26523995399475
1.71183001995087 1.27191996574402
1.71890997886658 1.2786500453949
1.7260400056839 1.28541994094849
1.73321998119354 1.29224002361298
1.74044001102448 1.29910004138947
1.74770998954773 1.30601000785828
1.7550300359726 1.3129700422287
1.76240003108978 1.31997001171112
1.76981997489929 1.32702004909515
1.77727997303009 1.33411002159119
1.78480005264282 1.34125995635986
1.79235994815826 1.3484400510788
1.79997003078461 1.35567998886108
1.80762994289398 1.36295998096466
1.81533002853394 1.37029004096985
1.82308995723724 1.37767004966736
1.83089995384216 1.38510000705719
1.83875000476837 1.39257001876831
1.84666001796722 1.40008997917175
1.85460996627808 1.40766000747681
1.86260998249054 1.41526997089386
1.87066996097565 1.42293000221252
1.87876999378204 1.43064999580383
1.88691997528076 1.43841004371643
1.89513003826141 1.44621002674103
1.90338003635406 1.45406997203827
1.91167998313904 1.4619699716568
1.92004001140594 1.46992003917694
1.92843997478485 1.4779200553894
1.93689000606537 1.48597002029419
1.94539999961853 1.49406003952026
1.95395004749298 1.50221002101898
1.96256005764008 1.51040005683899
1.97121000289917 1.51864004135132
1.9799200296402 1.52692997455597
1.98866999149323 1.53525996208191
1.99748003482819 1.54365003108978
2.00633001327515 1.55208003520966
2.01523995399475 1.56055998802185
2.02418994903564 1.56909000873566
2.03320002555847 1.57765996456146
2.04224991798401 1.58627998828888
2.05135989189148 1.59494996070862
2.06050992012024 1.60367000102997
2.06972002983093 1.61243999004364
2.07897996902466 1.6212500333786
2.08827996253967 1.63011002540588
2.0976300239563 1.63901996612549
2.10703992843628 1.64796996116638
2.11648988723755 1.65697002410889
2.12598991394043 1.66602003574371
2.13555002212524 1.67510998249054
2.14514994621277 1.68424999713898
2.1547999382019 1.69343996047974
2.16448998451233 1.70266997814178
2.17424011230469 1.71194994449615
2.18403005599976 1.72126996517181
2.19388008117676 1.73064005374908
2.20376992225647 1.74004995822906
2.21371006965637 1.74951004981995
2.22370004653931 1.75901997089386
2.23373007774353 1.76856994628906
2.24380993843079 1.77815997600555
2.25394010543823 1.78779995441437
2.26412010192871 1.79747998714447
2.2743399143219 1.80720996856689
2.28461003303528 1.81698000431061
2.29492998123169 1.82678997516632
2.30528998374939 1.83664000034332
2.3157000541687 1.84653997421265
2.32614994049072 1.85648000240326
2.33664989471436 1.86646997928619
2.34718990325928 1.8764899969101
2.35777997970581 1.88655996322632
2.36841988563538 1.89666998386383
2.37909007072449 1.90682005882263
2.38982009887695 1.91700994968414
2.40057992935181 1.92724001407623
2.41139006614685 1.93751001358032
2.42225003242493 1.94781994819641
2.43314003944397 1.95817005634308
2.44408011436462 1.96856999397278
2.45507001876831 1.97899997234344
2.46608996391296 1.9894700050354
2.47715997695923 1.99996995925903
2.48826003074646 2.01051998138428
2.49940991401672 2.02110004425049
2.51061010360718 2.03172993659973
2.52184009552002 2.0423800945282
2.53310990333557 2.0530800819397
2.54442000389099 2.06381011009216
2.55576992034912 2.07457995414734
2.56716990470886 2.08539009094238
2.57859992980957 2.09623003005981
2.59007000923157 2.10711002349854
2.60157990455627 2.11802005767822
2.61313009262085 2.1289598941803
2.62472009658813 2.13994002342224
2.63633990287781 2.15095996856689
2.64800000190735 2.16200995445251
2.6596999168396 2.1730899810791
2.67143988609314 2.18421006202698
2.68320989608765 2.19535994529724
2.69501996040344 2.20654010772705
2.70687007904053 2.21775007247925
2.71875 2.22900009155273
2.73066997528076 2.24026989936829
2.74261999130249 2.25157999992371
2.75461006164551 2.26291990280151
2.76662993431091 2.27429008483887
2.77869009971619 2.28569006919861
2.79078006744385 2.29712009429932
2.80290007591248 2.30857992172241
2.81505990028381 2.32007002830505
2.8272500038147 2.33158993721008
2.83947992324829 2.34313988685608
2.85173010826111 2.3547101020813
2.86402010917664 2.36631989479065
2.87634992599487 2.37794995307922
2.88870000839233 2.38961005210876
2.90107989311218 2.40129995346069
2.9135000705719 2.41300988197327
2.925950050354 2.42475008964539
2.93843007087708 2.43652009963989
2.95093011856079 2.44830989837646
2.96346998214722 2.46012997627258
2.97603988647461 2.47197008132935
2.98864006996155 2.4838399887085
3.00127005577087 2.49573993682861
3.01392006874084 2.50765991210938
3.02660989761353 2.51959991455078
3.03931999206543 2.53156995773315
3.05205988883972 2.54356002807617
3.06483006477356 2.55557990074158
3.07763004302979 2.56762003898621
3.09046006202698 2.5796799659729
3.10331010818481 2.59175992012024
3.11618995666504 2.60386991500854
3.12910008430481 2.6159999370575
3.14203000068665 2.62814998626709
3.15498995780945 2.64032006263733
3.16797995567322 2.65251994132996
3.18098998069763 2.66474008560181
3.19403004646301 2.6769700050354
3.20708990097046 2.68922996520996
3.22018003463745 2.70150995254517
3.23328995704651 2.71380996704102
3.24642992019653 2.72613000869751
3.25959992408752 2.73847007751465
3.27277994155884 2.75082993507385
3.28600001335144 2.76321005821228
3.29923009872437 2.77559995651245
3.31248998641968 2.78801989555359
3.32577991485596 2.80046010017395
3.33908009529114 2.81291007995605
3.35241007804871 2.8253800868988
3.36577010154724 2.83786988258362
3.37913990020752 2.85037994384766
3.39253997802734 2.86291003227234
3.40596008300781 2.87544989585876
3.41939997673035 2.88801002502441
3.43286991119385 2.90058994293213
3.44636011123657 2.91318988800049
3.45987010002136 2.92580008506775
3.4734001159668 2.93843007087708
3.4869499206543 2.95107007026672
3.50051999092102 2.96373009681702
3.51412010192871 2.97640991210938
3.52772998809814 2.98910999298096
3.54136991500854 3.00181007385254
3.55502009391785 3.01453995704651
3.56870007514954 3.02728009223938
3.58240008354187 3.04003000259399
3.59611010551453 3.05280995368958
3.60984992980957 3.06558990478516
3.62361001968384 3.07838988304138
3.63738989830017 3.09120988845825
3.65118002891541 3.10402989387512
3.66499996185303 3.11687994003296
3.67882990837097 3.1297299861908
3.69268989562988 3.1426100730896
3.70655989646912 3.15548992156982
3.72044992446899 3.16839003562927
3.73435997962952 3.18129992485046
3.74829006195068 3.19423007965088
3.76223993301392 3.20717000961304
3.77621006965637 3.22011995315552
3.79018998146057 3.23307991027832
3.80419993400574 3.24605989456177
3.81821990013123 3.25904989242554
3.83225989341736 3.27205991744995
3.84630990028381 3.28506994247437
3.86038994789124 3.29809999465942
3.87448000907898 3.3111400604248
3.88859009742737 3.32418990135193
3.9027099609375 3.33726000785828
3.91686010360718 3.35033011436462
3.9310200214386 3.36342000961304
3.94519996643066 3.37651991844177
3.95938992500305 3.38963007926941
3.97359991073608 3.40276002883911
3.98782992362976 3.41588997840881
4.00207996368408 3.42902994155884
4.01633977890015 3.44218993186951
4.03062009811401 3.4553599357605
4.04490995407104 3.46853995323181
4.05921983718872 3.48171997070313
4.0735502243042 3.49492001533508
4.08789014816284 3.50813007354736
4.10225009918213 3.52135992050171
4.11663007736206 3.53459000587463
4.13102006912231 3.54783010482788
4.14543008804321 3.56107997894287
4.15985012054443 3.57434010505676
4.1742901802063 3.5876100063324
4.18873977661133 3.60089993476868
4.20320987701416 3.61419010162354
4.21768999099731 3.62749004364014
4.23219013214111 3.64079999923706
4.2467098236084 3.65411996841431
4.26124000549316 3.66744995117188
4.27579021453857 3.68078994750977
4.29034996032715 3.69413995742798
4.3049201965332 3.70749998092651
4.31950998306274 3.72087001800537
4.33411979675293 3.73424005508423
4.3487401008606 3.74762988090515
4.36336994171143 3.76101994514465
4.3780198097229 3.7744300365448
4.39269018173218 3.78783988952637
4.40737009048462 3.80125999450684
4.42206001281738 3.81469011306763
4.43676996231079 3.82813000679016
4.45148992538452 3.84157991409302
4.4662299156189 3.85504007339478
4.48097991943359 3.86849999427795
4.49573993682861 3.88197994232178
4.51051998138428 3.8954598903656
4.52531003952026 3.90895009040833
4.54012012481689 3.92245006561279
4.55494022369385 3.93595004081726
4.56977987289429 3.94947004318237
4.58463001251221 3.96299004554749
4.59949016571045 3.97652006149292
4.61436986923218 3.99006009101868
4.62926006317139 4.00360012054443
4.64416980743408 4.01715993881226
4.65908002853394 4.03072023391724
4.6740198135376 4.04429006576538
4.68896007537842 4.05786991119385
4.70391988754272 4.07145023345947
4.71889019012451 4.08505010604858
4.73388004302979 4.0986499786377
4.74887990951538 4.11224985122681
4.76389980316162 4.12587022781372
4.77892017364502 4.13949012756348
4.7939600944519 4.15312004089355
4.80902004241943 4.16675996780396
4.82407999038696 4.18039989471436
4.83915996551514 4.1940598487854
4.85425996780396 4.20771980285645
4.86935997009277 4.22138023376465
4.88447999954224 4.23506021499634
4.89962005615234 4.24874019622803
4.91476011276245 4.26242017745972
4.9299201965332 4.27612018585205
4.94509983062744 4.28982019424438
4.96027994155884 4.30353021621704
4.97548007965088 4.3172402381897
4.99069023132324 4.33095979690552
5.00590991973877 4.34468984603882
5.0211501121521 4.35842990875244
5.03639984130859 4.37216997146606
5.05167007446289 4.38592004776001
5.06693983078003 4.39968013763428
5.08223009109497 4.41344022750854
5.09752988815308 4.42720985412598
5.11285018920898 4.44097995758057
5.12817001342773 4.4547700881958
5.14350986480713 4.46855020523071
5.15887022018433 4.48234987258911
5.17423009872437 4.49615001678467
5.18961000442505 4.50996017456055
5.20499992370605 4.52376985549927
5.22039985656738 4.53759002685547
5.23581981658936 4.55142021179199
5.25124979019165 4.56524991989136
5.26668977737427 4.5790901184082
5.28213977813721 4.59293985366821
5.29760980606079 4.60679006576538
5.3130898475647 4.62064981460571
5.32857990264893 4.6345100402832
5.34407997131348 4.64837980270386
5.35960006713867 4.66226005554199
5.37513017654419 4.67613983154297
5.39066982269287 4.69003009796143
5.40621995925903 4.70392990112305
5.42179012298584 4.71783018112183
5.43735980987549 4.73172998428345
5.45295000076294 4.74564981460571
5.46856021881104 4.75956010818481
5.48416996002197 4.7734899520874
5.49980020523071 4.78741979598999
5.51543998718262 4.80135011672974
5.53108978271484 4.81529998779297
5.54676008224487 4.82923984527588
5.56242990493774 4.84320020675659
5.57812023162842 4.85716009140015
5.59383010864258 4.8711199760437
5.60953998565674 4.88508987426758
5.62526988983154 4.89906978607178
5.64099979400635 4.91305017471313
5.65675020217896 4.92704010009766
5.67252016067505 4.9410400390625
5.68829011917114 4.95502996444702
5.70408010482788 4.96903991699219
5.71988010406494 4.98304986953735
5.73569011688232 4.99706983566284
5.75151014328003 5.01108980178833
5.76735019683838 5.02511978149414
5.78319978713989 5.03915023803711
5.79905986785889 5.05319023132324
5.8149299621582 5.06723022460938
5.83082008361816 5.08128023147583
5.84671020507813 5.09533977508545
5.86261987686157 5.10939979553223
5.8785400390625 5.123459815979
5.89448022842407 5.1375298500061
5.91041994094849 5.15160989761353
5.9263801574707 5.16568994522095
5.94234991073608 5.17978000640869
5.95833015441895 5.19387006759644
5.97431993484497 5.2079701423645
5.9903302192688 5.22208023071289
6.00635004043579 5.23618984222412
6.02237987518311 5.25029993057251
6.0384202003479 5.26442003250122
6.05447006225586 5.27855014801025
6.07053995132446 5.29267978668213
6.08661985397339 5.30680990219116
6.10270977020264 5.32095003128052
6.11881017684937 5.3351001739502
6.13492012023926 5.34924983978271
6.15105009078979 5.36340999603271
6.16719007492065 5.37757015228271
6.18334007263184 5.39173984527588
6.19950008392334 5.4059100151062
6.21568012237549 5.42009019851685
6.23186016082764 5.43426990509033
6.24806022644043 5.4484601020813
6.26426982879639 5.46264982223511
6.28049993515015 5.4768500328064
6.29673004150391 5.49104976654053
6.31298017501831 5.50525999069214
6.32923984527588 5.51947021484375
6.34551000595093 5.53368997573853
6.3617901802063 5.54791021347046
6.37808990478516 5.56213998794556
6.39440011978149 5.57637977600098
6.410719871521 5.59062004089355
6.42705011367798 5.60485982894897
6.44338989257813 5.61911010742188
6.45975017547607 5.63335990905762
6.47610998153687 5.64762020111084
6.4924898147583 5.66189002990723
6.50889015197754 5.67615985870361
6.52529001235962 5.69043016433716
6.54169988632202 5.70471000671387
6.55812978744507 5.71898984909058
6.5745701789856 5.73328018188477
6.59102010726929 5.74758005142212
6.60749006271362 5.76187992095947
6.62397003173828 5.77617979049683
6.64045000076294 5.79049015045166
6.65694999694824 5.80480003356934
6.67347002029419 5.81911993026733
6.68999004364014 5.83344984054565
6.70653009414673 5.84778022766113
6.72308015823364 5.86211013793945
6.73964023590088 5.8764500617981
6.75620985031128 5.89078998565674
6.77278995513916 5.9051399230957
6.78939008712769 5.91948986053467
6.80600023269653 5.93384981155396
6.82261991500854 5.94821977615356
6.83926010131836 5.96258020401001
6.85589981079102 5.97696018218994
6.87256002426147 5.99134016036987
6.8892297744751 6.0057201385498
6.9059100151062 6.02011013031006
6.92259979248047 6.03450012207031
6.93931007385254 6.04890012741089
6.95602989196777 6.06330013275146
6.97276020050049 6.07770013809204
6.98950004577637 6.09212017059326
7.00625991821289 6.10653018951416
7.02301979064941 6.12095022201538
7.03980016708374 6.13537979125977
7.05659008026123 6.14980983734131
7.07340002059937 6.16424989700317
7.0902099609375 6.17868995666504
7.10703992843628 6.1931300163269
7.12387990951538 6.20759010314941
7.1407299041748 6.2220401763916
7.15759992599487 6.23649978637695
7.17446994781494 6.25096988677979
7.19135999679565 6.26542997360229
7.20826005935669 6.27991008758545
7.22517013549805 6.2943902015686
7.24209976196289 6.3088698387146
7.25903987884521 6.32335996627808
7.27599000930786 6.33785009384155
7.29295015335083 6.35235023498535
7.30991983413696 6.36685991287231
7.3269100189209 6.38136005401611
7.34391021728516 6.39588022232056
7.36091995239258 6.41038990020752
7.37794017791748 6.42491006851196
7.39497995376587 6.43943977355957
7.41203022003174 6.45396995544434
7.42909002304077 6.46851015090942
7.44615983963013 6.48304986953735
7.46324014663696 6.49760007858276
7.48034000396729 6.51214981079102
7.49744987487793 6.52670001983643
7.51457023620605 6.541259765625
7.53171014785767 6.55583000183105
7.54885005950928 6.57040023803711
7.56600999832153 6.58496999740601
7.58317995071411 6.59954977035522
7.60035991668701 6.6141300201416
7.61755990982056 6.62871980667114
7.63476991653442 6.64331007003784
7.65198993682861 6.65790987014771
7.66921997070313 6.67251014709473
7.68647003173828 6.68711996078491
7.70373010635376 6.7017297744751
7.72100019454956 6.71635007858276
7.73827981948853 6.73096990585327
7.75556993484497 6.74559020996094
7.77288007736206 6.76022005081177
7.79020023345947 6.77485990524292
7.80752992630005 6.78950023651123
7.82488012313843 6.80414009094238
7.84223985671997 6.81878995895386
7.85961008071899 6.83344984054565
7.87698984146118 6.84811019897461
7.89438009262085 6.86277008056641
7.911789894104 6.87743997573853
7.92921018600464 6.89210987091064
7.94664001464844 6.90678977966309
7.96408987045288 6.92147016525269
7.98154020309448 6.93616008758545
7.99901008605957 6.95085000991821
8.01650047302246 6.96553993225098
8.03398990631104 6.98023986816406
8.05150032043457 6.99494981765747
8.06902027130127 7.00965976715088
8.08654975891113 7.02437019348145
8.10410022735596 7.03909015655518
8.12166023254395 7.05382013320923
8.1392297744751 7.06855010986328
8.15680980682373 7.08328008651733
8.17440986633301 7.09802007675171
8.19202041625977 7.11276006698608
8.20963954925537 7.12751007080078
8.22727012634277 7.14226007461548
8.2449197769165 7.1570200920105
8.26257991790771 7.17178010940552
8.28024959564209 7.18654012680054
8.29792976379395 7.20131015777588
8.31562995910645 7.21609020233154
8.33333969116211 7.23086977005005
8.35105991363525 7.24564981460571
8.36880016326904 7.2604398727417
8.386549949646 7.27523994445801
8.40431022644043 7.29004001617432
8.42208003997803 7.30484008789063
8.43986988067627 7.31965017318726
8.45767021179199 7.33445978164673
8.47548007965088 7.34927988052368
8.49330997467041 7.36409997940063
8.51113986968994 7.37892007827759
8.5290002822876 7.39376020431519
8.54685974121094 7.4085898399353
8.56474018096924 7.4234299659729
8.58261966705322 7.43828010559082
8.60052967071533 7.45312976837158
8.61843967437744 7.4679799079895
8.6363697052002 7.48284006118774
8.65431022644043 7.49770021438599
8.67226028442383 7.51256990432739
8.69023036956787 7.52745008468628
8.70820999145508 7.54231977462769
8.72620010375977 7.55720996856689
8.7442102432251 7.57209014892578
8.76222991943359 7.58697986602783
8.78026008605957 7.60188007354736
8.79829978942871 7.61677980422974
8.81636047363281 7.63169002532959
8.83442974090576 7.64659976959229
8.85251998901367 7.66150999069214
8.87061023712158 7.67643022537231
8.88871955871582 7.69135999679565
8.90684032440186 7.70628976821899
8.92498016357422 7.72122001647949
8.94312953948975 7.73615980148315
8.96129035949707 7.75110006332397
8.97947025299072 7.76604986190796
8.99765014648438 7.7810001373291
9.01585006713867 7.79595994949341
9.03407001495361 7.81091976165771
9.05230045318604 7.82588005065918
9.07054042816162 7.84085988998413
9.08878993988037 7.85583019256592
9.10706043243408 7.87081003189087
9.12534046173096 7.88579988479614
9.143630027771 7.90079021453857
9.16193962097168 7.91578006744385
9.18025970458984 7.93077993392944
9.19859027862549 7.94577980041504
9.21693992614746 7.96079015731812
9.23530006408691 7.97580003738403
9.25366973876953 7.99081993103027
9.27204990386963 8.00584030151367
9.29045009613037 8.02087020874023
9.30887031555176 8.0359001159668
9.32728958129883 8.05093955993652
9.34572982788086 8.06597995758057
9.36417961120605 8.08102035522461
9.38265037536621 8.09607982635498
9.40112972259521 8.11112976074219
9.4196195602417 8.12619018554688
9.43813037872314 8.14124965667725
9.45664978027344 8.1563196182251
9.47517967224121 8.17140007019043
9.49372959136963 8.18647956848145
9.51229000091553 8.20156002044678
9.53085994720459 8.21665000915527
9.5494499206543 8.23173999786377
9.56805038452148 8.24683952331543
9.58666038513184 8.26194000244141
9.60529041290283 8.27703952789307
9.62392997741699 8.29214954376221
9.64258003234863 8.30727005004883
9.66125011444092 8.32238960266113
9.67992973327637 8.33751964569092
9.6986198425293 8.3526496887207
9.71732997894287 8.36777973175049
9.73604965209961 8.38292026519775
9.75479030609131 8.3980598449707
9.77353954315186 8.41320991516113
9.7923002243042 8.42837047576904
9.81107997894287 8.44351959228516
9.82987022399902 8.45868968963623
9.84867000579834 8.4738597869873
9.8674898147583 8.48902988433838
9.88632011413574 8.50419998168945
9.90515995025635 8.51939010620117
9.9240198135376 8.53456974029541
9.94289016723633 8.54975986480713
9.96177959442139 8.56495952606201
9.98068046569824 8.58016014099121
9.99958992004395 8.59537029266357
10.018500328064 8.61058044433594
