0.480677992105484 0.188821002840996
0.480428993701935 0.188661992549896
0.480181992053986 0.188503995537758
0.479934990406036 0.188346996903419
0.479689002037048 0.188189998269081
0.479443997144699 0.188032999634743
0.47919899225235 0.187876999378204
0.478955000638962 0.187721997499466
0.478711009025574 0.187566995620728
0.478469014167786 0.187411993741989
0.478226989507675 0.187258005142212
0.477984994649887 0.187105000019073
0.47774401307106 0.186951994895935
0.47750398516655 0.186799004673958
0.477263987064362 0.186646997928619
0.477025985717773 0.186496004462242
0.476787000894547 0.186344996094704
0.47655001282692 0.186194002628326
0.47631299495697 0.186043992638588
0.476076006889343 0.185894995927811
0.475840985774994 0.185745000839233
0.475605994462967 0.185597002506256
0.47537100315094 0.185449004173279
0.475138008594513 0.185301005840302
0.474905014038086 0.185154005885124
0.474671989679337 0.185007005929947
0.474440008401871 0.18486100435257
0.474209010601044 0.184715002775192
0.473978996276855 0.184569999575615
0.47374901175499 0.184424996376038
0.473520010709763 0.184281006455421
0.473291009664536 0.184137001633644
0.473062992095947 0.183992996811867
0.47283598780632 0.183850005269051
0.472609013319016 0.183707997202873
0.472382992506027 0.183566004037857
0.472158014774323 0.18342499434948
0.471933007240295 0.183283999562263
0.471709012985229 0.183143004775047
0.471484988927841 0.18300299346447
0.471262007951736 0.182862997055054
0.471040010452271 0.182723999023438
0.470818012952805 0.182585000991821
0.470596998929977 0.182447001338005
0.470376998186111 0.182309001684189
0.470156997442245 0.182172000408173
0.469938009977341 0.182034999132156
0.469720005989075 0.18189899623394
0.469502002000809 0.181762993335724
0.469285011291504 0.181628003716469
0.469067990779877 0.181492999196053
0.468852996826172 0.181357994675636
0.468636989593506 0.181224003434181
0.468423008918762 0.181089997291565
0.468208998441696 0.18095700442791
0.46799498796463 0.180823996663094
0.467781990766525 0.180692002177238
0.467570006847382 0.180559992790222
0.467359006404877 0.180428996682167
0.467148005962372 0.180298000574112
0.466937988996506 0.180168002843857
0.466728001832962 0.180038005113602
0.466518998146057 0.179908007383347
0.466311007738113 0.17977899312973
0.466102987527847 0.179651007056236
0.465896010398865 0.179523006081581
0.465689986944199 0.179395005106926
0.465483993291855 0.179268002510071
0.465279012918472 0.179140999913216
0.465074002742767 0.17901499569416
0.464870005846024 0.178889006376266
0.464666992425919 0.178763002157211
0.464464008808136 0.178637996315956
0.464262008666992 0.178514003753662
0.464060992002487 0.178389996290207
0.463860005140305 0.178266003727913
0.463660001754761 0.178142994642258
0.463459998369217 0.178020000457764
0.463261008262634 0.17789800465107
0.46306300163269 0.177775993943214
0.462864995002747 0.17765499651432
0.462668001651764 0.177533999085426
0.46247199177742 0.177414000034332
0.462276011705399 0.177294000983238
0.462080985307693 0.177174001932144
0.461887001991272 0.17705500125885
0.461692988872528 0.176936000585556
0.461499989032745 0.176817998290062
0.461306989192963 0.176699995994568
0.461115002632141 0.176583006978035
0.460923999547958 0.176466003060341
0.460734009742737 0.176349997520447
0.460543990135193 0.176234006881714
0.460354000329971 0.17611800134182
0.46016600728035 0.176002994179726
0.459977000951767 0.175889000296593
0.459789991378784 0.175773993134499
0.459603011608124 0.175660997629166
0.45941698551178 0.175547003746033
0.459232002496719 0.1754350066185
0.459046989679337 0.175321996212006
0.458862990140915 0.175209999084473
0.458678990602493 0.17509900033474
0.458496004343033 0.174988001585007
0.458314001560211 0.174877002835274
0.45813199877739 0.174767002463341
0.457951009273529 0.174657002091408
0.457771003246307 0.174548000097275
0.457590997219086 0.174438998103142
0.457412004470825 0.174330994486809
0.457233995199203 0.174223005771637
0.457055985927582 0.174116000533104
0.456878989934921 0.174008995294571
0.456703007221222 0.173902004957199
0.4565269947052 0.173795998096466
0.45635199546814 0.173691004514694
0.45617800951004 0.173584997653961
0.456003993749619 0.173481002449989
0.455830991268158 0.173377007246017
0.455657988786697 0.173272997140884
0.455487012863159 0.173169001936913
0.455316007137299 0.173067003488541
0.455145001411438 0.172964006662369
0.454975008964539 0.172861993312836
0.454805999994278 0.172760993242264
0.454638004302979 0.172659993171692
0.454470008611679 0.17255899310112
0.454302996397018 0.172459006309509
0.454136997461319 0.172359004616737
0.45397099852562 0.172260001301765
0.453806012868881 0.172160997986794
0.453642010688782 0.172062993049622
0.453478991985321 0.171965003013611
0.453316003084183 0.171867996454239
0.453153014183044 0.171771004796028
0.452991992235184 0.171673998236656
0.452831000089645 0.171578004956245
0.452670991420746 0.171482995152473
0.452511996030807 0.171388000249863
0.452353000640869 0.171293005347252
0.45219498872757 0.17119899392128
0.452037990093231 0.171104997396469
0.451880991458893 0.171011999249458
0.451725006103516 0.170919999480247
0.451570004224777 0.170827001333237
0.451415985822678 0.170735999941826
0.4512619972229 0.170644000172615
0.451108992099762 0.170553997159004
0.450957000255585 0.170462995767593
0.450805008411407 0.170374006032944
0.450654000043869 0.170284003019333
0.450504004955292 0.170194998383522
0.450354993343353 0.170107007026672
0.450206995010376 0.170019000768661
0.450058996677399 0.169931992888451
0.449912011623383 0.169844999909401
0.449764996767044 0.169758006930351
0.449620008468628 0.16967199742794
0.449474990367889 0.169587001204491
0.449330985546112 0.169502004981041
0.449187994003296 0.169418007135391
0.44904500246048 0.16933399438858
0.448904007673264 0.169249996542931
0.448763012886047 0.169166997075081
0.448621988296509 0.169084995985031
0.448482990264893 0.169002994894981
0.448345005512238 0.168922007083893
0.44820699095726 0.168841004371643
0.448069989681244 0.168760001659393
0.447934001684189 0.168680995702744
0.447798013687134 0.168601006269455
0.447663992643356 0.168522000312805
0.447530001401901 0.168443992733955
0.447396993637085 0.168366000056267
0.44726499915123 0.168289005756378
0.447133988142014 0.168211996555328
0.44700300693512 0.16813600063324
0.446873992681503 0.168060004711151
0.446745008230209 0.167985007166862
0.446617007255554 0.167910993099213
0.446491003036499 0.167836993932724
0.446363985538483 0.167762994766235
0.446238994598389 0.167689993977547
0.446114987134933 0.167618006467819
0.445991009473801 0.167546004056931
0.445868998765945 0.167475000023842
0.44574698805809 0.167403995990753
0.445627003908157 0.167334005236626
0.445506989955902 0.167264997959137
0.445387989282608 0.167196005582809
0.445270001888275 0.167126998305321
0.445152997970581 0.167059004306793
0.445037007331848 0.166991993784904
0.444922000169754 0.166924998164177
0.44480699300766 0.166859000921249
0.444694012403488 0.166794002056122
0.444581985473633 0.166729003190994
0.444471001625061 0.166665002703667
0.444361001253128 0.166601002216339
0.444251000881195 0.166538000106812
0.444142997264862 0.166475996375084
0.44403600692749 0.166413992643356
0.443930000066757 0.16635300219059
0.443825006484985 0.166291996836662
0.443720996379852 0.166233003139496
0.44361799955368 0.166172996163368
0.443515986204147 0.166115000844002
0.443414986133575 0.166057005524635
0.443314999341965 0.165999993681908
0.443217009305954 0.165942996740341
0.443118989467621 0.165886998176575
0.44302299618721 0.165831997990608
0.442927986383438 0.165776997804642
0.442833989858627 0.165723994374275
0.442741006612778 0.165669992566109
0.442649006843567 0.165618002414703
0.442559003829956 0.165565997362137
0.442469000816345 0.165515005588531
0.442380994558334 0.165464997291565
0.442295014858246 0.16541600227356
0.442209005355835 0.165367007255554
0.442124992609024 0.165318995714188
0.442041993141174 0.165271997451782
0.441960990428925 0.165224999189377
0.441879987716675 0.165179997682571
0.441801011562347 0.165134996175766
0.441724002361298 0.165090993046761
0.441648006439209 0.165048003196716
0.441572993993759 0.165004998445511
0.441500008106232 0.164964005351067
0.441428005695343 0.164922997355461
0.441358000040054 0.164883002638817
0.441289007663727 0.164844006299973
0.441222012042999 0.164805993437767
0.441155999898911 0.164768993854523
0.441092014312744 0.164732992649078
0.441029012203217 0.164697006344795
0.440968006849289 0.164663001894951
0.440908998250961 0.164629995822906
0.440851002931595 0.164597004652023
0.440795004367828 0.164565995335579
0.440741002559662 0.164535000920296
0.440688997507095 0.164506003260612
0.44063800573349 0.164477005600929
0.440589994192123 0.164450004696846
0.440542995929718 0.164424002170563
0.440497994422913 0.164398998022079
0.440454989671707 0.164375007152557
0.440414011478424 0.164351999759674
0.44037601351738 0.164330005645752
0.440338999032974 0.164308995008469
0.440304011106491 0.164289996027946
0.440272003412247 0.164271995425224
0.440241992473602 0.164254993200302
0.44021400809288 0.164239004254341
0.440187990665436 0.164224997162819
0.440165013074875 0.164212003350258
0.44014498591423 0.164201006293297
0.440126001834869 0.164190992712975
0.440111011266708 0.164182007312775
0.440097987651825 0.164175003767014
0.440088003873825 0.164168998599052
0.440081000328064 0.164165005087852
0.440075993537903 0.164162993431091
0.440075010061264 0.164161995053291
0.440075010061264 0.164161995053291
0.440077006816864 0.164162993431091
0.440082013607025 0.164166003465652
0.440090000629425 0.164170995354652
0.440102010965347 0.164177000522614
0.440117001533508 0.164186000823975
0.440135985612869 0.164195999503136
0.440158993005753 0.164207994937897
0.440185010433197 0.164223000407219
0.44021600484848 0.164240002632141
0.440250009298325 0.164259001612663
0.440288990736008 0.164279997348785
0.440331995487213 0.164304003119469
0.44038000702858 0.164330005645752
0.440432995557785 0.164359003305435
0.440490990877151 0.164390996098518
0.440553992986679 0.164425000548363
0.440622001886368 0.164462998509407
0.440696001052856 0.164502993226051
0.440777003765106 0.164546996355057
0.440863013267517 0.164593994617462
0.440955996513367 0.164645001292229
0.4410560131073 0.164700001478195
0.44116398692131 0.164757996797562
0.441278994083405 0.164820998907089
0.44140300154686 0.164887994527817
0.441534996032715 0.164959996938705
0.441677004098892 0.165037006139755
0.441828012466431 0.165119007229805
0.441989988088608 0.165206998586655
0.44216400384903 0.165300995111465
0.442350000143051 0.165400996804237
0.442548990249634 0.16550900042057
0.442761987447739 0.165623992681503
0.442990988492966 0.165747001767159
0.443237006664276 0.165879994630814
0.443502008914948 0.166022002696991
0.443787008523941 0.166174992918968
0.444094985723495 0.166339993476868
0.444429010152817 0.166519001126289
0.444792002439499 0.166713997721672
0.445187002420425 0.166924998164177
0.445621013641357 0.167155995965004
0.446096986532211 0.167410001158714
0.446624010801315 0.167691007256508
0.447210997343063 0.168002992868423
0.447869002819061 0.168351992964745
0.448610991239548 0.168744996190071
0.449454009532928 0.169191002845764
0.45041298866272 0.169697001576424
0.451498001813889 0.170267999172211
0.452695995569229 0.170898005366325
0.453972995281219 0.171566992998123
0.455274999141693 0.172248005867004
0.456555992364883 0.172916993498802
0.457794010639191 0.173562005162239
0.45897901058197 0.174179002642632
0.460112988948822 0.174768000841141
0.461201012134552 0.175331994891167
0.462247014045715 0.175873994827271
0.463257014751434 0.176396995782852
0.464233994483948 0.176901996135712
0.4651840031147 0.17739200592041
0.466107994318008 0.177869006991386
0.467009991407394 0.17833399772644
0.467891991138458 0.178788006305695
0.4687559902668 0.179232001304626
0.469603985548019 0.179667994379997
0.470436990261078 0.180096000432968
0.471257001161575 0.180517002940178
0.472065001726151 0.180931001901627
0.472862005233765 0.181338995695114
0.473648011684418 0.181741997599602
0.474424988031387 0.182139992713928
0.475192010402679 0.182532995939255
0.475951999425888 0.182921007275581
0.476704001426697 0.183304995298386
0.477448999881744 0.183686003088951
0.478188008069992 0.184062004089355
0.478920012712479 0.184435993432999
0.479645997285843 0.184806004166603
0.480367004871368 0.185173004865646
0.481083005666733 0.185537993907928
0.481792986392975 0.185899004340172
0.482499986886978 0.186259001493454
0.483200997114182 0.186616003513336
0.483898997306824 0.186969995498657
0.484593003988266 0.187323004007339
0.485282987356186 0.187673002481461
0.485969990491867 0.188022002577782
0.486653000116348 0.188369005918503
0.487334012985229 0.188713997602463
0.488011002540588 0.189057007431984
0.488685011863708 0.189399003982544
0.489356994628906 0.189739003777504
0.490025997161865 0.190078005194664
0.490693002939224 0.190414994955063
0.491358011960983 0.190751999616623
0.492020010948181 0.191085994243622
0.492680013179779 0.191420003771782
0.493337988853455 0.191753000020981
0.493993997573853 0.19208399951458
0.494648009538651 0.192414999008179
0.495301008224487 0.192744001746178
0.495952010154724 0.193073004484177
0.496600985527039 0.193399995565414
0.497249007225037 0.193727001547813
0.497895002365112 0.194052994251251
0.498540014028549 0.19437800347805
0.499184012413025 0.194701999425888
0.499826014041901 0.195025995373726
0.500467002391815 0.195347994565964
0.501106977462769 0.195671007037163
0.501745998859406 0.195991992950439
0.502384006977081 0.196312993764877
0.503019988536835 0.196632996201515
0.503656029701233 0.196952998638153
0.504290997982025 0.197272002696991
0.504925012588501 0.197591006755829
0.505559027194977 0.197908997535706
0.50619101524353 0.198226004838943
0.506823003292084 0.19854399561882
0.507453978061676 0.198860004544258
0.508083999156952 0.199176996946335
0.508714020252228 0.199493005871773
0.509343028068542 0.19980800151825
0.509971976280212 0.200123995542526
0.510599970817566 0.200437992811203
0.511228024959564 0.200753003358841
0.511855006217957 0.201067000627518
0.512481987476349 0.201380997896194
0.513108015060425 0.201694995164871
0.513733983039856 0.202007994055748
0.514358997344971 0.202320992946625
0.514985024929047 0.202634006738663
0.5156090259552 0.202947005629539
0.51623398065567 0.203259006142616
0.516857981681824 0.203571006655693
0.517482995986938 0.20388300716877
0.518106997013092 0.204194992780685
0.518729984760284 0.204506993293762
0.519353985786438 0.204818993806839
0.51997697353363 0.205129995942116
0.520600974559784 0.205440998077393
0.521224021911621 0.205752000212669
0.521847009658813 0.206063002347946
0.522469997406006 0.206374004483223
0.523092985153198 0.2066850066185
0.523715972900391 0.206995993852615
0.524339020252228 0.207306995987892
0.52496200799942 0.207616999745369
0.525584995746613 0.207928001880646
0.526207983493805 0.208238005638123
0.526830971240997 0.208548992872238
0.527454972267151 0.208858996629715
0.528078019618988 0.209169998764992
0.52870100736618 0.209480002522469
0.529325008392334 0.209791004657745
0.529947996139526 0.210100993514061
0.53057199716568 0.210411995649338
0.531195998191833 0.210721999406815
0.531819999217987 0.211033001542091
0.532444000244141 0.211343005299568
0.533069014549255 0.211654007434845
0.533693015575409 0.211963996291161
0.534317970275879 0.212274998426437
0.534942984580994 0.212586000561714
0.53556901216507 0.212897002696991
0.536194026470184 0.213207006454468
0.536819994449615 0.213517993688583
0.537446022033691 0.21382899582386
0.538073003292084 0.214140996336937
0.538698971271515 0.214451998472214
0.539327025413513 0.214763000607491
0.539954006671906 0.215075001120567
0.540582001209259 0.215386003255844
0.541209995746613 0.215698003768921
0.541837990283966 0.216010004281998
0.542466998100281 0.216321006417274
0.543096005916595 0.216633006930351
0.543726027011871 0.216946005821228
0.544355988502502 0.217258006334305
0.544986009597778 0.217570006847382
0.545616984367371 0.217883005738258
0.546248018741608 0.218196004629135
0.546880006790161 0.218509003520012
0.547511994838715 0.218822002410889
0.548144996166229 0.219135001301765
0.548777997493744 0.219448998570442
0.549410998821259 0.219762995839119
0.550045013427734 0.220075994729996
0.550679981708527 0.220390006899834
0.551313996315002 0.22070500254631
0.551949977874756 0.221018999814987
0.552586019039154 0.221333995461464
0.553222000598907 0.221649006009102
0.553858995437622 0.221964001655579
0.554497003555298 0.222278997302055
0.555135011672974 0.222595006227493
0.555773973464966 0.22291000187397
0.556412994861603 0.223225995898247
0.557053029537201 0.223543003201485
0.557693004608154 0.223858997225761
0.558333992958069 0.224176004528999
0.558975994586945 0.224492996931076
0.55961799621582 0.224810004234314
0.560259997844696 0.225126996636391
0.560904026031494 0.225445002317429
0.561547994613647 0.225762993097305
0.562192022800446 0.226080998778343
0.562838017940521 0.226400002837181
0.563482999801636 0.226717993617058
0.564130008220673 0.227036997675896
0.564777016639709 0.227357000112534
0.565424978733063 0.227676004171371
0.566073000431061 0.227996006608009
0.566722989082336 0.228315994143486
0.567372024059296 0.228636994957924
0.568023025989532 0.228957995772362
0.568674027919769 0.2292789965868
0.569325983524323 0.229599997401237
0.569979012012482 0.229921996593475
0.570631980895996 0.230243995785713
0.571286022663116 0.230565994977951
0.571941018104553 0.23088900744915
0.57259601354599 0.231212005019188
0.573252975940704 0.231535002589226
0.573909997940063 0.231858000159264
0.574567019939423 0.232181996107101
0.575226008892059 0.2325070053339
0.575884997844696 0.232831001281738
0.576545000076294 0.233155995607376
0.577206015586853 0.233481004834175
0.577866971492767 0.233806997537613
0.578530013561249 0.234133005142212
0.579192996025085 0.23445899784565
0.579856991767883 0.234786003828049
0.580522000789642 0.235112994909286
0.581187009811401 0.235440000891685
0.581853985786438 0.235768005251884
0.582521021366119 0.236095994710922
0.583189010620117 0.236423999071121
0.583858013153076 0.23675300180912
0.584527015686035 0.237082004547119
0.585197985172272 0.237412005662918
0.585869014263153 0.237742006778717
0.586540997028351 0.238071992993355
0.587215006351471 0.238403007388115
0.587889015674591 0.238734006881714
0.588563024997711 0.239066004753113
0.589239001274109 0.239398002624512
0.589915990829468 0.239730000495911
0.590592980384827 0.24006299674511
0.591270983219147 0.240395992994308
0.591951012611389 0.240729004144669
0.592630982398987 0.241062998771667
0.59331202507019 0.241396993398666
0.59399402141571 0.241732001304626
0.594676971435547 0.242066994309425
0.595360994338989 0.242403000593185
0.596045017242432 0.242739006876945
0.596731007099152 0.243074998259544
0.597418010234833 0.243412002921104
0.598105013370514 0.243748992681503
0.598793983459473 0.244086995720863
0.599483013153076 0.244424998760223
0.600174009799957 0.244763001799583
0.600865006446838 0.245102003216743
0.601557016372681 0.245442003011703
0.602250993251801 0.245782002806664
0.602945029735565 0.246122002601624
0.603640019893646 0.246463000774384
0.604336977005005 0.246803998947144
0.605033993721008 0.247145995497704
0.605732023715973 0.247488006949425
0.606432020664215 0.247830003499985
0.607132017612457 0.248173996806145
0.607833027839661 0.248517006635666
0.608536005020142 0.248860999941826
0.609238982200623 0.249204993247986
0.609943985939026 0.249549999833107
0.610648989677429 0.249896004796028
0.611356019973755 0.250241994857788
0.612062990665436 0.250587999820709
0.612771987915039 0.250934988260269
0.613480985164642 0.251282006502151
0.614192008972168 0.251630008220673
0.61490398645401 0.251978009939194
0.615616977214813 0.252326995134354
0.616330981254578 0.252676010131836
0.617045998573303 0.253026008605957
0.61776202917099 0.253376007080078
0.618479013442993 0.253726989030838
0.619198024272919 0.254079014062881
0.619916975498199 0.254429996013641
0.620638012886047 0.254783004522324
0.62135899066925 0.255136013031006
0.622081995010376 0.255488991737366
0.622806012630463 0.255843013525009
0.623530983924866 0.25619700551033
0.624257028102875 0.256552010774612
0.6249840259552 0.256906986236572
0.625712990760803 0.257263004779816
0.626443028450012 0.257620006799698
0.627173006534576 0.25797700881958
0.627905011177063 0.258334994316101
0.628638029098511 0.258693009614944
0.629373013973236 0.259050995111465
0.630107998847961 0.259409993886948
0.630845010280609 0.259770005941391
0.631582021713257 0.260129988193512
0.632321000099182 0.260491013526917
0.63306200504303 0.260852992534637
0.633803009986877 0.261215001344681
0.634545981884003 0.261577010154724
0.635289013385773 0.261940002441406
0.636035025119781 0.26230400800705
0.636780977249146 0.262668013572693
0.637528002262115 0.263033002614975
0.638276994228363 0.263397991657257
0.639026999473572 0.2637639939785
0.639778017997742 0.264129996299744
0.640531003475189 0.264497011899948
0.641283988952637 0.264865010976791
0.642039000988007 0.265233010053635
0.642795026302338 0.265601992607117
0.643553018569946 0.26597198843956
0.644312024116516 0.266342014074326
0.645071983337402 0.266712009906769
0.645833015441895 0.267082989215851
0.646596014499664 0.267455011606216
0.647360026836395 0.26782700419426
0.648124992847443 0.268200010061264
0.648890972137451 0.268573999404907
0.649658977985382 0.26894798874855
0.650427997112274 0.269322991371155
0.651198983192444 0.269697993993759
0.651970028877258 0.270074009895325
0.652743995189667 0.270451009273529
0.65351802110672 0.270828008651733
0.654294013977051 0.271205991506577
0.655071020126343 0.271584987640381
0.655848979949951 0.271964013576508
0.656629025936127 0.272343993186951
0.657410025596619 0.272724002599716
0.658192992210388 0.27310499548912
0.658976972103119 0.273487001657486
0.659762024879456 0.273869007825851
0.660548985004425 0.274251997470856
0.661337018013 0.274636000394821
0.662127017974854 0.275020003318787
0.662917971611023 0.275404989719391
0.663709998130798 0.275790989398956
0.664503991603851 0.276176989078522
0.665298998355865 0.276564002037048
0.666095018386841 0.276951998472214
0.666893005371094 0.277339994907379
0.667693018913269 0.277729004621506
0.6684929728508 0.278118997812271
0.669296026229858 0.278508991003036
0.670099973678589 0.278899997472763
0.670904994010925 0.27929100394249
0.671711027622223 0.279684007167816
0.672519981861115 0.280077010393143
0.673328995704651 0.280470013618469
0.674139976501465 0.280865013599396
0.674952983856201 0.281260013580322
0.675767004489899 0.281655997037888
0.676581978797913 0.282052010297775
0.67739999294281 0.282449007034302
0.678218007087708 0.282846987247467
0.679037988185883 0.283246010541916
0.67985999584198 0.283645004034042
0.680683016777039 0.28404501080513
0.681508004665375 0.284446001052856
0.682334005832672 0.284846991300583
0.683161020278931 0.285248994827271
0.683991014957428 0.285652011632919
0.684822022914886 0.286056011915207
0.685653984546661 0.286460012197495
0.686487972736359 0.286864995956421
0.687322974205017 0.287270992994308
0.688160002231598 0.287678003311157
0.688998997211456 0.288085013628006
0.689839005470276 0.288493007421494
0.690680980682373 0.288902014493942
0.691524982452393 0.289310991764069
0.692369997501373 0.289721995592117
0.693216025829315 0.290132999420166
0.694064974784851 0.290544986724854
0.694914996623993 0.290957003831863
0.695765972137451 0.291370987892151
0.696618974208832 0.291785001754761
0.697474002838135 0.292199999094009
0.698330998420715 0.292614996433258
0.699189007282257 0.293031990528107
0.70004802942276 0.293449014425278
0.700909972190857 0.293866991996765
0.70177298784256 0.294286012649536
0.70263797044754 0.294705003499985
0.703504025936127 0.295125007629395
0.704371988773346 0.295547008514404
0.705241978168488 0.295969009399414
0.706113994121552 0.296391010284424
0.706987023353577 0.296815007925034
0.707862019538879 0.297239005565643
0.70873898267746 0.297663986682892
0.709617018699646 0.298090010881424
0.71049702167511 0.298516988754272
0.711378991603851 0.298945009708405
0.712262988090515 0.299373000860214
0.71314799785614 0.299802005290985
0.714035987854004 0.300231993198395
0.714923977851868 0.300662994384766
0.715815007686615 0.301095008850098
0.71670800447464 0.301528006792068
0.717602014541626 0.301961004734039
0.71849799156189 0.302394986152649
0.719395995140076 0.302830994129181
0.720296025276184 0.303265988826752
0.721197009086609 0.303703010082245
0.722100019454956 0.304141014814377
0.723006010055542 0.304580003023148
0.723913013935089 0.305018991231918
0.724820971488953 0.30545899271965
0.725732028484344 0.305900007486343
0.726643979549408 0.306342005729675
0.727558970451355 0.306784987449646
0.728474974632263 0.3072290122509
0.729393005371094 0.307673990726471
0.730313003063202 0.308118999004364
0.731235027313232 0.308566004037857
0.732159018516541 0.30901300907135
0.73308402299881 0.309460997581482
0.734012007713318 0.309909999370575
0.734942018985748 0.310360014438629
0.735872983932495 0.310811012983322
0.736805975437164 0.311262995004654
0.737742006778717 0.311715990304947
0.738678991794586 0.31216898560524
0.739618003368378 0.312624007463455
0.740558981895447 0.313078999519348
0.741501986980438 0.313535988330841
0.742447018623352 0.313993006944656
0.743394017219543 0.31445100903511
0.744342982769012 0.314911007881165
0.745293974876404 0.315371006727219
0.746246993541718 0.315831989049911
0.747201979160309 0.316294014453888
0.748160004615784 0.316756993532181
0.749118983745575 0.317220985889435
0.750079989433289 0.31768599152565
0.751043021678925 0.318152010440826
0.752008020877838 0.31861799955368
0.752974987030029 0.319085985422134
0.753944993019104 0.319555014371872
0.75491601228714 0.320024996995926
0.755888998508453 0.320495992898941
0.75686502456665 0.320966988801956
0.757843017578125 0.321440011262894
0.758822023868561 0.321913987398148
0.759804010391235 0.322387993335724
0.760788023471832 0.3228639960289
0.761774003505707 0.323341012001038
0.762762010097504 0.323817998170853
0.763752996921539 0.32429701089859
0.764744997024536 0.324777007102966
0.765739977359772 0.325257986783981
0.76673698425293 0.325738996267319
0.76773601770401 0.326222002506256
0.768737018108368 0.326705992221832
0.769739985466003 0.32719099521637
0.770745992660522 0.327677011489868
0.771753013134003 0.328164011240005
0.772763013839722 0.328651994466782
0.773774981498718 0.329140990972519
0.774789988994598 0.329631000757217
0.77580600976944 0.330121994018555
0.77682501077652 0.330614000558853
0.777845978736877 0.33110699057579
0.778869986534119 0.33160200715065
0.779896020889282 0.332096993923187
0.780923008918762 0.332592993974686
0.781953990459442 0.333090990781784
0.782985985279083 0.333590000867844
0.784021019935608 0.334089010953903
0.78505802154541 0.33458998799324
0.786098003387451 0.335092008113861
0.787138998508453 0.335595011711121
0.788182973861694 0.336098998785019
0.789229989051819 0.336603999137878
0.790278971195221 0.337110996246338
0.791329979896545 0.337617993354797
0.792383015155792 0.338126987218857
0.793438971042633 0.338636010885239
0.794498026371002 0.339147001504898
0.795557975769043 0.339659005403519
0.796621024608612 0.340171992778778
0.797686994075775 0.340685993432999
0.798754990100861 0.341201990842819
0.799825012683868 0.34171798825264
0.800898015499115 0.342236012220383
0.801972985267639 0.342754989862442
0.803050994873047 0.343275010585785
0.804130971431732 0.343796014785767
0.805213987827301 0.344318985939026
0.806298971176147 0.344841986894608
0.807386994361877 0.345367014408112
0.808476984500885 0.345892995595932
0.809570014476776 0.346419990062714
0.810665011405945 0.346947997808456
0.811762988567352 0.347478002309799
0.812862992286682 0.348008006811142
0.813965976238251 0.348540008068085
0.815072000026703 0.349072992801666
0.816179990768433 0.34960800409317
0.817291021347046 0.350142985582352
0.818404018878937 0.350679993629456
0.819519996643066 0.351217985153198
0.820638000965118 0.351756989955902
0.821758985519409 0.352297991514206
0.822883009910583 0.352840006351471
0.824009001255035 0.353383004665375
0.825137972831726 0.353926986455917
0.8262699842453 0.354472994804382
0.827404022216797 0.355019003152847
0.828540980815887 0.355567991733551
0.829680979251862 0.356117010116577
0.830824017524719 0.356667995452881
0.831969022750854 0.357219010591507
0.833117008209229 0.357773005962372
0.834267020225525 0.358327001333237
0.835421025753021 0.358882993459702
0.836576998233795 0.359439998865128
0.837736010551453 0.359999001026154
0.838898003101349 0.36055800318718
0.840062022209167 0.361119002103806
0.841229021549225 0.361681997776031
0.842399001121521 0.362246006727219
0.843572020530701 0.362810999155045
0.844748020172119 0.363377004861832
0.845927000045776 0.363945007324219
0.847108006477356 0.364513993263245
0.848293006420135 0.365083992481232
0.849479973316193 0.365655988454819
0.850669980049133 0.366228997707367
0.851863026618958 0.366804003715515
0.853058993816376 0.367379993200302
0.854258000850677 0.36795699596405
0.855459988117218 0.368535995483398
0.856664001941681 0.369116008281708
0.857872009277344 0.369697988033295
0.859082996845245 0.370281010866165
0.860297024250031 0.370864987373352
0.861513018608093 0.371450990438461
0.862733006477356 0.372038006782532
0.863955974578857 0.37262699007988
0.865181028842926 0.373216986656189
0.86641001701355 0.373807996511459
0.867641985416412 0.37440100312233
0.868876993656158 0.3749960064888
0.870114982128143 0.375591993331909
0.871356010437012 0.376188993453979
0.872600018978119 0.37678799033165
0.873847007751465 0.377388000488281
0.87509697675705 0.377990007400513
0.876350998878479 0.378592997789383
0.877608001232147 0.379198014736176
0.878867983818054 0.379803985357285
0.880131006240845 0.380412012338638
0.881397008895874 0.381020992994308
0.882665991783142 0.381632000207901
0.883939027786255 0.382243990898132
0.885214984416962 0.382858008146286
0.886493980884552 0.383473008871078
0.887776017189026 0.384090006351471
0.889061987400055 0.384709000587463
0.890350997447968 0.385329008102417
0.891642987728119 0.385949999094009
0.892938017845154 0.386574000120163
0.894236981868744 0.387198001146317
0.895538985729218 0.387825012207031
0.896844983100891 0.388451993465424
0.898153007030487 0.389082014560699
0.899465978145599 0.389712989330292
0.900780975818634 0.390345990657806
0.902100026607513 0.390980005264282
0.903423011302948 0.391615986824036
0.904748022556305 0.392253011465073
0.906077980995178 0.392892986536026
0.907410979270935 0.393532991409302
0.908747017383575 0.394176006317139
0.91008597612381 0.394820004701614
0.91143000125885 0.39546599984169
0.912775993347168 0.396113008260727
0.914125978946686 0.396762013435364
0.915480017662048 0.397412985563278
0.916837990283966 0.398065000772476
0.918197989463806 0.398719996213913
0.919562995433807 0.399376004934311
0.920930981636047 0.400032997131348
0.922303020954132 0.400691986083984
0.923677980899811 0.401353001594543
0.925056993961334 0.402016013860703
0.926438987255096 0.402680993080139
0.92782598733902 0.403346985578537
0.929216027259827 0.404015004634857
0.930608987808228 0.404684007167816
0.932007014751434 0.405355989933014
0.93340802192688 0.406028985977173
0.934813022613525 0.406704008579254
0.93622100353241 0.407380998134613
0.937633991241455 0.408059000968933
0.939050018787384 0.408740013837814
0.940469980239868 0.409422010183334
0.941893994808197 0.410106003284454
0.943322002887726 0.410791993141174
0.944752991199493 0.411480009555817
0.946187973022461 0.412169009447098
0.947628021240234 0.412860006093979
0.949070990085602 0.413554012775421
0.950518012046814 0.414249002933502
0.951969027519226 0.414945989847183
0.953423976898193 0.415645003318787
0.954882979393005 0.416345000267029
0.956345975399017 0.417048007249832
0.957813024520874 0.417751997709274
0.959284007549286 0.418458998203278
0.960758984088898 0.419167011976242
0.962238013744354 0.419876992702484
0.963721990585327 0.420588999986649
0.965209007263184 0.421303987503052
0.96670001745224 0.422019988298416
0.968195974826813 0.42273798584938
0.96969598531723 0.423458009958267
0.971198976039886 0.424180001020432
0.972706973552704 0.424903988838196
0.974219977855682 0.425630003213882
0.975736021995544 0.426357001066208
0.977257013320923 0.427087008953094
0.978781998157501 0.427819013595581
0.98031097650528 0.428552985191345
0.981844007968903 0.429289013147354
0.983381986618042 0.430027008056641
0.984924018383026 0.430768013000488
0.986470997333527 0.431510001420975
0.988021016120911 0.432253986597061
0.989575982093811 0.43299999833107
0.991136014461517 0.433748990297318
0.992699980735779 0.434498995542526
0.994268000125885 0.435252010822296
0.995841026306152 0.436006993055344
0.997418999671936 0.436764001846313
0.999001026153564 0.437523007392883
1.00058996677399 0.438284009695053
1.00217998027802 0.439047008752823
1.00376999378204 0.439812004566193
1.00537002086639 0.440580010414124
1.00697994232178 0.441350013017654
1.00858998298645 0.442122012376785
1.01020002365112 0.442896008491516
1.01181995868683 0.443672001361847
1.01344001293182 0.444451004266739
1.01506996154785 0.445232003927231
1.01670002937317 0.446015000343323
1.01833999156952 0.446799993515015
1.01997995376587 0.447587996721268
1.02163004875183 0.448377996683121
1.0232800245285 0.449169993400574
1.0249400138855 0.449963986873627
1.02660000324249 0.450760990381241
1.02827000617981 0.451559990644455
1.02994000911713 0.452360987663269
1.03161001205444 0.453164994716644
1.03329002857208 0.45397099852562
1.03498005867004 0.454778999090195
1.03666996955872 0.455590009689331
1.038370013237 0.456402987241745
1.04007005691528 0.457219004631042
1.04176998138428 0.458036005496979
1.04348003864288 0.458856999874115
1.04519999027252 0.459679007530212
1.04691994190216 0.460503995418549
1.04865002632141 0.461331993341446
1.05037999153137 0.462161988019943
1.05210995674133 0.462994009256363
1.05385994911194 0.463829010725021
1.05560004711151 0.46466600894928
1.05735003948212 0.465505987405777
1.05911004543304 0.466349005699158
1.060879945755 0.467193990945816
1.06263995170593 0.468041002750397
1.0644199848175 0.468890994787216
1.06620001792908 0.469743013381958
1.06798005104065 0.470598012208939
1.06976997852325 0.471455991268158
1.07156002521515 0.4723159968853
1.07335996627808 0.473179012537003
1.07517004013062 0.474043995141983
1.07697999477386 0.474911987781525
1.07879996299744 0.475782990455627
1.0806200504303 0.47665598988533
1.08245003223419 0.477531999349594
1.08428001403809 0.478410005569458
1.0861200094223 0.479292005300522
1.08797001838684 0.480176001787186
1.08982002735138 0.481061995029449
1.09168004989624 0.481952011585236
1.09353995323181 0.482843995094299
1.09540998935699 0.483738988637924
1.09728002548218 0.484636008739471
1.09915995597839 0.485536009073257
1.1010400056839 0.486438989639282
1.10293996334076 0.487345010042191
1.10483002662659 0.488254010677338
1.10673999786377 0.489165991544724
1.10863995552063 0.490079998970032
1.11056005954742 0.490996986627579
1.11248004436493 0.491917014122009
1.11441004276276 0.492839992046356
1.11634004116058 0.493766009807587
1.11828005313873 0.494693994522095
1.12022995948792 0.495626002550125
1.12217998504639 0.496560990810394
1.12414002418518 0.497498005628586
1.12592005729675 0.498355001211166
1.12712001800537 0.498926997184753
1.12792003154755 0.499309986829758
1.12845003604889 0.499565005302429
1.12881004810333 0.499734997749329
1.12904000282288 0.499848991632462
1.12919998168945 0.499924004077911
1.12927997112274 0.499962002038956
1.12932002544403 0.499980986118317
1.12935996055603 0.5
1.12935996055603 0.5
1.12940001487732 0.500019013881683
1.12943994998932 0.500038027763367
1.1295200586319 0.500075995922089
1.12968003749847 0.500151991844177
1.12990999221802 0.500265002250671
1.13027000427246 0.500436007976532
1.13081002235413 0.500692009925842
1.1316100358963 0.501076996326447
1.13282001018524 0.501654028892517
1.13462996482849 0.502523005008698
1.13663005828857 0.50347900390625
1.13863003253937 0.504438996315002
1.14064002037048 0.505401015281677
1.14266002178192 0.506366014480591
1.14468002319336 0.507335007190704
1.14671003818512 0.508306980133057
1.14874994754791 0.509280979633331
1.15078997612 0.510258972644806
1.1528400182724 0.511240005493164
1.15489995479584 0.512224018573761
1.15696001052856 0.513212025165558
1.15902996063232 0.514201998710632
1.1611100435257 0.515196025371552
1.16319000720978 0.516192972660065
1.16527998447418 0.517193019390106
1.16737997531891 0.518195986747742
1.16947996616364 0.519203007221222
1.17158997058868 0.520213007926941
1.17370998859406 0.521225988864899
1.17583000659943 0.522243022918701
1.17796003818512 0.523262977600098
1.18009996414185 0.524285972118378
1.18225002288818 0.525312006473541
1.18439996242523 0.52634197473526
1.18656003475189 0.527375996112823
1.18873000144958 0.528411984443665
1.19089996814728 0.529452979564667
1.19307994842529 0.530496001243591
1.19526994228363 0.531543016433716
1.19746994972229 0.53259402513504
1.19966995716095 0.533648014068604
1.20187997817993 0.534704983234406
1.20410001277924 0.535766005516052
1.20632004737854 0.536831021308899
1.2085599899292 0.537899017333984
1.21080005168915 0.53897100687027
1.21305000782013 0.540045976638794
1.21529996395111 0.541124999523163
1.21756994724274 0.542208015918732
1.21984004974365 0.543294012546539
1.2221200466156 0.544384002685547
1.22440004348755 0.545477986335754
1.22669994831085 0.546575009822845
1.22899997234344 0.547676026821136
1.23131000995636 0.548780977725983
1.23362994194031 0.549889028072357
1.23594999313354 0.551001012325287
1.23828995227814 0.552118003368378
1.24063003063202 0.553237020969391
1.24298000335693 0.55436098575592
1.24533998966217 0.555489003658295
1.24769997596741 0.556620001792908
1.25007998943329 0.557756006717682
1.25246000289917 0.558894991874695
1.25485002994537 0.560037970542908
1.25724995136261 0.561185002326965
1.25966000556946 0.562336027622223
1.26207995414734 0.563492000102997
1.26450002193451 0.564651012420654
1.26692998409271 0.565814018249512
1.26937997341156 0.566981017589569
1.27182996273041 0.568152010440826
1.27428996562958 0.569328010082245
1.27674996852875 0.570506989955902
1.27922999858856 0.57169097661972
1.2817200422287 0.572879016399384
1.28420996665955 0.574070990085602
1.28671002388 0.575267016887665
1.2892199754715 0.576466977596283
1.29173994064331 0.577672004699707
1.29427003860474 0.57888001203537
1.29681003093719 0.58009397983551
1.29936003684998 0.581310987472534
1.30192005634308 0.582533001899719
1.30447995662689 0.583759009838104
1.30706000328064 0.58499002456665
1.30964004993439 0.586224019527435
1.31224000453949 0.587463974952698
1.31483995914459 0.588707983493805
1.31745004653931 0.589955985546112
1.32007002830505 0.591207981109619
1.32270002365112 0.592465996742249
1.32535004615784 0.593726992607117
1.32799994945526 0.594994008541107
1.3306599855423 0.596265017986298
1.33333003520966 0.597540020942688
1.33600997924805 0.598819971084595
1.33869004249573 0.600104987621307
1.34139001369476 0.60139399766922
1.34409999847412 0.602688014507294
1.3468199968338 0.603986978530884
1.3495500087738 0.60529100894928
1.35229003429413 0.606598973274231
1.35503995418549 0.607912003993988
1.35780000686646 0.609229981899261
1.36056995391846 0.610553026199341
1.36335003376007 0.611881017684937
1.36614000797272 0.613214015960693
1.36893999576569 0.61455100774765
1.37174999713898 0.615894019603729
1.37457001209259 0.617241024971008
1.37740004062653 0.618593990802765
1.38024997711182 0.619951009750366
1.3831000328064 0.621313989162445
1.38595998287201 0.622681021690369
1.38883996009827 0.62405401468277
1.39172005653381 0.625432014465332
1.39461994171143 0.626815021038055
1.39752995967865 0.628202974796295
1.4004499912262 0.629597008228302
1.40338003635406 0.630994975566864
1.40631997585297 0.632399022579193
1.40927004814148 0.633808016777039
1.41223001480103 0.635222971439362
1.41521000862122 0.63664299249649
1.41819000244141 0.638068020343781
1.42119002342224 0.639499008655548
1.4242000579834 0.640935003757477
1.42721998691559 0.642377018928528
1.43025004863739 0.643823981285095
1.43329000473022 0.64527702331543
1.4363499879837 0.646735012531281
1.43940997123718 0.648199021816254
1.44248998165131 0.649667978286743
1.44558000564575 0.651143014431
1.44869005680084 0.652624011039734
1.45179998874664 0.654110014438629
1.45492994785309 0.655602991580963
1.45807003974915 0.657100975513458
1.46122002601624 0.658604025840759
1.46438002586365 0.660113990306854
1.4675600528717 0.661629021167755
1.47073996067047 0.663151025772095
1.47394001483917 0.664677977561951
1.47715997695923 0.666211009025574
1.48038005828857 0.667751014232635
1.48362004756927 0.669296026229858
1.4868700504303 0.670846998691559
1.49013996124268 0.672405004501343
1.49340999126434 0.673968017101288
1.49670004844666 0.675538003444672
1.50001001358032 0.677114009857178
1.50331997871399 0.678695976734161
1.5066499710083 0.680284023284912
1.50998997688293 0.681878983974457
1.51335000991821 0.683480024337769
1.51672005653381 0.685087025165558
1.52009999752045 0.686700999736786
1.52349996566772 0.688320994377136
1.52690994739532 0.68994802236557
1.53032994270325 0.691581010818481
1.53376996517181 0.693220019340515
1.5372200012207 0.694866001605988
1.54068994522095 0.696519017219543
1.5441700220108 0.698179006576538
1.54765999317169 0.699845016002655
1.55116999149323 0.701517999172211
1.55469000339508 0.703197002410889
1.55822002887726 0.704883992671967
1.56176996231079 0.706577003002167
1.56534004211426 0.708276987075806
1.56892001628876 0.709984004497528
1.57251000404358 0.711696982383728
1.57612001895905 0.713418006896973
1.57974004745483 0.715146005153656
1.58337998390198 0.716880977153778
1.58703005313873 0.718622982501984
1.59070003032684 0.720372021198273
1.5943900346756 0.722127974033356
1.59808003902435 0.723891973495483
1.60179996490479 0.725661993026733
1.60553002357483 0.727439999580383
1.60926997661591 0.729225993156433
1.61302995681763 0.731018006801605
1.61680996417999 0.732818007469177
1.62059998512268 0.734625995159149
1.62441003322601 0.736441016197205
1.62822997570038 0.738263010978699
1.63206994533539 0.740092992782593
1.63592004776001 0.741931021213531
1.63979005813599 0.743776023387909
1.64367997646332 0.745629012584686
1.64759004116058 0.747489988803864
1.65151000022888 0.749357998371124
1.6554399728775 0.751235008239746
1.65938997268677 0.753118991851807
1.66335999965668 0.755011022090912
1.66735005378723 0.756910979747772
1.67135000228882 0.758818984031677
1.67536997795105 0.760734975337982
1.67940998077393 0.762659013271332
1.68347001075745 0.764590978622437
1.68754005432129 0.766530990600586
1.69163000583649 0.768480002880096
1.69572997093201 0.770437002182007
1.69985997676849 0.772401988506317
1.7039999961853 0.774375021457672
1.70816004276276 0.776356995105743
1.71232998371124 0.778347015380859
1.7165299654007 0.780345976352692
1.72073996067047 0.782352983951569
1.72496998310089 0.784368991851807
1.72922003269196 0.786394000053406
1.73348999023438 0.788426995277405
1.73777997493744 0.790468990802765
1.74207997322083 0.792518973350525
1.74639999866486 0.794578015804291
1.75074005126953 0.796647012233734
1.75510001182556 0.798723995685577
1.75947999954224 0.800809979438782
1.76388001441956 0.802905023097992
1.76830005645752 0.805009007453918
1.77272999286652 0.807121992111206
1.77718997001648 0.809243977069855
1.78166997432709 0.811375975608826
1.78615999221802 0.813516974449158
1.79067003726959 0.815666973590851
1.79521000385284 0.817825973033905
1.79975998401642 0.819994986057281
1.80434000492096 0.822172999382019
1.80893003940582 0.824361026287079
1.81353998184204 0.826557993888855
1.81817996501923 0.828764975070953
1.82282996177673 0.830981016159058
1.82750999927521 0.833207011222839
1.832200050354 0.835443019866943
1.83692002296448 0.837688982486725
1.84165000915527 0.839944005012512
1.84641003608704 0.842208981513977
1.85118997097015 0.844484984874725
1.85599005222321 0.846769988536835
1.86081004142761 0.849066019058228
1.86565005779266 0.851370990276337
1.87051999568939 0.853686988353729
1.87539994716644 0.856013000011444
1.88031005859375 0.858349025249481
1.88523995876312 0.860695004463196
1.89019000530243 0.863052010536194
1.89515995979309 0.865418970584869
1.90015995502472 0.867797017097473
1.90516996383667 0.870185017585754
1.91021001338959 0.872583985328674
1.91527998447418 0.874993026256561
1.9203599691391 0.877413988113403
1.92546999454498 0.879844009876251
1.93060004711151 0.882286012172699
1.93575000762939 0.884738981723785
1.94093000888824 0.887202024459839
1.94613003730774 0.889676988124847
1.95134997367859 0.892162024974823
1.95659005641937 0.894658982753754
1.96185994148254 0.897167026996613
1.96715998649597 0.899685025215149
1.97247004508972 0.902216017246246
1.97782003879547 0.904757022857666
1.98318004608154 0.907310009002686
1.98856997489929 0.909874022006989
1.99398005008698 0.912450015544891
1.99942004680634 0.915036976337433
2.00487995147705 0.917635977268219
2.01037001609802 0.920246005058289
2.01588010787964 0.922868013381958
2.02142000198364 0.925502002239227
2.02697992324829 0.928147971630096
2.03256011009216 0.93080598115921
2.03818011283875 0.933475017547607
2.04380989074707 0.936156988143921
2.04946994781494 0.938849985599518
2.05516004562378 0.941555976867676
2.060879945755 0.944274008274078
2.06661009788513 0.947004020214081
2.07238006591797 0.949746012687683
2.07817006111145 0.952500998973846
2.0839900970459 0.955268025398254
2.08982992172241 0.958046972751617
2.09570002555847 0.960838973522186
2.10159993171692 0.963644027709961
2.10752010345459 0.966461002826691
2.11347007751465 0.969290018081665
2.11945009231567 0.972132980823517
2.12545990943909 0.974987983703613
2.13148999214172 0.977855980396271
2.13755011558533 0.980736970901489
2.143630027771 0.983631014823914
2.14974999427795 0.986537992954254
2.15588998794556 0.989458024501801
2.16206002235413 0.992392003536224
2.16825008392334 0.995338022708893
2.17447996139526 0.998297989368439
2.18073010444641 1.00127005577087
2.18701004981995 1.0042599439621
2.19332003593445 1.00725996494293
2.19966006278992 1.01026999950409
2.20602989196777 1.0132999420166
2.21241998672485 1.01634001731873
2.21884989738464 1.01938998699188
2.22530007362366 1.02245998382568
2.23178005218506 1.02553999423981
2.23829007148743 1.02863001823425
2.24482989311218 1.03173995018005
2.25139999389648 1.03487002849579
2.25799989700317 1.03799998760223
2.26463007926941 1.04114997386932
2.27129006385803 1.04431998729706
2.27798008918762 1.04750001430511
2.2846999168396 1.05069005489349
2.29145002365112 1.05390000343323
2.29822993278503 1.05711996555328
2.30503988265991 1.06035995483398
2.31188011169434 1.06360995769501
2.31874990463257 1.06686997413635
2.32565999031067 1.07015001773834
2.33259010314941 1.07344996929169
2.33955001831055 1.07675004005432
2.34654998779297 1.08008003234863
2.35356998443604 1.08342003822327
2.36063003540039 1.08677005767822
2.36771988868713 1.09013998508453
2.37484002113342 1.09352004528046
2.3819899559021 1.09692001342773
2.38916993141174 1.10032999515533
2.39638996124268 1.10376000404358
2.40363001823425 1.10720002651215
2.41090989112854 1.11065995693207
2.41822004318237 1.1141300201416
2.42557001113892 1.11761999130249
2.4329400062561 1.1211199760437
2.44035005569458 1.12463998794556
2.44778990745544 1.12817001342773
2.45526003837585 1.13171994686127
2.46276998519897 1.13528001308441
2.47030997276306 1.13885998725891
2.47788000106812 1.14245998859406
2.48548007011414 1.14607000350952
2.49311995506287 1.14970004558563
2.50079011917114 1.15333998203278
2.50849008560181 1.15699994564056
2.51623010635376 1.16067004203796
2.5239999294281 1.16436004638672
2.53180003166199 1.16805994510651
2.53963994979858 1.17179000377655
2.54750990867615 1.1755199432373
2.55540990829468 1.17927002906799
2.5633499622345 1.18304002285004
2.57133007049561 1.18683004379272
2.57932996749878 1.19062995910645
2.58736991882324 1.1944500207901
2.59544992446899 1.19827997684479
2.60355997085571 1.20212996006012
2.6117000579834 1.20598995685577
2.61987996101379 1.20986998081207
2.62808990478516 1.21377003192902
2.63632988929749 1.21767997741699
2.6446099281311 1.22160995006561
2.65293002128601 1.22555994987488
2.66127991676331 1.22951996326447
2.66966009140015 1.2335000038147
2.6780800819397 1.23749995231628
2.68653988838196 1.24151003360748
2.69502997398376 1.24554002285004
2.70355010032654 1.24958002567291
2.71211004257202 1.25364005565643
2.72070002555847 1.25771999359131
2.72933006286621 1.26180994510651
2.73799991607666 1.26592004299164
2.74669003486633 1.27005004882813
2.75542998313904 1.27418994903564
2.76419997215271 1.2783499956131
2.77300000190735 1.28252995014191
2.78184008598328 1.28673005104065
2.79071998596191 1.29094004631042
2.79962992668152 1.29516005516052
2.80857992172241 1.2994099855423
2.81755995750427 1.30367004871368
2.82658004760742 1.3079400062561
2.83562994003296 1.31224000453949
2.84471988677979 1.3165500164032
2.85384011268616 1.32087004184723
2.86299991607666 1.32521998882294
2.87220001220703 1.32957994937897
2.88142991065979 1.33395004272461
2.89070010185242 1.33835005760193
2.90000009536743 1.34275996685028
2.90933990478516 1.34719002246857
2.91870999336243 1.35162997245789
2.92811989784241 1.35608994960785
2.93756008148193 1.36056995391846
2.94704008102417 1.36505997180939
2.95655989646912 1.36958003044128
2.96610999107361 1.37409996986389
2.97569990158081 1.37864995002747
2.98532009124756 1.38320994377136
2.99498009681702 1.3877899646759
3.00466990470886 1.39237999916077
3.01440000534058 1.39699995517731
3.024169921875 1.40162003040314
3.03397011756897 1.40627002716064
3.04380989074707 1.41093003749847
3.05367994308472 1.41560995578766
3.06359004974365 1.42030000686646
3.07352995872498 1.42501997947693
3.08350992202759 1.42974996566772
3.09351992607117 1.43448996543884
3.10356998443604 1.43924999237061
3.11366009712219 1.44403004646301
3.12378001213074 1.44883000850677
3.13392996788025 1.45363998413086
3.14411997795105 1.45846998691559
3.15435004234314 1.46331000328064
3.16460990905762 1.46817004680634
3.17491006851196 1.47304999828339
3.1852400302887 1.47793996334076
3.1956000328064 1.48284995555878
3.20601010322571 1.48777997493744
3.21643996238708 1.49272000789642
3.22691011428833 1.49767994880676
3.23742008209229 1.50266003608704
3.24796009063721 1.50765001773834
3.25853991508484 1.51266002655029
3.26915001869202 1.51768004894257
3.27978992462158 1.52272999286652
3.29046988487244 1.52778005599976
3.30118989944458 1.53286004066467
3.31192994117737 1.53795003890991
3.32272005081177 1.54305005073547
3.33352994918823 1.54816997051239
3.34438991546631 1.55331003665924
3.35526990890503 1.55845999717712
3.36618995666504 1.56362998485565
3.37714004516602 1.56881999969482
3.3881299495697 1.57402002811432
3.39914989471436 1.57923996448517
3.4102098941803 1.58447003364563
3.42129993438721 1.58972001075745
3.43242001533508 1.59498000144958
3.44356989860535 1.60026001930237
3.45476007461548 1.60555994510651
3.46599006652832 1.61087000370026
3.47724008560181 1.61619997024536
3.488529920578 1.62153995037079
3.49985003471375 1.62689995765686
3.5112099647522 1.63226997852325
3.52259993553162 1.63766002655029
3.534019947052 1.64305996894836
3.54546999931335 1.64848005771637
3.55695009231567 1.65392005443573
3.5684700012207 1.65936005115509
3.5800199508667 1.66482996940613
3.59160995483398 1.67031002044678
3.60321998596191 1.67579996585846
3.61487007141113 1.68131005764008
3.62654995918274 1.68684005737305
3.63825988769531 1.69237995147705
3.65000009536743 1.69792997837067
3.66178011894226 1.70350003242493
3.67357993125916 1.70907998085022
3.68542003631592 1.71467995643616
3.69728994369507 1.72029995918274
3.70918989181519 1.72591996192932
3.72112011909485 1.73155999183655
3.73307991027832 1.73722004890442
3.74507999420166 1.74289000034332
3.75710010528564 1.74857997894287
3.76915001869202 1.75427997112274
3.78123998641968 1.75998997688293
3.79335999488831 1.76572000980377
3.80550003051758 1.77146005630493
3.81767988204956 1.77722001075745
3.82987999916077 1.78298997879028
3.84211993217468 1.78876996040344
3.85438990592957 1.79456996917725
3.86667990684509 1.80037999153137
3.87900996208191 1.80621004104614
3.89137005805969 1.81204998493195
3.90374994277954 1.81789994239807
3.91616010665894 1.82377004623413
3.92861008644104 1.82965004444122
3.94108009338379 1.83554005622864
3.95357990264893 1.84144997596741
3.96610999107361 1.84737002849579
3.97866988182068 1.8532999753952
3.99126005172729 1.85924994945526
4.0038800239563 1.86521005630493
4.01652002334595 1.87118005752563
4.02919006347656 1.87716996669769
4.04189014434814 1.88317000865936
4.05461978912354 1.88917994499207
4.06737995147705 1.8952100276947
4.08016014099121 1.90125000476837
4.0929799079895 1.90729999542236
4.1058201789856 1.91335999965668
4.11868000030518 1.91944003105164
4.13157987594604 1.92552995681763
4.14449977874756 1.93163001537323
4.1574501991272 1.93774998188019
4.17043018341064 1.94387996196747
4.18343019485474 1.95001995563507
4.19645977020264 1.956169962883
4.20951986312866 1.96232998371124
4.22259998321533 1.96851003170013
4.23571014404297 1.97469997406006
4.24883985519409 1.98090004920959
4.26201009750366 1.98711001873016
4.2751898765564 1.99334001541138
4.28841018676758 1.99958002567291
4.30165004730225 2.00583004951477
4.31490993499756 2.01208996772766
4.32819986343384 2.01835989952087
4.34151983261108 2.02464008331299
4.35485982894897 2.03094005584717
4.36822986602783 2.03725004196167
4.38161993026733 2.04357004165649
4.3950400352478 2.04990005493164
4.40848016738892 2.05624008178711
4.42194986343384 2.06259989738464
4.43544006347656 2.06895995140076
4.4489598274231 2.07534003257751
4.46250009536743 2.08172988891602
4.47605991363525 2.08812999725342
4.48964977264404 2.09454011917114
4.50327014923096 2.10096001625061
4.51690006256104 2.1073899269104
4.5305700302124 2.11384010314941
4.54425001144409 2.12029004096985
4.55796003341675 2.12676000595093
4.57169008255005 2.13322997093201
4.58545017242432 2.13971996307373
4.59922981262207 2.14621996879578
4.61302995681763 2.15272998809814
4.62686014175415 2.15925002098083
4.64070987701416 2.16578006744385
4.65458011627197 2.1723198890686
4.66847991943359 2.17886996269226
4.68240022659302 2.18543004989624
4.69634008407593 2.19200992584229
4.71029996871948 2.19859004020691
4.724289894104 2.20517992973328
4.73829984664917 2.21179008483887
4.75232982635498 2.21840000152588
4.76638984680176 2.22501993179321
4.78045988082886 2.23165988922119
4.79455995559692 2.23830008506775
4.80868005752563 2.24496006965637
4.82282018661499 2.251620054245
4.83698987960815 2.25830006599426
4.8511700630188 2.26498007774353
4.86537981033325 2.27167010307312
4.87961006164551 2.27837991714478
4.89385986328125 2.28508996963501
4.90813016891479 2.29182004928589
4.92242002487183 2.29854989051819
4.93673992156982 2.30528998374939
4.95106983184814 2.31204009056091
4.96542978286743 2.3188099861145
4.9798002243042 2.32557988166809
4.99420022964478 2.33236002922058
5.00861978530884 2.33914995193481
5.0230598449707 2.34594988822937
5.03751993179321 2.35276007652283
5.05200004577637 2.35958003997803
5.06650018692017 2.36641001701355
5.08101987838745 2.37325000762939
5.09556007385254 2.38008999824524
5.11012983322144 2.38695001602173
5.12471008300781 2.39381003379822
5.13930988311768 2.40069007873535
5.15393018722534 2.40756988525391
5.16857004165649 2.41445994377136
5.18322992324829 2.42137002944946
5.19791984558105 2.42828011512756
5.21261978149414 2.43519997596741
5.22734022140503 2.44212007522583
5.2420802116394 2.44905996322632
5.25684022903442 2.45601010322571
5.27161979675293 2.46296000480652
5.28640985488892 2.46992993354797
5.30122995376587 2.47690010070801
5.31607007980347 2.48388004302979
5.33092021942139 2.49086999893188
5.34579992294312 2.49786996841431
5.36069011688232 2.50487995147705
5.37560987472534 2.51188993453979
5.39054012298584 2.51891994476318
5.40548992156982 2.52594995498657
5.42046022415161 2.53298997879028
5.43544006347656 2.54004001617432
5.45044994354248 2.54710006713867
5.46547985076904 2.55416011810303
5.48051977157593 2.56123995780945
5.49558019638062 2.56832003593445
5.51066017150879 2.57540988922119
5.52576017379761 2.58250999450684
5.54088020324707 2.5896201133728
5.5560097694397 2.59674000740051
5.57115983963013 2.60385990142822
5.58633995056152 2.61099004745483
5.60152006149292 2.61813998222351
5.61673021316528 2.62527990341187
5.63195991516113 2.63244009017944
5.64720010757446 2.63961005210876
5.66245985031128 2.64678001403809
5.6777400970459 2.65395998954773
5.69302988052368 2.6611499786377
5.70835018157959 2.66834998130798
5.72368001937866 2.67554998397827
5.73902988433838 2.68276000022888
5.75438976287842 2.68998003005981
5.76978015899658 2.69721007347107
5.78518009185791 2.70444989204407
5.80059003829956 2.71168994903564
5.81603002548218 2.71894001960754
5.83148002624512 2.72620010375977
5.8469500541687 2.73346996307373
5.86244010925293 2.7407500743866
5.87794017791748 2.74802994728088
5.89345979690552 2.75532007217407
5.90899991989136 2.762619972229
5.92456007003784 2.76992011070251
5.94013023376465 2.77724003791809
5.95571994781494 2.78455996513367
5.97132015228271 2.79187989234924
5.9869499206543 2.79922008514404
6.00259017944336 2.80656003952026
6.01823997497559 2.81391000747681
6.03390979766846 2.82126998901367
6.04960012435913 2.82863998413086
6.06531000137329 2.83600997924805
6.08102989196777 2.84338998794556
6.0967698097229 2.85078001022339
6.11253023147583 2.85818004608154
6.12830018997192 2.8655800819397
6.14408016204834 2.87298989295959
6.15989017486572 2.88040995597839
6.17571020126343 2.88783001899719
6.19154977798462 2.89526009559631
6.20739984512329 2.90269994735718
6.22326993942261 2.91015005111694
6.23916006088257 2.91759991645813
6.25506019592285 2.92506003379822
6.27097988128662 2.93252992630005
6.28691005706787 2.94001007080078
6.30285978317261 2.94748997688293
6.31883001327515 2.95497989654541
6.33480978012085 2.96248006820679
6.35081005096436 2.96998000144958
6.36681985855103 2.97748994827271
6.3828501701355 2.98500990867615
6.39889001846313 2.99253010749817
6.41495990753174 3.00007009506226
6.43102979660034 3.00760006904602
6.44713020324707 3.01515007019043
6.46323013305664 3.02270007133484
6.47936010360718 3.03026008605957
6.49550008773804 3.03783011436462
6.51165008544922 3.04540991783142
6.52783012390137 3.0529899597168
6.54401016235352 3.0605800151825
6.56021976470947 3.06817007064819
6.57642984390259 3.07576990127563
6.59266996383667 3.08337998390198
6.60892009735107 3.09100008010864
6.62517976760864 3.09861993789673
6.64145994186401 3.10625004768372
6.65776014328003 3.11388993263245
6.67406988143921 3.12153005599976
6.69039011001587 3.12917995452881
6.70673990249634 3.13684010505676
6.72309017181396 3.14450001716614
6.7394700050354 3.15216994285583
6.75584983825684 3.15984988212585
6.7722601890564 3.16753005981445
6.7886700630188 3.17522001266479
6.80510997772217 3.18291997909546
6.82155990600586 3.19061994552612
6.83801984786987 3.19832992553711
6.85449981689453 3.20604991912842
6.87098979949951 3.21377992630005
6.88749980926514 3.22150993347168
6.90402984619141 3.22923994064331
6.920569896698 3.23698997497559
6.93711996078491 3.24474000930786
6.95369005203247 3.25250005722046
6.97027015686035 3.26026010513306
6.98686981201172 3.2680299282074
7.00348997116089 3.27581000328064
7.02012014389038 3.2836000919342
7.03675985336304 3.29138994216919
7.0534200668335 3.29918003082275
7.07009983062744 3.30698990821838
7.08679008483887 3.31480002403259
7.10348987579346 3.32261991500854
7.12021017074585 3.33044004440308
7.13694000244141 3.33826994895935
7.15368986129761 3.34611010551453
7.17046022415161 3.35395002365112
7.18723011016846 3.36179995536804
7.20403003692627 3.36965990066528
7.2208399772644 3.3775200843811
7.23765993118286 3.38539004325867
7.25449991226196 3.39327001571655
7.27134990692139 3.40114998817444
7.28821992874146 3.40903997421265
7.30509996414185 3.41693997383118
7.32200002670288 3.42483997344971
7.33891010284424 3.43274998664856
7.35583019256592 3.44065999984741
7.37276983261108 3.44858002662659
7.38972997665405 3.45651006698608
7.40670013427734 3.46444988250732
7.42368984222412 3.47238993644714
7.44069004058838 3.48032999038696
7.4576997756958 3.48829007148743
7.47473001480103 3.49624991416931
7.49176979064941 3.5042200088501
7.50883007049561 3.51219010353088
7.52589988708496 3.52016997337341
7.54299020767212 3.52815008163452
7.56009006500244 3.5361499786377
7.57720994949341 3.54415011405945
7.5943398475647 3.55215001106262
7.61148977279663 3.56015992164612
7.62865018844604 3.56818008422852
7.64582014083862 3.57620000839233
7.66301012039185 3.5842399597168
7.68021011352539 3.59226989746094
7.69743013381958 3.6003201007843
7.71467018127441 3.60837006568909
7.73191022872925 3.61642003059387
7.74916982650757 3.62448000907898
7.76644992828369 3.63255000114441
7.78374004364014 3.64063000679016
7.80105018615723 3.64871001243591
7.81836986541748 3.65680003166199
7.83570003509521 3.66489005088806
7.85305023193359 3.67299008369446
7.87040996551514 3.6810998916626
7.88779020309448 3.68920993804932
7.90517997741699 3.69732999801636
7.92258977890015 3.70546007156372
7.94001007080078 3.7135899066925
7.9574499130249 3.72172999382019
7.97489976882935 3.7298800945282
7.99236011505127 3.73802995681763
8.00984001159668 3.74618005752563
8.02733039855957 3.75434994697571
8.04483985900879 3.76252007484436
8.06235980987549 3.77068996429443
8.07989978790283 3.77887988090515
8.09745025634766 3.78707003593445
8.11501979827881 3.79525995254517
8.13259983062744 3.80345988273621
8.15019035339355 3.81167006492615
8.167799949646 3.81988000869751
8.18542003631592 3.82810997962952
8.20306015014648 3.8363299369812
8.22070980072021 3.84456992149353
8.23838043212891 3.85279989242554
8.25605964660645 3.86104989051819
8.27375984191895 3.86929988861084
8.29146003723145 3.87755990028381
8.30918979644775 3.88581991195679
8.32693004608154 3.89409995079041
8.3446798324585 3.9023699760437
8.36244964599609 3.91066002845764
8.38022994995117 3.91894006729126
8.39801979064941 3.92723989486694
8.4158296585083 3.93553996086121
8.43365955352783 3.94385004043579
8.45149993896484 3.95216989517212
8.46934986114502 3.96048998832703
8.48721981048584 3.96881008148193
8.50510025024414 3.97714996337891
8.52299976348877 3.98549008369446
8.54090976715088 3.99382996559143
8.55883026123047 4.0021800994873
8.57676982879639 4.01054000854492
8.59473037719727 4.01890993118286
8.61270046234131 4.0272798538208
8.63068008422852 4.03564977645874
8.64867973327637 4.04404020309448
8.6666898727417 4.05243015289307
8.6847095489502 4.06082010269165
8.70275974273682 4.06923007965088
8.72080993652344 4.07763004302979
8.7388801574707 4.08605003356934
8.75695991516113 4.09447002410889
8.77505970001221 4.10290002822876
8.79316997528076 4.11133003234863
8.81130027770996 4.11977005004883
8.82944011688232 4.12821006774902
8.84759998321533 4.13667011260986
8.86577033996582 4.1451301574707
8.88395023345947 4.15359020233154
8.90215015411377 4.16205978393555
8.92037010192871 4.17053985595703
8.93859004974365 4.17901992797852
8.9568395614624 4.18751001358032
8.97509002685547 4.19601011276245
8.99335956573486 4.20451021194458
9.01165008544922 4.21301984786987
9.02995014190674 4.22152996063232
9.0482702255249 4.2300500869751
9.06659030914307 4.23858022689819
9.08493995666504 4.24710988998413
9.10330009460449 4.25565004348755
9.12166976928711 4.26420021057129
9.14006042480469 4.27274990081787
9.15845966339111 4.28131008148193
9.17687034606934 4.28986978530884
9.19530010223389 4.29844999313354
9.21374988555908 4.30702018737793
9.23221015930176 4.3156099319458
9.2506799697876 4.32420015335083
9.26916980743408 4.3327898979187
9.28767013549805 4.34139013290405
9.30618953704834 4.34999990463257
9.32472038269043 4.35862016677856
9.34327030181885 4.3672399520874
9.36182975769043 4.37587022781372
9.38041019439697 4.38450002670288
9.39900016784668 4.39313983917236
9.41759967803955 4.40179014205933
9.43622016906738 4.41043996810913
9.45485019683838 4.41909980773926
9.47350025177002 4.42776012420654
9.4921703338623 4.43642997741699
9.51084041595459 4.44510984420776
9.52954006195068 4.45380020141602
9.54823970794678 4.46249008178711
9.56696033477783 4.4711799621582
9.58570003509521 4.47987985610962
9.60445022583008 4.48858976364136
9.62322044372559 4.49731016159058
9.64200019836426 4.50603008270264
9.66079044342041 4.51476001739502
9.67959976196289 4.5234899520874
9.69841957092285 4.53222990036011
9.71726036071777 4.54097986221313
9.73610973358154 4.54972982406616
9.75498008728027 4.55848979949951
9.77385997772217 4.56725978851318
9.79275989532471 4.57602977752686
9.81167030334473 4.58480978012085
9.83059978485107 4.59359979629517
9.8495397567749 4.60238981246948
9.86849975585938 4.6111798286438
9.88747024536133 4.61998987197876
9.90645027160645 4.62879991531372
9.92545032501221 4.63760995864868
9.94447040557861 4.64644002914429
9.96350002288818 4.65527009963989
9.98254013061523 4.6641001701355
10.0016002655029 4.67293977737427
