0.323673009872437 0.108487002551556
0.323727011680603 0.108517996966839
0.32378101348877 0.108549997210503
0.323835998773575 0.108581997454166
0.323891013860703 0.108615003526211
0.323947012424469 0.108646996319294
0.324003010988235 0.108680002391338
0.324059993028641 0.108713999390602
0.324117004871368 0.108746998012066
0.324175000190735 0.10878100246191
0.324232995510101 0.108814999461174
0.324290990829468 0.108850002288818
0.324349999427795 0.108883999288082
0.324409991502762 0.108920000493526
0.324470013380051 0.108955003321171
0.324530005455017 0.108990997076035
0.324591010808945 0.109025999903679
0.32465198636055 0.109062999486923
0.324714004993439 0.109099000692368
0.324775993824005 0.109136000275612
0.324838995933533 0.109172999858856
0.32490199804306 0.109209999442101
0.324965000152588 0.109247997403145
0.325028985738754 0.10928600281477
0.325093001127243 0.109324000775814
0.325157999992371 0.109361998736858
0.325222998857498 0.109401002526283
0.325287997722626 0.109439998865128
0.325354009866714 0.109479002654552
0.325421005487442 0.109518997371197
0.32548800110817 0.109558001160622
0.325554996728897 0.109598003327847
0.325621992349625 0.109638996422291
0.325691014528275 0.109678998589516
0.325758993625641 0.109719999134541
0.325827986001968 0.109760999679565
0.325897008180618 0.10980299860239
0.325967013835907 0.109843999147415
0.326036989688873 0.10988599807024
0.326106995344162 0.109927996993065
0.326178014278412 0.10997100174427
0.326249003410339 0.110013000667095
0.326321005821228 0.11005599796772
0.326393008232117 0.110100001096725
0.326465010643005 0.11014299839735
0.326537996530533 0.110187001526356
0.326611012220383 0.110230997204781
0.326685011386871 0.110275000333786
0.32675901055336 0.110319003462791
0.326833009719849 0.110363997519016
0.326907992362976 0.110408999025822
0.326983004808426 0.110454000532627
0.327057987451553 0.110500000417233
0.327134013175964 0.110546000301838
0.327210992574692 0.110592000186443
0.32728698849678 0.110638000071049
0.32736399769783 0.110683999955654
0.32744100689888 0.11073099821806
0.327518999576569 0.110777996480465
0.327596992254257 0.110825002193451
0.327675998210907 0.110872998833656
0.327755004167557 0.110921002924442
0.327834010124207 0.110968999564648
0.327912986278534 0.111017003655434
0.327993005514145 0.111065998673439
0.328072994947433 0.111114002764225
0.328153997659683 0.11116299778223
0.328235000371933 0.111212998628616
0.328316003084183 0.111262001097202
0.328397989273071 0.111312001943588
0.328480005264282 0.111362002789974
0.328563004732132 0.11141200363636
0.328644990921021 0.111463002860546
0.328729003667831 0.111513003706932
0.328812003135681 0.111564002931118
0.32889598608017 0.111616000533104
0.328979998826981 0.11166699975729
0.32906499505043 0.111718997359276
0.32914999127388 0.111771002411842
0.32923498749733 0.111823000013828
0.329320013523102 0.111874997615814
0.32940599322319 0.111928001046181
0.32949298620224 0.111980997025967
0.329578995704651 0.112034000456333
0.329665988683701 0.112086996436119
0.329753011465073 0.112140998244286
0.329840987920761 0.112195000052452
0.329928994178772 0.112249001860619
0.330018013715744 0.112303003668785
0.330105990171432 0.112357996404171
0.330195009708405 0.112412996590137
0.330285012722015 0.112467996776104
0.330374002456665 0.11252299696207
0.330464005470276 0.112579002976418
0.330554991960526 0.112635001540184
0.330644994974136 0.112691000103951
0.330736994743347 0.112746998667717
0.330828011035919 0.112804003059864
0.33092001080513 0.112860001623631
0.331012010574341 0.112916998565197
0.331104010343552 0.112975001335144
0.331196993589401 0.113031998276711
0.331290006637573 0.113090001046658
0.331382989883423 0.113147996366024
0.331476986408234 0.113205999135971
0.331571012735367 0.113265000283718
0.331665992736816 0.113323003053665
0.331759989261627 0.113381996750832
0.331854999065399 0.113440997898579
0.33195099234581 0.113500997424126
0.332046002149582 0.113559998571873
0.332143008708954 0.11361999809742
0.332239001989365 0.113679997622967
0.332336008548737 0.113741002976894
0.332432985305786 0.113801002502441
0.332529991865158 0.113862000405788
0.332628011703491 0.113922998309135
0.332726001739502 0.113985002040863
0.332823991775513 0.11404599994421
0.332922995090485 0.114108003675938
0.333021998405457 0.114169999957085
0.333121001720428 0.114232003688812
0.333220988512039 0.114294998347759
0.333321005105972 0.114357002079487
0.333420991897583 0.114419996738434
0.333521991968155 0.114483997225761
0.333622992038727 0.114546999335289
0.333723992109299 0.114610999822617
0.333824992179871 0.114675000309944
0.333927005529404 0.114739000797272
0.334030002355576 0.114803001284599
0.334131985902786 0.114868000149727
0.334235012531281 0.114932999014854
0.334338009357452 0.114997997879982
0.334441989660263 0.11506400257349
0.334545999765396 0.115129001438618
0.334650009870529 0.115194998681545
0.33475399017334 0.115261003375053
0.334859013557434 0.115327998995781
0.334964007139206 0.115394003689289
0.335070013999939 0.115460999310017
0.33517599105835 0.115528002381325
0.335281997919083 0.115594998002052
0.335388004779816 0.11566299945116
0.335494995117188 0.115731000900269
0.335601985454559 0.115799002349377
0.335709005594254 0.115866996347904
0.335817009210587 0.115936003625393
0.33592501282692 0.11600399762392
0.33603298664093 0.116072997450829
0.336142003536224 0.116143003106117
0.336250990629196 0.116212002933025
0.33636000752449 0.116282001137733
0.336470007896423 0.116351999342442
0.336580008268356 0.11642199754715
0.336690008640289 0.116492003202438
0.336800992488861 0.116562999784946
0.336912006139755 0.116633996367455
0.337022989988327 0.116705000400543
0.337134003639221 0.116777002811432
0.337246000766754 0.11684799939394
0.337357997894287 0.116920001804829
0.337471008300781 0.116993002593517
0.337583988904953 0.117064997553825
0.337696999311447 0.117137998342514
0.337810009717941 0.117210999131203
0.337924003601074 0.117283999919891
0.338037997484207 0.11735700070858
0.338153004646301 0.117430999875069
0.338268011808395 0.117504999041557
0.338382989168167 0.117578998208046
0.338497996330261 0.117652997374535
0.338613986968994 0.117728002369404
0.338730007410049 0.117802999913692
0.338845998048782 0.117877997457981
0.338963001966476 0.11795300245285
0.339080005884171 0.118028998374939
0.339197009801865 0.118105001747608
0.339314997196198 0.118180997669697
0.339433014392853 0.118257999420166
0.339551001787186 0.118334002792835
0.339668989181519 0.118410997092724
0.339787989854813 0.118487998843193
0.339908003807068 0.118565998971462
0.340027004480362 0.118643000721931
0.340146988630295 0.118721000850201
0.34026700258255 0.11879999935627
0.340388000011444 0.118877999484539
0.340508997440338 0.118956997990608
0.340629994869232 0.119035996496677
0.340750992298126 0.119115002453327
0.340873003005981 0.119194000959396
0.340995013713837 0.119273997843266
0.341118007898331 0.119354002177715
0.341239988803864 0.119433999061584
0.341363996267319 0.119515001773834
0.341486990451813 0.119594998657703
0.341610997915268 0.119676001369953
0.341735005378723 0.119756996631622
0.341859012842178 0.119838997721672
0.341984003782272 0.119920998811722
0.342108994722366 0.120002999901772
0.34223398566246 0.120085000991821
0.342359989881516 0.120168000459671
0.342485994100571 0.120250001549721
0.342611998319626 0.12033300101757
0.34273898601532 0.12041699886322
0.342866003513336 0.12049999833107
0.34299299120903 0.1205840036273
0.343120992183685 0.12066800147295
0.34324899315834 0.1207529976964
0.343376994132996 0.12083700299263
0.343506008386612 0.12092199921608
0.343634992837906 0.12100700289011
0.343764007091522 0.12109299749136
0.343894004821777 0.12117899954319
0.344024002552032 0.12126500159502
0.344154000282288 0.121351003646851
0.344285011291504 0.1214369982481
0.344415992498398 0.121523998677731
0.344547003507614 0.121610999107361
0.344678997993469 0.121697999536991
0.344810992479324 0.121785998344421
0.344942986965179 0.121873997151852
0.345075011253357 0.121962003409863
0.345207989215851 0.122050002217293
0.345342010259628 0.122138999402523
0.345474988222122 0.122227996587753
0.3456090092659 0.122317001223564
0.345743000507355 0.122406996786594
0.345878005027771 0.122496001422405
0.346013009548187 0.122585996985435
0.346148014068604 0.122676998376846
0.346284002065659 0.122767001390457
0.346419990062714 0.122858002781868
0.346556007862091 0.122948996722698
0.346693009138107 0.123040996491909
0.346830010414124 0.12313199788332
0.34696701169014 0.123223997652531
0.347104996442795 0.123317003250122
0.347243010997772 0.123409003019333
0.347380995750427 0.123502001166344
0.347519993782043 0.123594999313354
0.34765899181366 0.123687997460365
0.347797989845276 0.123782001435757
0.347938001155853 0.123875997960567
0.348078012466431 0.123970001935959
0.348217993974686 0.12406499683857
0.348358988761902 0.124159000813961
0.34850001335144 0.124255001544952
0.348641008138657 0.124349996447563
0.348782986402512 0.124445997178555
0.348924994468689 0.124541997909546
0.349067002534866 0.124637998640537
0.349209994077682 0.124733999371529
0.349352985620499 0.12483099848032
0.349496990442276 0.124927997589111
0.349640011787415 0.125026002526283
0.349785000085831 0.125122994184494
0.349929004907608 0.125220999121666
0.350073993206024 0.125319004058838
0.350219011306763 0.12541800737381
0.35036501288414 0.125516995787621
0.350511014461517 0.125615999102592
0.350656986236572 0.125715002417564
0.35080298781395 0.125815004110336
0.350950002670288 0.125915005803108
0.351098001003265 0.12601600587368
0.351244986057281 0.126115992665291
0.351393014192581 0.126216992735863
0.351541996002197 0.126317992806435
0.351691007614136 0.126420006155968
0.351839989423752 0.12652200460434
0.35198900103569 0.126624003052711
0.352138996124268 0.126726001501083
0.352288991212845 0.126828998327255
0.352439999580383 0.126931995153427
0.352589994668961 0.12703600525856
0.352741986513138 0.127139002084732
0.352892994880676 0.127242997288704
0.353044986724854 0.127347007393837
0.353197008371353 0.127452000975609
0.353350013494492 0.127556994557381
0.353502988815308 0.127662003040314
0.353657007217407 0.127767994999886
0.353810012340546 0.127873003482819
0.353964000940323 0.12797999382019
0.354119002819061 0.128086000680923
0.3542740046978 0.128193005919456
0.354429006576538 0.128299996256828
0.354584991931915 0.128407001495361
0.354741007089615 0.128515005111694
0.354896992444992 0.128622993826866
0.35505399107933 0.128730997443199
0.355210989713669 0.128839999437332
0.355367988348007 0.128949001431465
0.355526000261307 0.129058003425598
0.355684012174606 0.129168003797531
0.355843007564545 0.129278004169464
0.356002002954483 0.129388004541397
0.356160998344421 0.12949900329113
0.356321007013321 0.129610002040863
0.356480985879898 0.129721000790596
0.356640994548798 0.129832997918129
0.356801986694336 0.129944995045662
0.356963008642197 0.130057007074356
0.357125014066696 0.130170002579689
0.357286989688873 0.130282998085022
0.357448995113373 0.130395993590355
0.357612013816833 0.130509003996849
0.357775002717972 0.130622997879982
0.357939004898071 0.130738005042076
0.358103007078171 0.130851998925209
0.35826700925827 0.130967006087303
0.35843101143837 0.131081998348236
0.358595997095108 0.13119800388813
0.358761996030807 0.131313994526863
0.358927994966507 0.131430000066757
0.359093993902206 0.131547003984451
0.359261006116867 0.131663993000984
0.359427988529205 0.131780996918678
0.359595000743866 0.131898999214172
0.359762996435165 0.132017001509666
0.359930992126465 0.132135003805161
0.360098987817764 0.132254004478455
0.360267996788025 0.132373005151749
0.360437989234924 0.132492005825043
0.360608011484146 0.132612004876137
0.360778003931046 0.132732003927231
0.360947996377945 0.132853001356125
0.361119002103806 0.132973000407219
0.361290991306305 0.133094996213913
0.361461997032166 0.133215993642807
0.361634999513626 0.133338004350662
0.361806988716125 0.133460000157356
0.361979991197586 0.13358299434185
0.362152993679047 0.133706003427505
0.362327009439468 0.133828997612
0.362500995397568 0.133953005075455
0.362675994634628 0.134076997637749
0.362850993871689 0.134201005101204
0.363027006387711 0.134325996041298
0.363202005624771 0.134451001882553
0.363379001617432 0.134577006101608
0.363555014133453 0.134702995419502
0.363732010126114 0.134828999638557
0.363909989595413 0.134955003857613
0.364087998867035 0.135082006454468
0.364266008138657 0.135210007429123
0.364445000886917 0.135337993502617
0.364623993635178 0.135465994477272
0.364803999662399 0.135593995451927
0.364984005689621 0.135722994804382
0.365164011716843 0.135851994156837
0.365345001220703 0.135982006788254
0.365525990724564 0.136112004518509
0.365707993507385 0.136243000626564
0.365889996290207 0.136372998356819
0.36607301235199 0.136504992842674
0.36625599861145 0.136636003851891
0.366439014673233 0.136767998337746
0.366623014211655 0.136899992823601
0.366807013750076 0.137033000588417
0.366991996765137 0.137165993452072
0.36717700958252 0.137299999594688
0.367363005876541 0.137434005737305
0.367549002170563 0.13756799697876
0.367734998464584 0.137703001499176
0.367922008037567 0.137838006019592
0.368110001087189 0.137973994016647
0.36829799413681 0.138109996914864
0.368485987186432 0.13824599981308
0.368674993515015 0.138383001089096
0.368863999843597 0.138520002365112
0.36905300617218 0.138657003641129
0.369242995977402 0.138795003294945
0.369433999061584 0.138934001326561
0.369625002145767 0.139072000980377
0.36981600522995 0.139211997389793
0.370007991790771 0.13935099542141
0.370200008153915 0.139491006731987
0.370393007993698 0.139632001519203
0.370586007833481 0.139772996306419
0.370779991149902 0.139914005994797
0.370974004268646 0.140055999159813
0.371169000864029 0.14019800722599
0.371363997459412 0.140340000391006
0.371558994054794 0.140483006834984
0.371755003929138 0.1406269967556
0.371951997280121 0.140771001577377
0.372148990631104 0.140915006399155
0.372346013784409 0.141058996319771
0.37254399061203 0.141204997897148
0.372741997241974 0.141350001096725
0.372940987348557 0.141496002674103
0.373140007257462 0.14164300262928
0.373340010643005 0.141790002584457
0.373540014028549 0.141937002539635
0.373741000890732 0.142085000872612
0.373941987752914 0.142232999205589
0.374143987894058 0.142380997538567
0.374345988035202 0.142530992627144
0.374549001455307 0.142680004239082
0.374752014875412 0.14282999932766
0.374954998493195 0.142980992794037
0.3751600086689 0.143131002783775
0.375364005565643 0.143282994627953
0.375568985939026 0.143435001373291
0.375775009393692 0.143586993217468
0.375981003046036 0.143739998340607
0.37618699669838 0.143893003463745
0.376394987106323 0.144045993685722
0.376601994037628 0.144200995564461
0.376810014247894 0.144354999065399
0.377018988132477 0.144510000944138
0.377227991819382 0.144666001200676
0.377436995506287 0.144822001457214
0.377647012472153 0.144978001713753
0.377858012914658 0.145135000348091
0.378069013357162 0.145292997360229
0.378280997276306 0.145449995994568
0.378493010997772 0.145609006285667
0.378704994916916 0.145768001675606
0.378919005393982 0.145926997065544
0.379132002592087 0.146087005734444
0.379346013069153 0.146246999502182
0.379561007022858 0.146408006548882
0.379776000976563 0.14656899869442
0.379992008209229 0.146731004118919
0.380207985639572 0.146892994642258
0.380425006151199 0.147055998444557
0.380641996860504 0.147219002246857
0.38086000084877 0.147383004426956
0.381078988313675 0.147548004984856
0.381298005580902 0.147712007164955
0.381516993045807 0.147878006100655
0.381736993789673 0.148043006658554
0.381956994533539 0.148210003972054
0.382178992033005 0.148377001285553
0.382400006055832 0.148543998599052
0.382622003555298 0.148711994290352
0.382845014333725 0.148880004882813
0.38306799530983 0.149048998951912
0.383291989564896 0.149217993021011
0.383516013622284 0.149388000369072
0.383740991353989 0.149559006094933
0.383967012166977 0.149729996919632
0.384193003177643 0.149901002645493
0.384418994188309 0.150073006749153
0.384645998477936 0.150245994329453
0.384873986244202 0.150418996810913
0.38510200381279 0.150592997670174
0.385331004858017 0.150766998529434
0.385560005903244 0.150940999388695
0.38578999042511 0.151116997003555
0.386020988225937 0.151292994618416
0.386251986026764 0.151469007134438
0.386483997106552 0.151646003127098
0.38671600818634 0.151822999119759
0.386949002742767 0.152000993490219
0.387181997299194 0.152180001139641
0.387416005134583 0.152358993887901
0.387650996446609 0.152538999915123
0.387885987758636 0.152719005942345
0.388121008872986 0.152899995446205
0.388357996940613 0.153080999851227
0.388595014810562 0.153263002634048
0.388832002878189 0.15344600379467
0.389070004224777 0.153629004955292
0.389308989048004 0.153812006115913
0.389548003673553 0.153997004032135
0.389788001775742 0.154182001948357
0.390029013156891 0.154366999864578
0.390269994735718 0.1545529961586
0.390511006116867 0.154740005731583
0.390754014253616 0.154927000403404
0.390996992588043 0.155114993453026
0.391240000724792 0.155303001403809
0.391483992338181 0.15549199283123
0.39172899723053 0.155680999159813
0.391974002122879 0.155872002243996
0.392221003770828 0.156062006950378
0.392466992139816 0.1562539935112
0.392713993787766 0.156445994973183
0.392962008714676 0.156637996435165
0.393211007118225 0.156831994652748
0.393460005521774 0.157024994492531
0.393709987401962 0.157220005989075
0.393959999084473 0.157415002584457
0.394210994243622 0.15761099755764
0.394463002681732 0.157807007431984
0.394715011119843 0.158004000782967
0.394968003034592 0.15820200741291
0.395222008228302 0.158399999141693
0.395476013422012 0.158599004149437
0.395731002092361 0.15879799425602
0.395987004041672 0.158997997641563
0.396243005990982 0.159198999404907
0.396499991416931 0.159400999546051
0.396757990121841 0.159602999687195
0.397015988826752 0.159804999828339
0.397275000810623 0.160008996725082
0.397534996271133 0.160212993621826
0.397794991731644 0.160418003797531
0.398056000471115 0.160622999072075
0.398317992687225 0.160828992724419
0.398580014705658 0.161035999655724
0.398842990398407 0.161243006587029
0.39910700917244 0.161450996994972
0.39937099814415 0.161660000681877
0.399636000394821 0.161869004368782
0.399901986122131 0.162080004811287
0.400168001651764 0.162290006875992
0.400435000658035 0.162502005696297
0.400703012943268 0.162714004516602
0.400972008705139 0.162927001714706
0.40124100446701 0.163139998912811
0.401511013507843 0.163354992866516
0.401782006025314 0.163570001721382
0.402052998542786 0.163784995675087
0.402325004339218 0.164002001285553
0.402597993612289 0.164219006896019
0.402871996164322 0.164436995983124
0.403145998716354 0.16465499997139
0.403421014547348 0.164875000715256
0.40369701385498 0.165095001459122
0.403973013162613 0.165315002202988
0.404249995946884 0.165536999702454
0.404527992010117 0.16575899720192
0.40480700135231 0.165981993079185
0.405086994171143 0.166206002235413
0.405366986989975 0.166429996490479
0.405647993087769 0.166655004024506
0.405928999185562 0.166880995035172
0.406212002038956 0.167107999324799
0.406495004892349 0.167336001992226
0.406778991222382 0.167564004659653
0.407063990831375 0.16779300570488
0.407348990440369 0.168023005127907
0.407635003328323 0.168253004550934
0.407921999692917 0.168484002351761
0.408210009336472 0.168715998530388
0.408499002456665 0.168948993086815
0.408787995576859 0.169183000922203
0.409078001976013 0.16941699385643
0.409368991851807 0.169652998447418
0.409660995006561 0.169889003038406
0.409954011440277 0.170126006007195
0.410246998071671 0.170362994074821
0.410540997982025 0.17060199379921
0.410836011171341 0.170840993523598
0.411132007837296 0.171081006526947
0.41142800450325 0.171322003006935
0.411725997924805 0.171563997864723
0.412023991346359 0.171805992722511
0.412322998046875 0.172049999237061
0.41262298822403 0.17229400575161
0.412923008203506 0.172538995742798
0.413224995136261 0.172784999012947
0.413527011871338 0.173031002283096
0.413830012083054 0.173279002308846
0.414133995771408 0.173527002334595
0.414438992738724 0.173776999115944
0.414745002985001 0.174026995897293
0.415051013231277 0.174278005957603
0.415358990430832 0.174529999494553
0.415666997432709 0.174783006310463
0.415975987911224 0.175035998225212
0.416285991668701 0.175291001796722
0.416597008705139 0.175546005368233
0.416909009218216 0.175803005695343
0.417221009731293 0.176060006022453
0.417535006999969 0.176318004727364
0.417849004268646 0.176577001810074
0.418164014816284 0.176836997270584
0.4184809923172 0.177098006010056
0.418797999620438 0.177358999848366
0.419115990400314 0.177622005343437
0.419434010982513 0.177884995937347
0.41975399851799 0.178149998188019
0.420074999332428 0.17841500043869
0.420396000146866 0.178681999444962
0.420718997716904 0.178948998451233
0.421041995286942 0.179216995835304
0.421366989612579 0.179487004876137
0.42169201374054 0.179756999015808
0.422017991542816 0.180028006434441
0.422345012426376 0.180299997329712
0.422672986984253 0.180573001503944
0.423002004623413 0.180847004055977
0.423332005739212 0.181122004985809
0.42366299033165 0.181398004293442
0.423994988203049 0.181675001978874
0.424327999353409 0.181952998042107
0.424661010503769 0.1822320073843
0.424995988607407 0.182512000203133
0.425332009792328 0.182793006300926
0.425669014453888 0.183074995875359
0.426005989313126 0.183357998728752
0.426344990730286 0.183641999959946
0.426685005426407 0.183926999568939
0.427024990320206 0.184212997555733
0.427367001771927 0.184499993920326
0.427709996700287 0.184788003563881
0.428052991628647 0.185076996684074
0.428398013114929 0.185368001461029
0.428743988275528 0.185659006237984
0.429089993238449 0.185950994491577
0.42943799495697 0.186244994401932
0.429787009954453 0.186538994312286
0.430137008428574 0.186835005879402
0.430487006902695 0.187131002545357
0.430839002132416 0.187428995966911
0.431192010641098 0.187728002667427
0.431546002626419 0.188027992844582
0.431901007890701 0.188328996300697
0.432256996631622 0.188630998134613
0.432613998651505 0.188933998346329
0.432972997426987 0.189238995313644
0.433331996202469 0.189544007182121
0.433692008256912 0.189851000905037
0.434053987264633 0.190158993005753
0.434415996074677 0.190467998385429
0.43478000164032 0.190778002142906
0.435144990682602 0.191089004278183
0.435510993003845 0.19140200316906
0.43587800860405 0.191715002059937
0.436246007680893 0.192029997706413
0.436614990234375 0.192346006631851
0.436984986066818 0.192662999033928
0.437357008457184 0.192981004714966
0.437729001045227 0.193301007151604
0.43810299038887 0.19362099468708
0.438477993011475 0.193942993879318
0.43885400891304 0.194267004728317
0.439231008291245 0.194591000676155
0.439610004425049 0.194915995001793
0.439989000558853 0.195243000984192
0.440369993448257 0.195571005344391
0.440751999616623 0.19590100646019
0.441134989261627 0.196230992674828
0.441518992185593 0.196563005447388
0.441904991865158 0.196896001696587
0.442290991544724 0.197230994701385
0.442678987979889 0.197566002607346
0.443067997694016 0.197903007268906
0.443459004163742 0.198240995407104
0.443850010633469 0.198580995202065
0.444243013858795 0.198921993374825
0.44463700056076 0.199264004826546
0.445032000541687 0.199606999754906
0.445428013801575 0.199952006340027
0.44582599401474 0.200297996401787
0.446224987506866 0.200645998120308
0.446624994277954 0.200994998216629
0.447026997804642 0.20134499669075
0.447430014610291 0.201695993542671
0.447834014892578 0.202049002051353
0.448238998651505 0.202404007315636
0.448646008968353 0.202758997678757
0.449054002761841 0.203115999698639
0.44946300983429 0.203474998474121
0.449874013662338 0.203834995627403
0.450286000967026 0.204196006059647
0.450699001550674 0.204558998346329
0.451113998889923 0.204923003911972
0.451528996229172 0.205289006233215
0.451947003602982 0.205656006932259
0.452365010976791 0.206024006009102
0.452784985303879 0.206394001841545
0.453206986188889 0.206765994429588
0.453628987073898 0.207138001918793
0.45405301451683 0.207513004541397
0.45447900891304 0.207889005541801
0.454905986785889 0.208266004920006
0.455334007740021 0.20864500105381
0.45576399564743 0.209024995565414
0.456194996833801 0.20940700173378
0.456627011299133 0.209791004657745
0.457060992717743 0.210176005959511
0.457497000694275 0.210563004016876
0.457933992147446 0.210951000452042
0.458371996879578 0.211340993642807
0.45881199836731 0.211732000112534
0.459253013134003 0.21212500333786
0.459695994853973 0.212519004940987
0.460139989852905 0.212915003299713
0.460584998130798 0.21331299841404
0.46103298664093 0.213712006807327
0.461481004953384 0.214112997055054
0.461930990219116 0.214515998959541
0.46238300204277 0.214919999241829
0.462835997343063 0.215325996279716
0.463290989398956 0.215734004974365
0.46374699473381 0.216142997145653
0.464204996824265 0.216554000973701
0.464664995670319 0.21696700155735
0.465126007795334 0.217381000518799
0.465588003396988 0.217796996235847
0.466051995754242 0.218215003609657
0.466518014669418 0.218634992837906
0.466984987258911 0.219055995345116
0.467453986406326 0.219478994607925
0.467925012111664 0.219904005527496
0.468396991491318 0.220329999923706
0.468870997428894 0.220759004354477
0.469345986843109 0.221189007163048
0.469823002815247 0.221621006727219
0.470301985740662 0.222055003046989
0.47078201174736 0.22249099612236
0.471264004707336 0.222928002476692
0.471747994422913 0.223367005586624
0.472234010696411 0.223809003829956
0.472721010446548 0.224252000451088
0.473210006952286 0.22469699382782
0.473699986934662 0.225143998861313
0.474193006753922 0.225592002272606
0.47468701004982 0.226043000817299
0.475183010101318 0.226495996117592
0.475679993629456 0.226950004696846
0.476179003715515 0.227406993508339
0.476680994033813 0.227864995598793
0.477183014154434 0.228325992822647
0.477688014507294 0.228788003325462
0.478195011615753 0.229252994060516
0.478702992200851 0.229718998074532
0.479212999343872 0.230187997221947
0.479725003242493 0.230657994747162
0.480239003896713 0.231131002306938
0.480755001306534 0.231604993343353
0.481272011995316 0.23208199441433
0.481792002916336 0.232561007142067
0.482313007116318 0.233041003346443
0.482836008071899 0.233523994684219
0.483361005783081 0.234009996056557
0.483888000249863 0.234496995806694
0.484416991472244 0.234986007213593
0.484948009252548 0.23547799885273
0.48548099398613 0.235971003770828
0.486016005277634 0.236467003822327
0.486553013324738 0.236965000629425
0.48709100484848 0.237465992569923
0.487632006406784 0.237967997789383
0.488175004720688 0.238472998142242
0.488719999790192 0.238979995250702
0.489266008138657 0.239489004015923
0.48981499671936 0.240000993013382
0.490366011857986 0.240514993667603
0.49091899394989 0.241031005978584
0.491474002599716 0.241549000144005
0.492031008005142 0.242070004343987
0.492590993642807 0.242593005299568
0.493151992559433 0.24311900138855
0.493714988231659 0.243646994233131
0.494280993938446 0.244176998734474
0.494848996400833 0.244709998369217
0.49541899561882 0.24524499475956
0.495990991592407 0.245783001184464
0.496565014123917 0.246323004364967
0.497141003608704 0.246865004301071
0.497720003128052 0.247410997748375
0.498300999403 0.24795800447464
0.498883992433548 0.248508006334305
0.499469012022018 0.24906100332737
0.500056982040405 0.249615997076035
0.500647008419037 0.250173985958099
0.501239001750946 0.250734001398087
0.501833975315094 0.251296997070313
0.502430021762848 0.251861989498138
0.503030002117157 0.252431005239487
0.503630995750427 0.253001004457474
0.504235029220581 0.253574997186661
0.504841029644012 0.254150986671448
0.505450010299683 0.254729986190796
0.506061017513275 0.255311995744705
0.506673991680145 0.255896002054214
0.507290005683899 0.256482988595963
0.50790798664093 0.257072985172272
0.508529007434845 0.257665991783142
0.509151995182037 0.258260995149612
0.509778022766113 0.258859008550644
0.510406017303467 0.259460985660553
0.511036992073059 0.260064989328384
0.511669993400574 0.260670989751816
0.512305974960327 0.26128101348877
0.512943983078003 0.26189398765564
0.513584971427917 0.262510001659393
0.514227986335754 0.263128012418747
0.51487398147583 0.263749986886978
0.515523016452789 0.264375001192093
0.516174972057343 0.265002012252808
0.516829013824463 0.2656329870224
0.517485022544861 0.266267001628876
0.518145024776459 0.266903012990952
0.518806993961334 0.267542988061905
0.519472002983093 0.268186002969742
0.52013897895813 0.268833011388779
0.520810008049011 0.269481986761093
0.52148300409317 0.27013498544693
0.522158980369568 0.270790010690689
0.522836983203888 0.271448999643326
0.523518979549408 0.272110998630524
0.52420300245285 0.272776991128922
0.524890005588531 0.27344599366188
0.525579988956451 0.274118006229401
0.526274025440216 0.27479299902916
0.526969015598297 0.275471985340118
0.527667999267578 0.276154011487961
0.528370022773743 0.276840001344681
0.529075026512146 0.277529001235962
0.529783010482788 0.278221994638443
0.530493974685669 0.278917998075485
0.531207025051117 0.279617011547089
0.53192400932312 0.28031998872757
0.532643973827362 0.281026989221573
0.533366978168488 0.281736999750137
0.534093022346497 0.282449990510941
0.534823000431061 0.283167988061905
0.535555005073547 0.28388899564743
0.536291003227234 0.284613996744156
0.537029027938843 0.285342007875443
0.537770986557007 0.286074012517929
0.538516998291016 0.286810010671616
0.539264976978302 0.287550002336502
0.540017008781433 0.28829300403595
0.540772020816803 0.289039999246597
0.541530013084412 0.289792001247406
0.54229199886322 0.290547013282776
0.543057024478912 0.291305989027023
0.54382598400116 0.292068004608154
0.544597983360291 0.292834997177124
0.545373022556305 0.293606013059616
0.546151995658875 0.294380992650986
0.546934008598328 0.295159995555878
0.547720015048981 0.29594299197197
0.548509001731873 0.296730011701584
0.549301981925964 0.297522008419037
0.55009800195694 0.298316985368729
0.550898015499115 0.299116998910904
0.551701009273529 0.299921005964279
0.552509009838104 0.300729006528854
0.553319990634918 0.301542013883591
0.554134011268616 0.302358001470566
0.554952025413513 0.303180009126663
0.555773973464966 0.304004997014999
0.556599974632263 0.304834991693497
0.557430028915405 0.305669993162155
0.558263003826141 0.306508988142014
0.559099972248077 0.307352006435394
0.559942007064819 0.308200001716614
0.5607870221138 0.309053003787994
0.561635971069336 0.309909999370575
0.5624880194664 0.310772001743317
0.563345015048981 0.311639010906219
0.564206004142761 0.312510013580322
0.565070986747742 0.313385993242264
0.565940022468567 0.314267009496689
0.566812992095947 0.315153002738953
0.567690014839172 0.316042989492416
0.568571984767914 0.316938996315002
0.569456994533539 0.317838996648788
0.570347011089325 0.318744003772736
0.571241021156311 0.319655001163483
0.572139024734497 0.32056999206543
0.573041975498199 0.321491003036499
0.573948979377747 0.322416990995407
0.574859976768494 0.323347985744476
0.575775980949402 0.324283987283707
0.57669597864151 0.325224995613098
0.577620029449463 0.32617199420929
0.578549027442932 0.327122986316681
0.579482972621918 0.328081011772156
0.580420970916748 0.329043000936508
0.581363022327423 0.330011993646622
0.582310974597931 0.330985009670258
0.583262979984283 0.331963986158371
0.584218978881836 0.332949012517929
0.58517998456955 0.333939999341965
0.586145997047424 0.334935992956161
0.58711701631546 0.335938006639481
0.588092982769012 0.336944997310638
0.589074015617371 0.337958008050919
0.590058982372284 0.338977992534637
0.591049015522003 0.34000301361084
0.5920450091362 0.34103399515152
0.593044996261597 0.342070996761322
0.594049990177155 0.343113988637924
0.595061004161835 0.344163000583649
0.596076011657715 0.345218002796173
0.597096979618073 0.346278995275497
0.598123013973236 0.347346991300583
0.599153995513916 0.348421007394791
0.600189983844757 0.349501013755798
0.60123199224472 0.350587010383606
0.602279007434845 0.351680010557175
0.603331983089447 0.352780014276505
0.604389011859894 0.353886008262634
0.605453014373779 0.354997992515564
0.606522023677826 0.356117010116577
0.607595980167389 0.357243001461029
0.608676016330719 0.358375996351242
0.609762012958527 0.359515011310577
0.610853016376495 0.360661000013351
0.611949980258942 0.361815005540848
0.613053023815155 0.362975001335144
0.614162027835846 0.364142000675201
0.615275979042053 0.36531600356102
0.616397023200989 0.366497009992599
0.617523014545441 0.367686003446579
0.618655025959015 0.368880987167358
0.619794011116028 0.37008398771286
0.620938003063202 0.371295005083084
0.622089028358459 0.372512996196747
0.623246014118195 0.373737990856171
0.624409019947052 0.374971002340317
0.625577986240387 0.376210987567902
0.626753985881805 0.377458989620209
0.627936005592346 0.378715008497238
0.629123985767365 0.379979014396667
0.630318999290466 0.381249994039536
0.631520986557007 0.382530003786087
0.63272899389267 0.383816987276077
0.633943974971771 0.385113000869751
0.635164976119995 0.386415988206863
0.636393010616302 0.387728005647659
0.637628018856049 0.389048010110855
0.638870000839233 0.390377014875412
0.640119016170502 0.391714006662369
0.641375005245209 0.393058985471725
0.642638027667999 0.394412994384766
0.643907010555267 0.395776003599167
0.645183980464935 0.397146999835968
0.646468997001648 0.39852699637413
0.647759974002838 0.399915993213654
0.649058997631073 0.401313006877899
0.650364995002747 0.402720004320145
0.65167897939682 0.404136002063751
0.652999997138977 0.405561000108719
0.654327988624573 0.406994998455048
0.65566498041153 0.408439010381699
0.657007992267609 0.409891992807388
0.658360004425049 0.411354005336761
0.659720003604889 0.412826001644135
0.661086976528168 0.41430801153183
0.662461996078491 0.415798991918564
0.663846015930176 0.41729998588562
0.665237009525299 0.41881200671196
0.666637003421783 0.420332998037338
0.668044984340668 0.421864002943039
0.669461011886597 0.42340499162674
0.670885026454926 0.424957007169724
0.672317981719971 0.426519006490707
0.673758983612061 0.428090989589691
0.675208985805511 0.429673999547958
0.676667988300323 0.431266993284225
0.678134977817535 0.432871013879776
0.679611027240753 0.434486001729965
0.681096017360687 0.436111986637115
0.682590007781982 0.437748998403549
0.684092998504639 0.439397007226944
0.685604989528656 0.4410560131073
0.687125980854034 0.442726999521255
0.688655972480774 0.444409012794495
0.690195977687836 0.446101993322372
0.691744983196259 0.447807013988495
0.693304002285004 0.449523985385895
0.69487202167511 0.451252013444901
0.696449995040894 0.452993005514145
0.698037981987 0.45474499464035
0.699635028839111 0.456510007381439
0.701242029666901 0.458287000656128
0.702859997749329 0.460076004266739
0.704487025737762 0.461878001689911
0.706125020980835 0.463692009449005
0.707772970199585 0.46551901102066
0.709430992603302 0.467359006404877
0.711099982261658 0.469211995601654
0.712779998779297 0.471078008413315
0.714470028877258 0.472956985235214
0.716170012950897 0.474849998950958
0.717881977558136 0.476756006479263
0.719605028629303 0.478675007820129
0.721337974071503 0.480607986450195
0.723083019256592 0.482555001974106
0.724838972091675 0.484515994787216
0.726606011390686 0.486490994691849
0.728384971618652 0.488480001688004
0.730175018310547 0.490483999252319
0.731976985931396 0.492502003908157
0.733790993690491 0.494533985853195
0.735454022884369 0.496398985385895
0.736567974090576 0.497649013996124
0.737312972545624 0.498486012220383
0.737811028957367 0.499045014381409
0.738143980503082 0.499417990446091
0.738366007804871 0.49966698884964
0.738514006137848 0.499834001064301
0.738587975502014 0.49991700053215
0.73862498998642 0.499958008527756
0.738662004470825 0.5
0.738662004470825 0.5
0.738699018955231 0.500042021274567
0.738735973834991 0.500083029270172
0.738810002803802 0.500165998935699
0.73895800113678 0.50033301115036
0.739180982112885 0.500582993030548
0.739515006542206 0.500958025455475
0.740016996860504 0.50152200460434
0.740770995616913 0.502369999885559
0.741907000541687 0.503647029399872
0.743618011474609 0.505572021007538
0.745509028434753 0.507700026035309
0.747412025928497 0.50984400510788
0.749328017234802 0.512004017829895
0.751255989074707 0.514178991317749
0.753198027610779 0.516371011734009
0.755151987075806 0.518577992916107
0.757120013237 0.520802974700928
0.75910097360611 0.523042976856232
0.761094987392426 0.525300979614258
0.763103008270264 0.52757602930069
0.765124976634979 0.529866993427277
0.767159998416901 0.53217601776123
0.769209027290344 0.534502029418945
0.771273016929626 0.536845982074738
0.77335000038147 0.539206981658936
0.775442004203796 0.541586995124817
0.777549028396606 0.543983995914459
0.779670000076294 0.546400010585785
0.781805992126465 0.548834025859833
0.783955991268158 0.551286995410919
0.786122024059296 0.553758978843689
0.788303017616272 0.556249976158142
0.790498971939087 0.558758974075317
0.792711019515991 0.561289012432098
0.794938027858734 0.563838005065918
0.797181010246277 0.566406011581421
0.799440026283264 0.568994998931885
0.801716029644012 0.571603000164032
0.804006993770599 0.57423198223114
0.806315004825592 0.576882004737854
0.808638989925385 0.579551994800568
0.810980021953583 0.582243978977203
0.813337981700897 0.584955990314484
0.815712988376617 0.587689995765686
0.818104982376099 0.590445995330811
0.820514976978302 0.593222975730896
0.822942018508911 0.596022009849548
0.825387001037598 0.598843991756439
0.827849984169006 0.601688027381897
0.830331027507782 0.604555010795593
0.832830011844635 0.607445001602173
0.83534699678421 0.610357999801636
0.83788400888443 0.613295018672943
0.840439021587372 0.616254985332489
0.843012988567352 0.619238972663879
0.845606029033661 0.622246980667114
0.848218977451324 0.625279009342194
0.850850999355316 0.628336012363434
0.853502988815308 0.631417989730835
0.856175005435944 0.634526014328003
0.858866989612579 0.637657999992371
0.861580014228821 0.64081597328186
0.864313006401062 0.643999993801117
0.867066979408264 0.647211015224457
0.869841992855072 0.650447010993958
0.872637987136841 0.653711020946503
0.875455021858215 0.65700101852417
0.878295004367828 0.660318970680237
0.881156027317047 0.663663983345032
0.884038984775543 0.667037010192871
0.886943995952606 0.67043799161911
0.889872014522552 0.673868000507355
0.892822980880737 0.677326023578644
0.89579701423645 0.680814027786255
0.898793995380402 0.684329986572266
0.901813983917236 0.687875986099243
0.904857993125916 0.691452026367188
0.907926023006439 0.69505900144577
0.911019027233124 0.698695003986359
0.914134979248047 0.702363014221191
0.917276978492737 0.706062018871307
0.920442998409271 0.709792017936707
0.923635005950928 0.71355402469635
0.926851987838745 0.717347979545593
0.930094003677368 0.721175014972687
0.933363020420074 0.72503399848938
0.936658024787903 0.72892701625824
0.939979016780853 0.73285299539566
0.943328022956848 0.736811995506287
0.946703016757965 0.740805983543396
0.950105011463165 0.744835019111633
0.953535974025726 0.748898029327393
0.956993997097015 0.752996981143951
0.960479974746704 0.757130980491638
0.963994979858398 0.761300981044769
0.967537999153137 0.765506982803345
0.971110999584198 0.769751012325287
0.974713027477264 0.774030983448029
0.978344023227692 0.778348028659821
0.982006013393402 0.782703995704651
0.985696971416473 0.787097990512848
0.989419996738434 0.791530013084412
0.993173003196716 0.796001017093658
0.996957004070282 0.80051201581955
1.00076997280121 0.805061995983124
1.00461995601654 0.809652984142303
1.00849997997284 0.814284026622772
1.0124100446701 0.818956017494202
1.01636004447937 0.823670029640198
1.02033996582031 0.828426003456116
1.02435004711151 0.833222985267639
1.02839004993439 0.838064014911652
1.03246998786926 0.842947006225586
1.0365799665451 0.847873985767365
1.04072999954224 0.852845013141632
1.04491996765137 0.85786098241806
1.04913997650146 0.862920999526978
1.05339002609253 0.868026971817017
1.05768001079559 0.873178005218506
1.06201004981995 0.878374993801117
1.06637001037598 0.883619010448456
1.07078003883362 0.888909995555878
1.07521998882294 0.894249022006989
1.07968997955322 0.899635970592499
1.08421003818512 0.905071020126343
1.08876001834869 0.910553991794586
1.09335994720459 0.916087985038757
1.09799003601074 0.921670973300934
1.1026599407196 0.927304029464722
1.10738003253937 0.932987987995148
1.11213004589081 0.938723027706146
1.11691999435425 0.944509983062744
1.1217600107193 0.950348973274231
1.12663996219635 0.956241011619568
1.13155996799469 0.962185978889465
1.13652002811432 0.968183994293213
1.14152002334595 0.974237024784088
1.1465699672699 0.980343997478485
1.15165996551514 0.98650598526001
1.15680003166199 0.992722988128662
1.16198003292084 0.99899697303772
1.16719996929169 1.0053299665451
1.17246997356415 1.01171004772186
1.17779004573822 1.0181599855423
1.18315005302429 1.02465999126434
1.18856000900269 1.03121995925903
1.19401001930237 1.03784000873566
1.19950997829437 1.04452002048492
1.20506000518799 1.05125999450684
1.2106499671936 1.05805003643036
1.21630001068115 1.06491005420685
1.2219899892807 1.07183003425598
1.22773003578186 1.07881999015808
1.23352003097534 1.08586001396179
1.23936998844147 1.09297001361847
1.24526000022888 1.10013997554779
1.25119996070862 1.10737001895905
1.25718998908997 1.11467003822327
1.26322996616364 1.12203001976013
1.26933002471924 1.12944996356964
1.27547001838684 1.13694000244141
1.28166997432709 1.14450001716614
1.28791999816895 1.15211999416351
1.29422998428345 1.15980994701385
1.30058002471924 1.16756999492645
1.30699002742767 1.17539000511169
1.31345999240875 1.1832799911499
1.31998002529144 1.19123995304108
1.32655000686646 1.19927000999451
1.33317995071411 1.20736002922058
1.33985996246338 1.21553003787994
1.34660005569458 1.22376000881195
1.35338997840881 1.23205995559692
1.36023998260498 1.24044001102448
1.36714994907379 1.24888002872467
1.37410998344421 1.25740003585815
1.38112998008728 1.26598000526428
1.38820004463196 1.2746399641037
1.39533996582031 1.28337001800537
1.40252995491028 1.29217004776001
1.40977001190186 1.30104005336761
1.4170800447464 1.30999004840851
1.42444002628326 1.31900000572205
1.4318699836731 1.32808995246887
1.43935000896454 1.33726000785828
1.4468799829483 1.34649002552032
1.45448005199432 1.35580003261566
1.4621399641037 1.36519002914429
1.46984994411469 1.37463998794556
1.47763001918793 1.3841700553894
1.48546004295349 1.39377999305725
1.49336004257202 1.40345001220703
1.50130999088287 1.41321003437042
1.50932002067566 1.42303001880646
1.51739001274109 1.43292999267578
1.52552998065948 1.44290995597839
1.53372001647949 1.45295000076294
1.54197001457214 1.4630800485611
1.55027997493744 1.4732700586319
1.55865001678467 1.48354005813599
1.56708002090454 1.49389004707336
1.57556998729706 1.50431001186371
1.58412003517151 1.51479995250702
1.5927300453186 1.52535998821259
1.60140001773834 1.53600001335144
1.61012005805969 1.54672002792358
1.61890995502472 1.55750000476837
1.62776005268097 1.56835997104645
1.63665997982025 1.57929003238678
1.64563000202179 1.59029996395111
1.65464997291565 1.6013799905777
1.66373002529144 1.61251997947693
1.6728800535202 1.62374997138977
1.68207001686096 1.63504004478455
1.69132995605469 1.646399974823
1.70064997673035 1.65784001350403
1.71001994609833 1.66935002803802
1.71944999694824 1.68092000484467
1.7289400100708 1.69256997108459
1.73847997188568 1.70429003238678
1.74809002876282 1.71607005596161
1.75774002075195 1.72792994976044
1.76745998859406 1.73985004425049
1.77723002433777 1.75183999538422
1.78706002235413 1.7639000415802
1.79693996906281 1.77602994441986
1.8068699836731 1.78822004795074
1.81685996055603 1.80048000812531
1.8269100189209 1.81280994415283
1.83701002597809 1.82519996166229
1.8471599817276 1.8376499414444
1.85737001895905 1.85017001628876
1.86761999130249 1.86275994777679
1.87794005870819 1.87539994716644
1.8882999420166 1.88811004161835
1.89871001243591 1.90088999271393
1.90918004512787 1.91372001171112
1.91970002651215 1.92660999298096
1.93025994300842 1.93956995010376
1.94087994098663 1.95257997512817
1.95155000686646 1.96564996242523
1.96226000785828 1.97879004478455
1.97302997112274 1.99197995662689
1.9838399887085 2.00521993637085
1.99469995498657 2.01852989196777
2.00560998916626 2.03188991546631
2.01656007766724 2.04530000686646
2.02757000923157 2.05876994132996
2.03860998153687 2.07229995727539
2.0497100353241 2.08588004112244
2.06083989143372 2.09950995445251
2.07203006744385 2.11319994926453
2.08325004577637 2.12692999839783
2.0945200920105 2.14071989059448
2.10583996772766 2.15456008911133
2.11719989776611 2.16844010353088
2.12859010696411 2.18237996101379
2.14003992080688 2.19636988639832
2.1515200138092 2.21040010452271
2.16303992271423 2.22447991371155
2.17460989952087 2.23861002922058
2.18620991706848 2.25278997421265
2.19784998893738 2.267009973526
2.20953989028931 2.28127002716064
2.22126007080078 2.29557991027832
2.23302006721497 2.30994009971619
2.24482011795044 2.32433009147644
2.2566499710083 2.33876991271973
2.26852989196777 2.35325002670288
2.28044009208679 2.36777997016907
2.2923800945282 2.38233995437622
2.30435991287231 2.39693999290466
2.3163800239563 2.41159009933472
2.32842993736267 2.42627000808716
2.34051990509033 2.44098997116089
2.35263991355896 2.45574998855591
2.36478996276855 2.47055006027222
2.37698006629944 2.48537993431091
2.38919997215271 2.50025010108948
2.40144991874695 2.51516008377075
2.41372990608215 2.53010010719299
2.42604994773865 2.54506993293762
2.43840003013611 2.56008005142212
2.45077991485596 2.57512998580933
2.46318006515503 2.5902099609375
2.47562003135681 2.60531997680664
2.48809003829956 2.62046003341675
2.50059008598328 2.63562989234924
2.51311993598938 2.65084004402161
2.52568006515503 2.66606998443604
2.53825998306274 2.68133997917175
2.55087995529175 2.69664001464844
2.5635199546814 2.71196007728577
2.57618999481201 2.72731995582581
2.58888006210327 2.74270009994507
2.60159993171692 2.75811004638672
2.61435008049011 2.77355003356934
2.62713003158569 2.78902006149292
2.63993000984192 2.80451011657715
2.65276002883911 2.82002997398376
2.66561007499695 2.83558011054993
2.67848992347717 2.85115003585815
2.69139003753662 2.86675000190735
2.70431995391846 2.88236999511719
2.71726989746094 2.89802002906799
2.73024988174438 2.91369009017944
2.74324011802673 2.92938995361328
2.75626993179321 2.94511008262634
2.76930999755859 2.96085000038147
2.78238010406494 2.97660994529724
2.79546999931335 2.99239993095398
2.80858993530273 3.00820994377136
2.82171988487244 3.02403998374939
2.83488011360168 3.03989005088806
2.84805989265442 3.05576992034912
2.86125993728638 3.07166004180908
2.8744900226593 3.08757996559143
2.88772988319397 3.1035099029541
2.90099000930786 3.11946988105774
2.91427993774414 3.13544011116028
2.92758989334106 3.15143990516663
2.94091010093689 3.16744995117188
2.9542601108551 3.18348002433777
2.96762990951538 3.19952988624573
2.98100996017456 3.21560001373291
2.99442005157471 3.23168992996216
3.0078399181366 3.24779009819031
3.02129006385803 3.26392006874084
3.03474998474121 3.2800600528717
3.04822993278503 3.29621005058289
3.0617299079895 3.31239008903503
3.07524991035461 3.32857990264893
3.08878993988037 3.34477996826172
3.10233998298645 3.36101007461548
3.1159200668335 3.37724995613098
3.12950992584229 3.39350008964539
3.1431200504303 3.40977001190186
3.15673995018005 3.42605996131897
3.17038989067078 3.44235992431641
3.1840500831604 3.45866990089417
3.19773006439209 3.47499990463257
3.2114200592041 3.49134993553162
3.22514009475708 3.50770998001099
3.23885989189148 3.52408003807068
3.25260996818542 3.54046988487244
3.26637005805969 3.5568699836731
3.28014993667603 3.57328009605408
3.29395008087158 3.58970999717712
3.30776000022888 3.60614991188049
3.3215799331665 3.62260007858276
3.33542990684509 3.6390700340271
3.34928011894226 3.65555000305176
3.36315989494324 3.67203998565674
3.37704992294312 3.68854999542236
3.39094996452332 3.70506000518799
3.40487003326416 3.72159004211426
3.41880989074707 3.73813009262085
3.43276000022888 3.75468993186951
3.44672989845276 3.77125000953674
3.46071004867554 3.78783011436462
3.47469997406006 3.80441999435425
3.48871994018555 3.82101988792419
3.50273990631104 3.83763003349304
3.51677989959717 3.85424995422363
3.53083992004395 3.87087988853455
3.54489994049072 3.88753008842468
3.55899000167847 3.90418004989624
3.57309007644653 3.92085003852844
3.58719992637634 3.93752002716064
3.60132002830505 3.95421004295349
3.61545991897583 3.97090005874634
3.62962007522583 3.98761010169983
3.64379000663757 4.00433015823364
3.65796995162964 4.02104997634888
3.67215991020203 4.03778982162476
3.68636989593506 4.05453014373779
3.70059990882874 4.07129001617432
3.71482992172241 4.08804988861084
3.72907996177673 4.10482978820801
3.7433500289917 4.12161016464233
3.75763010978699 4.13841009140015
3.77191996574402 4.15521001815796
3.78622007369995 4.17201995849609
3.80053997039795 4.18883991241455
3.81487011909485 4.20566987991333
3.82921004295349 4.22250986099243
3.84356999397278 4.23935985565186
3.85793995857239 4.25620985031128
3.87231993675232 4.27307987213135
3.88670992851257 4.28994989395142
3.90111994743347 4.30682992935181
3.91553997993469 4.32371997833252
3.92998003959656 4.34062004089355
3.94442009925842 4.35753011703491
3.95887994766235 4.37444019317627
3.97336006164551 4.39135980606079
3.98783993721008 4.40828990936279
4.0023398399353 4.42523002624512
4.01684999465942 4.44218015670776
4.03137016296387 4.45912981033325
4.04589986801147 4.47609996795654
4.06045007705688 4.49307012557983
4.07500982284546 4.51004981994629
4.08958005905151 4.5270299911499
4.10416984558105 4.54402017593384
4.11876010894775 4.56101989746094
4.13336992263794 4.57803010940552
4.14799022674561 4.59504985809326
4.16262006759644 4.61207008361816
4.17726993560791 4.62909984588623
4.19192981719971 4.64614009857178
4.20660018920898 4.66317987442017
4.22128009796143 4.68023014068604
4.23597002029419 4.69728994369507
4.2506799697876 4.71435022354126
4.26538991928101 4.73143005371094
4.28011989593506 4.74850988388062
4.29485988616943 4.76559019088745
4.30961990356445 4.78269004821777
4.32437992095947 4.7997899055481
4.33915996551514 4.81688976287842
4.35395002365112 4.83401012420654
4.36875009536743 4.85111999511719
4.38356018066406 4.86824989318848
4.39838981628418 4.88537979125977
4.41321992874146 4.90252017974854
4.42807006835938 4.91967010498047
4.44293022155762 4.9368200302124
4.45779991149902 4.95397996902466
4.47268009185791 4.97114992141724
4.48756980895996 4.98831987380981
4.50248003005981 5.00549983978271
4.51739978790283 5.02267980575562
4.53233003616333 5.03986978530884
4.54726982116699 5.05706977844238
4.56222009658813 5.07426977157593
4.57717990875244 5.09147977828979
4.59216022491455 5.10869979858398
4.6071400642395 5.12591981887817
4.6221399307251 5.14314985275269
4.63714981079102 5.1603798866272
4.65217018127441 5.17761993408203
4.6672101020813 5.19485998153687
4.68225002288818 5.21211004257202
4.69729995727539 5.2293701171875
4.71236991882324 5.24663019180298
4.72744989395142 5.26389980316162
4.74253988265991 5.28117990493774
4.75763988494873 5.29846000671387
4.77274990081787 5.31575012207031
4.78787994384766 5.33304023742676
4.80300998687744 5.35033988952637
4.81816005706787 5.36764001846313
4.8333101272583 5.38495016098022
4.84848022460938 5.40225982666016
4.86365985870361 5.41957998275757
4.87885999679565 5.4369101524353
4.8940601348877 5.45423984527588
4.9092698097229 5.47158002853394
4.92449998855591 5.48892021179199
4.93973016738892 5.50626993179321
4.95497989654541 5.52362012863159
4.97024011611938 5.54097986221313
4.98550987243652 5.55835008621216
5.00079011917114 5.57571983337402
5.01608991622925 5.59309005737305
5.03139019012451 5.61046981811523
5.04671001434326 5.6278600692749
5.06202983856201 5.64524984359741
5.07737016677856 5.6626501083374
5.09272003173828 5.68004989624023
5.10807991027832 5.69746017456055
5.12344980239868 5.7148699760437
5.13883018493652 5.73228979110718
5.15423011779785 5.74971008300781
5.16963005065918 5.76713991165161
5.18505001068115 5.78458023071289
5.20047998428345 5.80202007293701
5.21590995788574 5.81945991516113
5.23135995864868 5.83690977096558
5.24681997299194 5.85436010360718
5.26230001449585 5.87181997299194
5.27778005599976 5.88928985595703
5.29327011108398 5.90676021575928
5.30878019332886 5.92423009872437
5.32429981231689 5.94170999526978
5.33981990814209 5.95919990539551
5.35536003112793 5.97668981552124
5.37091016769409 5.99419021606445
5.38646984100342 6.01169013977051
5.40205001831055 6.02919006347656
5.41763019561768 6.04670000076294
5.43322992324829 6.06421995162964
5.44883012771606 6.08173990249634
5.46444988250732 6.09925985336304
5.48008012771606 6.11678981781006
5.49571990966797 6.1343297958374
5.51137018203735 6.15186977386475
5.5270299911499 6.16941022872925
5.54269981384277 6.18696022033691
5.55839014053345 6.2045202255249
5.57407999038696 6.22208023071289
5.58978986740112 6.23964023590088
5.60551023483276 6.25720977783203
5.62123012542725 6.27478981018066
5.63697004318237 6.2923698425293
5.65272998809814 6.30994987487793
5.66848993301392 6.32753992080688
5.68425989151001 6.34512996673584
5.70004987716675 6.36273002624512
5.71583986282349 6.38034009933472
5.73164987564087 6.39794015884399
5.74746990203857 6.41555976867676
5.7632999420166 6.43317985534668
5.77913999557495 6.4507999420166
5.79499006271362 6.46843004226685
5.81085014343262 6.48606014251709
5.8267297744751 6.50368976593018
5.84260988235474 6.52133989334106
5.85851001739502 6.53898000717163
5.87442016601563 6.55663013458252
5.89032983779907 6.57428979873657
5.90626001358032 6.59194993972778
5.92221021652222 6.60962009429932
5.93815994262695 6.62728977203369
5.95412015914917 6.64495992660522
5.97009992599487 6.66264009475708
5.98608016967773 6.68031978607178
6.00207996368408 6.69800996780396
6.01808977127075 6.71571016311646
6.0341100692749 6.73339986801147
6.05013990402222 6.7511100769043
6.06618022918701 6.76880979537964
6.08224010467529 6.78653001785278
6.09829998016357 6.80424022674561
6.1143798828125 6.82195997238159
6.13046979904175 6.83969020843506
6.14657020568848 6.85741996765137
6.16268014907837 6.87515020370483
6.17880010604858 6.89288997650146
6.19493007659912 6.91063976287842
6.2110800743103 6.92839002609253
6.22723007202148 6.94613981246948
6.24340009689331 6.96390008926392
6.25958013534546 6.98165988922119
6.27576017379761 6.99943017959595
6.29196977615356 7.01719999313354
6.30817985534668 7.03497982025146
6.32439994812012 7.05276012420654
6.3406400680542 7.07053995132446
6.35688018798828 7.08832979202271
6.37313985824585 7.10613012313843
6.3894100189209 7.12392997741699
6.40569019317627 7.14172983169556
6.4219799041748 7.1595401763916
6.43828010559082 7.17735004425049
6.45459985733032 7.1951699256897
6.47092008590698 7.21298980712891
6.48725986480713 7.23081016540527
6.50361013412476 7.24865007400513
6.51996994018555 7.26647996902466
6.53634023666382 7.28431987762451
6.55272006988525 7.30215978622437
6.56911993026733 7.3200101852417
6.58551979064941 7.3378701210022
6.6019401550293 7.35572004318237
6.61837005615234 7.37358999252319
6.63480997085571 7.39144992828369
6.6512598991394 7.40931987762451
6.66771984100342 7.42719984054565
6.68419981002808 7.4450798034668
6.70067977905273 7.46296977996826
6.71717977523804 7.48085021972656
6.73368978500366 7.49875020980835
6.75020980834961 7.51665019989014
6.76673984527588 7.53455018997192
6.78328990936279 7.55246019363403
6.79983997344971 7.57037019729614
6.81641006469727 7.58828020095825
6.83299016952515 7.60620021820068
6.84957981109619 7.62412977218628
6.86617994308472 7.64205980300903
6.88279008865356 7.65998983383179
6.8994197845459 7.67792987823486
6.91604995727539 7.69586992263794
6.93270015716553 7.71381998062134
6.94935989379883 7.73177003860474
6.96603012084961 7.74973011016846
6.98270988464355 7.76769018173218
6.9994101524353 7.78564977645874
7.01611995697021 7.80361986160278
7.03283023834229 7.82159996032715
7.04956007003784 7.83957004547119
7.06629991531372 7.85756015777588
7.08305978775024 7.87553977966309
7.09982013702393 7.89352989196777
7.11660003662109 7.91153001785278
7.13337993621826 7.92953014373779
7.15017986297607 7.94753980636597
7.16698980331421 7.96553993225098
7.18381977081299 7.98356008529663
7.20065021514893 8.00158023834229
7.21750020980835 8.01959991455078
7.2343602180481 8.03763008117676
7.25122976303101 8.05566024780273
7.2681097984314 8.07369041442871
7.28499984741211 8.09173011779785
7.30190992355347 8.10978031158447
7.31883001327515 8.12782955169678
7.33575010299683 8.1458797454834
7.35270023345947 8.1639404296875
7.36964988708496 8.18200016021729
7.38661003112793 8.20007038116455
7.40359020233154 8.2181396484375
7.42057991027832 8.23620986938477
7.43758010864258 8.2542896270752
7.45458984375 8.27237987518311
7.4716100692749 8.29047012329102
7.48864984512329 8.30856037139893
7.50570011138916 8.32666015625
7.52275991439819 8.34475994110107
7.53983020782471 8.36285972595215
7.55691003799438 8.3809700012207
7.57400989532471 8.39908981323242
7.59111022949219 8.41720962524414
7.60823011398315 8.43533039093018
7.62536001205444 8.45345973968506
7.64250993728638 8.47159004211426
7.65965986251831 8.48972988128662
7.67682981491089 8.50786972045898
7.69400978088379 8.52602005004883
7.71120023727417 8.54417037963867
7.72840023040771 8.5623197555542
7.74561977386475 8.58047962188721
7.76284980773926 8.59864044189453
7.78008985519409 8.6168098449707
7.79733991622925 8.63498020172119
7.81459999084473 8.65316009521484
7.83188009262085 8.6713399887085
7.84917020797729 8.68953037261963
7.8664698600769 8.70771980285645
7.88378000259399 8.72591018676758
7.90110015869141 8.74411010742188
7.9184398651123 8.76231002807617
7.93579006195068 8.78052043914795
7.95314979553223 8.79872989654541
7.97052001953125 8.81694984436035
7.98790979385376 8.83516979217529
8.00529956817627 8.85338973999023
8.02270984649658 8.87162017822266
8.04014015197754 8.88986015319824
8.0575704574585 8.90810012817383
8.07501983642578 8.92634010314941
8.09247016906738 8.94458961486816
8.10995006561279 8.96284008026123
8.1274299621582 8.98108959197998
8.14492034912109 8.99934959411621
8.16242980957031 9.01762008666992
8.17994976043701 9.03588962554932
8.19748020172119 9.05416011810303
8.2150297164917 9.0724401473999
8.23258972167969 9.09072017669678
8.25014972686768 9.10900974273682
8.26774024963379 9.12730026245117
8.28532981872559 9.14558982849121
8.30294036865234 9.16388988494873
8.32056045532227 9.18220043182373
8.33819007873535 9.20051002502441
8.35583019256592 9.2188196182251
8.37349033355713 9.23713970184326
8.39115047454834 9.25545978546143
8.40884017944336 9.27377986907959
8.42652988433838 9.29211044311523
8.44423007965088 9.31044960021973
8.46195030212402 9.32878971099854
8.47968006134033 9.34712982177734
8.49742984771729 9.36548042297363
8.51517963409424 9.38383007049561
8.53295040130615 9.40219020843506
8.55072975158691 9.42055034637451
8.56853008270264 9.43892002105713
8.58633041381836 9.45728969573975
8.60414981842041 9.47566032409668
8.62197971343994 9.49403953552246
8.63982963562012 9.51243019104004
8.65767955780029 9.53081035614014
8.67555046081543 9.54920959472656
8.69342994689941 9.56760025024414
8.71133041381836 9.58600997924805
8.72922992706299 9.60441017150879
8.74715042114258 9.6228199005127
8.7650899887085 9.64124011993408
8.78302955627441 9.65964984893799
8.80099010467529 9.67807960510254
8.81896018981934 9.69651031494141
8.83693981170654 9.71494007110596
8.85494041442871 9.73338031768799
8.87294960021973 9.7518196105957
8.89097023010254 9.77025985717773
8.90900039672852 9.78870964050293
8.92704963684082 9.80716991424561
8.94511032104492 9.82563018798828
8.96317958831787 9.84409046173096
8.98126983642578 9.8625602722168
8.99936008453369 9.88103008270264
9.01747989654541 9.89949989318848
9.03559970855713 9.91798973083496
9.05373954772949 9.93647003173828
9.07188987731934 9.95495986938477
9.09004974365234 9.97346019744873
9.10822010040283 9.99195003509521
9.12640953063965 10.0104999542236
9.14461040496826 10.0290002822876
9.1628303527832 10.0474996566772
9.18105030059814 10.0659999847412
9.19929027557373 10.0845003128052
9.21755027770996 10.1029996871948
9.23581027984619 10.121600151062
9.25409030914307 10.1400995254517
9.27237987518311 10.1585998535156
9.29069042205811 10.1772003173828
9.30900955200195 10.1956996917725
9.3273401260376 10.2143001556396
9.34568023681641 10.2327995300293
9.36404037475586 10.2513999938965
9.38241004943848 10.2700004577637
9.40079021453857 10.2884998321533
9.41919040679932 10.3071002960205
9.43760013580322 10.3256998062134
9.45602035522461 10.3443002700806
9.47445964813232 10.3628997802734
9.49291038513184 10.3815002441406
9.5113697052002 10.4000997543335
9.52984046936035 10.4187002182007
9.54833030700684 10.4372997283936
9.56682968139648 10.4559001922607
9.58535003662109 10.4744997024536
9.60387992858887 10.4931001663208
9.62242031097412 10.5116996765137
9.64097023010254 10.5304002761841
9.6595401763916 10.548999786377
9.67811965942383 10.5676002502441
9.69672012329102 10.5862998962402
9.71533012390137 10.6049003601074
9.73394966125488 10.6236000061035
9.75257968902588 10.6422004699707
9.77122974395752 10.6609001159668
9.78989028930664 10.6794996261597
9.80856037139893 10.6982002258301
9.82724952697754 10.7168998718262
9.84595012664795 10.7356004714966
9.86466979980469 10.7541999816895
9.88339996337891 10.7728996276855
9.90213966369629 10.791600227356
9.92088985443115 10.8102998733521
9.93966007232666 10.8290004730225
9.95843982696533 10.8477001190186
9.97723960876465 10.8663997650146
9.99604988098145 10.885199546814
10.0149002075195 10.9039001464844
