6.36252021789551 4.01902008056641
6.34621000289917 4.00848007202148
6.32990980148315 3.99794006347656
6.31362009048462 3.98740005493164
6.29734992980957 3.97688007354736
6.28108978271484 3.96635007858276
6.2648401260376 3.95584011077881
6.24860000610352 3.94532990455627
6.23237991333008 3.93481993675232
6.21616983413696 3.92431998252869
6.19997978210449 3.91382002830505
6.18379020690918 3.90333008766174
6.16762018203735 3.89284992218018
6.15146017074585 3.88236999511719
6.13532018661499 3.87190008163452
6.11919021606445 3.86142992973328
6.10306978225708 3.85097002983093
6.08695983886719 3.84050989151001
6.07086992263794 3.83006000518799
6.05479001998901 3.81961011886597
6.03872013092041 3.80917000770569
6.02266979217529 3.79872989654541
6.00662994384766 3.78830003738403
5.99060010910034 3.7778799533844
5.97458982467651 3.76746010780334
5.95858001708984 3.75705003738403
5.94259977340698 3.74663996696472
5.92662000656128 3.73623991012573
5.91065979003906 3.72585010528564
5.89471006393433 3.71545004844666
5.87876987457275 3.70507001876831
5.86285018920898 3.69468998908997
5.84694004058838 3.68431997299194
5.8310399055481 3.67394995689392
5.81515979766846 3.66358995437622
5.7992901802063 3.65322995185852
5.7834300994873 3.64287996292114
5.76759004592896 3.63253998756409
5.75176000595093 3.62220001220703
5.73593997955322 3.6118700504303
5.72013998031616 3.60154008865356
5.70434999465942 3.59121990203857
5.68857002258301 3.58090996742249
5.67280006408691 3.5706000328064
5.65705013275146 3.56030011177063
5.64132022857666 3.54999995231628
5.6255898475647 3.53971004486084
5.60987997055054 3.52942991256714
5.59419012069702 3.51915001869202
5.57849979400635 3.50887989997864
5.56282997131348 3.49861001968384
5.54718017578125 3.48834991455078
5.53153991699219 3.47810006141663
5.51591014862061 3.46784996986389
5.50028991699219 3.45760989189148
5.48469018936157 3.44737005233765
5.46909999847412 3.43713998794556
5.45352983474731 3.42691993713379
5.43797016143799 3.41669988632202
5.42242002487183 3.40649008750916
5.40688991546631 3.39629006385803
5.39136981964111 3.38609004020691
5.37587022781372 3.37590003013611
5.36037015914917 3.36572003364563
5.34490013122559 3.35554003715515
5.329430103302 3.345370054245
5.31398010253906 3.33520007133484
5.29855012893677 3.32505011558533
5.28313016891479 3.31489992141724
5.26772022247314 3.30474996566772
5.25232982635498 3.29461002349854
5.2369499206543 3.28448009490967
5.22159004211426 3.27435994148254
5.20624017715454 3.264240026474
5.19089984893799 3.2541298866272
5.17558002471924 3.24401998519897
5.16027021408081 3.2339301109314
5.14497995376587 3.22383999824524
5.12970018386841 3.21374988555908
5.11443996429443 3.20368003845215
5.09919023513794 3.19360995292664
5.08395004272461 3.18354988098145
5.06872987747192 3.17349004745483
5.05353021621704 3.16343998908997
5.038330078125 3.15339994430542
5.02315998077393 3.1433699131012
5.00799989700317 3.13333988189697
4.99284982681274 3.12332010269165
4.97771978378296 3.11331009864807
4.96260023117065 3.10331010818481
4.94750022888184 3.09331011772156
4.93240976333618 3.08331990242004
4.91733980178833 3.07333993911743
4.90228986740112 3.06336998939514
4.88724994659424 3.05340003967285
4.87222003936768 3.04344010353088
4.85721015930176 3.03348994255066
4.842209815979 3.02355003356934
4.82722997665405 3.01360988616943
4.81227016448975 3.00367999076843
4.7973198890686 2.99376010894775
4.78239011764526 2.98385000228882
4.76746988296509 2.97394990921021
4.75257015228271 2.96405005455017
4.73767995834351 2.95415997505188
4.72280979156494 2.94427990913391
4.70796012878418 2.93441009521484
4.69312000274658 2.92455005645752
4.67829990386963 2.91470003128052
4.663489818573 2.90485000610352
4.64870023727417 2.89500999450684
4.63393020629883 2.88517999649048
4.61917018890381 2.87536001205444
4.60443019866943 2.86555004119873
4.58970022201538 2.85575008392334
4.57499980926514 2.84594988822937
4.56030988693237 2.83616995811462
4.54562997817993 2.82639002799988
4.53097009658813 2.81662011146545
4.51632976531982 2.80685997009277
4.50170993804932 2.79711008071899
4.48710012435913 2.78736996650696
4.47250986099243 2.77764010429382
4.45794010162354 2.76792001724243
4.4433798789978 2.75819993019104
4.42884016036987 2.74850010871887
4.41431999206543 2.73880004882813
4.39981985092163 2.72912001609802
4.38533020019531 2.71944999694824
4.3708701133728 2.70977997779846
4.35642004013062 2.700119972229
4.34197998046875 2.69047999382019
4.32756996154785 2.68084001541138
4.31316995620728 2.67122006416321
4.29879999160767 2.66160011291504
4.28444004058838 2.65199995040894
4.27010011672974 2.64240002632141
4.25577020645142 2.63281989097595
4.2414698600769 2.62323999404907
4.22718000411987 2.61367988586426
4.21292018890381 2.60412001609802
4.19866991043091 2.59457993507385
4.18444013595581 2.58505010604858
4.1702299118042 2.57553005218506
4.15604019165039 2.56602001190186
4.14187002182007 2.55651998519897
4.12771987915039 2.54702997207642
4.11358976364136 2.53754997253418
4.09948015213013 2.52809000015259
4.08539009094238 2.518630027771
4.07131004333496 2.50919008255005
4.05726003646851 2.49975991249084
4.0432300567627 2.49033999443054
4.02922010421753 2.48093008995056
4.01523017883301 2.47153997421265
4.00125980377197 2.46215009689331
3.98730993270874 2.45278000831604
3.97338008880615 2.44341993331909
3.95947003364563 2.43407011032104
3.94559001922607 2.42474007606506
3.93172001838684 2.4154200553894
3.91788005828857 2.40611004829407
3.90405988693237 2.39681005477905
3.8902599811554 2.38753008842468
3.87648010253906 2.37825989723206
3.86272001266479 2.36899995803833
3.84898996353149 2.35975003242493
3.83527994155884 2.35051989555359
3.82158994674683 2.34130001068115
3.80791997909546 2.33209991455078
3.79428005218506 2.32291007041931
3.78065991401672 2.31373000144958
3.76706004142761 2.3045699596405
3.75347995758057 2.29541993141174
3.73992991447449 2.28628993034363
3.72640991210938 2.27716994285583
3.71289992332458 2.26805996894836
3.69941997528076 2.25897002220154
3.68597006797791 2.24989008903503
3.67253994941711 2.2408299446106
3.65913009643555 2.23179006576538
3.64575004577637 2.22275996208191
3.63239002227783 2.21374011039734
3.61906003952026 2.20474004745483
3.60575008392334 2.19574999809265
3.5924699306488 2.18677997589111
3.57921004295349 2.17782998085022
3.56597995758057 2.16888999938965
3.55277991294861 2.15997004508972
3.53959989547729 2.15107011795044
3.52644991874695 2.1421799659729
3.51332998275757 2.13331007957458
3.50023007392883 2.12444996833801
3.48715996742249 2.11560988426208
3.47410988807678 2.10679006576538
3.46110010147095 2.09799003601074
3.44811010360718 2.08920001983643
3.43513989448547 2.08043003082275
3.42220997810364 2.07168006896973
3.40931010246277 2.06294989585876
3.39643001556396 2.0542299747467
3.38357996940613 2.04553008079529
3.37075996398926 2.03685998916626
3.35796999931335 2.02818989753723
3.34521007537842 2.01955008506775
3.33247995376587 2.01093006134033
3.31977009773254 2.00233006477356
3.30710005760193 1.99373996257782
3.29446005821228 1.98517000675201
3.2818500995636 1.97662997245789
3.26925992965698 1.96809995174408
3.25671005249023 1.95958995819092
3.24418997764587 1.95111000537872
3.23169994354248 1.94263994693756
3.21924996376038 1.93419003486633
3.20682001113892 1.92577004432678
3.19443011283875 1.91735994815826
3.18207001686096 1.90898001194
3.16973996162415 1.9006199836731
3.1574399471283 1.89226996898651
3.14517998695374 1.88394999504089
3.13295006752014 1.87565994262695
3.12074995040894 1.86738002300262
3.10858011245728 1.85912001132965
3.09645009040833 1.85089004039764
3.08435988426208 1.84267997741699
3.07229995727539 1.83448994159698
3.06027007102966 1.82632005214691
3.04826998710632 1.81817996501923
3.03631997108459 1.81006002426147
3.02438998222351 1.80195999145508
3.01251006126404 1.79388999938965
3.00064992904663 1.78584003448486
2.98884010314941 1.77780997753143
2.97706007957458 1.76980996131897
2.96531009674072 1.76182997226715
2.95359992980957 1.7538800239563
2.94193005561829 1.7459499835968
2.93029999732971 1.73803997039795
2.9186999797821 1.73015999794006
2.90714001655579 1.72230994701385
2.89562010765076 1.71448004245758
2.88414001464844 1.70667004585266
2.87268996238708 1.69888997077942
2.86128997802734 1.69114005565643
2.84992003440857 1.6834100484848
2.8385899066925 1.67570996284485
2.82730007171631 1.66803002357483
2.8160400390625 1.66038000583649
2.8048300743103 1.65276002883911
2.79365992546082 1.64515995979309
2.78252005577087 1.63759005069733
2.77143001556396 1.63004994392395
2.76038002967834 1.62252998352051
2.74937009811401 1.61503994464874
2.73838996887207 1.60757994651794
2.72745990753174 1.60014998912811
2.7165699005127 1.59274005889893
2.70571994781494 1.58536994457245
2.6949200630188 1.57800996303558
2.68414998054504 1.57069003582001
2.67341995239258 1.56340003013611
2.66273999214172 1.55613005161285
2.65210008621216 1.5489000082016
2.6414999961853 1.54168999195099
2.63094997406006 1.53451001644135
2.62042999267578 1.52735996246338
2.60996007919312 1.52023994922638
2.59953999519348 1.51314997673035
2.58914995193481 1.50608003139496
2.57880997657776 1.49905002117157
2.56851005554199 1.49205005168915
2.55825996398926 1.48506999015808
2.54804992675781 1.4781299829483
2.53787994384766 1.47121000289917
2.52776002883911 1.46432995796204
2.51767992973328 1.45747005939484
2.50764989852905 1.45064997673035
2.49765992164612 1.44386005401611
2.48770999908447 1.43709003925323
2.47780990600586 1.43035995960236
2.46795010566711 1.42366003990173
2.45813989639282 1.41699004173279
2.4483699798584 1.41034996509552
2.43864989280701 1.40374004840851
2.42897009849548 1.39716005325317
2.41933989524841 1.39060997962952
2.40974998474121 1.38408994674683
2.40020990371704 1.37760996818542
2.39071011543274 1.37115001678467
2.38125991821289 1.36473000049591
2.37186002731323 1.3583300113678
2.36249995231628 1.35196995735168
2.35317993164063 1.34563994407654
2.34390997886658 1.33933997154236
2.33469009399414 1.33308005332947
2.32551002502441 1.32684004306793
2.3163800239563 1.3206399679184
2.30729007720947 1.31447005271912
2.29824995994568 1.30832004547119
2.2892599105835 1.30221998691559
2.2803099155426 1.29613995552063
2.271399974823 1.29008996486664
2.262540102005 1.28408002853394
2.25373005867004 1.27809000015259
2.24496006965637 1.27214002609253
2.23623991012573 1.26621997356415
2.22757005691528 1.26032996177673
2.21894001960754 1.25448000431061
2.21035003662109 1.24864995479584
2.201819896698 1.24285995960236
2.19332003593445 1.23710000514984
2.18487000465393 1.231369972229
2.17647004127502 1.22566998004913
2.16811990737915 1.22000002861023
2.15980005264282 1.214359998703
2.15154004096985 1.20876002311707
2.14332008361816 1.20318996906281
2.13513994216919 1.19764995574951
2.12701010704041 1.19212996959686
2.11892008781433 1.18666005134583
2.11087989807129 1.18121004104614
2.10289001464844 1.17578995227814
2.09492993354797 1.17040002346039
2.08702993392944 1.16505002975464
2.07915997505188 1.15971994400024
2.07135009765625 1.15443003177643
2.06357002258301 1.14917004108429
2.05584001541138 1.14393997192383
2.04816007614136 1.13873994350433
2.04051995277405 1.13355994224548
2.03291988372803 1.12841999530792
2.02536010742188 1.12331998348236
2.01784992218018 1.11823999881744
2.01039004325867 1.11319005489349
2.00295996665955 1.10817003250122
1.99557995796204 1.10318005084991
1.98824000358582 1.09821999073029
1.98094999790192 1.09328997135162
1.97370004653931 1.08838999271393
1.9664900302887 1.0835200548172
1.95931994915009 1.07868003845215
1.95219004154205 1.07386994361877
1.94510996341705 1.06909000873566
1.93807005882263 1.06433999538422
1.93106997013092 1.05961000919342
1.92411005496979 1.05491995811462
1.91719996929169 1.05025005340576
1.91032004356384 1.04561996459961
1.90348994731903 1.04101002216339
1.89669001102448 1.03643000125885
1.88994002342224 1.03188002109528
1.88322997093201 1.02735996246338
1.87655997276306 1.02286005020142
1.86993002891541 1.01839995384216
1.86333000659943 1.01396000385284
1.85678005218506 1.0095499753952
1.85027003288269 1.00515997409821
1.84379994869232 1.0008100271225
1.83736002445221 0.996479988098145
1.83097004890442 0.992178976535797
1.82460999488831 0.987905025482178
1.8183000087738 0.983658015727997
1.81201994419098 0.979438006877899
1.80578005313873 0.975244998931885
1.79956996440887 0.971077978610992
1.79340994358063 0.966938018798828
1.78727996349335 0.962823987007141
1.78119003772736 0.958736002445221
1.77514004707336 0.954674005508423
1.76911997795105 0.950637996196747
1.76314997673035 0.946627020835876
1.75720000267029 0.942642986774445
1.75129997730255 0.938682973384857
1.74542999267578 0.934749007225037
1.73959994316101 0.930840015411377
1.7338000535965 0.926957011222839
1.72803997993469 0.923098027706146
1.72230994701385 0.919263005256653
1.71661996841431 0.915453016757965
1.71096003055573 0.911668002605438
1.70534002780914 0.907907009124756
1.69974994659424 0.904169976711273
1.69420003890991 0.90045702457428
1.68868005275726 0.896767973899841
1.68318998813629 0.893103003501892
1.67773997783661 0.889460980892181
1.67232000827789 0.885842025279999
1.66693997383118 0.882246971130371
1.66158998012543 0.878674983978271
1.65627002716064 0.875126004219055
1.65097999572754 0.871599972248077
1.64573001861572 0.868095993995667
1.64050996303558 0.864615023136139
1.63531994819641 0.861155986785889
1.63015997409821 0.857720017433167
1.62503004074097 0.854305982589722
1.61994004249573 0.850912988185883
1.61487996578217 0.847541987895966
1.60984003543854 0.844192981719971
1.60484004020691 0.840866029262543
1.59986996650696 0.837559998035431
1.59493005275726 0.834275007247925
1.59001994132996 0.83101099729538
1.58513998985291 0.827768981456757
1.58028995990753 0.824546992778778
1.57546997070313 0.821344971656799
1.57067000865936 0.818165004253387
1.5659099817276 0.815003991127014
1.5611799955368 0.811864018440247
1.55647003650665 0.808744013309479
1.5518000125885 0.805643975734711
1.54715001583099 0.802564024925232
1.54252994060516 0.799503028392792
1.53794002532959 0.796461999416351
1.53337001800537 0.793440997600555
1.52883005142212 0.790437996387482
1.52433001995087 0.787455022335052
1.51984000205994 0.784491002559662
1.5153900384903 0.781545996665955
1.51095998287201 0.778618991374969
1.50655996799469 0.775712013244629
1.50217998027802 0.772822022438049
1.49784004688263 0.769950985908508
1.49351000785828 0.767099022865295
1.48922002315521 0.764263987541199
1.4849499464035 0.761447012424469
1.48070001602173 0.758648991584778
1.47648000717163 0.755867004394531
1.4722900390625 0.753103971481323
1.46811997890472 0.750357985496521
1.46396994590759 0.74762898683548
1.45984995365143 0.744917988777161
1.45574998855591 0.742223024368286
1.45167994499207 0.739546000957489
1.44763994216919 0.736885011196136
1.44360995292664 0.734241008758545
1.43961000442505 0.731613993644714
1.43563997745514 0.729003012180328
1.43167996406555 0.726409018039703
1.42776000499725 0.723830997943878
1.42385005950928 0.721269011497498
1.41997003555298 0.718722999095917
1.41611003875732 0.716193020343781
1.41226994991302 0.713678002357483
1.40845000743866 0.711179971694946
1.40465998649597 0.708696007728577
1.40088999271393 0.706228971481323
1.39714002609253 0.703776001930237
1.39340996742249 0.70133900642395
1.38970994949341 0.698916971683502
1.38601994514465 0.696510016918182
1.38235998153687 0.694118022918701
1.37872004508972 0.691740989685059
1.37510001659393 0.689378023147583
1.37150001525879 0.687030017375946
1.36792004108429 0.684696018695831
1.36436998844147 0.682376980781555
1.36082994937897 0.680072009563446
1.3573100566864 0.677780985832214
1.3538099527359 0.67550402879715
1.35034000873566 0.673241019248962
1.34687995910645 0.670991003513336
1.34344005584717 0.668756008148193
1.34001994132996 0.666534006595612
1.336629986763 0.664326012134552
1.33325004577637 0.662131011486053
1.32989001274109 0.659950017929077
1.32655000686646 0.657781004905701
1.32322001457214 0.655625998973846
1.31991994380951 0.653483986854553
1.31664001941681 0.651355028152466
1.31336998939514 0.649239003658295
1.31011998653412 0.647135019302368
1.30689001083374 0.645044028759003
1.30367994308472 0.642965972423553
1.30049002170563 0.640900015830994
1.29730999469757 0.63884699344635
1.29416000843048 0.636806011199951
1.29102003574371 0.634777009487152
1.28788995742798 0.632759988307953
1.2847900390625 0.630756020545959
1.28170001506805 0.628763020038605
1.27863001823425 0.62678200006485
1.27557003498077 0.62481302022934
1.27253997325897 0.622856020927429
1.26952004432678 0.620909988880157
1.26651000976563 0.61897599697113
1.26353001594543 0.617052972316742
1.26055002212524 0.615140974521637
1.25759994983673 0.613241016864777
1.25466001033783 0.611352026462555
1.25173997879028 0.609474003314972
1.24882996082306 0.607608020305634
1.24593997001648 0.605751991271973
1.24307000637054 0.603906989097595
1.24021005630493 0.60207200050354
1.23736000061035 0.600248992443085
1.23452997207642 0.598435997962952
1.23171997070313 0.596633970737457
1.22891998291016 0.59484201669693
1.22614002227783 0.593060970306396
1.22336995601654 0.59128999710083
1.22062003612518 0.589528977870941
1.21788001060486 0.587778985500336
1.21516001224518 0.586037993431091
1.21245002746582 0.58430802822113
1.20975005626678 0.582588016986847
1.2070699930191 0.580877006053925
1.20439994335175 0.579177021980286
1.20175004005432 0.577485978603363
1.19911003112793 0.575805008411407
1.19649004936218 0.574132978916168
1.19387996196747 0.572471022605896
1.19128000736237 0.570819020271301
1.18869996070862 0.569176018238068
1.18613004684448 0.567542016506195
1.18357002735138 0.565918028354645
1.18103003501892 0.564302980899811
1.17850005626678 0.562696993350983
1.175989985466 0.561100006103516
1.17348003387451 0.55951201915741
1.17098999023438 0.557933986186981
1.16851997375488 0.556363999843597
1.16604995727539 0.554803013801575
1.16359996795654 0.553251028060913
1.16115999221802 0.551707029342651
1.15874004364014 0.550171971321106
1.15631997585297 0.548645973205566
1.15392005443573 0.547128975391388
1.15153002738953 0.545619010925293
1.14916002750397 0.544119000434875
1.14679002761841 0.542626023292542
1.14444005489349 0.541143000125885
1.14209997653961 0.539667010307312
1.13977003097534 0.538199007511139
1.13745999336243 0.536740005016327
1.13514995574951 0.535288989543915
1.13285994529724 0.533846020698547
1.13057994842529 0.532410025596619
1.12830996513367 0.530982971191406
1.12604999542236 0.529564023017883
1.12380003929138 0.528151988983154
1.12156999111176 0.52674800157547
1.11933994293213 0.525352001190186
1.11713004112244 0.523963987827301
1.11493003368378 0.5225830078125
1.11274003982544 0.521210014820099
1.11056005954742 0.519843995571136
1.10838997364044 0.518486022949219
1.10623002052307 0.517135977745056
1.10407996177673 0.515792012214661
1.10195004940033 0.51445597410202
1.09982001781464 0.513127028942108
1.09771001338959 0.511806011199951
1.09560000896454 0.510491013526917
1.09351003170013 0.509184002876282
1.09142005443573 0.50788402557373
1.08934998512268 0.506591022014618
1.08728003501892 0.505304992198944
1.08522999286652 0.504024982452393
1.08318996429443 0.502753019332886
1.08115005493164 0.501487970352173
1.0791300535202 0.500229001045227
1.0771199464798 0.49897700548172
1.07510995864868 0.497732013463974
1.07311999797821 0.496493011713028
1.07114005088806 0.495261996984482
1.06915998458862 0.494035989046097
1.06719994544983 0.492817997932434
1.06524002552032 0.491605013608932
1.06328999996185 0.490399986505508
1.06136000156403 0.489201009273529
1.0594300031662 0.488007992506027
1.05751001834869 0.486820995807648
1.05560994148254 0.485641002655029
1.05370998382568 0.484466999769211
1.05182003974915 0.483298987150192
1.04993999004364 0.482138007879257
1.04806005954742 0.480982005596161
1.04620003700256 0.479833006858826
1.04435002803802 0.47868999838829
1.04250001907349 0.477553009986877
1.04067003726959 0.476420998573303
1.0388400554657 0.47529599070549
1.03701996803284 0.474177002906799
1.03521001338959 0.473064005374908
1.03340995311737 0.471956014633179
1.03161001205444 0.470854014158249
1.02982997894287 0.469758003950119
1.0280499458313 0.468668013811111
1.02629005908966 0.467584013938904
1.02453005313873 0.466504991054535
1.02277994155884 0.465431988239288
1.02103996276855 0.464363992214203
1.01929998397827 0.463301986455917
1.01757001876831 0.462246000766754
1.0158599615097 0.46119499206543
1.01415002346039 0.460148990154266
1.0124499797821 0.459109008312225
1.01075005531311 0.458074986934662
1.00907003879547 0.457044988870621
1.00739002227783 0.456021010875702
1.00572001934052 0.455002993345261
1.00406002998352 0.453990012407303
1.00240004062653 0.452982008457184
1.00075995922089 0.451979011297226
0.999117016792297 0.450980991125107
0.997484982013702 0.44998899102211
0.995862007141113 0.449001014232635
0.994246006011963 0.448018997907639
0.992636978626251 0.447041988372803
0.991035997867584 0.446069985628128
0.989443004131317 0.445102989673615
0.987856984138489 0.444141000509262
0.986277997493744 0.443183988332748
0.984705984592438 0.442230999469757
0.983142018318176 0.441284000873566
0.981585025787354 0.440342009067535
0.980036020278931 0.439404010772705
0.978492975234985 0.438470989465714
0.976957976818085 0.437543988227844
0.975430011749268 0.436619997024536
0.973909020423889 0.435701996088028
0.972395002841949 0.43478798866272
0.970888018608093 0.433878988027573
0.969388008117676 0.432974994182587
0.967894971370697 0.432074993848801
0.966408014297485 0.431180000305176
0.964928984642029 0.430290013551712
0.963455975055695 0.429403990507126
0.961991012096405 0.428521990776062
0.960532009601593 0.427644997835159
0.959079027175903 0.426773011684418
0.957633972167969 0.425904989242554
0.956194996833801 0.425042003393173
0.954762995243073 0.424183011054993
0.953337013721466 0.423328012228012
0.951918005943298 0.42247799038887
0.950505971908569 0.421631991863251
0.949100017547607 0.420791000127792
0.947700023651123 0.419952988624573
0.946307003498077 0.419120013713837
0.944920003414154 0.418291985988617
0.943539977073669 0.417466998100281
0.942165970802307 0.416646987199783
0.940798997879028 0.415830999612808
0.939436972141266 0.415019005537033
0.938081979751587 0.414211988449097
0.936734020709991 0.413408011198044
0.935391008853912 0.41260901093483
0.934054970741272 0.411814004182816
0.932725012302399 0.411022990942001
0.931401014328003 0.410236001014709
0.930082976818085 0.409453004598618
0.928771018981934 0.408674001693726
0.92746502161026 0.407898992300034
0.926165997982025 0.407128006219864
0.924871981143951 0.406361013650894
0.923583984375 0.405598014593124
0.922303020954132 0.404839009046555
0.921027004718781 0.404083013534546
0.919757008552551 0.403331995010376
0.9184929728508 0.402584999799728
0.917235016822815 0.401841014623642
0.915983021259308 0.401102006435394
0.914736986160278 0.400366008281708
0.913496017456055 0.399634003639221
0.912261009216309 0.398905992507935
0.911032021045685 0.398180991411209
0.909808993339539 0.397460997104645
0.908591985702515 0.396744012832642
0.907379984855652 0.396030992269516
0.906174004077911 0.395321011543274
0.904972970485687 0.394616007804871
0.903778970241547 0.393914014101028
0.902589023113251 0.393215000629425
0.901405990123749 0.392520993947983
0.900228023529053 0.391829997301102
0.899056017398834 0.391142994165421
0.897889018058777 0.390459001064301
0.896727979183197 0.38977900147438
0.895572006702423 0.389102011919022
0.894421994686127 0.388429999351501
0.893276989459991 0.387760013341904
0.892138004302979 0.387095004320145
0.891004025936127 0.386431992053986
0.889876008033752 0.385773986577988
0.888752996921539 0.385118991136551
0.887634992599487 0.384467005729675
0.886523008346558 0.383819013834
0.885416984558105 0.383174985647202
0.884315013885498 0.382533997297287
0.883219003677368 0.381895989179611
0.882129013538361 0.381262004375458
0.881043970584869 0.380630999803543
0.879963994026184 0.380003988742828
0.87888902425766 0.379379987716675
0.877820014953613 0.378760010004044
0.876756012439728 0.378143012523651
0.87569797039032 0.377530008554459
0.874643981456757 0.376920014619827
0.873596012592316 0.376313000917435
0.872552990913391 0.375710010528564
0.871515989303589 0.375110000371933
0.870483994483948 0.374513000249863
0.869455993175507 0.373919993638992
0.868435025215149 0.373329997062683
0.867417991161346 0.372743993997574
0.866406977176666 0.372159987688065
0.865401029586792 0.371580988168716
0.864400029182434 0.371003985404968
0.863403975963593 0.370431005954742
0.862414002418518 0.369861006736755
0.86142897605896 0.369295001029968
0.860448002815247 0.368732005357742
0.859474003314972 0.368171989917755
0.858503997325897 0.367615014314651
0.857540011405945 0.367062002420425
0.856580018997192 0.36651200056076
0.855625987052917 0.365965008735657
0.854677975177765 0.365422010421753
0.853734016418457 0.364881992340088
0.852796018123627 0.364345014095306
0.851863026618958 0.363811999559402
0.850934982299805 0.36328199505806
0.850012004375458 0.362755000591278
0.849093973636627 0.362230986356735
0.848182022571564 0.361710995435715
0.847275018692017 0.361194014549255
0.846373021602631 0.360680013895035
0.845476984977722 0.360170006752014
0.84458601474762 0.359663009643555
0.843699991703033 0.359158992767334
0.842818975448608 0.358657985925674
0.841943979263306 0.358161002397537
0.841073989868164 0.357666999101639
0.840209007263184 0.35717698931694
0.839349985122681 0.356689006090164
0.838496029376984 0.356204986572266
0.837647020816803 0.355724990367889
0.8368039727211 0.355248004198074
0.835965991020203 0.354773998260498
0.835134029388428 0.354303002357483
0.834307014942169 0.353835999965668
0.833485007286072 0.353372007608414
0.832669019699097 0.35291200876236
0.831858992576599 0.352454990148544
0.831053972244263 0.352001011371613
0.830254971981049 0.351550996303558
0.829460978507996 0.351103991270065
0.828673005104065 0.350661009550095
0.827890992164612 0.350221008062363
0.82711398601532 0.349785000085831
0.82634299993515 0.34935200214386
0.825577974319458 0.348922997713089
0.824819028377533 0.348497003316879
0.824065983295441 0.34807500243187
0.823318004608154 0.347656011581421
0.822576999664307 0.347241014242172
0.821842014789581 0.346830010414124
0.821111977100372 0.346421986818314
0.820388972759247 0.346017986536026
0.819671988487244 0.345618009567261
0.818961024284363 0.345221012830734
0.818256974220276 0.344828993082047
0.817559003829956 0.344440013170242
0.816866993904114 0.344054013490677
0.816182017326355 0.34367299079895
0.815503001213074 0.343295991420746
0.814831018447876 0.342922002077103
0.814166009426117 0.342552989721298
0.813507974147797 0.342186987400055
0.812856018543243 0.341825991868973
0.812211990356445 0.341468989849091
0.811574995517731 0.341116011142731
0.810944974422455 0.340766996145248
0.810321986675262 0.340422987937927
0.80970698595047 0.340083003044128
0.809099018573761 0.33974701166153
0.808498978614807 0.339415997266769
0.807906985282898 0.339089006185532
0.807322978973389 0.338766992092133
0.806747019290924 0.338450014591217
0.806180000305176 0.338137000799179
0.805620014667511 0.337830007076263
0.805069983005524 0.337527006864548
0.804527997970581 0.337229013442993
0.803996026515961 0.336937010288239
0.803471982479095 0.336650013923645
0.802958011627197 0.33636799454689
0.802453994750977 0.336091995239258
0.801959991455078 0.335821002721786
0.801476001739502 0.335557013750076
0.801002979278564 0.335298001766205
0.800539970397949 0.335045009851456
0.800087988376617 0.334798991680145
0.799647986888885 0.334558993577957
0.799220025539398 0.334324985742569
0.798803985118866 0.334098994731903
0.79840099811554 0.333878993988037
0.798009991645813 0.333667010068893
0.79763400554657 0.33346301317215
0.797271013259888 0.333265990018845
0.796922981739044 0.333077013492584
0.796589970588684 0.332897007465363
0.796272993087769 0.332724988460541
0.795973002910614 0.332561999559402
0.79569000005722 0.332408994436264
0.795424997806549 0.332266002893448
0.795179009437561 0.332134008407593
0.794952988624573 0.332011997699738
0.79474800825119 0.331901013851166
0.79456502199173 0.331802994012833
0.794404983520508 0.331717014312744
0.794270992279053 0.331645011901855
0.794161975383759 0.331586003303528
0.79408198595047 0.331542998552322
0.794031023979187 0.331515997648239
0.794012010097504 0.331506013870239
0.794012010097504 0.331506013870239
0.794026970863342 0.331514000892639
0.794079005718231 0.331541985273361
0.794170022010803 0.331589996814728
0.794302999973297 0.331660985946655
0.794483006000519 0.331757009029388
0.794712007045746 0.331878989934921
0.794996023178101 0.33202999830246
0.795337975025177 0.33221098780632
0.795745015144348 0.332426995038986
0.796221971511841 0.332679986953735
0.796775996685028 0.332973003387451
0.797412991523743 0.333310008049011
0.798141002655029 0.333694010972977
0.798967003822327 0.334129005670547
0.799896001815796 0.334618002176285
0.800936996936798 0.335164994001389
0.802091002464294 0.33577099442482
0.803360998630524 0.336436986923218
0.804745972156525 0.337161988019943
0.806239008903503 0.337942987680435
0.807832002639771 0.338775008916855
0.809513986110687 0.339652001857758
0.811272025108337 0.340566992759705
0.813090980052948 0.341513991355896
0.81496000289917 0.342485010623932
0.816865980625153 0.343474000692368
0.81879997253418 0.344476997852325
0.820753991603851 0.345488995313644
0.822722017765045 0.346507012844086
0.824698984622955 0.347528010606766
0.82668000459671 0.348551988601685
0.828664004802704 0.349575012922287
0.830649018287659 0.350598007440567
0.832633018493652 0.351619988679886
0.834613978862762 0.352640002965927
0.836592972278595 0.353657990694046
0.838568985462189 0.354672998189926
0.840542018413544 0.355686008930206
0.842510998249054 0.356696993112564
0.844475984573364 0.357704997062683
0.846439003944397 0.358711004257202
0.848397970199585 0.35971400141716
0.85035502910614 0.360715985298157
0.852307975292206 0.361716002225876
0.854259014129639 0.362713009119034
0.856208026409149 0.363709002733231
0.858153998851776 0.364702999591827
0.860099017620087 0.365696012973785
0.862042009830475 0.366688013076782
0.863983988761902 0.367677986621857
0.865924000740051 0.368667989969254
0.867864012718201 0.36965599656105
0.869803011417389 0.370644003152847
0.871742010116577 0.371630996465683
0.873679995536804 0.37261700630188
0.875617980957031 0.373602986335754
0.877556979656219 0.374588996171951
0.879495024681091 0.375573992729187
0.88143402338028 0.376558989286423
0.883373975753784 0.37754499912262
0.885315001010895 0.378529995679855
0.887256979942322 0.379514992237091
0.88919997215271 0.380501002073288
0.891143977642059 0.381487011909485
0.893090009689331 0.382474005222321
0.89503800868988 0.383460998535156
0.896987020969391 0.384447991847992
0.898938000202179 0.385435998439789
0.900892019271851 0.386424988508224
0.902846992015839 0.387414991855621
0.90480500459671 0.388404995203018
0.906764984130859 0.389396995306015
0.908728003501892 0.390388995409012
0.910692989826202 0.391382992267609
0.912662029266357 0.392376989126205
0.914632976055145 0.393373012542725
0.916607022285461 0.39436998963356
0.918583989143372 0.395368009805679
0.920565009117126 0.396367996931076
0.922547996044159 0.397368997335434
0.924534976482391 0.398371011018753
0.926526010036469 0.39937499165535
0.928520023822784 0.400380998849869
0.930517971515656 0.401387989521027
0.932519972324371 0.402395993471146
0.934525012969971 0.403407007455826
0.936535000801086 0.404419004917145
0.938548028469086 0.405432999134064
0.94056499004364 0.406448006629944
0.942587018013 0.407465994358063
0.944612979888916 0.408484995365143
0.946642994880676 0.409507006406784
0.948678016662598 0.410530000925064
0.950716972351074 0.411554992198944
0.952760994434357 0.412582993507385
0.954809010028839 0.413612008094788
0.956861972808838 0.414644002914429
0.958920001983643 0.415677011013031
0.960982978343964 0.416712999343872
0.963050007820129 0.417751997709274
0.965122997760773 0.418792009353638
0.967199981212616 0.41983500123024
0.969282984733582 0.420879989862442
0.971370995044708 0.421927988529205
0.973464012145996 0.422978013753891
0.9755619764328 0.424030005931854
0.977666020393372 0.425085008144379
0.979775011539459 0.426142007112503
0.981890022754669 0.427201986312866
0.984009981155396 0.428265005350113
0.986136019229889 0.429329991340637
0.98826801776886 0.430397987365723
0.990405023097992 0.431468993425369
0.992547988891602 0.432541996240616
0.994696974754333 0.433618009090424
0.996851980686188 0.434695988893509
0.999013006687164 0.435777992010117
1.00118005275726 0.436861991882324
1.00335001945496 0.437949985265732
1.00552999973297 0.439040005207062
1.00771999359131 0.44013300538063
1.00990998744965 0.441228985786438
1.01210999488831 0.442328006029129
1.01431000232697 0.443430006504059
1.01652002334595 0.444534987211227
1.01874005794525 0.44564300775528
1.02095997333527 0.44675400853157
1.02320003509521 0.447869002819061
1.02542996406555 0.448985993862152
1.02768003940582 0.450107008218765
1.0299299955368 0.451231002807617
1.03218996524811 0.45235800743103
1.0344500541687 0.453487992286682
1.03672003746033 0.454622000455856
1.03900003433228 0.455758988857269
1.04129004478455 0.456900000572205
1.04358005523682 0.458043992519379
1.04587996006012 0.459190994501114
1.04818999767303 0.460341989994049
1.05050003528595 0.461495995521545
1.0528199672699 0.462653994560242
1.05515003204346 0.463815003633499
1.05748999118805 0.464980006217957
1.05983996391296 0.466147989034653
1.06219005584717 0.467321008443832
1.0645500421524 0.46849599480629
1.06692004203796 0.469675987958908
1.06929004192352 0.470858991146088
1.0716700553894 0.472045987844467
1.07406997680664 0.473235994577408
1.07647001743317 0.47443100810051
1.07887005805969 0.47562900185585
1.08129000663757 0.476830989122391
1.08370995521545 0.478036999702454
1.08614003658295 0.479247003793716
1.08858001232147 0.480461001396179
1.09103000164032 0.481678992509842
1.09349000453949 0.482901006937027
1.09595000743866 0.484127014875412
1.09842002391815 0.485356986522675
1.100909948349 0.486591011285782
1.10339999198914 0.487828999757767
1.10590004920959 0.489071011543274
1.10839998722076 0.49031800031662
1.11091995239258 0.491567999124527
1.113450050354 0.492823004722595
1.11598002910614 0.494082987308502
1.1185200214386 0.495346009731293
1.1210800409317 0.496614009141922
1.12340998649597 0.497772991657257
1.12496995925903 0.498548001050949
1.12600994110107 0.49906599521637
1.12671005725861 0.49941098690033
1.12716996669769 0.499641001224518
1.12748003005981 0.499794989824295
1.12768995761871 0.499897003173828
1.12778997421265 0.499949008226395
1.12784004211426 0.499974012374878
1.12788999080658 0.5
1.12788999080658 0.5
1.12794995307922 0.500025987625122
1.12800002098083 0.500051021575928
1.12810003757477 0.500102996826172
1.12830996513367 0.500204980373383
1.12862002849579 0.500358998775482
1.12908005714417 0.500590026378632
1.12978005409241 0.500936985015869
1.13083004951477 0.501457989215851
1.13241004943848 0.502240002155304
1.13478004932404 0.503417015075684
1.13739001750946 0.504712998867035
1.14000999927521 0.506013989448547
1.14263999462128 0.50731897354126
1.14528000354767 0.508628010749817
1.14793002605438 0.509943008422852
1.1505800485611 0.511261999607086
1.15324997901917 0.512585997581482
1.15593004226685 0.513913989067078
1.15861999988556 0.515246987342834
1.16131997108459 0.516584992408752
1.16402995586395 0.517928004264832
1.16674995422363 0.519276022911072
1.16946995258331 0.520628988742828
1.17220997810364 0.521987020969391
1.17496001720428 0.523348987102509
1.17771995067596 0.524716973304749
1.18049001693726 0.526090025901794
1.18326997756958 0.527467012405396
1.18605995178223 0.528850018978119
1.18886995315552 0.530237972736359
1.19167995452881 0.531632006168365
1.19449996948242 0.533029973506927
1.19734001159668 0.534434020519257
1.20018005371094 0.535843014717102
1.20304000377655 0.537257015705109
1.20590996742249 0.538676977157593
1.20878005027771 0.540102005004883
1.21167004108429 0.541531980037689
1.21457004547119 0.542967975139618
1.21748995780945 0.544408977031708
1.22040998935699 0.54585599899292
1.22335004806519 0.54730898141861
1.22628998756409 0.54876697063446
1.22924995422363 0.550230979919434
1.23222005367279 0.551699995994568
1.23520004749298 0.55317497253418
1.23819994926453 0.554656028747559
1.24120998382568 0.55614298582077
1.24422001838684 0.557635009288788
1.24724996089935 0.559134006500244
1.2503000497818 0.560638010501862
1.25335001945496 0.562147974967957
1.25642001628876 0.563664019107819
1.25950002670288 0.565186977386475
1.26259005069733 0.566715002059937
1.26568996906281 0.568248987197876
1.26881003379822 0.569790005683899
1.27193999290466 0.571335971355438
1.27507996559143 0.572888970375061
1.27823996543884 0.574447989463806
1.28140997886658 0.57601398229599
1.28459000587463 0.577584981918335
1.28778994083405 0.579163014888763
1.29098999500275 0.580748021602631
1.29421997070313 0.582338988780975
1.2974499464035 0.583935976028442
1.30069994926453 0.585539996623993
1.30395996570587 0.587150990962982
1.30724000930786 0.588768005371094
1.31052994728088 0.590391993522644
1.31383001804352 0.592022001743317
1.31714999675751 0.593659996986389
1.32047998905182 0.595304012298584
1.32383000850677 0.596955001354218
1.32719004154205 0.598613023757935
1.33055996894836 0.600277006626129
1.33395004272461 0.601948976516724
1.33735001087189 0.603627979755402
1.34077000617981 0.605313003063202
1.34420001506805 0.607006013393402
1.34765005111694 0.608705997467041
1.35110998153687 0.610413014888763
1.3545800447464 0.612128019332886
1.35808002948761 0.613849997520447
1.36158001422882 0.615579009056091
1.365110039711 0.617314994335175
1.36863994598389 0.619059026241302
1.37220001220703 0.620809972286224
1.37575995922089 0.622569024562836
1.37934994697571 0.624334990978241
1.38294994831085 0.626109004020691
1.38655996322632 0.627891004085541
1.39019000530243 0.629679977893829
1.3938399553299 0.631476998329163
1.39750003814697 0.633282005786896
1.40118002891541 0.635095000267029
1.40488004684448 0.636915981769562
1.40858995914459 0.638743996620178
1.41232001781464 0.640581011772156
1.41605997085571 0.642425000667572
1.41982996463776 0.644277989864349
1.42360997200012 0.646139025688171
1.42739999294281 0.648007988929749
1.43121004104614 0.649886012077332
1.43503999710083 0.651771008968353
1.43888998031616 0.653665006160736
1.44274997711182 0.65556800365448
1.44664001464844 0.657478988170624
1.45053994655609 0.659398019313812
1.45445001125336 0.661325991153717
1.4583899974823 0.663263022899628
1.46233999729156 0.665207982063293
1.46631002426147 0.667162001132965
1.47029995918274 0.669125020503998
1.47431004047394 0.67109602689743
1.47833001613617 0.673076987266541
1.48238003253937 0.675067007541656
1.4864399433136 0.677065014839172
1.49052000045776 0.679072976112366
1.49461996555328 0.681088984012604
1.49873995780945 0.683115005493164
1.50287997722626 0.685150027275085
1.50704002380371 0.687195003032684
1.5112099647522 0.689248025417328
1.51540994644165 0.69131201505661
1.51961994171143 0.693383991718292
1.52385997772217 0.695465981960297
1.52811002731323 0.697557985782623
1.53238999843597 0.699658989906311
1.53667998313904 0.701770007610321
1.54100000858307 0.703890979290009
1.54533004760742 0.706022024154663
1.54969000816345 0.708162009716034
1.5540599822998 0.710313022136688
1.55845999717712 0.712472975254059
1.56287002563477 0.714644014835358
1.56730997562408 0.716823995113373
1.57176995277405 0.719015002250671
1.57624995708466 0.721216022968292
1.58074998855591 0.723426997661591
1.58527994155884 0.725648999214172
1.58982002735138 0.727881014347076
1.5943900346756 0.730123996734619
1.59897005558014 0.732376992702484
1.60357999801636 0.734641015529633
1.60820996761322 0.736914992332458
1.61286997795105 0.739199995994568
1.6175400018692 0.741496026515961
1.62223994731903 0.743803024291992
1.62696003913879 0.746120989322662
1.63171005249023 0.748449981212616
1.63646996021271 0.750789999961853
1.64126002788544 0.753140985965729
1.64607000350952 0.755502998828888
1.65091001987457 0.757875978946686
1.65576994419098 0.760260999202728
1.66065001487732 0.762656986713409
1.66556000709534 0.765065014362335
1.670490026474 0.7674840092659
1.67543995380402 0.769914984703064
1.68042004108429 0.772356986999512
1.68542003631592 0.774811983108521
1.69044005870819 0.777278006076813
1.69550001621246 0.779754996299744
1.70056998729706 0.782244980335236
1.70566999912262 0.784747004508972
1.71080005168915 0.787261009216309
1.71595001220703 0.789786994457245
1.72111999988556 0.792325019836426
1.72632002830505 0.794875025749207
1.73154997825623 0.797438025474548
1.73679995536804 0.800014019012451
1.74207997322083 0.802600979804993
1.74738001823425 0.805202007293701
1.75270998477936 0.807814002037048
1.75805997848511 0.810440003871918
1.76344001293182 0.813077986240387
1.76884996891022 0.815729975700378
1.77428996562958 0.818394005298615
1.77974998950958 0.821071028709412
1.78524005413055 0.823760986328125
1.79075002670288 0.826463997364044
1.7963000535965 0.829181015491486
1.80186998844147 0.831910014152527
1.80745995044708 0.83465301990509
1.81308996677399 0.837409973144531
1.81874001026154 0.840179026126862
1.82441997528076 0.842962980270386
1.83012998104095 0.845759987831116
1.83587002754211 0.848571002483368
1.84162998199463 0.851395010948181
1.84742999076843 0.854233026504517
1.85325002670288 0.857084989547729
1.85909998416901 0.859951972961426
1.8649799823761 0.862832009792328
1.87089002132416 0.865725994110107
1.87682998180389 0.868633985519409
1.8827999830246 0.871556997299194
1.88880002498627 0.874494016170502
1.89481997489929 0.877445995807648
1.90087997913361 0.880411028862
1.90697002410889 0.883391976356506
1.91308999061584 0.88638699054718
1.91922998428345 0.889396011829376
1.92541003227234 0.892421007156372
1.93162000179291 0.89546000957489
1.93786001205444 0.898513972759247
1.94412994384766 0.901583015918732
1.95043003559113 0.904667019844055
1.95676004886627 0.907765984535217
1.96312999725342 0.910880982875824
1.96951997280121 0.914009988307953
1.97595000267029 0.917155027389526
1.98240995407104 0.920315027236938
1.98889994621277 0.92349100112915
1.99541997909546 0.926681995391846
2.00197005271912 0.929888010025024
2.00855994224548 0.933109998703003
2.0151801109314 0.936348021030426
2.0218300819397 0.939602017402649
2.02851009368896 0.942871987819672
2.03522992134094 0.946156978607178
2.04198002815247 0.949458003044128
2.04875993728638 0.95277601480484
2.05557990074158 0.95610898733139
2.06242990493774 0.959459006786346
2.06930994987488 0.962825000286102
2.0762300491333 0.966207027435303
2.08317995071411 0.969605028629303
2.09015989303589 0.973020017147064
2.09717988967896 0.976450979709625
2.10422992706299 0.979898989200592
2.11132001876831 0.98336398601532
2.11843991279602 0.986845016479492
2.1256000995636 0.990342020988464
2.13279008865356 0.993857026100159
2.1400101184845 0.997388005256653
2.14726996421814 1.00093996524811
2.15457010269165 1.00450003147125
2.16190004348755 1.00808000564575
2.16926002502441 1.0116800069809
2.17666006088257 1.01530003547668
2.18409991264343 1.01892995834351
2.19157004356384 1.02258002758026
2.19907999038696 1.02625000476837
2.20661997795105 1.02994000911713
2.21420001983643 1.0336400270462
2.22181010246277 1.03735995292664
2.22946000099182 1.04109001159668
2.23714995384216 1.0448499917984
2.24486994743347 1.04861998558044
2.25262999534607 1.05241000652313
2.26043009757996 1.05622005462646
2.26826000213623 1.06003999710083
2.27612996101379 1.06388998031616
2.28403997421265 1.06774997711182
2.29198002815247 1.07163000106812
2.299959897995 1.07552003860474
2.30797004699707 1.07943999767303
2.31603002548218 1.08336997032166
2.32412004470825 1.08731997013092
2.33225011825562 1.09128999710083
2.34040999412537 1.09527003765106
2.34860992431641 1.09927999973297
2.35685992240906 1.1032999753952
2.36512994766235 1.10733997821808
2.37345004081726 1.1114000082016
2.38179993629456 1.11547005176544
2.39018988609314 1.11957001686096
2.39861989021301 1.1236799955368
2.40708994865417 1.12781000137329
2.4155900478363 1.13196003437042
2.42412996292114 1.13612997531891
2.43270993232727 1.14031994342804
2.44132995605469 1.14452004432678
2.44999003410339 1.14874005317688
2.45867991447449 1.15298998355865
2.46741008758545 1.15725004673004
2.47618007659912 1.16152000427246
2.4849898815155 1.16582000255585
2.49383997917175 1.17013001441956
2.50272989273071 1.17446994781494
2.51165008544922 1.17882001399994
2.52061009407043 1.18318998813629
2.52960991859436 1.18757998943329
2.53865003585815 1.19199001789093
2.54772996902466 1.1964099407196
2.55683994293213 1.20086002349854
2.56599998474121 1.2053200006485
2.57519006729126 1.20980000495911
2.58441996574402 1.21430003643036
2.59368991851807 1.21881997585297
2.6029999256134 1.22335994243622
2.61233997344971 1.22791004180908
2.62173008918762 1.23248994350433
2.63115000724792 1.2370799779892
2.64060997962952 1.2416900396347
2.6501100063324 1.24632000923157
2.65965008735657 1.25097000598907
2.66922998428345 1.2556300163269
2.67883992195129 1.26031994819641
2.68848991394043 1.26502001285553
2.69817996025085 1.269739985466
2.70791006088257 1.27447998523712
2.71767997741699 1.27924001216888
2.72748994827271 1.284019947052
2.73732995986938 1.28882002830505
2.74721002578735 1.29363000392914
2.75712990760803 1.29846000671387
2.76709008216858 1.30331003665924
2.77709007263184 1.30817997455597
2.78712010383606 1.31307005882263
2.79718995094299 1.31797003746033
2.80730009078979 1.32289004325867
2.81745004653931 1.32782995700836
2.82763004302979 1.33279001712799
2.83785009384155 1.33776998519897
2.84810996055603 1.34275996685028
2.8584098815918 1.34777998924255
2.86875009536743 1.35281002521515
2.87912011146545 1.3578599691391
2.88952994346619 1.36292004585266
2.89997005462646 1.3680100440979
2.91045999526978 1.37311005592346
2.92097997665405 1.37822997570038
2.9315299987793 1.38337004184723
2.94213008880615 1.38853001594543
2.9527599811554 1.39370000362396
2.96341991424561 1.39889001846313
2.97412991523743 1.40409994125366
2.98486995697021 1.4093199968338
2.99565005302429 1.41456997394562
3.00645995140076 1.41982996463776
3.01730990409851 1.42510998249054
3.02818989753723 1.43040001392365
3.03910994529724 1.43570995330811
3.05007004737854 1.4410400390625
3.06105995178223 1.44639003276825
3.0720899105072 1.45175004005432
3.08314990997314 1.45712995529175
3.09424996376038 1.46253001689911
3.1053900718689 1.4679399728775
3.1165599822998 1.47337996959686
3.12775993347168 1.47881996631622
3.13899993896484 1.48429000377655
3.15026998519897 1.4897700548172
3.16158008575439 1.4952700138092
3.1729199886322 1.50077998638153
3.1842999458313 1.5063099861145
3.19570994377136 1.51186001300812
3.20715999603271 1.51742005348206
3.21864008903503 1.52300000190735
3.23014998435974 1.52859997749329
3.24169993400574 1.53420996665955
3.2532799243927 1.53983998298645
3.26488995552063 1.54548001289368
3.27654004096985 1.55113995075226
3.28821992874146 1.55682003498077
3.29994010925293 1.56251001358032
3.31168007850647 1.56822001934052
3.3234601020813 1.57394003868103
3.33527994155884 1.5796799659729
3.3471200466156 1.58543002605438
3.35899996757507 1.59119999408722
3.37090992927551 1.5969899892807
3.38284993171692 1.6027899980545
3.39481997489929 1.60860002040863
3.40683007240295 1.61442995071411
3.41885995864868 1.62028002738953
3.4309298992157 1.62613999843597
3.44303011894226 1.63201999664307
3.45515990257263 1.63791000843048
3.46731996536255 1.64381003379822
3.47952008247375 1.64972996711731
3.49173998832703 1.65566003322601
3.50398993492126 1.66161000728607
3.51627993583679 1.66758000850677
3.52858996391296 1.67355000972748
3.54094004631042 1.67955005168915
3.55330991744995 1.68554997444153
3.56572008132935 1.69157004356384
3.57815003395081 1.69761002063751
3.59062004089355 1.7036600112915
3.60311007499695 1.70972001552582
3.61562991142273 1.71580004692078
3.62819004058838 1.72188997268677
3.64076995849609 1.72799003124237
3.65337991714478 1.73410999774933
3.66601991653442 1.74023997783661
3.67867994308472 1.74638998508453
3.6913800239563 1.75253999233246
3.70409989356995 1.75872004032135
3.71685004234314 1.76489996910095
3.72962999343872 1.77110004425049
3.74243998527527 1.77731001377106
3.75528001785278 1.78354001045227
3.76814007759094 1.78977000713348
3.78102993965149 1.79602003097534
3.79395008087158 1.80228996276855
3.80689001083374 1.80856001377106
3.81985998153687 1.81484997272491
3.83285999298096 1.82115995883942
3.84589004516602 1.82746994495392
3.85893988609314 1.83379995822906
3.87202000617981 1.84013998508453
3.88511991500854 1.84649002552032
3.89825010299683 1.85284996032715
3.9114100933075 1.85923004150391
3.92459011077881 1.8656200170517
3.93779993057251 1.87202000617981
3.95103001594543 1.87843000888824
3.96428990364075 1.88486003875732
3.97757005691528 1.89128994941711
3.99088001251221 1.89774000644684
4.0042200088501 1.9041999578476
4.01758003234863 1.91067004203796
4.03096008300781 1.91716003417969
4.04437017440796 1.92365002632141
4.05779981613159 1.93016004562378
4.07125997543335 1.93667995929718
4.08474016189575 1.94321000576019
4.09824991226196 1.94974994659424
4.11178016662598 1.9563000202179
4.12532997131348 1.96287000179291
4.13890981674194 1.96943998336792
4.15251016616821 1.97602999210358
4.16614007949829 1.98262000083923
4.17979001998901 1.98923003673553
4.19345998764038 1.99584996700287
4.20714998245239 2.00248003005981
4.22087001800537 2.00911998748779
4.23461008071899 2.01576995849609
4.24838018417358 2.02242994308472
4.26215982437134 2.02910995483398
4.27596998214722 2.03578996658325
4.28980016708374 2.04247999191284
4.30365991592407 2.04919004440308
4.31753015518188 2.05590009689331
4.33142995834351 2.06262993812561
4.34534978866577 2.06936001777649
4.35929012298584 2.07610988616943
4.37326002120972 2.08285999298096
4.38723993301392 2.08962988853455
4.40124988555908 2.09640002250671
4.41527986526489 2.10318994522095
4.42932987213135 2.1099898815155
4.44339990615845 2.11679005622864
4.45748996734619 2.12361001968384
4.47160005569458 2.13042998313904
4.48574018478394 2.13726997375488
4.49988985061646 2.14410996437073
4.5140700340271 2.15096998214722
4.52826023101807 2.15782999992371
4.54247999191284 2.16470003128052
4.55671977996826 2.17159008979797
4.57098007202148 2.17847990989685
4.58525991439819 2.18537998199463
4.59954977035522 2.19229006767273
4.61387014389038 2.19920992851257
4.62821006774902 2.20614004135132
4.64257001876831 2.21307992935181
4.65694999694824 2.2200300693512
4.67135000228882 2.22698998451233
4.68576002120972 2.23395991325378
4.70020008087158 2.24093008041382
4.71466016769409 2.24792003631592
4.72912979125977 2.25490999221802
4.74362993240356 2.26191997528076
4.75814008712769 2.26892995834351
4.77267980575562 2.27594995498657
4.78723001480103 2.28297996520996
4.80179977416992 2.29001998901367
4.81639003753662 2.29706001281738
4.83099985122681 2.30412006378174
4.84563016891479 2.31118011474609
4.86028003692627 2.31825995445251
4.87493991851807 2.32534003257751
4.88962984085083 2.33242988586426
4.90432977676392 2.3395299911499
4.9190502166748 2.34663009643555
4.93379020690918 2.35374999046326
4.9485502243042 2.36086988449097
4.96332979202271 2.3680100440979
4.97811985015869 2.37514996528625
4.99292993545532 2.38229990005493
5.0077600479126 2.38945007324219
5.02261018753052 2.39662003517151
5.0374698638916 2.40378999710083
5.05236005783081 2.41096997261047
5.06725978851318 2.41815996170044
5.08218002319336 2.42535996437073
5.0971097946167 2.43256998062134
5.11207008361816 2.43977999687195
5.12703990936279 2.44700002670288
5.14202976226807 2.45424008369446
5.15703010559082 2.46146988868713
5.17204999923706 2.46871995925903
5.18708992004395 2.47597002983093
5.20214986801147 2.4832398891449
5.21722984313965 2.49049997329712
5.23231983184814 2.49778008460999
5.24742984771729 2.50506997108459
5.26254987716675 2.51236009597778
5.27768993377686 2.51965999603271
5.29285001754761 2.52696990966797
5.308030128479 2.53429007530212
5.32321977615356 2.5416100025177
5.33842992782593 2.5489399433136
5.35366010665894 2.55627989768982
5.36889982223511 2.56363010406494
5.38416004180908 2.57098007202148
5.39942979812622 2.57834005355835
5.41472005844116 2.58571004867554
5.43002986907959 2.59309005737305
5.44536018371582 2.60047006607056
5.46070003509521 2.60786008834839
5.47604990005493 2.61525988578796
5.49142980575562 2.62266993522644
5.50681018829346 2.63007998466492
5.52222013473511 2.63750004768372
5.53764009475708 2.64492988586426
5.5530800819397 2.65235996246338
5.56853008270264 2.65981006622314
5.58400011062622 2.66725993156433
5.59948015213013 2.6747100353241
5.614990234375 2.68217992782593
5.63049983978271 2.68965005874634
5.64602994918823 2.69712996482849
5.66158008575439 2.70461010932922
5.67714977264404 2.71211004257202
5.69271993637085 2.71960997581482
5.70832014083862 2.72710990905762
5.72392988204956 2.73463010787964
5.7395601272583 2.74215006828308
5.75519990921021 2.74968004226685
5.77085018157959 2.75721001625061
5.78653001785278 2.7647500038147
5.80220985412598 2.77230000495911
5.81792020797729 2.77986001968384
5.83363008499146 2.78742003440857
5.84937000274658 2.79499006271362
5.86511993408203 2.802570104599
5.8808798789978 2.8101499080658
5.89665985107422 2.81773996353149
5.91244983673096 2.82534003257751
5.92825984954834 2.83294010162354
5.94408988952637 2.8405499458313
5.95992994308472 2.84817004203796
5.97578001022339 2.85579991340637
5.99165010452271 2.86343002319336
6.00754022598267 2.87106990814209
6.02343988418579 2.8787100315094
6.0393500328064 2.88635993003845
6.05528020858765 2.89402008056641
6.07121992111206 2.9016900062561
6.08718013763428 2.9093599319458
6.10315990447998 2.9170401096344
6.11914014816284 2.92472004890442
6.13514995574951 2.93241000175476
6.1511697769165 2.94010996818542
6.16720008850098 2.94780993461609
6.18324995040894 2.9555299282074
6.19930982589722 2.96323990821838
6.2153902053833 2.97096991539001
6.23148012161255 2.97869992256165
6.24758005142212 2.9864399433136
6.26370000839233 2.99417996406555
6.27983999252319 3.00192999839783
6.29598999023438 3.00969004631042
6.31215000152588 3.01745009422302
6.32833003997803 3.02522993087769
6.34453010559082 3.03299999237061
6.36073017120361 3.04079008102417
6.37695980072021 3.04857993125916
6.39318990707397 3.05637001991272
6.40944004058838 3.06416988372803
6.42571020126343 3.07197999954224
6.44198989868164 3.07979989051819
6.45828008651733 3.08762001991272
6.47458982467651 3.09544992446899
6.49091005325317 3.10329008102417
6.50724983215332 3.11112999916077
6.52360010147095 3.11896991729736
6.53996992111206 3.12683010101318
6.55635023117065 3.13469004631042
6.57274007797241 3.14256000518799
6.58914995193481 3.15042996406555
6.60556983947754 3.15830993652344
6.62201023101807 3.16618990898132
6.63846015930176 3.17408990859985
6.65493011474609 3.18198990821838
6.67141008377075 3.18988990783691
6.68790006637573 3.19779992103577
6.70441007614136 3.20571994781494
6.7209300994873 3.21363997459412
6.73746013641357 3.22157001495361
6.75401020050049 3.22951006889343
6.77057981491089 3.23744988441467
6.78715991973877 3.24539995193481
6.80375003814697 3.25336003303528
6.8203501701355 3.26132011413574
6.83696985244751 3.26927995681763
6.85361003875732 3.27726006507874
6.8702597618103 3.28523993492126
6.88691997528076 3.29322004318237
6.90360021591187 3.30121994018555
6.92028999328613 3.3092200756073
6.93698978424072 3.31721997261047
6.95371007919312 3.32522988319397
6.97043991088867 3.33325004577637
6.98718976974487 3.34126996994019
7.00395011901855 3.34929990768433
7.0207200050354 3.35734009742737
7.03750991821289 3.36538004875183
7.0543098449707 3.37343001365662
7.07112979888916 3.3814799785614
7.08795022964478 3.38953995704651
7.1048002243042 3.39760994911194
7.12166023254395 3.40567994117737
7.13852977752686 3.41375994682312
7.15540981292725 3.42184996604919
7.17230987548828 3.42993998527527
7.18921995162964 3.43804001808167
7.20615005493164 3.44614005088806
7.22309017181396 3.45425009727478
7.24004983901978 3.46236991882324
7.25700998306274 3.47048997879028
7.27400016784668 3.47862005233765
7.29098987579346 3.48674988746643
7.30800008773804 3.49488997459412
7.32501983642578 3.50304007530212
7.34206008911133 3.51118993759155
7.35910987854004 3.51935005187988
7.37618017196655 3.52750992774963
7.39326000213623 3.53569006919861
7.41034984588623 3.54385995864868
7.42745018005371 3.55205011367798
7.444580078125 3.5602400302887
7.46170997619629 3.56842994689941
7.47885990142822 3.57663011550903
7.49601984024048 3.5848400592804
7.51318979263306 3.59305000305176
7.53037977218628 3.60126996040344
7.54758977890015 3.60949993133545
7.56479978561401 3.61772990226746
7.58202981948853 3.62596988677979
7.59927988052368 3.63421010971069
7.61652994155884 3.64246010780334
7.63381004333496 3.65071988105774
7.65109014511108 3.65897989273071
7.66838979721069 3.66724991798401
7.68569993972778 3.6755199432373
7.70303010940552 3.68379998207092
7.72036981582642 3.69209003448486
7.73772001266479 3.7003800868988
7.75509023666382 3.70867991447449
7.77246999740601 3.71697998046875
7.78986978530884 3.72530007362366
7.80728006362915 3.73360991477966
7.82469987869263 3.74193000793457
7.84214019775391 3.7502601146698
7.85959005355835 3.75859999656677
7.87704992294312 3.76694011688232
7.89452981948853 3.77529001235962
7.91202020645142 3.78363990783691
7.92953014373779 3.79200005531311
7.94705009460449 3.80035996437073
7.96458005905151 3.80872988700867
7.98213005065918 3.81711006164551
7.99969005584717 3.82548999786377
8.01725959777832 3.83387994766235
8.03485012054443 3.84227991104126
8.05245018005371 3.85068011283875
8.07007026672363 3.85909008979797
8.08769989013672 3.8675000667572
8.10534000396729 3.87592005729675
8.1230001449585 3.8843400478363
8.14066982269287 3.8927800655365
8.15834999084473 3.90121006965637
8.17605018615723 3.90966010093689
8.19375991821289 3.91810989379883
8.2114896774292 3.92655992507935
8.22922992706299 3.93501996994019
8.24697971343994 3.94349002838135
8.26474952697754 3.95196008682251
8.28252983093262 3.96043992042542
8.30033016204834 3.96893000602722
8.31812953948975 3.97742009162903
8.33596038818359 3.98591995239258
8.35379028320313 3.99442005157471
8.3716402053833 4.00293016433716
8.38951015472412 4.01144981384277
8.40738010406494 4.01996994018555
8.42527961730957 4.02850008010864
8.44318008422852 4.03703022003174
8.46109962463379 4.045569896698
8.47902965545654 4.05412006378174
8.49697971343994 4.06267023086548
8.51494026184082 4.07122993469238
8.53291988372803 4.07979011535645
8.55090999603271 4.08835983276367
8.56890964508057 4.09694004058838
8.5869197845459 4.10551977157593
8.60494995117188 4.11410999298096
8.6230001449585 4.12271022796631
8.64105987548828 4.1313099861145
8.65913009643555 4.13991022109985
8.67720985412598 4.14853000640869
8.69530963897705 4.15714979171753
8.71343040466309 4.16577005386353
8.7315502166748 4.17439985275269
8.74969959259033 4.18304014205933
8.76784992218018 4.19167995452881
8.78602027893066 4.20032978057861
8.80420017242432 4.2089900970459
8.82240009307861 4.21764993667603
8.84060955047607 4.22630977630615
8.8588399887085 4.23499011993408
8.87707996368408 4.24366998672485
8.89533042907715 4.25234985351563
8.91359996795654 4.26104021072388
8.93187999725342 4.26974010467529
8.95016956329346 4.27845001220703
8.96848011016846 4.28715991973877
8.98680019378662 4.29586982727051
9.00514030456543 4.30459022521973
9.0234899520874 4.31332015991211
9.04185962677002 4.32206010818481
9.06023025512695 4.33080005645752
9.0786304473877 4.33954000473022
9.0970401763916 4.34828996658325
9.11546039581299 4.3570499420166
9.13389015197754 4.36581993103027
9.15233993530273 4.37458992004395
9.17080020904541 4.38336992263794
9.18927955627441 4.39214992523193
9.20777034759521 4.40093994140625
9.22628021240234 4.40972995758057
9.24479961395264 4.41852998733521
9.26333045959473 4.42734003067017
9.28188037872314 4.43616008758545
9.30043983459473 4.44498014450073
9.31902027130127 4.45380020141602
9.33761024475098 4.46262979507446
9.35620975494385 4.47146987915039
9.37483024597168 4.48031997680664
9.39346027374268 4.48917007446289
9.41211032867432 4.49802017211914
9.43076992034912 4.50687980651855
9.44944953918457 4.51574993133545
9.4681396484375 4.52463006973267
9.48684024810791 4.53351020812988
9.50555992126465 4.54239988327026
9.52429008483887 4.5512900352478
9.54304027557373 4.56019020080566
9.56180000305176 4.56909990310669
9.58057022094727 4.57801008224487
9.59936046600342 4.58692979812622
9.61816024780273 4.59584999084473
9.6369800567627 4.60478019714355
9.65581035614014 4.61371994018555
9.67465972900391 4.6226601600647
9.69351959228516 4.63160991668701
9.71238994598389 4.64056015014648
9.73128032684326 4.64951992034912
9.75018978118896 4.65849018096924
9.76910972595215 4.66746997833252
9.78804016113281 4.6764497756958
9.80698013305664 4.68543004989624
9.82594013214111 4.69441986083984
9.84492015838623 4.70342016220093
9.86390972137451 4.71243000030518
9.88290977478027 4.72143983840942
9.90192985534668 4.73045015335083
9.92096996307373 4.73948001861572
9.94001007080078 4.74850988388062
9.95907020568848 4.75754022598267
9.97815036773682 4.7665901184082
9.99724006652832 4.77562999725342
10.016300201416 4.78468990325928
