0.544565975666046 0.231372997164726
0.544076025485992 0.231029003858566
0.543587028980255 0.230684995651245
0.543098986148834 0.230342999100685
0.54261302947998 0.230002000927925
0.54212898015976 0.229662999510765
0.541646003723145 0.229324996471405
0.541164994239807 0.228988006711006
0.540684998035431 0.228652000427246
0.540206015110016 0.228318005800247
0.53973001241684 0.227984994649887
0.539254009723663 0.227652996778488
0.538780987262726 0.227321997284889
0.538308024406433 0.22699299454689
0.537837028503418 0.226665005087852
0.53736799955368 0.226337999105453
0.536899983882904 0.226012006402016
0.53643399477005 0.225687995553017
0.535969018936157 0.225363999605179
0.535504996776581 0.225042000412941
0.535043001174927 0.224720999598503
0.53458297252655 0.224401995539665
0.534123003482819 0.224083006381989
0.533666014671326 0.223765999078751
0.533209025859833 0.223450005054474
0.532754004001617 0.223134994506836
0.532301008701324 0.222820997238159
0.531849026679993 0.222508996725082
0.531397998332977 0.222196996212006
0.530948996543884 0.22188700735569
0.530501008033752 0.221578001976013
0.530053973197937 0.221269994974136
0.529609024524689 0.220963001251221
0.529165983200073 0.220657005906105
0.528723001480103 0.220351994037628
0.528281986713409 0.220048993825912
0.527842998504639 0.219747006893158
0.527404010295868 0.219445005059242
0.526966989040375 0.219144999980927
0.526531994342804 0.218845993280411
0.526098012924194 0.218547999858856
0.525664985179901 0.218252003192902
0.525232970714569 0.217956006526947
0.524802982807159 0.217660993337631
0.524374008178711 0.217368006706238
0.523945987224579 0.217075005173683
0.523519992828369 0.216784000396729
0.523095011711121 0.216492995619774
0.522670984268188 0.21620400249958
0.522248983383179 0.215915992856026
0.52182799577713 0.215628996491432
0.521408021450043 0.215342998504639
0.520990014076233 0.215057998895645
0.520572006702423 0.214773997664452
0.520156025886536 0.214490994811058
0.519742012023926 0.214209005236626
0.519327998161316 0.213927999138832
0.518916010856628 0.21364800632
0.518504977226257 0.213368996977806
0.518096029758453 0.213091000914574
0.517687022686005 0.212814003229141
0.517279982566833 0.212538003921509
0.516874015331268 0.212264001369476
0.51646900177002 0.211989998817444
0.516066014766693 0.211716994643211
0.515663981437683 0.21144500374794
0.515263020992279 0.211173996329308
0.514863014221191 0.210904002189636
0.514464020729065 0.210636004805565
0.514066994190216 0.210368007421494
0.513670980930328 0.210100993514061
0.513275980949402 0.20983499288559
0.512881994247437 0.209570005536079
0.512489974498749 0.209306001663208
0.512098014354706 0.209042996168137
0.51170802116394 0.208781003952026
0.511318981647491 0.208518996834755
0.510931015014648 0.208259001374245
0.510545015335083 0.208000004291534
0.510159015655518 0.207742005586624
0.50977498292923 0.207484006881714
0.509392023086548 0.207228004932404
0.509010016918182 0.206972002983093
0.508629024028778 0.206717997789383
0.508249998092651 0.206463992595673
0.507870972156525 0.206211000680923
0.50749397277832 0.205959007143974
0.507117986679077 0.205708995461464
0.506743013858795 0.205458998680115
0.50636899471283 0.205209001898766
0.505995988845825 0.204961001873016
0.505623996257782 0.204714000225067
0.505253970623016 0.204467996954918
0.504884004592896 0.204221993684769
0.504516005516052 0.203977003693581
0.50414901971817 0.203733995556831
0.503782987594604 0.203491002321243
0.503418028354645 0.203248992562294
0.503054022789001 0.203007996082306
0.502690970897675 0.202767997980118
0.502330005168915 0.20252799987793
0.50196897983551 0.202289998531342
0.501609981060028 0.202051997184753
0.501250982284546 0.201814994215965
0.500894010066986 0.201579004526138
0.500537991523743 0.20134399831295
0.50018298625946 0.201110005378723
0.499828994274139 0.200876995921135
0.499475985765457 0.200644001364708
0.499123990535736 0.200413003563881
0.498773008584976 0.200182005763054
0.498423010110855 0.199952006340027
0.498075008392334 0.1997230052948
0.497727006673813 0.199494004249573
0.497379988431931 0.199266999959946
0.497034996747971 0.199039995670319
0.496690005064011 0.198815003037453
0.496347010135651 0.198589995503426
0.496004998683929 0.19836500287056
0.495662987232208 0.198142006993294
0.495323002338409 0.197918996214867
0.494984000921249 0.197697997093201
0.494646012783051 0.197476997971535
0.49430900812149 0.197256997227669
0.49397200345993 0.197036996483803
0.49363699555397 0.196819007396698
0.493303000926971 0.196601003408432
0.492969989776611 0.196383997797966
0.492637991905212 0.196168005466461
0.492307007312775 0.195952996611595
0.491977006196976 0.19573800265789
0.491647988557816 0.195524007081985
0.491320013999939 0.195310994982719
0.490992993116379 0.195098996162415
0.49066698551178 0.19488799571991
0.490341991186142 0.194676995277405
0.490018010139465 0.1944669932127
0.489695012569427 0.194258004426956
0.489372998476028 0.194049999117851
0.489051997661591 0.193841993808746
0.488732010126114 0.193635001778603
0.488413006067276 0.193428993225098
0.488094985485077 0.193223997950554
0.487778007984161 0.19301900267601
0.487462013959885 0.192816004157066
0.487147003412247 0.192613005638123
0.48683300614357 0.192410007119179
0.486519992351532 0.192209005355835
0.486207991838455 0.192008003592491
0.48589700460434 0.191808000206947
0.485587000846863 0.191608995199203
0.485278010368347 0.191410005092621
0.484968990087509 0.191211998462677
0.484661996364594 0.191015005111694
0.484355986118317 0.19081899523735
0.484050989151001 0.190623000264168
0.483745992183685 0.190429002046585
0.48344299197197 0.190234005451202
0.483139991760254 0.19004100561142
0.482838988304138 0.189848005771637
0.482538014650345 0.189656004309654
0.482239007949829 0.189465001225471
0.481940001249313 0.189274996519089
0.481642007827759 0.189085006713867
0.481346011161804 0.188896000385284
0.48105001449585 0.188706994056702
0.480755001306534 0.18851999938488
0.480461001396179 0.188333004713058
0.480168014764786 0.188146993517876
0.479876011610031 0.187960997223854
0.479584991931915 0.187775999307632
0.479294985532761 0.187591999769211
0.479005992412567 0.187408998608589
0.478718012571335 0.187225997447968
0.47843000292778 0.187043994665146
0.478143990039825 0.186863005161285
0.477858006954193 0.186682000756264
0.477573990821838 0.186501994729042
0.477290004491806 0.186323001980782
0.477007001638412 0.18614399433136
0.476725995540619 0.185965999960899
0.476444989442825 0.185789003968239
0.476164996623993 0.185613006353378
0.475885987281799 0.185436993837357
0.475607991218567 0.185261994600296
0.475331008434296 0.185086995363235
0.475055009126663 0.184913992881775
0.474779009819031 0.184741005301476
0.474505007266998 0.184568002820015
0.474231004714966 0.184396997094154
0.473958998918533 0.184226006269455
0.473686993122101 0.184055000543594
0.473417013883591 0.183886006474495
0.473147004842758 0.183716997504234
0.472878009080887 0.183548003435135
0.472609996795654 0.183381006121635
0.472342997789383 0.183213993906975
0.472077012062073 0.183046996593475
0.47181099653244 0.182881996035576
0.47154700756073 0.182716995477676
0.471284002065659 0.182551994919777
0.471020996570587 0.182389006018639
0.470759987831116 0.182226002216339
0.470499008893967 0.18206299841404
0.470239013433456 0.181902006268501
0.469980001449585 0.181740999221802
0.469722002744675 0.181580007076263
0.469464987516403 0.181420996785164
0.469208985567093 0.181262001395226
0.468953996896744 0.181103006005287
0.468699008226395 0.180946007370949
0.468445986509323 0.180788993835449
0.468194007873535 0.180631995201111
0.467941999435425 0.180475994944572
0.467691004276276 0.180320993065834
0.467440992593765 0.180167004466057
0.467191994190216 0.180013000965118
0.466944009065628 0.17985999584198
0.466697007417679 0.179707005620003
0.466450989246368 0.179555997252464
0.466206014156342 0.179404005408287
0.465961992740631 0.179253995418549
0.465718001127243 0.179104000329971
0.465476006269455 0.178955003619194
0.465234011411667 0.178806006908417
0.464993000030518 0.178657993674278
0.464753001928329 0.178510993719101
0.464515000581741 0.178363993763924
0.464276999235153 0.178218007087708
0.464038997888565 0.17807300388813
0.463802993297577 0.177928000688553
0.46356800198555 0.177783995866776
0.463333994150162 0.177641004323959
0.463099986314774 0.177497997879982
0.462868005037308 0.177356004714966
0.46263599395752 0.177213996648788
0.462404996156693 0.177074000239372
0.462175995111465 0.176933005452156
0.461946994066238 0.17679400742054
0.461719006299973 0.176654994487762
0.461492002010345 0.176516994833946
0.46126601099968 0.17637899518013
0.461039990186691 0.176241993904114
0.460815995931625 0.176106005907059
0.460592985153198 0.175970003008842
0.460370987653732 0.175834998488426
0.460148990154266 0.175701007246971
0.4599289894104 0.175567001104355
0.459708988666534 0.175433993339539
0.45949000120163 0.175301000475883
0.459271997213364 0.175169005990028
0.459055989980698 0.175037994980812
0.458840012550354 0.174907997250557
0.458624988794327 0.174777999520302
0.458411008119583 0.174649000167847
0.458198010921478 0.174520000815392
0.457985997200012 0.174391999840736
0.457774996757507 0.174264997243881
0.457563996315002 0.174137994647026
0.457354992628098 0.174012005329132
0.457147002220154 0.173886999487877
0.456939995288849 0.173761993646622
0.456732988357544 0.173638001084328
0.456528007984161 0.173515006899834
0.456322997808456 0.173391997814178
0.456120014190674 0.173270002007484
0.455917000770569 0.17314900457859
0.455716013908386 0.173028007149696
0.455514997243881 0.172907993197441
0.455316007137299 0.172787994146347
0.455116987228394 0.172670006752014
0.454919993877411 0.17255200445652
0.454723000526428 0.172434002161026
0.454526990652084 0.172316998243332
0.454333007335663 0.172200992703438
0.454138994216919 0.172086000442505
0.453947007656097 0.171970993280411
0.453754991292953 0.171856999397278
0.453565001487732 0.171744003891945
0.45337501168251 0.171630993485451
0.453186005353928 0.171518996357918
0.452998995780945 0.171406999230385
0.452811986207962 0.171296998858452
0.452627003192902 0.171186998486519
0.45244300365448 0.171076998114586
0.452259004116058 0.170968994498253
0.452077001333237 0.170861005783081
0.451896011829376 0.170753002166748
0.451714992523193 0.170646995306015
0.451535999774933 0.170541003346443
0.451357990503311 0.17043599486351
0.451180994510651 0.170331001281738
0.451005011796951 0.170227006077766
0.45083099603653 0.170123994350433
0.45065701007843 0.170021995902061
0.45048400759697 0.16991999745369
0.450313001871109 0.169818997383118
0.450141996145248 0.169718995690346
0.449972987174988 0.169620007276535
0.449804991483688 0.169521003961563
0.44963800907135 0.169422999024391
0.449472010135651 0.16932600736618
0.44930699467659 0.169229000806808
0.449144005775452 0.169132992625237
0.448980987071991 0.169037997722626
0.448819994926453 0.168944001197815
0.448659986257553 0.168850004673004
0.448500990867615 0.168757006525993
0.448343008756638 0.168665006756783
0.448186993598938 0.168574005365372
0.4480319917202 0.168483003973961
0.447878003120422 0.16839399933815
0.447724997997284 0.168304994702339
0.447573006153107 0.16821700334549
0.447423011064529 0.168128997087479
0.447273999452591 0.168042004108429
0.447126001119614 0.167956992983818
0.446979999542236 0.167871996760368
0.44683501124382 0.167787000536919
0.446691006422043 0.167704001069069
0.446548998355865 0.167621001601219
0.446406990289688 0.167539998888969
0.446267992258072 0.16745899617672
0.446128994226456 0.167379006743431
0.445991992950439 0.167300000786781
0.445856004953384 0.167220994830132
0.445722013711929 0.167144000530243
0.445589005947113 0.167067006230354
0.445457994937897 0.166990995407104
0.445327997207642 0.166915997862816
0.445199012756348 0.166842997074127
0.445071995258331 0.166768997907639
0.444947004318237 0.16669699549675
0.444822996854782 0.166626006364822
0.444700986146927 0.166556000709534
0.444579988718033 0.166485995054245
0.4444600045681 0.166418001055717
0.444343000650406 0.16635100543499
0.444227010011673 0.166283994913101
0.444112002849579 0.166218996047974
0.444000005722046 0.166153997182846
0.443888008594513 0.166090995073318
0.443778991699219 0.166027992963791
0.443670988082886 0.165967002511024
0.443565994501114 0.165906995534897
0.443461000919342 0.16584700345993
0.443358987569809 0.165788993239403
0.443259000778198 0.165731996297836
0.443159997463226 0.16567599773407
0.443064004182816 0.165620997548103
0.442968994379044 0.165566995739937
0.442876011133194 0.165514007210732
0.442784994840622 0.165463000535965
0.442696988582611 0.16541300714016
0.442609995603561 0.165363997220993
0.442524999380112 0.165316000580788
0.442443013191223 0.165269002318382
0.442362993955612 0.165224000811577
0.442285001277924 0.165179997682571
0.442209005355835 0.165136992931366
0.442135006189346 0.165095999836922
0.442063987255096 0.165056005120277
0.44199600815773 0.165016993880272
0.441929012537003 0.164979994297028
0.441866010427475 0.164943993091583
0.441805005073547 0.1649100035429
0.44174599647522 0.164876997470856
0.441689997911453 0.164846003055573
0.441637009382248 0.164816007018089
0.441587001085281 0.164787992835045
0.441540002822876 0.164761006832123
0.441495001316071 0.16473600268364
0.441453993320465 0.164712995290756
0.441415995359421 0.164691999554634
0.441381007432938 0.164672002196312
0.441348999738693 0.16465499997139
0.44132000207901 0.164638996124268
0.441296011209488 0.164625003933907
0.441273987293243 0.164612993597984
0.441256999969482 0.164602994918823
0.44124299287796 0.164596006274223
0.44123300909996 0.164590001106262
0.441226989030838 0.164587005972862
0.441224992275238 0.164585992693901
0.441226005554199 0.164585992693901
0.44123101234436 0.164589002728462
0.44124099612236 0.164594992995262
0.441255003213882 0.164601996541023
0.441275000572205 0.164612993597984
0.441298991441727 0.164627000689507
0.441329002380371 0.164643004536629
0.441363990306854 0.164662003517151
0.44140499830246 0.164684996008873
0.441451996564865 0.164710998535156
0.441505014896393 0.164739996194839
0.441565006971359 0.164773002266884
0.441632002592087 0.164809003472328
0.441706001758575 0.164849996566772
0.441787004470825 0.164893999695778
0.441877007484436 0.164942994713783
0.441974997520447 0.16499699652195
0.442081987857819 0.165055006742477
0.442198008298874 0.165117993950844
0.442324995994568 0.165187001228333
0.442461997270584 0.165261998772621
0.442609995603561 0.165342003107071
0.4427709877491 0.165428996086121
0.442945003509521 0.165522992610931
0.443132013082504 0.165625005960464
0.443334996700287 0.165735006332397
0.443554997444153 0.16585299372673
0.44379198551178 0.165980994701385
0.444049000740051 0.166118994355202
0.444326996803284 0.16626900434494
0.444629013538361 0.166430994868279
0.444956988096237 0.1666070073843
0.445313990116119 0.166798993945122
0.445704013109207 0.167006999254227
0.446130990982056 0.167236000299454
0.446601003408432 0.167485997080803
0.447118997573853 0.167761996388435
0.44769299030304 0.168068006634712
0.448332011699677 0.168406993150711
0.44904699921608 0.168786004185677
0.449849009513855 0.169211000204086
0.45075199007988 0.169688001275063
0.451766014099121 0.170221999287605
0.452892005443573 0.170813992619514
0.454117000102997 0.17145699262619
0.455410987138748 0.17213499546051
0.456737995147705 0.172828003764153
0.458061993122101 0.173518002033234
0.459360986948013 0.174193993210793
0.460624009370804 0.17485000193119
0.461847990751266 0.175485000014305
0.463034003973007 0.176099002361298
0.464183002710342 0.176694005727768
0.465299993753433 0.177269995212555
0.466385990381241 0.177830994129181
0.467445999383926 0.178377002477646
0.468481987714767 0.178911000490189
0.469496995210648 0.17943200469017
0.470490992069244 0.17994299530983
0.47146800160408 0.180445000529289
0.472429007291794 0.180938005447388
0.473374992609024 0.181421995162964
0.474308013916016 0.18189999461174
0.475228995084763 0.182371005415916
0.47613799571991 0.18283599615097
0.477037012577057 0.183294996619225
0.477925986051559 0.183749005198479
0.478805989027023 0.184198006987572
0.479678004980087 0.184642001986504
0.480542004108429 0.185083001852036
0.48139899969101 0.185518994927406
0.482248991727829 0.185951992869377
0.483092993497849 0.186380997300148
0.483931005001068 0.186807006597519
0.484762996435165 0.187230005860329
0.485590994358063 0.187649995088577
0.48641300201416 0.188067004084587
0.487230986356735 0.188482001423836
0.488045006990433 0.188894003629684
0.488855004310608 0.189304992556572
0.489659994840622 0.189713001251221
0.490462988615036 0.190118998289108
0.491261005401611 0.190522998571396
0.492056995630264 0.190925002098083
0.492850005626678 0.191326007246971
0.49363899230957 0.191725000739098
0.494426012039185 0.192121997475624
0.495209991931915 0.192517995834351
0.495992004871368 0.192912995815277
0.496771991252899 0.193305999040604
0.497550010681152 0.19369800388813
0.498324990272522 0.194088995456696
0.499098002910614 0.194479003548622
0.499870002269745 0.194866999983788
0.500639975070953 0.195254996418953
0.501407980918884 0.195640996098518
0.502174973487854 0.196026995778084
0.502939999103546 0.196411997079849
0.503704011440277 0.196796000003815
0.504465997219086 0.19717900454998
0.505227982997894 0.197560995817184
0.505988001823425 0.19794300198555
0.506747007369995 0.198323994874954
0.507504999637604 0.19870500266552
0.508261978626251 0.199083998799324
0.509018003940582 0.199463993310928
0.509773015975952 0.199842005968094
0.510528028011322 0.200220003724098
0.511282026767731 0.200598001480103
0.512035012245178 0.200975000858307
0.512786984443665 0.201352000236511
0.513539016246796 0.201728001236916
0.514290988445282 0.20210400223732
0.515042006969452 0.202480003237724
0.515792012214661 0.202855005860329
0.516542017459869 0.203229993581772
0.517292022705078 0.203604996204376
0.518041014671326 0.203979998826981
0.518790006637573 0.204354003071785
0.519538998603821 0.204728007316589
0.520287990570068 0.205101996660233
0.521036028862 0.205475002527237
0.521785020828247 0.205849006772041
0.522532999515533 0.206221997737885
0.52328097820282 0.206595003604889
0.524029016494751 0.206967994570732
0.524776995182037 0.207341000437737
0.525524973869324 0.207714006304741
0.526274025440216 0.208086997270584
0.527022004127502 0.208459004759789
0.527769982814789 0.208831995725632
0.528518974781036 0.209205001592636
0.529267013072968 0.209576994180679
0.530016005039215 0.209950000047684
0.530764997005463 0.210323005914688
0.53151398897171 0.210694998502731
0.532263994216919 0.211068004369736
0.533012986183167 0.211440995335579
0.533762991428375 0.211814001202583
0.534514009952545 0.212185993790627
0.535264015197754 0.212558999657631
0.536014974117279 0.212932005524635
0.53676700592041 0.213305994868279
0.537518978118896 0.213679000735283
0.538271009922028 0.214052006602287
0.539023995399475 0.21442599594593
0.539776980876923 0.214800000190735
0.540530025959015 0.215173006057739
0.541284024715424 0.215546995401382
0.542038977146149 0.215921998023987
0.542793989181519 0.216296002268791
0.54355001449585 0.216671004891396
0.544305980205536 0.217044994235039
0.545063018798828 0.217419996857643
0.545819997787476 0.217795997858047
0.546577990055084 0.218171000480652
0.547336995601654 0.218547001481056
0.548096001148224 0.218923002481461
0.548856019973755 0.219299003481865
0.549616992473602 0.219675004482269
0.550378024578094 0.220052003860474
0.551140010356903 0.220429003238678
0.551903009414673 0.220806002616882
0.552666008472443 0.221184000372887
0.553430020809174 0.221561998128891
0.554194986820221 0.221939995884895
0.554961025714874 0.2223179936409
0.555728018283844 0.222697004675865
0.556495010852814 0.223076000809669
0.557263016700745 0.223455995321274
0.558031976222992 0.223836004734039
0.558802008628845 0.224215999245644
0.559572994709015 0.224595993757248
0.560343980789185 0.224977001547813
0.561116993427277 0.225357994437218
0.561890006065369 0.225740000605583
0.562663972377777 0.226122006773949
0.563439011573792 0.226503998041153
0.564215004444122 0.226887002587318
0.564992010593414 0.227270007133484
0.565769970417023 0.227653995156288
0.566549003124237 0.228037998080254
0.567328989505768 0.228422001004219
0.56810998916626 0.228807002305984
0.568892002105713 0.22919200360775
0.569674015045166 0.229578003287315
0.570457994937897 0.229964002966881
0.571242988109589 0.230351001024246
0.572028994560242 0.230737999081612
0.572816014289856 0.231124997138977
0.573603987693787 0.231512993574142
0.574392974376678 0.231902003288269
0.575182974338531 0.232290998101234
0.575975000858307 0.2326799929142
0.576767027378082 0.233070001006126
0.577561020851135 0.233459994196892
0.578355014324188 0.233851000666618
0.579150974750519 0.234242007136345
0.579948008060455 0.23463399708271
0.580745995044708 0.235027000308037
0.581544995307922 0.235419005155563
0.582345008850098 0.23581300675869
0.583146989345551 0.236206993460655
0.583949983119965 0.236600995063782
0.58475399017334 0.236995995044708
0.585559010505676 0.237391993403435
0.586364984512329 0.237788006663322
0.587172985076904 0.238184005022049
0.587981998920441 0.238581001758575
0.588792026042938 0.238978996872902
0.589603006839752 0.23937700688839
0.590416014194489 0.239776000380516
0.591229975223541 0.240176007151604
0.5920450091362 0.24057599902153
0.592860996723175 0.240976005792618
0.593679010868073 0.241377994418144
0.594497978687286 0.241778999567032
0.595318973064423 0.242182001471519
0.596140027046204 0.242585003376007
0.596964001655579 0.242988005280495
0.597787976264954 0.243392005562782
0.598613977432251 0.24379700422287
0.59944099187851 0.244203001260757
0.600269973278046 0.244608998298645
0.601100027561188 0.245014995336533
0.601930975914001 0.245423004031181
0.602764010429382 0.245830997824669
0.60359799861908 0.246239006519318
0.604434013366699 0.246647998690605
0.605270981788635 0.247058004140854
0.606109023094177 0.247468993067741
0.606948971748352 0.24787999689579
0.607789993286133 0.248291999101639
0.608632981777191 0.248704999685287
0.609477996826172 0.249118000268936
0.610323011875153 0.249531999230385
0.611171007156372 0.249945998191833
0.612020015716553 0.250360995531082
0.61286997795105 0.250777006149292
0.613722026348114 0.251194000244141
0.614575028419495 0.251610994338989
0.615429997444153 0.252029001712799
0.616286993026733 0.252447992563248
0.617145001888275 0.252867996692657
0.618004024028778 0.253288000822067
0.618865013122559 0.253708988428116
0.619728028774261 0.254130989313126
0.620593011379242 0.254552990198135
0.621457993984222 0.254976004362106
0.622326016426086 0.255400002002716
0.623194992542267 0.255823999643326
0.62406599521637 0.256249994039536
0.624938011169434 0.256675988435745
0.625813007354736 0.257102996110916
0.626688003540039 0.257530003786087
0.627565979957581 0.257959008216858
0.628445029258728 0.258388012647629
0.629324972629547 0.258818000555038
0.630208015441895 0.259249001741409
0.631092011928558 0.25968000292778
0.6319779753685 0.26011198759079
0.632865011692047 0.260544985532761
0.633755028247833 0.260978996753693
0.634645998477936 0.261413991451263
0.635538995265961 0.261848986148834
0.636433005332947 0.262286007404327
0.63732898235321 0.262722998857498
0.638226985931396 0.26316100358963
0.639127016067505 0.263599008321762
0.640029013156891 0.264039009809494
0.640932023525238 0.264479011297226
0.641837000846863 0.264921009540558
0.64274400472641 0.26536300778389
0.643652975559235 0.26580598950386
0.644563972949982 0.266249001026154
0.64547598361969 0.266694009304047
0.646390974521637 0.267138987779617
0.647306978702545 0.26758599281311
0.648225009441376 0.268032997846603
0.649145007133484 0.268480986356735
0.65006697177887 0.268929988145828
0.650990009307861 0.269380003213882
0.651916027069092 0.269831001758575
0.652842998504639 0.270282000303268
0.653773009777069 0.270734995603561
0.654703974723816 0.271187990903854
0.655637979507446 0.271641999483109
0.656572997570038 0.272096991539001
0.657509982585907 0.272554010152817
0.658448994159698 0.27301099896431
0.659389972686768 0.273469001054764
0.660332977771759 0.273927003145218
0.661279022693634 0.274387001991272
0.662226021289825 0.274848014116287
0.663174986839294 0.275310009717941
0.664125978946686 0.275772005319595
0.665078997612 0.276235997676849
0.666034996509552 0.276699990034103
0.666992008686066 0.27716600894928
0.667950987815857 0.277631998062134
0.668913006782532 0.27810001373291
0.669875979423523 0.278567999601364
0.670841991901398 0.279036998748779
0.671809017658234 0.279507994651794
0.672779023647308 0.27997899055481
0.673750996589661 0.280450999736786
0.674724996089935 0.280923992395401
0.675701022148132 0.281399011611938
0.676680028438568 0.281874001026154
0.67765998840332 0.28235000371933
0.678642988204956 0.282826989889145
0.679628014564514 0.283306002616882
0.68061500787735 0.283784985542297
0.681604027748108 0.284265011548996
0.682595014572144 0.284747004508972
0.683588981628418 0.285228997468948
0.684584975242615 0.285712987184525
0.685582995414734 0.286197006702423
0.686582982540131 0.286682993173599
0.68758499622345 0.287169009447098
0.688589990139008 0.287656992673874
0.689597010612488 0.288145989179611
0.690607011318207 0.28863599896431
0.691618025302887 0.289126992225647
0.692632019519806 0.289618998765945
0.693648993968964 0.290111988782883
0.694666981697083 0.290605992078781
0.695688009262085 0.291101008653641
0.696712017059326 0.291597008705139
0.697736978530884 0.292095005512238
0.698764979839325 0.292593002319336
0.69979602098465 0.293092995882034
0.700829029083252 0.293594002723694
0.701864004135132 0.294095993041992
0.702901005744934 0.294598996639252
0.703940987586975 0.295103013515472
0.7049840092659 0.295608013868332
0.706028997898102 0.296115010976791
0.707076013088226 0.296622008085251
0.70812600851059 0.29713100194931
0.70917797088623 0.297641009092331
0.710232973098755 0.29815199971199
0.711290001869202 0.298664003610611
0.712350010871887 0.299178004264832
0.71341198682785 0.299692004919052
0.714477002620697 0.300208002328873
0.715544998645782 0.300725013017654
0.71661502122879 0.301243007183075
0.717687010765076 0.301762998104095
0.7187619805336 0.302282989025116
0.719839990139008 0.302805006504059
0.720920026302338 0.303328007459641
0.722002983093262 0.303853005170822
0.723088026046753 0.304378002882004
0.724175989627838 0.304904997348785
0.725266993045807 0.305433005094528
0.726360023021698 0.30596199631691
0.727456986904144 0.306493014097214
0.728555023670197 0.307024002075195
0.729656994342804 0.307556986808777
0.730760991573334 0.308091998100281
0.731868028640747 0.308627009391785
0.732976973056793 0.309163987636566
0.734089016914368 0.309702008962631
0.735204994678497 0.310241997241974
0.736321985721588 0.310781985521317
0.737442970275879 0.311324000358582
0.738565981388092 0.311868011951447
0.739691972732544 0.312411993741989
0.740821003913879 0.312958002090454
0.741953015327454 0.313506007194519
0.743088006973267 0.314054012298584
0.744225025177002 0.314604014158249
0.745365977287292 0.315156012773514
0.74650901556015 0.315708011388779
0.747654974460602 0.316262006759644
0.748803973197937 0.316817998886108
0.749956011772156 0.317375004291534
0.751110017299652 0.317932993173599
0.752268016338348 0.318491995334625
0.753428995609283 0.319052994251251
0.754593014717102 0.319615989923477
0.755759000778198 0.320178985595703
0.756928980350494 0.320744007825851
0.758100986480713 0.321310997009277
0.759276986122131 0.321878999471664
0.760456025600433 0.32244798541069
0.761636972427368 0.323018997907639
0.762821972370148 0.323590993881226
0.764010012149811 0.324164986610413
0.765200972557068 0.324739992618561
0.766394972801208 0.325316995382309
0.767592012882233 0.325895011425018
0.768791973590851 0.326474994421005
0.769994974136353 0.327055990695953
0.771202027797699 0.327638000249863
0.772412002086639 0.328222006559372
0.773624002933502 0.328808009624481
0.774839997291565 0.329394996166229
0.776059985160828 0.329982995986938
0.777281999588013 0.330572992563248
0.778508007526398 0.331164985895157
0.779736995697021 0.331757992506027
0.780969023704529 0.332352995872498
0.78220397233963 0.332949012517929
0.783442974090576 0.333546996116638
0.784685015678406 0.334145992994308
0.785930991172791 0.334746986627579
0.787178993225098 0.33534899353981
0.788430988788605 0.335952997207642
0.789686977863312 0.336558997631073
0.790946006774902 0.337166011333466
0.792208015918732 0.337774991989136
0.7934730052948 0.338384985923767
0.794743001461029 0.338997006416321
0.796015024185181 0.339610993862152
0.797290980815887 0.340225994586945
0.798569977283478 0.340842992067337
0.799853026866913 0.341461986303329
0.801140010356903 0.342081993818283
0.802429974079132 0.342703998088837
0.803722977638245 0.34332799911499
0.805019974708557 0.343953013420105
0.806321024894714 0.344579994678497
0.807624995708466 0.345209002494812
0.808933019638062 0.345838993787766
0.810244023799896 0.346471011638641
0.811559021472931 0.347104996442795
0.812878012657166 0.347739994525909
0.814199984073639 0.348376989364624
0.815526008605957 0.349016010761261
0.816856026649475 0.349656999111176
0.818189024925232 0.350300014019012
0.819526016712189 0.350944012403488
0.820867002010345 0.351590007543564
0.822211980819702 0.35223799943924
0.823559999465942 0.352887004613876
0.824912011623383 0.353538006544113
0.826268017292023 0.354191988706589
0.827628016471863 0.354847013950348
0.828992009162903 0.355502992868423
0.830359995365143 0.356162011623383
0.831731021404266 0.35682201385498
0.833105981349945 0.357484996318817
0.83448600769043 0.358148992061615
0.835869014263153 0.358815014362335
0.837256014347076 0.359483003616333
0.8386470079422 0.360152989625931
0.840043008327484 0.36082398891449
0.841441988945007 0.36149799823761
0.842845022678375 0.362172991037369
0.844251990318298 0.362850993871689
0.845664024353027 0.36353000998497
0.84707897901535 0.364210993051529
0.848499000072479 0.36489400267601
0.849922001361847 0.36557999253273
0.851350009441376 0.366266995668411
0.852782011032104 0.366955995559692
0.854218006134033 0.367646992206573
0.855657994747162 0.368339985609055
0.857102990150452 0.369035005569458
0.858551979064941 0.369731992483139
0.860005021095276 0.370431005954742
0.861461997032166 0.371131986379623
0.862923979759216 0.371834993362427
0.864390015602112 0.37253999710083
0.865859985351563 0.373248010873795
0.867335021495819 0.373957008123398
0.868813991546631 0.374668002128601
0.870297014713287 0.375382006168365
0.87178498506546 0.376096993684769
0.873278021812439 0.376814991235733
0.874773979187012 0.377534002065659
0.876276016235352 0.378255993127823
0.877780973911285 0.37898001074791
0.879292011260986 0.379705995321274
0.880806028842926 0.380434989929199
0.882326006889343 0.381164997816086
0.88384997844696 0.381897985935211
0.885379016399384 0.382633000612259
0.886911988258362 0.383370012044907
0.888450026512146 0.384108990430832
0.889991998672485 0.38484999537468
0.891539990901947 0.385594010353088
0.893091976642609 0.386339992284775
0.894648015499115 0.387088000774384
0.896210014820099 0.387838006019592
0.897776007652283 0.38859099149704
0.899347007274628 0.38934600353241
0.900923013687134 0.39010301232338
0.902504026889801 0.390863001346588
0.904089987277985 0.391624987125397
0.905680000782013 0.392388999462128
0.907275974750519 0.393155008554459
0.908876001834869 0.393923997879028
0.910481989383698 0.39469501376152
0.912091970443726 0.395469009876251
0.913707971572876 0.396245002746582
0.915328979492188 0.397022992372513
0.916953980922699 0.397803992033005
0.918585002422333 0.398586988449097
0.920220971107483 0.39937299489975
0.921862006187439 0.400160998106003
0.923507988452911 0.400950998067856
0.925158977508545 0.40174400806427
0.926815986633301 0.402539998292923
0.928478002548218 0.403337001800537
0.930145025253296 0.404137998819351
0.93181699514389 0.404940992593765
0.933494985103607 0.405746012926102
0.935177981853485 0.406554013490677
0.936866998672485 0.407364994287491
0.938561022281647 0.408178001642227
0.940259993076324 0.408993005752563
0.941964983940125 0.4098120033741
0.943674981594086 0.410632997751236
0.945390999317169 0.411455988883972
0.947112023830414 0.41228199005127
0.948839008808136 0.413111001253128
0.950571000576019 0.413942009210587
0.952310025691986 0.414775997400284
0.954052984714508 0.415612995624542
0.955802977085114 0.416451990604401
0.95755797624588 0.41729399561882
0.959318995475769 0.418139010667801
0.961085021495819 0.41898700594902
0.962858021259308 0.41983699798584
0.964636027812958 0.42069000005722
0.966419994831085 0.421546012163162
0.968209981918335 0.422405004501343
0.970005989074707 0.423265993595123
0.971808016300201 0.424129992723465
0.973616003990173 0.424997001886368
0.975428998470306 0.425866991281509
0.977249026298523 0.426739990711212
0.979075014591217 0.427614986896515
0.980907022953033 0.42849400639534
0.982744991779327 0.429374992847443
0.984588980674744 0.430260002613068
0.986440002918243 0.431147009134293
0.98829597234726 0.432036995887756
0.990158975124359 0.432929992675781
0.992029011249542 0.433825999498367
0.993903994560242 0.434725999832153
0.995786011219025 0.435627996921539
0.997673988342285 0.436533004045486
0.999568998813629 0.437440991401672
1.00146996974945 0.438351988792419
1.00337994098663 0.439267009496689
1.00529003143311 0.440183997154236
1.00721001625061 0.441103994846344
1.00914001464844 0.442027986049652
1.01107001304626 0.442954987287521
1.01301002502441 0.443884998559952
1.01496005058289 0.444817990064621
1.01690995693207 0.445753991603851
1.01886999607086 0.446693003177643
1.02084004878998 0.447636008262634
1.02281999588013 0.448581993579865
1.02479994297028 0.449530988931656
1.02678000926971 0.450482994318008
1.02877998352051 0.451438993215561
1.0307799577713 0.452398002147675
1.03278994560242 0.453359991312027
1.03480005264282 0.454326003789902
1.03682994842529 0.455294013023376
1.03885996341705 0.45626699924469
1.04088997840881 0.457242012023926
1.04294002056122 0.458220988512039
1.04498994350433 0.459203988313675
1.04704999923706 0.460189998149872
1.04911005496979 0.461178988218307
1.05119001865387 0.462172001600266
1.05326998233795 0.463167995214462
1.05535995960236 0.464168012142181
1.05745005607605 0.465171992778778
1.05955004692078 0.466179013252258
1.06166994571686 0.467189013957977
1.06377995014191 0.468203008174896
1.0659099817276 0.469220995903015
1.06804001331329 0.470241993665695
1.07018005847931 0.471267014741898
1.07232999801636 0.472295999526978
1.07448995113373 0.473327994346619
1.07665002346039 0.474364012479782
1.07881999015808 0.475403994321823
1.0809999704361 0.476446986198425
1.08318996429443 0.477495014667511
1.08538997173309 0.478545993566513
1.08758997917175 0.479600012302399
1.08980000019073 0.480659008026123
1.09202003479004 0.481721013784409
1.09424996376038 0.482787996530533
1.09649002552032 0.483857989311218
1.09872996807098 0.484932005405426
1.10099005699158 0.486009985208511
1.10325002670288 0.487091988325119
1.10552000999451 0.488178014755249
1.10780000686646 0.489268004894257
1.1100800037384 0.490361988544464
1.112380027771 0.491459995508194
1.11468005180359 0.492561995983124
1.11698997020721 0.493667989969254
1.11931002140045 0.494778990745544
1.12163996696472 0.495893001556396
1.1239800453186 0.497011005878448
1.12611997127533 0.498034000396729
1.12755000591278 0.498717993497849
1.12850999832153 0.499175012111664
1.12914001941681 0.499480009078979
1.12957000732422 0.499682992696762
1.12985002994537 0.49981901049614
1.13004004955292 0.49990901350975
1.13013994693756 0.499954998493195
1.13018000125885 0.499976992607117
1.13022994995117 0.5
1.13022994995117 0.5
1.13028001785278 0.500023007392883
1.13031995296478 0.500045001506805
1.13041996955872 0.500091016292572
1.13060998916626 0.500181019306183
1.13089001178741 0.500316977500916
1.13131999969482 0.500521004199982
1.13196003437042 0.500827014446259
1.13292002677917 0.50128698348999
1.13436996936798 0.501977980136871
1.13654005527496 0.503018021583557
1.1389399766922 0.504163980484009
1.14134001731873 0.505312979221344
1.14374995231628 0.50646698474884
1.14617002010345 0.507624983787537
1.14860999584198 0.508787989616394
1.15104997158051 0.509954988956451
1.15349996089935 0.511125981807709
1.15595996379852 0.512301981449127
1.15841996669769 0.513481974601746
1.16089999675751 0.514666974544525
1.16339004039764 0.515856981277466
1.16588997840881 0.517050981521606
1.16840004920959 0.518248975276947
1.17091000080109 0.51945298910141
1.17343997955322 0.520659983158112
1.17597997188568 0.521872997283936
1.17851996421814 0.523090004920959
1.18107998371124 0.524312019348145
1.18365001678467 0.525538980960846
1.18622004985809 0.526769995689392
1.18880999088287 0.528006017208099
1.19140994548798 0.529246985912323
1.19401001930237 0.530493021011353
1.19663000106812 0.531744003295898
1.19925999641418 0.532999992370605
1.20190000534058 0.534259974956512
1.20454001426697 0.535525977611542
1.207200050354 0.536796987056732
1.20986998081207 0.538071990013123
1.21255004405975 0.539353013038635
1.21524000167847 0.540638983249664
1.21794998645782 0.541929006576538
1.22065997123718 0.543224990367889
1.22337996959686 0.544526994228363
1.22611999511719 0.545832991600037
1.22886002063751 0.547143995761871
1.23161995410919 0.548461019992828
1.23439002037048 0.549782991409302
1.23716998100281 0.551110982894897
1.23995995521545 0.552443027496338
1.24275994300842 0.553781986236572
1.24556994438171 0.555124998092651
1.24839997291565 0.556473970413208
1.25123000144958 0.557828009128571
1.25408005714417 0.559188008308411
1.25694000720978 0.560554027557373
1.25980997085571 0.561924993991852
1.26268994808197 0.563301026821136
1.26558995246887 0.564683973789215
1.26848995685577 0.5660719871521
1.27140998840332 0.567465007305145
1.27434003353119 0.56886500120163
1.27728998661041 0.570270001888275
1.28024005889893 0.571681022644043
1.28321003913879 0.573096990585327
1.28619003295898 0.574519991874695
1.2891800403595 0.575947999954224
1.29218995571136 0.577382981777191
1.29519999027252 0.57882297039032
1.29823005199432 0.580269992351532
1.30128002166748 0.581722021102905
1.30432999134064 0.583181023597717
1.30739998817444 0.584644973278046
1.31047999858856 0.586116015911102
1.31358003616333 0.587593019008636
1.31667995452881 0.589075982570648
1.31981003284454 0.590565025806427
1.32293999195099 0.592060983181
1.32608997821808 0.59356302022934
1.32924997806549 0.595071017742157
1.33241999149323 0.596585988998413
1.3356100320816 0.598106980323792
1.33880996704102 0.599635004997253
1.34203004837036 0.601168990135193
1.34526002407074 0.602710008621216
1.34850001335144 0.604256987571716
1.35176002979279 0.6058109998703
1.35502994060516 0.607371985912323
1.35830998420715 0.608938992023468
1.36161005496979 0.610513985157013
1.36493003368378 0.612093985080719
1.36826002597809 0.613681972026825
1.37160003185272 0.615276992321014
1.37495994567871 0.616877973079681
1.37832999229431 0.618487000465393
1.38171994686127 0.620101988315582
1.38512003421783 0.621725022792816
1.38853001594543 0.623354017734528
1.391970038414 0.624990999698639
1.39540994167328 0.626635015010834
1.39888000488281 0.628286004066467
1.40234994888306 0.629944980144501
1.40585005283356 0.631609976291656
1.40935003757477 0.633283019065857
1.41287994384766 0.634963989257813
1.41641998291016 0.63665097951889
1.41997003555298 0.638347029685974
1.42353999614716 0.640048980712891
1.42712998390198 0.641759991645813
1.43073999881744 0.643477976322174
1.43435001373291 0.645202994346619
1.43798995018005 0.646935999393463
1.44164001941681 0.648678004741669
1.44530999660492 0.650425970554352
1.44900000095367 0.652182996273041
1.45270001888275 0.65394800901413
1.45641994476318 0.655719995498657
1.46015000343323 0.657500028610229
1.46389997005463 0.659289002418518
1.46766996383667 0.661086022853851
1.47145998477936 0.662890017032623
1.47526001930237 0.664703011512756
1.47907996177673 0.666523993015289
1.48292005062103 0.668353021144867
1.48678004741669 0.670190989971161
1.49065005779266 0.6720370054245
1.49453997612 0.673892021179199
1.49845004081726 0.675755023956299
1.50238001346588 0.677626013755798
1.50633001327515 0.679506003856659
1.51029002666473 0.681394994258881
1.51426994800568 0.683291971683502
1.51827001571655 0.68519800901413
1.52228999137878 0.687112987041473
1.52632999420166 0.689037024974823
1.53039002418518 0.690968990325928
1.53445994853973 0.692911028862
1.53856003284454 0.694860994815826
1.54267001152039 0.696820974349976
1.54680001735687 0.698789000511169
1.55095994472504 0.700766980648041
1.55513000488281 0.702754020690918
1.55931997299194 0.704750001430511
1.56352996826172 0.706755995750427
1.56775999069214 0.708770990371704
1.5720100402832 0.710794985294342
1.57627999782562 0.712828993797302
1.58056998252869 0.714873015880585
1.5848799943924 0.716925978660583
1.58922004699707 0.718989014625549
1.59356999397278 0.721060991287231
1.59793996810913 0.723142981529236
1.60232996940613 0.725234985351563
1.60675001144409 0.727337002754211
1.61117994785309 0.729448974132538
1.61564004421234 0.731571018695831
1.62012004852295 0.733703017234802
1.62461996078491 0.735845029354095
1.62914001941681 0.737998008728027
1.63367998600006 0.74015998840332
1.63824999332428 0.742332994937897
1.64283001422882 0.744516015052795
1.64743995666504 0.746710002422333
1.65207004547119 0.748914003372192
1.65673005580902 0.751128971576691
1.66139996051788 0.753354012966156
1.666100025177 0.75559002161026
1.67081999778748 0.757836997509003
1.67555999755859 0.760095000267029
1.68033003807068 0.762363016605377
1.68511998653412 0.764642000198364
1.6899299621582 0.766933023929596
1.69476997852325 0.769234001636505
1.69963002204895 0.771547019481659
1.704509973526 0.77386999130249
1.70941996574402 0.776205003261566
1.71434998512268 0.778551995754242
1.71930003166199 0.78090900182724
1.72427999973297 0.783279001712799
1.72929000854492 0.78565901517868
1.73432004451752 0.788051009178162
1.73936998844147 0.790454983711243
1.74444997310638 0.792870998382568
1.74954998493195 0.795297980308533
1.75468003749847 0.797737002372742
1.75982999801636 0.800189018249512
1.76500999927521 0.80265200138092
1.7702100276947 0.805127024650574
1.77543997764587 0.807614028453827
1.78069996833801 0.81011301279068
1.7859799861908 0.812624990940094
1.79128003120422 0.815149009227753
1.79662001132965 0.817685008049011
1.80198001861572 0.820234000682831
1.80736005306244 0.822795987129211
1.81277000904083 0.825369000434875
1.81821000576019 0.827956020832062
1.82368004322052 0.830555021762848
1.8291699886322 0.833167016506195
1.83468997478485 0.835792005062103
1.84024000167847 0.838429987430573
1.84581995010376 0.841081023216248
1.85142004489899 0.843744993209839
1.8570499420166 0.846422016620636
1.86270999908447 0.849112987518311
1.86839997768402 0.85181599855423
1.87410998344421 0.854533016681671
1.8798600435257 0.85726398229599
1.88563001155853 0.860008001327515
1.89143002033234 0.8627650141716
1.89725995063782 0.865535974502563
1.90312004089355 0.868321001529694
1.90901005268097 0.871119976043701
1.91492998600006 0.873932003974915
1.9208699464798 0.876757979393005
1.92684996128082 0.87959897518158
1.93286001682281 0.88245302438736
1.93888998031616 0.885321974754333
1.9449599981308 0.888203978538513
1.9510600566864 0.891101002693176
1.95718002319336 0.894012987613678
1.96334004402161 0.896938979625702
1.96952998638153 0.899878978729248
1.97574996948242 0.902833998203278
1.98199999332428 0.905803024768829
1.9882800579071 0.90878701210022
1.99459004402161 0.911786019802094
2.00093007087708 0.914798974990845
2.00730991363525 0.917828023433685
2.01372003555298 0.92087197303772
2.02015995979309 0.923929989337921
2.02662992477417 0.927003979682922
2.03312993049622 0.930092990398407
2.03966999053955 0.933197021484375
2.04623007774353 0.936316013336182
2.05282998085022 0.939450979232788
2.0594699382782 0.942601025104523
2.06612992286682 0.945766985416412
2.07282996177673 0.94894802570343
2.07956004142761 0.952144980430603
2.0863299369812 0.955358028411865
2.09313011169434 0.958585977554321
2.09996008872986 0.961830973625183
2.10682988166809 0.965090990066528
2.11372995376587 0.968366980552673
2.12066006660461 0.971659004688263
2.12762999534607 0.974968016147614
2.13462996482849 0.978291988372803
2.1416699886322 0.981633007526398
2.14874005317688 0.984990000724792
2.15584993362427 0.988363981246948
2.1629900932312 0.991753995418549
2.17017006874084 0.995159983634949
2.17738008499146 0.998583018779755
2.18462991714478 1.00202000141144
2.19191002845764 1.00548005104065
2.19922995567322 1.00894999504089
2.20657992362976 1.01243996620178
2.21396994590759 1.01594996452332
2.22139000892639 1.01946997642517
2.2288498878479 1.02301001548767
2.23635005950928 1.02656996250153
2.24389004707336 1.03014004230499
2.2514500617981 1.03374004364014
2.25905990600586 1.03734004497528
2.26670002937317 1.0409699678421
2.27437996864319 1.04461002349854
2.2820999622345 1.04828000068665
2.28984999656677 1.05194997787476
2.29764008522034 1.05564999580383
2.30546998977661 1.05936002731323
2.31333994865417 1.06308996677399
2.32123994827271 1.06684005260468
2.32918000221252 1.07061004638672
2.33716011047363 1.07439005374908
2.34517002105713 1.07818996906281
2.35321998596191 1.08201003074646
2.36132001876831 1.08585000038147
2.36944007873535 1.0896999835968
2.37760996818542 1.0935800075531
2.38581991195679 1.09747004508972
2.39405989646912 1.1013799905777
2.40233993530273 1.105299949646
2.41066002845764 1.10924994945526
2.41901993751526 1.11320996284485
2.42741990089417 1.11719000339508
2.43584990501404 1.12118995189667
2.44432997703552 1.12521004676819
2.45284008979797 1.12925004959106
2.46140003204346 1.13329994678497
2.46999001502991 1.13736999034882
2.47862005233765 1.14145994186401
2.4872899055481 1.14557003974915
2.49600005149841 1.14970004558563
2.50475001335144 1.15384995937347
2.51353001594543 1.15801000595093
2.52236008644104 1.16218996047974
2.53122997283936 1.16639995574951
2.54012989997864 1.17061996459961
2.54907989501953 1.17486000061035
2.55805993080139 1.17911005020142
2.56709003448486 1.18339002132416
2.57614994049072 1.18768000602722
2.58525991439819 1.19200003147125
2.59439992904663 1.19632995128632
2.60359001159668 1.20068001747131
2.61280989646912 1.20504999160767
2.62207007408142 1.20943999290466
2.63138008117676 1.21384000778198
2.64071989059448 1.21826994419098
2.65009999275208 1.22271001338959
2.65951991081238 1.22718000411987
2.66898989677429 1.23166000843048
2.67848992347717 1.23616003990173
2.68803000450134 1.24067997932434
2.69761991500854 1.24521994590759
2.70724010467529 1.24977004528046
2.71690011024475 1.25434994697571
2.72660994529724 1.25893998146057
2.73635005950928 1.2635600566864
2.74612998962402 1.26819002628326
2.75594997406006 1.27284002304077
2.76582002639771 1.27751004695892
2.77571988105774 1.28219997882843
2.78566002845764 1.28690004348755
2.79565000534058 1.29163002967834
2.80567002296448 1.29637002944946
2.81573009490967 1.30113995075226
2.82582998275757 1.30592000484467
2.83597993850708 1.31071996688843
2.84615993499756 1.31553995609283
2.85637998580933 1.32036995887756
2.86664009094238 1.32523000240326
2.87694001197815 1.33010995388031
2.88727998733521 1.33500003814697
2.89766001701355 1.33991003036499
2.90808010101318 1.34484004974365
2.91854000091553 1.34978997707367
2.92903995513916 1.35476005077362
2.93957996368408 1.3597400188446
2.95016002655029 1.36475002765656
2.96077990531921 1.36977005004883
2.97143006324768 1.37480998039246
2.98213005065918 1.37987005710602
2.99287009239197 1.38495004177094
3.00363993644714 1.39004004001617
3.01445007324219 1.39515995979309
3.02530002593994 1.40029001235962
3.03619003295898 1.4054399728775
3.04712009429932 1.41060996055603
3.05808997154236 1.41578996181488
3.06909990310669 1.4210000038147
3.08014011383057 1.42622005939484
3.0912299156189 1.43146002292633
3.10234999656677 1.43672001361847
3.11350989341736 1.44200003147125
3.12471008300781 1.44728994369507
3.13595008850098 1.45260000228882
3.14721989631653 1.45792996883392
3.15852999687195 1.46327996253967
3.16987991333008 1.46863996982574
3.1812698841095 1.47403001785278
3.19269990921021 1.47942996025085
3.20415997505188 1.48484003543854
3.21566009521484 1.4902800321579
3.22720003128052 1.49573004245758
3.23877000808716 1.50119996070862
3.25039005279541 1.50669002532959
3.26203989982605 1.51218998432159
3.27372002601624 1.51770997047424
3.28543996810913 1.52324998378754
3.29719996452332 1.52880001068115
3.30900001525879 1.53437995910645
3.32083010673523 1.53997004032135
3.33270001411438 1.54557001590729
3.34460997581482 1.55120003223419
3.35654997825623 1.55683994293213
3.3685200214386 1.56248998641968
3.38053011894226 1.56816005706787
3.39258003234863 1.57385003566742
3.40467000007629 1.57956004142761
3.4167799949646 1.58527994155884
3.42894005775452 1.59101998806
3.44112992286682 1.59677994251251
3.45335006713867 1.60255002975464
3.46561002731323 1.60834002494812
3.47791004180908 1.61414003372192
3.49023008346558 1.61995995044708
3.5025999546051 1.62580001354218
3.51500010490417 1.6316499710083
3.52743005752563 1.63751995563507
3.53989005088806 1.64339995384216
3.55239009857178 1.6492999792099
3.5649299621582 1.65521001815796
3.57749009132385 1.66113996505737
3.59009003639221 1.66709005832672
3.60273003578186 1.6730500459671
3.61540007591248 1.67902994155884
3.62809991836548 1.68501996994019
3.64083003997803 1.69103002548218
3.65359997749329 1.6970499753952
3.66639995574951 1.70308995246887
3.6792299747467 1.70913994312286
3.69209003448486 1.7152099609375
3.70498991012573 1.72128999233246
3.71792006492615 1.72739005088806
3.73088002204895 1.73351001739502
3.74387001991272 1.73962998390198
3.75690007209778 1.7457799911499
3.7699499130249 1.75192999839783
3.78304004669189 1.7581000328064
3.79615998268127 1.76428997516632
3.80930995941162 1.77049005031586
3.82248997688293 1.77670001983643
3.83571004867554 1.78293001651764
3.84894990921021 1.7891800403595
3.86222004890442 1.79542994499207
3.87553000450134 1.80171000957489
3.88885998725891 1.80798995494843
3.90223002433777 1.81429004669189
3.91562008857727 1.8206000328064
3.92904996871948 1.82693004608154
3.94250988960266 1.83326995372772
3.95599007606506 1.83963000774384
3.96951007843018 1.84598994255066
3.98305010795593 1.85238003730774
3.99661993980408 1.85877001285553
4.01023006439209 1.86518001556396
4.02385997772217 1.87160003185272
4.03751993179321 1.87803995609283
4.05120992660522 1.88449001312256
4.0649299621582 1.89094996452332
4.07867002487183 1.89742004871368
4.09245014190674 1.90391004085541
4.10624980926514 1.91041004657745
4.12007999420166 1.91692996025085
4.13394021987915 1.92344999313354
4.14783000946045 1.92999005317688
4.16174983978271 1.93655002117157
4.17569017410278 1.94310998916626
4.18966007232666 1.94968998432159
4.2036600112915 1.95627999305725
4.21768999099731 1.96288001537323
4.23173999786377 1.96949994564056
4.24582004547119 1.97611999511719
4.25993013381958 1.98275995254517
4.27405977249146 1.98942005634308
4.28821992874146 1.9960800409317
4.30241012573242 2.00275993347168
4.31661987304688 2.00944995880127
4.33086013793945 2.01614999771118
4.34512996673584 2.02286005020142
4.35941982269287 2.02958989143372
4.37374019622803 2.03631997108459
4.38808012008667 2.04307007789612
4.40245008468628 2.04982995986938
4.41685009002686 2.05660009384155
4.43127012252808 2.06339001655579
4.44572019577026 2.07017993927002
4.46018981933594 2.0769898891449
4.47468996047974 2.08381009101868
4.48921012878418 2.0906400680542
4.50375986099243 2.09748005867004
4.51833009719849 2.10433006286621
4.53292989730835 2.11120009422302
4.54755020141602 2.11806988716125
4.56220006942749 2.12495994567871
4.57686996459961 2.13186001777649
4.5915699005127 2.13877010345459
4.60628986358643 2.14568996429443
4.6210298538208 2.15262007713318
4.63579988479614 2.15955996513367
4.65059995651245 2.16651010513306
4.66541004180908 2.17347002029419
4.68025016784668 2.18044996261597
4.69511985778809 2.18743991851807
4.71001005172729 2.19443011283875
4.72491979598999 2.20144009590149
4.73986005783081 2.20846009254456
4.75481986999512 2.21548008918762
4.76980018615723 2.22252011299133
4.78480005264282 2.22956991195679
4.79982995986938 2.23662996292114
4.81487989425659 2.24370002746582
4.82995986938477 2.25078010559082
4.84505987167358 2.25786995887756
4.86017990112305 2.26498007774353
4.87531995773315 2.27208995819092
4.89049005508423 2.27921009063721
4.90568017959595 2.28633999824524
4.92088985443115 2.29347991943359
4.93612003326416 2.30064010620117
4.95137977600098 2.30780005455017
4.9666600227356 2.31497001647949
4.9819598197937 2.32214999198914
4.99728012084961 2.32934999465942
5.01262998580933 2.33654999732971
5.02798986434937 2.34376001358032
5.04337978363037 2.35099005699158
5.05879020690918 2.35822010040283
5.0742301940918 2.36545991897583
5.08968019485474 2.37270998954773
5.10516023635864 2.37997007369995
5.12064981460571 2.38723993301392
5.13616991043091 2.3945300579071
5.15171003341675 2.40181994438171
5.16727018356323 2.40912008285522
5.18285989761353 2.41642999649048
5.1984601020813 2.42374992370605
5.21408987045288 2.43107008934021
5.22973012924194 2.43841004371643
5.24539995193481 2.44576001167297
5.26108980178833 2.45311999320984
5.27680015563965 2.46048998832703
5.29253005981445 2.46785998344421
5.3082799911499 2.47525000572205
5.324049949646 2.48264002799988
5.33984994888306 2.49005007743835
5.35565996170044 2.49745988845825
5.37150001525879 2.50487995147705
5.38735008239746 2.51231002807617
5.4032301902771 2.51975011825562
5.4191198348999 2.5271999835968
5.43503999710083 2.53466010093689
5.45097017288208 2.54212999343872
5.46692991256714 2.54960989952087
5.48291015625 2.55710005760193
5.49890995025635 2.5645899772644
5.51492023468018 2.57209992408752
5.53096008300781 2.57961010932922
5.54701995849609 2.58713006973267
5.5630898475647 2.59466004371643
5.57918977737427 2.60220003128052
5.59531021118164 2.60975003242493
5.6114501953125 2.61731004714966
5.62760019302368 2.62488007545471
5.64378023147583 2.63245010375977
5.65997982025146 2.64003992080688
5.67618989944458 2.64762997627258
5.69243001937866 2.6552300453186
5.70869016647339 2.66283988952637
5.72495985031128 2.67045998573303
5.74126005172729 2.67809009552002
5.75756978988647 2.68572998046875
5.77390003204346 2.69337010383606
5.79025983810425 2.70103001594543
5.80663013458252 2.70868992805481
5.82301998138428 2.71636009216309
5.83942985534668 2.72404003143311
5.85586023330688 2.73172998428345
5.87231016159058 2.73941993713379
5.88878011703491 2.74712991714478
5.90527009963989 2.75483989715576
5.92178010940552 2.76256990432739
5.93830013275146 2.77029991149902
5.95485019683838 2.77803993225098
5.97140979766846 2.78577995300293
5.98798990249634 2.79354000091553
6.00460004806519 2.80131006240845
6.02122020721436 2.80907988548279
6.03785991668701 2.81685996055603
6.05452013015747 2.82465004920959
6.07119989395142 2.8324499130249
6.08789014816284 2.84025001525879
6.10460996627808 2.84806990623474
6.12133979797363 2.85589003562927
6.13810014724731 2.86371994018555
6.15487003326416 2.87156009674072
6.17165994644165 2.87941002845764
6.18846988677979 2.88726997375488
6.20529985427856 2.89512991905212
6.22213983535767 2.90300011634827
6.23900985717773 2.91089010238647
6.25588989257813 2.91877007484436
6.27278995513916 2.92667007446289
6.28972005844116 2.93458008766174
6.30666017532349 2.9424901008606
6.32360982894897 2.95040988922119
6.34059000015259 2.95833992958069
6.35758018493652 2.96627998352051
6.37459993362427 2.97423005104065
6.39163017272949 2.98218011856079
6.4086799621582 2.99013996124268
6.42574977874756 2.99811005592346
6.44284009933472 3.00608992576599
6.45993995666504 3.01408004760742
6.47705984115601 3.02206993103027
6.49420976638794 3.03008008003235
6.51137018203735 3.03808999061584
6.52855014801025 3.04610991477966
6.54574012756348 3.05413007736206
6.56296014785767 3.06217002868652
6.58019018173218 3.07020998001099
6.59743976593018 3.07825994491577
6.61470985412598 3.08631992340088
6.63199996948242 3.09438991546631
6.64931011199951 3.10245990753174
6.66662979125977 3.11054992675781
6.68396997451782 3.11863994598389
6.70133018493652 3.12672996520996
6.71870994567871 3.13484001159668
6.7361102104187 3.14296007156372
6.75352001190186 3.15107989311218
6.77095985412598 3.15920996665955
6.78841018676758 3.16735005378723
6.80588006973267 3.17548990249634
6.8233699798584 3.18365001678467
6.84086990356445 3.19180989265442
6.85838985443115 3.19998002052307
6.87593984603882 3.20815992355347
6.89349985122681 3.21634006500244
6.91106986999512 3.22453999519348
6.92866992950439 3.23273992538452
6.94628000259399 3.24095010757446
6.96391010284424 3.24917006492615
6.98156023025513 3.25739002227783
6.9992299079895 3.26561999320984
7.01692008972168 3.27385997772217
7.03461980819702 3.28210997581482
7.05234003067017 3.29036998748779
7.0700798034668 3.29862999916077
7.08784008026123 3.30691003799438
7.10560989379883 3.315190076828
7.12341022491455 3.32347011566162
7.14122009277344 3.3317699432373
7.15904998779297 3.34007000923157
7.17688989639282 3.34838008880615
7.19475984573364 3.35669994354248
7.21263980865479 3.36503005027771
7.23053979873657 3.37336993217468
7.248459815979 3.38171005249023
7.26639986038208 3.39005994796753
7.28434991836548 3.39842009544373
7.30232000350952 3.40678000450134
7.32031011581421 3.4151599407196
7.33831977844238 3.42354011535645
7.35634994506836 3.43193006515503
7.37439012527466 3.44032001495361
7.39244985580444 3.44872999191284
7.41053009033203 3.45713996887207
7.42862987518311 3.46555995941162
7.44675016403198 3.47398996353149
7.46487998962402 3.48241996765137
7.48302984237671 3.49086999893188
7.5012001991272 3.4993200302124
7.51939010620117 3.50778007507324
7.53759002685547 3.51624989509583
7.55580997467041 3.52471995353699
7.574049949646 3.53320002555847
7.59230995178223 3.54169011116028
7.6105899810791 3.55018997192383
7.6288800239563 3.55870008468628
7.64720010757446 3.56720995903015
7.66553020477295 3.57573008537292
7.6838698387146 3.58425998687744
7.70223999023438 3.59279990196228
7.72062015533447 3.6013400554657
7.73902988433838 3.60988998413086
7.75745010375977 3.61844992637634
7.77587985992432 3.62701988220215
7.79434013366699 3.63560009002686
7.81280994415283 3.64418005943298
7.83129978179932 3.65277004241943
7.8498101234436 3.66137003898621
7.86834001541138 3.6699800491333
7.88688993453979 3.6785900592804
7.90544986724854 3.68721008300781
7.92402982711792 3.69583988189697
7.94262981414795 3.70447993278503
7.96124982833862 3.71312999725342
7.97987985610962 3.7217800617218
7.99852991104126 3.73043990135193
8.01721000671387 3.73910999298096
8.03588962554932 3.74778008460999
8.05459976196289 3.75646996498108
8.07332992553711 3.76516008377075
8.09206962585449 3.77385997772217
8.11083030700684 3.78256988525391
8.12961006164551 3.79128003120422
8.14840984344482 3.80000996589661
8.16722011566162 3.80873990058899
8.18605041503906 3.81748008728027
8.20489978790283 3.82622003555298
8.22377014160156 3.83498001098633
8.24265956878662 3.84373998641968
8.26156997680664 3.85250997543335
8.28048992156982 3.86127996444702
8.29942989349365 3.87006998062134
8.31838989257813 3.87885999679565
8.33736991882324 3.88766002655029
8.35636043548584 3.89647006988525
8.37537956237793 3.90528988838196
8.39441013336182 3.91410994529724
8.41345977783203 3.92294001579285
8.43253040313721 3.93178009986877
8.45160961151123 3.94062995910645
8.4707202911377 3.94949007034302
8.48983955383301 3.95834994316101
8.50897979736328 3.96722006797791
8.5281400680542 3.97609996795654
8.54732036590576 3.9849898815155
8.56651020050049 3.99388003349304
8.58572959899902 4.00277996063232
8.60496044158936 4.01169013977051
8.62421035766602 4.02060985565186
8.64346981048584 4.02954006195068
8.66275978088379 4.03846979141235
8.68206977844238 4.0474100112915
8.70139026641846 4.05635976791382
8.72072982788086 4.06532001495361
8.74009037017822 4.07427978515625
8.75946998596191 4.08326005935669
8.77886009216309 4.09223985671997
8.79827976226807 4.10122013092041
8.81770992279053 4.11021995544434
8.83716011047363 4.11921977996826
8.85663032531738 4.12824010848999
8.87611961364746 4.13725996017456
8.8956298828125 4.14627981185913
8.9151496887207 4.1553201675415
8.93469047546387 4.16436004638672
8.95425987243652 4.17340993881226
8.97383975982666 4.18246984481812
8.99343013763428 4.1915397644043
9.0130500793457 4.20062017440796
9.03269004821777 4.20970010757446
9.05233955383301 4.21879005432129
9.0720100402832 4.22789001464844
9.09169960021973 4.23699998855591
9.11141014099121 4.24610996246338
9.13113975524902 4.25522994995117
9.1508903503418 4.26435995101929
9.17064952850342 4.27349996566772
9.19044017791748 4.28264999389648
9.21024036407471 4.29180002212524
9.23005962371826 4.30097007751465
9.24989986419678 4.31014013290405
9.26976013183594 4.31931018829346
9.28962993621826 4.32849979400635
9.30953025817871 4.3376898765564
9.32944011688232 4.34689998626709
9.34937953948975 4.35611009597778
9.36933040618896 4.36532020568848
9.38930034637451 4.37454986572266
9.4092903137207 4.38378000259399
9.42928981781006 4.39303016662598
9.44931983947754 4.4022798538208
9.46936988830566 4.41153001785278
9.48943042755127 4.42080020904541
9.5095100402832 4.43006992340088
9.52960968017578 4.43936014175415
9.54973030090332 4.44864988327026
9.56986999511719 4.45794010162354
9.5900297164917 4.46724987030029
9.61021041870117 4.47657012939453
9.63039970397949 4.48588991165161
9.65062046051025 4.49522018432617
9.67084980010986 4.5045599937439
9.6911096572876 4.51389980316162
9.71138000488281 4.52326011657715
9.73167037963867 4.53261995315552
9.75197982788086 4.54198980331421
9.77231025695801 4.55137014389038
9.79265975952148 4.56076002120972
9.81301975250244 4.57014989852905
9.83341026306152 4.57954978942871
9.85381031036377 4.58896017074585
9.87423992156982 4.59838008880615
9.89468002319336 4.60781002044678
9.91514015197754 4.61724996566772
9.93562030792236 4.62668991088867
9.95611953735352 4.63613986968994
9.97663974761963 4.64559984207153
9.99717998504639 4.65506982803345
10.0177001953125 4.66454982757568
