0.716235995292664 0.296968013048172
0.715152978897095 0.29644700884819
0.714071989059448 0.295928001403809
0.712993979454041 0.295410007238388
0.711919009685516 0.294892996549606
0.71084600687027 0.294376999139786
0.709774971008301 0.293861985206604
0.708706974983215 0.293348997831345
0.707642018795013 0.292836010456085
0.706578016281128 0.292324990034103
0.705518007278442 0.291815012693405
0.704459011554718 0.291305989027023
0.703402996063232 0.290798008441925
0.70235002040863 0.290291011333466
0.701299011707306 0.289786010980606
0.700250029563904 0.289281010627747
0.69920402765274 0.288778007030487
0.698159992694855 0.288275003433228
0.697117984294891 0.287773996591568
0.696079015731812 0.28727400302887
0.695042014122009 0.28677499294281
0.694006979465485 0.286276012659073
0.692974984645844 0.285778999328613
0.691945016384125 0.285284012556076
0.690917015075684 0.284788995981216
0.68989098072052 0.284294992685318
0.68886798620224 0.283802002668381
0.687847018241882 0.283309996128082
0.686828017234802 0.282819986343384
0.685811996459961 0.282330006361008
0.684798002243042 0.28184100985527
0.683785974979401 0.281352996826172
0.682775974273682 0.280867010354996
0.681768000125885 0.280380994081497
0.680761992931366 0.279897004365921
0.67975902557373 0.279413014650345
0.678758025169373 0.278930008411407
0.677758991718292 0.27844899892807
0.676761984825134 0.277967989444733
0.675767004489899 0.277487993240356
0.674773991107941 0.27700999379158
0.673784017562866 0.276531994342804
0.672794997692108 0.276055008172989
0.671809017658234 0.275579005479813
0.670823991298676 0.275103986263275
0.669842004776001 0.274630010128021
0.668861985206604 0.274156987667084
0.667882978916168 0.27368500828743
0.666907012462616 0.273214012384415
0.665933012962341 0.272743999958038
0.664960980415344 0.272275000810623
0.66399097442627 0.271806985139847
0.663022994995117 0.271338999271393
0.662056028842926 0.270873010158539
0.661091983318329 0.270406991243362
0.660130023956299 0.269941985607147
0.659169018268585 0.269477993249893
0.65821099281311 0.2690150141716
0.657254993915558 0.268552988767624
0.656300008296967 0.268092006444931
0.655346989631653 0.267632007598877
0.654397010803223 0.267172008752823
0.653447985649109 0.266714006662369
0.652500987052917 0.266256004571915
0.651556015014648 0.265798985958099
0.650611996650696 0.265343010425568
0.649671018123627 0.264887988567352
0.648730993270874 0.264434009790421
0.647792994976044 0.263980001211166
0.646857023239136 0.263527005910873
0.645923018455505 0.263074994087219
0.644990980625153 0.262623995542526
0.644060015678406 0.262174010276794
0.643131971359253 0.261725008487701
0.642203986644745 0.261276006698608
0.641278982162476 0.260827988386154
0.640356004238129 0.260381013154984
0.639433979988098 0.259934991598129
0.63851398229599 0.259488999843597
0.637594997882843 0.259045004844666
0.636678993701935 0.258601009845734
0.635764002799988 0.258157998323441
0.634850025177002 0.257714986801147
0.633939027786255 0.257274001836777
0.633028984069824 0.256832987070084
0.632120013237 0.256392985582352
0.631214022636414 0.255953013896942
0.630308985710144 0.25551500916481
0.62940502166748 0.255077004432678
0.628503024578094 0.254638999700546
0.627602994441986 0.254202991724014
0.626703977584839 0.253767013549805
0.625806987285614 0.253331989049911
0.624912023544312 0.252898007631302
0.624018013477325 0.25246399641037
0.623125970363617 0.252030998468399
0.622235000133514 0.251599013805389
0.621344983577728 0.251166999340057
0.620458006858826 0.250735998153687
0.619570970535278 0.250306010246277
0.618686020374298 0.249877005815506
0.617802977561951 0.249448001384735
0.616921007633209 0.249018996953964
0.616041004657745 0.248592004179955
0.615162014961243 0.248164996504784
0.614283978939056 0.247739002108574
0.613408029079437 0.247312992811203
0.612533986568451 0.246887996792793
0.611661016941071 0.246463999152184
0.610789000988007 0.246040001511574
0.609917998313904 0.245617002248764
0.609049022197723 0.245194002985954
0.608180999755859 0.244772002100945
0.607315003871918 0.244350999593735
0.606450021266937 0.243929997086525
0.605585992336273 0.243509992957115
0.604723989963531 0.243090003728867
0.603863000869751 0.242670997977257
0.603003025054932 0.242253005504608
0.60214501619339 0.241834998130798
0.601287007331848 0.24141800403595
0.600431025028229 0.24100099503994
0.599577009677887 0.240584999322891
0.598722994327545 0.240169003605843
0.597871005535126 0.239754006266594
0.597019970417023 0.239338994026184
0.596170008182526 0.238924995064735
0.595322012901306 0.238510996103287
0.594474017620087 0.238097995519638
0.593627989292145 0.237685993313789
0.592782974243164 0.237274006009102
0.591938972473145 0.236862003803253
0.591095983982086 0.236450999975204
0.590254008769989 0.236039996147156
0.589412987232208 0.235630005598068
0.58857399225235 0.23522000014782
0.587734997272491 0.234810993075371
0.586898028850555 0.234402000904083
0.586061000823975 0.233994007110596
0.585225999355316 0.233585998415947
0.584392011165619 0.233179003000259
0.583558022975922 0.232770994305611
0.582726001739502 0.232364997267723
0.581893980503082 0.231959000229836
0.581063985824585 0.231553003191948
0.580235004425049 0.23114700615406
0.579406023025513 0.230741992592812
0.578577995300293 0.230336993932724
0.577751994132996 0.229932993650436
0.576925992965698 0.229528993368149
0.576101005077362 0.229126006364822
0.575276970863342 0.228722006082535
0.574452996253967 0.228319004178047
0.57363098859787 0.22791700065136
0.572808980941772 0.227513998746872
0.571987986564636 0.227111995220184
0.571168005466461 0.226711004972458
0.570348978042603 0.22630900144577
0.569530010223389 0.225907996296883
0.568713009357452 0.225507006049156
0.567894995212555 0.225106999278069
0.56707900762558 0.224705994129181
0.566263020038605 0.224306002259254
0.565447986125946 0.223906993865967
0.564633011817932 0.22350700199604
0.563818991184235 0.223107993602753
0.563005983829498 0.222708001732826
0.562192976474762 0.222308993339539
0.561380982398987 0.221909999847412
0.560568988323212 0.221512004733086
0.559758007526398 0.221112996339798
0.558947026729584 0.220715001225471
0.558136999607086 0.220317006111145
0.557326972484589 0.219918996095657
0.556518018245697 0.219521000981331
0.555709004402161 0.219123005867004
0.554899990558624 0.218724995851517
0.554090976715088 0.21832700073719
0.553282976150513 0.217930004000664
0.552475988864899 0.217531993985176
0.551667988300323 0.21713499724865
0.550861001014709 0.216737002134323
0.550054013729095 0.216339007019997
0.549247026443481 0.215941995382309
0.548439979553223 0.215544000267982
0.547632992267609 0.215147003531456
0.546827018260956 0.214748993515968
0.546019971370697 0.214350998401642
0.545213997364044 0.213953003287315
0.54440701007843 0.213554993271828
0.543600022792816 0.213156998157501
0.542793989181519 0.212759003043175
0.541987001895905 0.212360993027687
0.541180014610291 0.211961999535561
0.540373027324677 0.211563006043434
0.539565026760101 0.211163997650146
0.538757026195526 0.21076500415802
0.537949025630951 0.210364997386932
0.537141025066376 0.209965005517006
0.536332011222839 0.209564998745918
0.535522997379303 0.209163993597031
0.534712970256805 0.208763003349304
0.533901989459991 0.208361998200417
0.533091008663177 0.207959994673729
0.532279014587402 0.207558006048203
0.531467020511627 0.207155004143715
0.53065299987793 0.206752002239227
0.529838979244232 0.20634800195694
0.529024004936218 0.205943003296852
0.528208017349243 0.205538004636765
0.527390003204346 0.205131992697716
0.526571989059448 0.204725995659828
0.525752007961273 0.204319000244141
0.524931013584137 0.203911006450653
0.52410900592804 0.203501999378204
0.52328497171402 0.203091993927956
0.522459983825684 0.202681005001068
0.52163302898407 0.202270001173019
0.520803987979889 0.201857000589371
0.51997298002243 0.201443001627922
0.519141018390656 0.201028004288673
0.518306016921997 0.200611993670464
0.517468988895416 0.200194999575615
0.516628980636597 0.199775993824005
0.5157870054245 0.199356004595757
0.51494300365448 0.198934003710747
0.51409500837326 0.198511004447937
0.513244986534119 0.198085993528366
0.512390971183777 0.197659000754356
0.511533975601196 0.197229996323586
0.510673999786377 0.196798995137215
0.509809017181396 0.196366995573044
0.508940994739532 0.195932000875473
0.508068025112152 0.195493996143341
0.507191002368927 0.195054993033409
0.506308972835541 0.194611996412277
0.505421996116638 0.194167003035545
0.504530012607574 0.193718999624252
0.503630995750427 0.193267002701759
0.502726972103119 0.192811995744705
0.501815974712372 0.192353993654251
0.500896990299225 0.191891998052597
0.499971002340317 0.191424995660782
0.499036997556686 0.190953999757767
0.498093992471695 0.19047899544239
0.497141003608704 0.189998000860214
0.49617800116539 0.189511999487877
0.495204001665115 0.189018994569778
0.494217991828918 0.18851999938488
0.493218988180161 0.188014000654221
0.492204993963242 0.1875009983778
0.4911749958992 0.186978995800018
0.490128010511398 0.186446994543076
0.489062011241913 0.185905992984772
0.487975001335144 0.185352995991707
0.486865013837814 0.184788003563881
0.485727995634079 0.184209004044533
0.484562993049622 0.183614999055862
0.483366996049881 0.183004006743431
0.482134997844696 0.182374000549316
0.480865985155106 0.18172399699688
0.479559004306793 0.181052997708321
0.478213012218475 0.18036200106144
0.476837009191513 0.179654002189636
0.475446999073029 0.178937003016472
0.474070996046066 0.178227007389069
0.472748011350632 0.177541002631187
0.471513003110886 0.176900997757912
0.470389991998672 0.176315993070602
0.469384014606476 0.175791993737221
0.46848800778389 0.175325006246567
0.467691987752914 0.174907997250557
0.466982990503311 0.174537003040314
0.466347992420197 0.174204006791115
0.465777993202209 0.173904001712799
0.46526300907135 0.173631995916367
0.464796006679535 0.173385992646217
0.464372009038925 0.173161998391151
0.463984996080399 0.172957003116608
0.463629990816116 0.172769993543625
0.46330600976944 0.172598004341125
0.463007003068924 0.172438994050026
0.462733000516891 0.17229300737381
0.462480992078781 0.172159001231194
0.462247997522354 0.172034993767738
0.462033987045288 0.171920999884605
0.461836993694305 0.171816006302834
0.461654990911484 0.171718001365662
0.461486995220184 0.171628996729851
0.461333006620407 0.171545997262001
0.461192011833191 0.171470001339912
0.461062014102936 0.171400994062424
0.460943013429642 0.171336993575096
0.460835009813309 0.17127899825573
0.460736006498337 0.171224996447563
0.460646986961365 0.171176999807358
0.460566014051437 0.171133995056152
0.460494011640549 0.171094998717308
0.46042999625206 0.171059995889664
0.460373014211655 0.17102900147438
0.460323005914688 0.171002000570297
0.460280001163483 0.170978993177414
0.460243999958038 0.170958995819092
0.460213989019394 0.170943006873131
0.460189998149872 0.170929998159409
0.46017199754715 0.170919999480247
0.460159003734589 0.170912995934486
0.460152000188828 0.170909002423286
0.460148990154266 0.170908004045486
0.460150986909866 0.170909002423286
0.460157990455627 0.170912995934486
0.460168987512589 0.170919001102448
0.460184991359711 0.170927003026009
0.460204988718033 0.17093800008297
0.460229009389877 0.170952007174492
0.460256993770599 0.170966997742653
0.460290014743805 0.170984998345375
0.460325986146927 0.171004995703697
0.460366010665894 0.171027004718781
0.460408985614777 0.171050995588303
0.460456013679504 0.171076998114586
0.46050700545311 0.171103999018669
0.460561007261276 0.171133995056152
0.460617989301682 0.171166002750397
0.46067801117897 0.17119899392128
0.460741996765137 0.171233996748924
0.460808008909225 0.171270996332169
0.460878014564514 0.171308994293213
0.46094998717308 0.171349003911018
0.46102499961853 0.171390995383263
0.461102992296219 0.171434000134468
0.461183995008469 0.171479001641273
0.461266994476318 0.171525001525879
0.461353003978729 0.171572998166084
0.46144101023674 0.17162199318409
0.46153199672699 0.171672999858856
0.461625009775162 0.171725004911423
0.461721003055573 0.171777993440628
0.461818993091583 0.171832993626595
0.461919993162155 0.171889007091522
0.462022006511688 0.171946004033089
0.46212700009346 0.172004997730255
0.462233990430832 0.172065004706383
0.462343990802765 0.172125995159149
0.462455004453659 0.172187998890877
0.462568014860153 0.172251999378204
0.462684005498886 0.172316998243332
0.46280100941658 0.172382995486259
0.462920993566513 0.172450006008148
0.463041990995407 0.172518000006676
0.463165998458862 0.172588005661964
0.463290989398956 0.172657996416092
0.463418006896973 0.172729998826981
0.463546991348267 0.172802999615669
0.463678002357483 0.172876998782158
0.463811010122299 0.172951996326447
0.463945001363754 0.173028007149696
0.464082002639771 0.173105001449585
0.464219987392426 0.173182994127274
0.464358985424042 0.173262000083923
0.464500993490219 0.173342004418373
0.464644014835358 0.173423007130623
0.464787989854813 0.173504993319511
0.464935004711151 0.173587992787361
0.465083003044128 0.173672005534172
0.465232014656067 0.173757001757622
0.465382993221283 0.173842996358871
0.465535998344421 0.173930004239082
0.465689986944199 0.174017995595932
0.465846002101898 0.174107000231743
0.466003000736237 0.174196004867554
0.466161996126175 0.174287006258965
0.466322004795074 0.174379006028175
0.466484010219574 0.174471005797386
0.466646999120712 0.174564003944397
0.466812014579773 0.174658998847008
0.466978013515472 0.174753993749619
0.467144995927811 0.17485000193119
0.467314004898071 0.174946993589401
0.467483997344971 0.175044000148773
0.46765598654747 0.175143003463745
0.467828989028931 0.175242006778717
0.468003988265991 0.175343006849289
0.468178987503052 0.175444006919861
0.468356996774673 0.175546005368233
0.468535006046295 0.175648003816605
0.468715012073517 0.175751999020576
0.468896001577377 0.175855994224548
0.469078004360199 0.175962001085281
0.469262003898621 0.176067993044853
0.469446986913681 0.176174998283386
0.469633013010025 0.176282003521919
0.469821006059647 0.176391005516052
0.470008999109268 0.176499992609024
0.470200002193451 0.176609992980957
0.470391005277634 0.176721006631851
0.470582991838455 0.176833003759384
0.470777004957199 0.176945000886917
0.470972001552582 0.17705799639225
0.471168011426926 0.177173003554344
0.471365988254547 0.177286997437477
0.471563994884491 0.177403002977371
0.471763998270035 0.177518993616104
0.471964985132217 0.177635997533798
0.472166985273361 0.177753999829292
0.472371011972427 0.177873000502586
0.472575008869171 0.17799200117588
0.472781002521515 0.178112000226974
0.47298800945282 0.178232997655869
0.473195999860764 0.178354993462563
0.473405003547668 0.178477004170418
0.473616003990173 0.178600996732712
0.473827004432678 0.178725004196167
0.474040001630783 0.178848996758461
0.474254012107849 0.178975000977516
0.474469006061554 0.179101005196571
0.47468501329422 0.179227992892265
0.474902004003525 0.17935499548912
0.475120007991791 0.179483994841576
0.475340008735657 0.179612994194031
0.475560009479523 0.179743006825447
0.475782006978989 0.179873004555702
0.476004987955093 0.180004999041557
0.476227998733521 0.180136993527412
0.476453006267548 0.180269002914429
0.476678997278214 0.180402994155884
0.476907014846802 0.1805370002985
0.477135002613068 0.180672004818916
0.477364003658295 0.180807992815971
0.477595001459122 0.180943995714188
0.477825999259949 0.181080996990204
0.478058993816376 0.18121899664402
0.478291988372803 0.181357994675636
0.478527009487152 0.181496992707253
0.47876301407814 0.18163700401783
0.479000002145767 0.181777998805046
0.479236990213394 0.181918993592262
0.479476004838943 0.18206100165844
0.479716002941132 0.182203993201256
0.47995799779892 0.182347998023033
0.480199992656708 0.18249200284481
0.480443000793457 0.182637006044388
0.480686992406845 0.182782992720604
0.480931997299194 0.182928994297981
0.481178998947144 0.183075994253159
0.481426000595093 0.183223992586136
0.481674998998642 0.183373004198074
0.481923997402191 0.183522000908852
0.48217499256134 0.183671995997429
0.48242598772049 0.183823004364967
0.482679009437561 0.183974996209145
0.482933014631271 0.184127002954483
0.483186990022659 0.18427999317646
0.48344299197197 0.184432998299599
0.483700007200241 0.184588000178337
0.483958005905151 0.184743002057076
0.4842169880867 0.184898003935814
0.484477013349533 0.185055002570152
0.484737992286682 0.185212001204491
0.484999001026154 0.185369998216629
0.485262989997864 0.185528993606567
0.485527008771896 0.185688003897667
0.485792011022568 0.185847997665405
0.486057996749878 0.186009004712105
0.486324995756149 0.186170995235443
0.486593008041382 0.186333000659943
0.486862003803253 0.186496004462242
0.487132012844086 0.18665899336338
0.487403988838196 0.18682399392128
0.487675994634628 0.186988994479179
0.487949013710022 0.187154993414879
0.488223999738693 0.18732100725174
0.488498985767365 0.187489002943039
0.488775014877319 0.187656998634338
0.489053010940552 0.187824994325638
0.489331007003784 0.187995001673698
0.489610999822617 0.188164994120598
0.489890992641449 0.188335999846458
0.490173012018204 0.188508003950119
0.490456014871597 0.188679993152618
0.490738987922668 0.188852995634079
0.491023987531662 0.18902699649334
0.491310000419617 0.1892019957304
0.491596013307571 0.189376994967461
0.491883993148804 0.189552992582321
0.492172986268997 0.189730003476143
0.492462992668152 0.189907997846603
0.492752999067307 0.190086007118225
0.493045002222061 0.190264999866486
0.493337988853455 0.190445005893707
0.493631988763809 0.190624997019768
0.493927001953125 0.190806001424789
0.49422299861908 0.190988004207611
0.494520008563995 0.191171005368233
0.49481800198555 0.191355004906654
0.495117992162704 0.191539004445076
0.495418012142181 0.191724002361298
0.495718985795975 0.191909998655319
0.496021002531052 0.192095994949341
0.496324986219406 0.192283004522324
0.496628999710083 0.192470997571945
0.496933996677399 0.192660003900528
0.497240990400314 0.19284999370575
0.497548013925552 0.193039998412132
0.497857004404068 0.193231001496315
0.498167008161545 0.193423002958298
0.498477011919022 0.19361600279808
0.498789012432098 0.193809002637863
0.499101996421814 0.194003000855446
0.499415993690491 0.194197997450829
0.499731004238129 0.194394007325172
0.500047028064728 0.194590002298355
0.500364005565643 0.194786995649338
0.50068199634552 0.194985002279282
0.501001000404358 0.195184007287025
0.501321017742157 0.195383995771408
0.501641988754272 0.195583999156952
0.50196498632431 0.195785000920296
0.502287983894348 0.19598700106144
0.502613008022308 0.196189999580383
0.502937972545624 0.196392998099327
0.503265023231506 0.196597993373871
0.503593027591705 0.196803003549576
0.503921985626221 0.19700899720192
0.504251003265381 0.197215005755424
0.504581987857819 0.197422996163368
0.504913985729218 0.197631001472473
0.505248010158539 0.197840005159378
0.505581974983215 0.198050007224083
0.505917012691498 0.198260992765427
0.506254017353058 0.198473006486893
0.506591022014618 0.198685005307198
0.506929993629456 0.198898002505302
0.507269978523254 0.199111998081207
0.507610976696014 0.199327006936073
0.507951974868774 0.199542999267578
0.508296012878418 0.199759006500244
0.508639991283417 0.199975997209549
0.508984982967377 0.200194999575615
0.509330987930298 0.200414001941681
0.509679019451141 0.200633004307747
0.510028004646301 0.200854003429413
0.510376989841461 0.201076000928879
0.510728001594543 0.201297998428345
0.511080026626587 0.201520994305611
0.511433005332947 0.201745003461838
0.511788010597229 0.201969996094704
0.512143015861511 0.202196002006531
0.512499988079071 0.202421993017197
0.512857019901276 0.202649995684624
0.513216018676758 0.202877998352051
0.513575971126556 0.203106999397278
0.513936996459961 0.203336998820305
0.514299988746643 0.203567996621132
0.514662981033325 0.203799992799759
0.51502799987793 0.204033002257347
0.515393972396851 0.204265996813774
0.515761017799377 0.204501003026962
0.516129016876221 0.204735994338989
0.516498029232025 0.204971998929977
0.516867995262146 0.205209001898766
0.517239987850189 0.205447003245354
0.517612993717194 0.205686002969742
0.517987012863159 0.20592600107193
0.518361985683441 0.206166997551918
0.518737971782684 0.206407994031906
0.51911598443985 0.206651002168655
0.519495010375977 0.206893995404243
0.51987498998642 0.207139000296593
0.520255982875824 0.207384005188942
0.520637989044189 0.20762999355793
0.521022021770477 0.207876995205879
0.52140599489212 0.208124995231628
0.521791994571686 0.208373993635178
0.522180020809174 0.208624005317688
0.522567987442017 0.208875000476837
0.522957980632782 0.209126994013786
0.523348987102509 0.209379002451897
0.523741006851196 0.209632992744446
0.5241339802742 0.209887996315956
0.524528980255127 0.210142999887466
0.524924993515015 0.210400000214577
0.525322020053864 0.210657000541687
0.525720000267029 0.210915997624397
0.526120007038116 0.211174994707108
0.526521027088165 0.211435005068779
0.526923000812531 0.211696997284889
0.527325987815857 0.211959004402161
0.527731001377106 0.212222993373871
0.528137028217316 0.212486997246742
0.528544008731842 0.212751999497414
0.52895200252533 0.213018000125885
0.52936202287674 0.213285997509956
0.529772996902466 0.213553994894028
0.530185997486115 0.21382300555706
0.530598998069763 0.214093998074532
0.531014025211334 0.214365005493164
0.531431019306183 0.214636996388435
0.531848013401031 0.214910998940468
0.532266974449158 0.2151850014925
0.53268700838089 0.215461000800133
0.5331090092659 0.215737000107765
0.533532023429871 0.216013997793198
0.533955991268158 0.216293007135391
0.534381985664368 0.216572999954224
0.534807980060577 0.216852992773056
0.535237014293671 0.21713499724865
0.535665988922119 0.217418000102043
0.53609699010849 0.217701002955437
0.536530017852783 0.21798600256443
0.536962985992432 0.218272000551224
0.537397980690002 0.218558996915817
0.537835001945496 0.218847006559372
0.538272976875305 0.219136998057365
0.538712024688721 0.21942700445652
0.539152026176453 0.219717994332314
0.539593994617462 0.220010995864868
0.540037989616394 0.220303997397423
0.540481984615326 0.220598995685577
0.540929019451141 0.220895007252693
0.541375994682312 0.221191003918648
0.541824996471405 0.221488997340202
0.54227602481842 0.221789002418518
0.542728006839752 0.222088992595673
0.543181002140045 0.222389996051788
0.54363602399826 0.222692996263504
0.544091999530792 0.22299599647522
0.544548988342285 0.223300993442535
0.545009016990662 0.223607003688812
0.545468986034393 0.223913997411728
0.545930981636047 0.224223002791405
0.546395003795624 0.22453199326992
0.546859979629517 0.224842995405197
0.547326028347015 0.225153997540474
0.547793984413147 0.225466996431351
0.548263013362885 0.225782006978989
0.5487340092659 0.226097002625465
0.549206972122192 0.226413995027542
0.549681007862091 0.22673100233078
0.550155997276306 0.227050006389618
0.550633013248444 0.227369993925095
0.551111996173859 0.227691993117332
0.551591992378235 0.228015005588531
0.552073001861572 0.228338003158569
0.552556991577148 0.228662997484207
0.553040981292725 0.228990003466606
0.553528010845184 0.229316994547844
0.554014980792999 0.229645997285843
0.554504990577698 0.229975998401642
0.554996013641357 0.230307996273041
0.555487990379333 0.23063999414444
0.555981993675232 0.2309740036726
0.556478023529053 0.231308996677399
0.55697500705719 0.231646001338959
0.55747401714325 0.231984004378319
0.557974994182587 0.232323005795479
0.558476984500885 0.232663005590439
0.558981001377106 0.233005002140999
0.559485971927643 0.233347997069359
0.559993028640747 0.23369200527668
0.560501992702484 0.23403799533844
0.561012983322144 0.234384998679161
0.561524987220764 0.234733000397682
0.562038004398346 0.235082000494003
0.562554001808167 0.235432997345924
0.563071012496948 0.235786005854607
0.563588976860046 0.236139997839928
0.564109981060028 0.23649500310421
0.564631998538971 0.236851006746292
0.565155982971191 0.237209007143974
0.565680980682373 0.237568005919456
0.566209018230438 0.237929001450539
0.56673800945282 0.238290995359421
0.567269027233124 0.238654002547264
0.567800998687744 0.239019006490707
0.568334996700287 0.239384993910789
0.568871021270752 0.239752992987633
0.569409012794495 0.240122005343437
0.569948971271515 0.24049299955368
0.570490002632141 0.240865007042885
0.571033000946045 0.241237998008728
0.571578025817871 0.241613000631332
0.572125017642975 0.241990000009537
0.57267302274704 0.242367997765541
0.573224008083344 0.242746993899345
0.573776006698608 0.243128001689911
0.574329972267151 0.243509992957115
0.57488602399826 0.243893995881081
0.575443983078003 0.244279995560646
0.576003015041351 0.244666993618011
0.576565027236938 0.245055004954338
0.577127993106842 0.245444998145103
0.577692985534668 0.24583700299263
0.578260004520416 0.246230006217957
0.578828990459442 0.246623992919922
0.57940000295639 0.24702100455761
0.579972982406616 0.247418001294136
0.580547988414764 0.247817993164063
0.581125020980835 0.24821899831295
0.581703007221222 0.248621001839638
0.582283973693848 0.249026000499725
0.582867026329041 0.249430999159813
0.583450973033905 0.2498389929533
0.584038019180298 0.250247985124588
0.584626019001007 0.250658988952637
0.585216999053955 0.251071006059647
0.585808992385864 0.251484990119934
0.586404025554657 0.251899987459183
0.587001025676727 0.252317994832993
0.587598979473114 0.252736985683441
0.588199973106384 0.253158003091812
0.588802993297577 0.253580003976822
0.589407026767731 0.254004001617432
0.590013980865479 0.254429996013641
0.590623021125793 0.254857003688812
0.591234028339386 0.255286991596222
0.591847002506256 0.255717992782593
0.59246301651001 0.256150007247925
0.59307998418808 0.256585001945496
0.593699991703033 0.257021009922028
0.594321012496948 0.25745901465416
0.594945013523102 0.257898986339569
0.595570981502533 0.258341014385223
0.596198976039886 0.258783996105194
0.596830010414124 0.259229987859726
0.597461998462677 0.259676992893219
0.598097026348114 0.260125994682312
0.598734021186829 0.260576993227005
0.599372982978821 0.261029005050659
0.600014984607697 0.261483997106552
0.600657999515533 0.261940002441406
0.601303994655609 0.26239800453186
0.601952016353607 0.262858003377914
0.602603018283844 0.26332101225853
0.603255987167358 0.263785004615784
0.603910982608795 0.264250010251999
0.604568004608154 0.264717996120453
0.605228006839752 0.265188008546829
0.605889976024628 0.265659987926483
0.606553971767426 0.266133993864059
0.607221007347107 0.266609013080597
0.607890009880066 0.267087012529373
0.608561992645264 0.267567008733749
0.609236001968384 0.268047988414764
0.609911978244781 0.268532007932663
0.610590994358063 0.269017994403839
0.611271977424622 0.269504994153976
0.611956000328064 0.269995003938675
0.612641990184784 0.270487010478973
0.613330006599426 0.270981013774872
0.614021003246307 0.27147701382637
0.614714980125427 0.271975010633469
0.615410983562469 0.272475987672806
0.616109013557434 0.272978007793427
0.616810023784637 0.273483008146286
0.61751401424408 0.273988991975784
0.618219971656799 0.274497985839844
0.618929028511047 0.275009006261826
0.619639992713928 0.275521993637085
0.620353996753693 0.276037991046906
0.621070981025696 0.276555001735687
0.621789991855621 0.277074992656708
0.622511982917786 0.277597010135651
0.623236000537872 0.278120994567871
0.623964011669159 0.278647989034653
0.624692976474762 0.279177010059357
0.62542599439621 0.279707998037338
0.626160979270935 0.280241012573242
0.626899003982544 0.280777007341385
0.627640008926392 0.281314998865128
0.628382980823517 0.28185498714447
0.629128992557526 0.282397985458374
0.629877984523773 0.2829430103302
0.630630016326904 0.283490002155304
0.631385028362274 0.284040004014969
0.632142007350922 0.284592002630234
0.632902026176453 0.28514701128006
0.633665025234222 0.285703986883163
0.634431004524231 0.286262989044189
0.635200023651123 0.286825001239777
0.635972023010254 0.287389993667603
0.636747002601624 0.287957012653351
0.637524008750916 0.288525998592377
0.638305008411407 0.289097994565964
0.639087975025177 0.289671987295151
0.639874994754791 0.29025000333786
0.640663981437683 0.290829002857208
0.64145702123642 0.291411012411118
0.642252027988434 0.291996002197266
0.643051028251648 0.292582988739014
0.64385199546814 0.293172985315323
0.644657015800476 0.293765991926193
0.645465016365051 0.294360995292664
0.646275997161865 0.294959008693695
0.647090017795563 0.295560002326965
0.647907018661499 0.296162992715836
0.648726999759674 0.296768993139267
0.649550974369049 0.29737800359726
0.650377988815308 0.297989010810852
0.651207983493805 0.298602998256683
0.652041018009186 0.299219995737076
0.652876973152161 0.299840003252029
0.65371698141098 0.300462990999222
0.654560029506683 0.301088005304337
0.65540599822998 0.301717013120651
0.656256020069122 0.302347987890244
0.657109022140503 0.302982002496719
0.657965004444122 0.303618997335434
0.658824980258942 0.30425900220871
0.659687995910645 0.304901987314224
0.660555005073547 0.305546998977661
0.661424994468689 0.306196004152298
0.662298023700714 0.306847989559174
0.663174986839294 0.307503014802933
0.664056003093719 0.308160990476608
0.664939999580383 0.308820992708206
0.665826976299286 0.309484988451004
0.666718006134033 0.310151994228363
0.66761302947998 0.310822010040283
0.668510973453522 0.311495989561081
0.669412970542908 0.312171995639801
0.670319020748138 0.312851011753082
0.671227991580963 0.313533991575241
0.672141015529633 0.314220011234283
0.673057973384857 0.314909011125565
0.673977971076965 0.315602004528046
0.674902021884918 0.316296994686127
0.675830006599426 0.31699600815773
0.676761984825134 0.317698001861572
0.677697002887726 0.318403989076614
0.678637027740479 0.319112986326218
0.679579973220825 0.319824993610382
0.680526971817017 0.320540994405746
0.681478023529053 0.321260005235672
0.682433009147644 0.321981996297836
0.683391988277435 0.322708010673523
0.684355020523071 0.323437988758087
0.685321986675262 0.324171006679535
0.686293005943298 0.324907004833221
0.687268018722534 0.325646996498108
0.68824702501297 0.326391011476517
0.689230024814606 0.327138006687164
0.690217018127441 0.327888011932373
0.691209018230438 0.328642994165421
0.692205011844635 0.329400986433029
0.693203985691071 0.33016300201416
0.694208979606628 0.33092799782753
0.69521701335907 0.3316969871521
0.696229994297028 0.332469999790192
0.69724702835083 0.333247005939484
0.698267996311188 0.334026992321014
0.699293971061707 0.334811985492706
0.70032399892807 0.335599988698959
0.701358020305634 0.336391985416412
0.702396988868713 0.337188005447388
0.703441023826599 0.337987989187241
0.70448899269104 0.338791996240616
0.705541014671326 0.339599996805191
0.706597983837128 0.340411990880966
0.707660019397736 0.341228008270264
0.708725988864899 0.342047989368439
0.709797024726868 0.342871993780136
0.710871994495392 0.343699991703033
0.711952984333038 0.344532012939453
0.71303802728653 0.345369011163712
0.714127004146576 0.346208989620209
0.715222001075745 0.347054004669189
0.716320991516113 0.347903996706009
0.717426002025604 0.34875699877739
0.718535006046295 0.349615007638931
0.719649016857147 0.350477010011673
0.720767974853516 0.351343989372253
0.72189199924469 0.352214992046356
0.723020970821381 0.353089988231659
0.724155008792877 0.353969991207123
0.72529399394989 0.354853987693787
0.726437985897064 0.355742990970612
0.727587997913361 0.356637001037598
0.728742003440857 0.357535004615784
0.729902029037476 0.35843700170517
0.731067001819611 0.359344989061356
0.732236981391907 0.360256999731064
0.733412981033325 0.361173987388611
0.734593987464905 0.36209499835968
0.735780000686646 0.363020986318588
0.736971974372864 0.363952994346619
0.738170027732849 0.36488801240921
0.73937201499939 0.365828990936279
0.740580976009369 0.366775006055832
0.741795003414154 0.367725998163223
0.743013978004456 0.368681997060776
0.744238972663879 0.369641989469528
0.745469987392426 0.370608001947403
0.746707022190094 0.371578991413116
0.747949004173279 0.372554987668991
0.749197006225586 0.373535990715027
0.750451028347015 0.374523013830185
0.751711010932922 0.375515013933182
0.75297600030899 0.376511991024017
0.754248023033142 0.377514004707336
0.755526006221771 0.378522008657455
0.756808996200562 0.379534989595413
0.758099019527435 0.380553007125854
0.759395003318787 0.381576985120773
0.76069700717926 0.382605999708176
0.762005984783173 0.383641988039017
0.763320028781891 0.38468199968338
0.764640986919403 0.385728001594543
0.765968024730682 0.386779993772507
0.767301976680756 0.387838006019592
0.768642008304596 0.388900995254517
0.769988000392914 0.389970988035202
0.771341025829315 0.391045987606049
0.772701025009155 0.392127007246017
0.774066984653473 0.393213987350464
0.775439977645874 0.394306987524033
0.776818990707397 0.395404994487762
0.77820497751236 0.396510004997253
0.779597997665405 0.397621005773544
0.78099799156189 0.398739010095596
0.782405018806458 0.399861991405487
0.783819019794464 0.400992006063461
0.785238981246948 0.402128010988235
0.786666989326477 0.40327000617981
0.788101971149445 0.404419004917145
0.789543986320496 0.40557399392128
0.790992975234985 0.406735002994537
0.792448997497559 0.407902985811234
0.793913006782532 0.409078001976013
0.795383989810944 0.410259008407593
0.7968630194664 0.411446988582611
0.798348009586334 0.412642002105713
0.799842000007629 0.413843989372253
0.801343023777008 0.415051996707916
0.802851021289825 0.41626700758934
0.804368019104004 0.417490005493164
0.80589097738266 0.418718993663788
0.807422995567322 0.419954985380173
0.808963000774384 0.421198010444641
0.810509979724884 0.422448992729187
0.81206601858139 0.423705995082855
0.813628971576691 0.424971014261246
0.815200984477997 0.426243990659714
0.816779971122742 0.427522987127304
0.818368017673492 0.428810000419617
0.819963991641998 0.430105000734329
0.82156902551651 0.431407004594803
0.823181986808777 0.432716995477676
0.824802994728088 0.434033989906311
0.826433002948761 0.435359001159668
0.828070998191833 0.436691999435425
0.829717993736267 0.438033014535904
0.831373989582062 0.439381003379822
0.833037972450256 0.440737992525101
0.834712028503418 0.442102998495102
0.836394011974335 0.443475008010864
0.838084995746613 0.444855988025665
0.839784979820251 0.446245014667511
0.841494023799896 0.447643011808395
0.843213021755219 0.44904899597168
0.844941020011902 0.450462996959686
0.846678018569946 0.451885014772415
0.848424017429352 0.453316986560822
0.850179970264435 0.454757004976273
0.851944983005524 0.456205010414124
0.853720009326935 0.457661986351013
0.855504989624023 0.459129005670547
0.857298970222473 0.460604012012482
0.859103977680206 0.462087988853455
0.860917985439301 0.463580995798111
0.862742006778717 0.465083003044128
0.864575982093811 0.466594010591507
0.866420984268188 0.468115001916885
0.868274986743927 0.469644993543625
0.870140016078949 0.471184998750687
0.872014999389648 0.472734004259109
0.873901009559631 0.474292010068893
0.875796973705292 0.475859999656677
0.87770402431488 0.477438002824783
0.879621982574463 0.479025989770889
0.881550014019012 0.480623990297318
0.883490025997162 0.482230991125107
0.885439991950989 0.483848989009857
0.887400984764099 0.48547700047493
0.889374017715454 0.487114995718002
0.891357004642487 0.488763004541397
0.893351972103119 0.490422010421753
0.895358979701996 0.492091000080109
0.897377014160156 0.493770986795425
0.899406015872955 0.495462000370026
0.901265978813171 0.497011005878448
0.90251100063324 0.498050004243851
0.903343975543976 0.498744010925293
0.903900027275085 0.499208003282547
0.904271006584167 0.499518007040024
0.904519021511078 0.499724000692368
0.904684007167816 0.499861985445023
0.904766023159027 0.499931007623672
0.904807984828949 0.499965995550156
0.904848992824554 0.5
0.904848992824554 0.5
0.90489000082016 0.500033974647522
0.904932022094727 0.50006902217865
0.905013978481293 0.500137984752655
0.905179977416992 0.500276029109955
0.905427992343903 0.500482976436615
0.905800998210907 0.500795006752014
0.906360983848572 0.501262009143829
0.907203018665314 0.50196498632431
0.908469021320343 0.503022015094757
0.910376012325287 0.504616022109985
0.912481009960175 0.506376028060913
0.914597988128662 0.508147001266479
0.916728019714355 0.509929001331329
0.918869972229004 0.511722981929779
0.921024978160858 0.513529002666473
0.923192024230957 0.515345990657806
0.925373017787933 0.5171759724617
0.92756599187851 0.519016981124878
0.929772019386292 0.520869970321655
0.93199098110199 0.522734999656677
0.934224009513855 0.52461302280426
0.936469972133636 0.526502013206482
0.938730001449585 0.528405010700226
0.941003024578094 0.530318975448608
0.943289995193481 0.532247006893158
0.945590019226074 0.534187018871307
0.947905004024506 0.536140024662018
0.950232982635498 0.538106024265289
0.952575981616974 0.540085017681122
0.954932987689972 0.542077004909515
0.957304000854492 0.544082999229431
0.959689974784851 0.546101987361908
0.962091028690338 0.548134982585907
0.964505970478058 0.550180971622467
0.966935992240906 0.552241027355194
0.969381988048553 0.554314970970154
0.971841990947723 0.556402981281281
0.974318027496338 0.558504998683929
0.976809024810791 0.560621976852417
0.979314982891083 0.56275200843811
0.98183798789978 0.564898014068604
0.984376013278961 0.567058026790619
0.986930012702942 0.569231986999512
0.989499986171722 0.571421980857849
0.992085993289948 0.57362699508667
0.994688987731934 0.575847029685974
0.997308015823364 0.578082025051117
0.999943971633911 0.580331981182098
1.0025999546051 0.582598984241486
1.00527000427246 0.584879994392395
1.00794994831085 0.587177991867065
1.0106600522995 0.58949202299118
1.01338005065918 0.591822028160095
1.01611995697021 0.59416800737381
1.01886999607086 0.596530973911285
1.02164995670319 0.598909974098206
1.02444005012512 0.601306021213531
1.02725005149841 0.603717982769012
1.03007996082306 0.60614800453186
1.03293001651764 0.608595013618469
1.03578996658325 0.611059010028839
1.03867995738983 0.613541007041931
1.04157996177673 0.616039991378784
1.04449999332428 0.618556976318359
1.04744005203247 0.621092975139618
1.05041003227234 0.623646020889282
1.05339002609253 0.626217007637024
1.05639004707336 0.628807008266449
1.05940997600555 0.631416022777557
1.06245005130768 0.634042978286743
1.06551003456116 0.636689007282257
1.06859004497528 0.63935399055481
1.07168996334076 0.642039000988007
1.07482004165649 0.644743025302887
1.07796001434326 0.647467017173767
1.081130027771 0.650210022926331
1.08431005477905 0.652974009513855
1.08752000331879 0.655757009983063
1.09074997901917 0.658560991287231
1.09400999546051 0.661386013031006
1.09728002548218 0.66423100233078
1.10057997703552 0.667096972465515
1.10389995574951 0.669983983039856
1.10723996162415 0.672892987728119
1.11059999465942 0.675822019577026
1.11398994922638 0.678773999214172
1.1174099445343 0.681747019290924
1.12083995342255 0.684742987155914
1.12430000305176 0.687761008739471
1.12777996063232 0.690801024436951
1.13128995895386 0.693863987922668
1.13481998443604 0.696949005126953
1.13838005065918 0.700057983398438
1.14196002483368 0.70319002866745
1.14557003974915 0.706345975399017
1.14919996261597 0.709524989128113
1.15286004543304 0.712728023529053
1.15654003620148 0.715955018997192
1.16024994850159 0.719206988811493
1.16399002075195 0.722482979297638
1.16775000095367 0.725784003734589
1.17154002189636 0.7291100025177
1.17535996437073 0.732460975646973
1.17920005321503 0.735836982727051
1.18306994438171 0.739238977432251
1.18696999549866 0.742667019367218
1.19088995456696 0.746122002601624
1.19484996795654 0.749602019786835
1.19883000850677 0.753108978271484
1.20283997058868 0.756642997264862
1.20687997341156 0.760204017162323
1.2109500169754 0.763792991638184
1.21504998207092 0.767408013343811
1.21917998790741 0.771052002906799
1.22334003448486 0.774724006652832
1.22753000259399 0.778424024581909
1.23175001144409 0.782151997089386
1.23599994182587 0.785908997058868
1.2402800321579 0.789695024490356
1.24459004402161 0.793510973453522
1.24892997741699 0.797356009483337
1.25330996513367 0.801230013370514
1.25771999359131 0.805135011672974
1.26215994358063 0.809069991111755
1.2666300535202 0.813036024570465
1.27112996578217 0.817031979560852
1.27567005157471 0.821058988571167
1.28024005889893 0.825118005275726
1.28485000133514 0.82920902967453
1.28948998451233 0.833330988883972
1.29416000843048 0.837485015392303
1.29886996746063 0.841672003269196
1.30361998081207 0.845890998840332
1.30839002132416 0.850143015384674
1.31321001052856 0.854427993297577
1.31806004047394 0.858747005462646
1.32293999195099 0.863099992275238
1.32787001132965 0.867486000061035
1.33282005786896 0.871906995773315
1.33782005310059 0.876362979412079
1.34284996986389 0.880852997303009
1.34791994094849 0.885378003120422
1.35302996635437 0.88993901014328
1.35818004608154 0.894535005092621
1.36336004734039 0.899167001247406
1.36857998371124 0.903836011886597
1.37383997440338 0.908541023731232
1.37914001941681 0.913281977176666
1.38449001312256 0.918061017990112
1.38987004756927 0.922877013683319
1.39529001712799 0.927730977535248
1.400750041008 0.932622015476227
1.40625 0.937551975250244
1.41179001331329 0.942520022392273
1.41737997531891 0.947525978088379
1.42299997806549 0.952571988105774
1.42867004871368 0.957656979560852
1.43438005447388 0.962781012058258
1.44012999534607 0.967944979667664
1.44593000411987 0.973150014877319
1.45176005363464 0.978393971920013
1.45764994621277 0.983678996562958
1.46356999874115 0.989005029201508
1.46953999996185 0.994373023509979
1.47555005550385 0.999781012535095
1.48160994052887 1.00522994995117
1.48770999908447 1.01072001457214
1.4938600063324 1.01626002788544
1.50004994869232 1.02182996273041
1.50628995895386 1.02744996547699
1.512580037117 1.03312003612518
1.51891005039215 1.03882002830505
1.52529001235962 1.04456996917725
1.53171002864838 1.05035996437073
1.53817999362946 1.05620002746582
1.54470002651215 1.06208002567291
1.55127000808716 1.06800997257233
1.55788004398346 1.07397997379303
1.56454002857208 1.07999002933502
1.57124996185303 1.08605003356934
1.57800996303558 1.09214997291565
1.58482003211975 1.09829998016357
1.59167003631592 1.10450005531311
1.59858000278473 1.11073994636536
1.60553002357483 1.1170300245285
1.61254000663757 1.12336003780365
1.61959004402161 1.12975001335144
1.62669003009796 1.1361700296402
1.63384997844696 1.1426500082016
1.64104998111725 1.14917004108429
1.64830994606018 1.1557400226593
1.65561997890472 1.1623500585556
1.66296994686127 1.16902005672455
1.67037999629974 1.17572999000549
1.67783999443054 1.18248999118805
1.68535995483398 1.18929994106293
1.69291996955872 1.19614994525909
1.70053005218506 1.20305001735687
1.70819997787476 1.21001005172729
1.71591997146606 1.21701002120972
1.72369003295898 1.22406005859375
1.73152005672455 1.23115003108978
1.73939001560211 1.23829996585846
1.74732005596161 1.24548995494843
1.75531005859375 1.25274002552032
1.76333999633789 1.26003003120422
1.77143001556396 1.26736998558044
1.77956998348236 1.2747700214386
1.78776001930237 1.28220999240875
1.79601001739502 1.28970003128052
1.80430996417999 1.2972400188446
1.81265997886658 1.30481994152069
1.82106995582581 1.31245994567871
1.82953000068665 1.32015001773834
1.83803999423981 1.32788002490997
1.84660995006561 1.33566999435425
1.85522997379303 1.34351003170013
1.86389994621277 1.35139000415802
1.87263000011444 1.35932004451752
1.88141000270844 1.36730003356934
1.89023995399475 1.3753399848938
1.89911997318268 1.38341999053955
1.90805995464325 1.39154994487762
1.91706001758575 1.39971995353699
1.92610001564026 1.40795004367828
1.93519997596741 1.41622996330261
1.94435000419617 1.42455005645752
1.95354998111725 1.43292999267578
1.96281003952026 1.44134998321533
1.9721200466156 1.44982004165649
1.98148000240326 1.45833003520966
1.99089002609253 1.46689999103546
2.00036001205444 1.47551000118256
2.00988006591797 1.48417997360229
2.0194399356842 1.492879986763
2.0290699005127 1.50163996219635
2.03873991966248 1.51043999195099
2.04846000671387 1.51928997039795
2.05823993682861 1.52819001674652
2.06805992126465 1.53712999820709
2.07793998718262 1.54612004756927
2.08786988258362 1.55516004562378
2.09785008430481 1.56423997879028
2.10787010192871 1.5733699798584
2.11794996261597 1.5825400352478
2.12807989120483 1.59176003932953
2.13825988769531 1.60101997852325
2.14847993850708 1.61032998561859
2.15876007080078 1.61968004703522
2.16908001899719 1.62908005714417
2.17945003509521 1.63852000236511
2.18987011909485 1.64800000190735
2.20034003257751 1.65752995014191
2.21086001396179 1.66709995269775
2.22142004966736 1.67671000957489
2.23202991485596 1.68637001514435
2.24269008636475 1.69605994224548
2.25339007377625 1.70580005645752
2.26413989067078 1.71557998657227
2.2749400138855 1.7253999710083
2.28577995300293 1.73527002334595
2.29665994644165 1.74516999721527
2.30759000778198 1.75511002540588
2.31856989860535 1.7650899887085
2.32959008216858 1.7751100063324
2.34065008163452 1.78517997264862
2.3517599105835 1.79527997970581
2.36291003227234 1.80541002750397
2.37409996986389 1.81559002399445
2.38533997535706 1.82580995559692
2.39662003517151 1.83606004714966
2.40793991088867 1.8463499546051
2.4193000793457 1.8566700220108
2.43070006370544 1.8670300245285
2.44214010238647 1.8774299621582
2.45362997055054 1.88786995410919
2.46515011787415 1.89833998680115
2.47672009468079 1.90883994102478
2.48832011222839 1.9193799495697
2.49995994567871 1.92994999885559
2.5116400718689 1.94055998325348
2.52336001396179 1.95120000839233
2.53512001037598 1.96186995506287
2.54692006111145 1.97257995605469
2.55874991416931 1.98331999778748
2.57062005996704 1.99408996105194
2.58253002166748 2.00488996505737
2.59447002410889 2.0157299041748
2.60645008087158 2.0265998840332
2.61846995353699 2.03748989105225
2.63052010536194 2.04841995239258
2.64260005950928 2.05938005447388
2.65472006797791 2.07036995887756
2.66687989234924 2.08137989044189
2.67906999588013 2.09243011474609
2.6912899017334 2.10349988937378
2.70355010032654 2.11460995674133
2.71584010124207 2.12574005126953
2.72815990447998 2.13689994812012
2.74050998687744 2.14808011054993
2.75289988517761 2.15930008888245
2.76532006263733 2.17054009437561
2.77777004241943 2.18179988861084
2.7902500629425 2.19309997558594
2.80275988578796 2.20442008972168
2.81529998779297 2.21575999259949
2.82787990570068 2.22712993621826
2.84048008918762 2.238529920578
2.85311007499695 2.24994993209839
2.86578011512756 2.26138997077942
2.87846994400024 2.27286005020142
2.89119005203247 2.28434991836548
2.90393996238708 2.29587006568909
2.91670989990234 2.30741000175476
2.92951989173889 2.31896996498108
2.94234991073608 2.33054995536804
2.95520997047424 2.34215998649597
2.96810007095337 2.35379004478455
2.98101997375488 2.36543989181519
2.99395990371704 2.37711000442505
3.00692009925842 2.3888099193573
3.01992011070251 2.40052008628845
3.03293991088867 2.41226005554199
3.04597997665405 2.42401003837585
3.05906009674072 2.43579006195068
3.07214999198914 2.44759011268616
3.08526992797852 2.45939993858337
3.09841990470886 2.47124004364014
3.11158990859985 2.48309993743896
3.12478995323181 2.49497008323669
3.13800001144409 2.50686001777649
3.15124988555908 2.51877999305725
3.16451001167297 2.53070998191833
3.17779994010925 2.54265999794006
3.1911199092865 2.55462002754211
3.20444989204407 2.56661009788513
3.2178099155426 2.57860994338989
3.23118996620178 2.59063005447388
3.24460005760193 2.6026599407196
3.25801992416382 2.61472010612488
3.27147006988525 2.62679004669189
3.28494000434875 2.63888001441956
3.2984299659729 2.65097999572754
3.31193995475769 2.66310000419617
3.32547998428345 2.67523002624512
3.33903002738953 2.68738007545471
3.35261011123657 2.69954991340637
3.36620998382568 2.71173000335693
3.3798201084137 2.72392988204956
3.3934600353241 2.73614001274109
3.40711998939514 2.74836993217468
3.42079997062683 2.76061010360718
3.43448996543884 2.77287006378174
3.44821000099182 2.78514003753662
3.46195006370544 2.79742002487183
3.47570991516113 2.80972003936768
3.48948001861572 2.82204008102417
3.5032799243927 2.83435988426208
3.51709008216858 2.84669995307922
3.53092002868652 2.85906004905701
3.54477000236511 2.87141990661621
3.55864000320435 2.88380002975464
3.57253003120422 2.89619994163513
3.58644008636475 2.9086000919342
3.60035991668701 2.92102003097534
3.61431002616882 2.9334499835968
3.62826991081238 2.94589996337891
3.64225006103516 2.95835995674133
3.65623998641968 2.97081995010376
3.67025995254517 2.98329997062683
3.68428993225098 2.99580001831055
3.69833993911743 3.00830006599426
3.71239995956421 3.02081990242004
3.72648000717163 3.03334999084473
3.7405800819397 3.04588007926941
3.75469994544983 3.05843997001648
3.76883006095886 3.07100009918213
3.78297996520996 3.08357000350952
3.7971498966217 3.09614992141724
3.81133008003235 3.10875010490417
3.82553005218506 3.12135004997253
3.83975005149841 3.13397002220154
3.85398006439209 3.14660000801086
3.86823010444641 3.15922999382019
3.88248991966248 3.17188000679016
3.89677000045776 3.18454003334045
3.9110701084137 3.19721007347107
3.92537999153137 3.20988988876343
3.93970990180969 3.22257995605469
3.95405006408691 3.23527002334595
3.9684100151062 3.24798011779785
3.98277997970581 3.2606999874115
3.99716997146606 3.27343010902405
4.01156997680664 3.28615999221802
4.02599000930786 3.29890990257263
4.04043006896973 3.31167006492615
4.05488014221191 3.32442998886108
4.06934022903442 3.33720993995667
4.08381986618042 3.34998989105225
4.0983099937439 3.36278009414673
4.11282014846802 3.37559008598328
4.1273398399353 3.38840007781982
4.14188003540039 3.40122008323669
4.15642976760864 3.41404008865356
4.1710000038147 3.4268798828125
4.18557977676392 3.43972992897034
4.20018005371094 3.45257997512817
4.21478986740112 3.46544003486633
4.22941017150879 3.47831988334656
4.24405002593994 3.49119997024536
4.25869989395142 3.50408005714417
4.27336978912354 3.51697993278503
4.28805017471313 3.52988004684448
4.3027400970459 3.542799949646
4.31745004653931 3.55572009086609
4.33217000961304 3.56865000724792
4.34690999984741 3.58157992362976
4.36166000366211 3.59453010559082
4.37642002105713 3.6074800491333
4.39120006561279 3.6204400062561
4.40599012374878 3.63340997695923
4.42079019546509 3.64637994766235
4.43560981750488 3.6593599319458
4.45043992996216 3.67235994338989
4.46528005599976 3.68534994125366
4.480140209198 3.69835996627808
4.4950098991394 3.71136999130249
4.50990009307861 3.72439002990723
4.52478981018066 3.73742008209229
4.53971004486084 3.75044989585876
4.55462980270386 3.76349997520447
4.56957006454468 3.77655005455017
4.58451986312866 3.78959989547729
4.59948015213013 3.80267000198364
4.61445999145508 3.81574010848999
4.62944984436035 3.82880997657776
4.64445018768311 3.84190011024475
4.65946006774902 3.85499000549316
4.67448997497559 3.8680899143219
4.68952989578247 3.88119006156921
4.70458984375 3.89430999755859
4.71965980529785 3.90741991996765
4.73473978042603 3.92055010795593
4.74982976913452 3.93368005752563
4.76492977142334 3.94682002067566
4.7800498008728 3.95996999740601
4.79517984390259 3.97311997413635
4.8103199005127 3.98627996444702
4.82547998428345 3.99943995475769
4.84065008163452 4.01260995864868
4.85583019256592 4.02579021453857
4.87101984024048 4.03898000717163
4.88622999191284 4.05216979980469
4.90145015716553 4.06537008285522
4.91667985916138 4.0785698890686
4.93192005157471 4.09178018569946
4.94717979431152 4.10499000549316
4.96245002746582 4.11821985244751
4.97772979736328 4.13145017623901
4.99302005767822 4.14468002319336
5.00832986831665 4.15791988372803
5.02365016937256 4.17117023468018
5.03898000717163 4.18442010879517
5.05431985855103 4.19767999649048
5.06968021392822 4.21094989776611
5.08504009246826 4.22421979904175
5.10041999816895 4.23749017715454
5.11580991744995 4.25078010559082
5.1312198638916 4.2640700340271
5.14663982391357 4.27735996246338
5.16205978393555 4.29065990447998
5.17749977111816 4.3039698600769
5.19295978546143 4.31727981567383
5.20841979980469 4.33059978485107
5.22389984130859 4.34392023086548
5.23938989639282 4.35725021362305
5.25488996505737 4.37059020996094
5.27040004730225 4.38393020629883
5.28593015670776 4.39728021621704
5.30146980285645 4.41063022613525
5.31701993942261 4.42398977279663
5.33258008956909 4.43734979629517
5.34814977645874 4.45071983337402
5.36373996734619 4.4640998840332
5.37934017181396 4.47747993469238
5.3949499130249 4.49086999893188
5.41057014465332 4.50426006317139
5.4261999130249 4.51766014099121
5.44185018539429 4.53106021881104
5.45750999450684 4.54446983337402
5.47317981719971 4.55787992477417
5.48886013031006 4.57130002975464
5.50454998016357 4.58473014831543
5.52025985717773 4.59815979003906
5.53598022460938 4.61158990859985
5.55171012878418 4.62504005432129
5.56745004653931 4.6384801864624
5.58319997787476 4.65192985534668
5.59896993637085 4.66539001464844
5.61473989486694 4.6788501739502
5.63052988052368 4.69231986999512
5.64632987976074 4.70580005645752
5.66214990615845 4.7192702293396
5.67796993255615 4.73275995254517
5.6938099861145 4.74625015258789
5.70966005325317 4.75973987579346
5.72552013397217 4.7732400894165
5.74139022827148 4.78674983978271
5.75726985931396 4.80026006698608
5.77316999435425 4.81376981735229
5.78908014297485 4.82729005813599
5.80499982833862 4.84081983566284
5.82093000411987 4.85435009002686
5.83687019348145 4.86788988113403
5.8528299331665 4.88143014907837
5.86880016326904 4.89497995376587
5.88476991653442 4.90853023529053
5.90077018737793 4.92208003997803
5.91676998138428 4.93564987182617
5.93277978897095 4.94921016693115
5.94881010055542 4.96279001235962
5.96484994888306 4.97635984420776
5.98089981079102 4.98995018005371
5.99696016311646 5.00353002548218
6.01303005218506 5.01712989807129
6.02911996841431 5.03072023391724
6.04521989822388 5.04432010650635
6.06132984161377 5.05792999267578
6.07744979858398 5.07153987884521
6.09357976913452 5.08515977859497
6.10972023010254 5.09878015518188
6.12587976455688 5.11241006851196
6.14204978942871 5.12603998184204
6.15822982788086 5.13967990875244
6.17441987991333 5.15331983566284
6.19062995910645 5.16696977615356
6.20684003829956 5.18062019348145
6.22307014465332 5.19428014755249
6.23930978775024 5.20794010162354
6.25555992126465 5.2216100692749
6.27182006835938 5.23528003692627
6.28809976577759 5.24896001815796
6.30437994003296 5.26263999938965
6.32068014144897 5.27632999420166
6.33698987960815 5.29001998901367
6.35331010818481 5.30371999740601
6.36964988708496 5.31742000579834
6.38600015640259 5.33112001419067
6.40234994888306 5.34483003616333
6.41871976852417 5.35855007171631
6.43510007858276 5.37227010726929
6.45149993896484 5.38600015640259
6.46789979934692 5.39973020553589
6.48432016372681 5.41345977783203
6.50075006484985 5.42719984054565
6.51718997955322 5.4409499168396
6.53363990783691 5.45469999313354
6.55010986328125 5.46845006942749
6.56657981872559 5.48221015930176
6.58306980133057 5.49596977233887
6.59956979751587 5.50973987579346
6.61608982086182 5.52351999282837
6.63260984420776 5.53729009628296
6.64914989471436 5.55108022689819
6.66568994522095 5.56485986709595
6.68225002288818 5.5786600112915
6.69883012771606 5.59245014190674
6.71541023254395 5.60625982284546
6.73199987411499 5.62005996704102
6.74861001968384 5.63388013839722
6.76523017883301 5.64768981933594
6.78185987472534 5.66150999069214
6.79851007461548 5.67534017562866
6.81515979766846 5.68916988372803
6.83183002471924 5.70301008224487
6.84850978851318 5.71684980392456
6.86520004272461 5.73069000244141
6.8818998336792 5.74454021453857
6.89862012863159 5.75838994979858
6.91534996032715 5.77225017547607
6.93208980560303 5.78611993789673
6.94884014129639 5.79998016357422
6.96560001373291 5.8138599395752
6.98237991333008 5.82774019241333
6.99915981292725 5.84161996841431
7.01596021652222 5.85550022125244
7.03277015686035 5.86940002441406
7.04960012435913 5.88328981399536
7.06643009185791 5.89719009399414
7.08328008651733 5.91109991073608
7.10014009475708 5.92501020431519
7.11701011657715 5.93893003463745
7.13390016555786 5.95284986495972
7.15079021453857 5.96677017211914
7.16769981384277 5.98070001602173
7.18461990356445 5.99462985992432
7.20155000686646 6.00857019424438
7.2185001373291 6.02252006530762
7.23544979095459 6.03645992279053
7.25241994857788 6.05041980743408
7.26940011978149 6.06437015533447
7.28638982772827 6.07833003997803
7.30340003967285 6.0922999382019
7.3204197883606 6.10626983642578
7.33745002746582 6.12025022506714
7.35448980331421 6.13423013687134
7.37154006958008 6.14821004867554
7.38860988616943 6.16219997406006
7.40568017959595 6.1761999130249
7.42277002334595 6.19019985198975
7.43987989425659 6.20419979095459
7.45698976516724 6.21821022033691
7.47412014007568 6.23222017288208
7.49126005172729 6.24624013900757
7.50840997695923 6.26026010513306
7.52556991577148 6.27429008483887
7.54274988174438 6.28832006454468
7.55993986129761 6.30235004425049
7.57713985443115 6.31639003753662
7.59434986114502 6.33044004440308
7.61156988143921 6.34449005126953
7.62880992889404 6.35854005813599
7.6460599899292 6.37260007858276
7.66332006454468 6.38667011260986
7.6806001663208 6.40073013305664
7.69787979125977 6.41481018066406
7.71517992019653 6.42888021469116
7.73249006271362 6.44296979904175
7.74982023239136 6.45704984664917
7.76714992523193 6.47113990783691
7.78450012207031 6.48523998260498
7.80185985565186 6.49934005737305
7.81923007965088 6.51345014572144
7.83661985397339 6.52756023406982
7.85402011871338 6.54166984558105
7.87142992019653 6.55578994750977
7.88885021209717 6.56991004943848
7.90629005432129 6.58404016494751
7.92372989654541 6.59816980361938
7.94118976593018 6.61230993270874
7.95867013931274 6.6264500617981
7.97615003585815 6.64060020446777
7.99364995956421 6.65474987030029
8.01115989685059 6.66891002655029
8.02867984771729 6.68307018280029
8.04621982574463 6.69722986221313
8.06375980377197 6.71140003204346
8.08131980895996 6.7255802154541
8.09889984130859 6.73974990844727
8.11647987365723 6.75394010543823
8.1340799331665 6.76812982559204
8.15168952941895 6.78232002258301
8.16930961608887 6.7965202331543
8.18694972991943 6.81071996688843
8.20460033416748 6.82492017745972
8.22226047515869 6.83912992477417
8.23993015289307 6.8533501625061
8.25761985778809 6.86756992340088
8.27530956268311 6.88180017471313
8.29302978515625 6.89601993560791
8.31075000762939 6.91026020050049
8.32849025726318 6.92449998855591
8.34624004364014 6.93873977661133
8.36400032043457 6.95299005508423
8.38177013397217 6.96723985671997
8.39955997467041 6.98150014877319
8.41736030578613 6.99575996398926
8.43517017364502 7.01002979278564
8.45300006866455 7.02430009841919
8.47084045410156 7.03856992721558
8.48869037628174 7.05284976959229
8.50654983520508 7.06714010238647
8.52443027496338 7.08142995834351
8.54232025146484 7.09571981430054
8.56021976470947 7.11002016067505
8.57814025878906 7.1243200302124
8.59605979919434 7.13862991333008
8.61400032043457 7.15293979644775
8.63195991516113 7.16726016998291
8.64993000030518 7.18158006668091
8.66790008544922 7.19590997695923
8.68589973449707 7.21023988723755
8.70390033721924 7.22456979751587
8.72192001342773 7.23891019821167
8.73995018005371 7.25326013565063
8.75800037384033 7.2676100730896
8.77604961395264 7.28196001052856
8.7941198348999 7.29631996154785
8.81221008300781 7.31067991256714
8.83030033111572 7.32504987716675
8.84840965270996 7.33941984176636
8.866530418396 7.35379981994629
8.88467025756836 7.36817979812622
8.90281963348389 7.38256978988647
8.92098045349121 7.39695978164673
8.93914985656738 7.41134977340698
8.95734024047852 7.42574977874756
8.97554016113281 7.44015979766846
8.99374961853027 7.45456981658936
9.0119800567627 7.46897983551025
9.03022003173828 7.48339986801147
9.04846954345703 7.4978199005127
9.06672954559326 7.51224994659424
9.08500957489014 7.52667999267578
9.10330963134766 7.54112005233765
9.12160968780518 7.55556011199951
9.13992977142334 7.5700101852417
9.15826034545898 7.58445978164673
9.17660999298096 7.59890985488892
9.19495964050293 7.61336994171143
9.21333026885986 7.62784004211426
9.23171997070313 7.64231014251709
9.25012016296387 7.65677976608276
9.26852989196777 7.67125988006592
9.28695011138916 7.68575000762939
9.30539035797119 7.70023012161255
9.32384014129639 7.71472978591919
9.34230041503906 7.72921991348267
9.36077976226807 7.74373006820679
9.37926959991455 7.75823020935059
9.397780418396 7.77273988723755
9.41629028320313 7.78726005554199
9.4348201751709 7.80178022384644
9.45337009429932 7.81630992889404
9.4719295501709 7.83084011077881
9.49050045013428 7.84536981582642
9.5090799331665 7.8599100112915
9.52768039703369 7.87445020675659
9.54629039764404 7.88899993896484
9.56490993499756 7.90356016159058
9.58355045318604 7.91810989379883
9.60219955444336 7.93268013000488
9.62086963653564 7.94723987579346
9.63955020904541 7.96182012557983
9.65824031829834 7.97638988494873
9.67693996429443 7.99098014831543
9.69565963745117 8.00555992126465
9.71440029144287 8.02015018463135
9.73313999176025 8.03474998474121
9.75189971923828 8.04934978485107
9.77068042755127 8.06394958496094
9.78946018218994 8.07855987548828
9.80825996398926 8.09317970275879
9.82707977294922 8.1077995300293
9.84591007232666 8.12242031097412
9.86474990844727 8.13704967498779
9.88360023498535 8.15167999267578
9.90246963500977 8.16631984710693
9.92134952545166 8.18095970153809
9.94025039672852 8.19561004638672
9.95915985107422 8.21026039123535
9.9780797958374 8.22492027282715
9.99701976776123 8.23958015441895
10.0159997940063 8.25424003601074
