0.598805010318756 0.260627001523972
0.598168015480042 0.260176002979279
0.597532987594604 0.259727001190186
0.59689998626709 0.259279996156693
0.596270024776459 0.258834004402161
0.595641016960144 0.258390009403229
0.595014989376068 0.257948994636536
0.594390988349915 0.257508009672165
0.593769013881683 0.257070004940033
0.59314900636673 0.256633996963501
0.592531979084015 0.25619900226593
0.591916024684906 0.255766004323959
0.591302990913391 0.255335003137589
0.590691983699799 0.254904985427856
0.590081989765167 0.254478007555008
0.589474976062775 0.254052013158798
0.588869988918304 0.253627002239227
0.588267028331757 0.253205001354218
0.587665975093842 0.252784013748169
0.587068021297455 0.252364993095398
0.586471021175385 0.251946985721588
0.585875988006592 0.251531004905701
0.585282981395721 0.251116991043091
0.584692001342773 0.250705003738403
0.584104001522064 0.250293999910355
0.583517014980316 0.249883994460106
0.582931995391846 0.249476999044418
0.582349002361298 0.249071002006531
0.581767976284027 0.248667001724243
0.581188976764679 0.248263999819756
0.580613017082214 0.247862994670868
0.580036997795105 0.247463002800941
0.579464018344879 0.247064992785454
0.578893005847931 0.246668994426727
0.578324019908905 0.246273994445801
0.577757000923157 0.245881006121635
0.57719099521637 0.245489001274109
0.576628029346466 0.245098993182182
0.576066017150879 0.244709998369217
0.575505971908569 0.244323000311852
0.574948012828827 0.243937000632286
0.574392020702362 0.243552997708321
0.573837995529175 0.243171006441116
0.573284983634949 0.242789998650551
0.572735011577606 0.242410004138947
0.57218599319458 0.242032006382942
0.571639001369476 0.241655007004738
0.57109397649765 0.241280004382133
0.570550978183746 0.240906998515129
0.570008993148804 0.240533992648125
0.569468975067139 0.240163996815681
0.568930983543396 0.239794000983238
0.568395018577576 0.239426001906395
0.567861020565033 0.239059999585152
0.567327976226807 0.238694995641708
0.566797018051147 0.238331004977226
0.566268026828766 0.237968996167183
0.565739989280701 0.237608000636101
0.565214991569519 0.237249001860619
0.564691007137299 0.236891001462936
0.564167976379395 0.236533999443054
0.563647985458374 0.236178994178772
0.563129007816315 0.235825002193451
0.562610983848572 0.23547300696373
0.562095999717712 0.235121995210648
0.561582028865814 0.234771996736526
0.561070024967194 0.234422996640205
0.560558974742889 0.234075993299484
0.560050010681152 0.233731001615524
0.559543013572693 0.233385995030403
0.559037029743195 0.233043000102043
0.558533012866974 0.232701003551483
0.558031022548676 0.232361003756523
0.557529985904694 0.232021003961563
0.557030975818634 0.231683999300003
0.556533992290497 0.231346994638443
0.556038022041321 0.231012001633644
0.555543005466461 0.230678007006645
0.555051028728485 0.230344995856285
0.554560005664825 0.230012997984886
0.554069995880127 0.229682996869087
0.553582012653351 0.229353994131088
0.553095996379852 0.22902600467205
0.552610993385315 0.228699997067451
0.552127003669739 0.228375002741814
0.551645994186401 0.228051006793976
0.551164984703064 0.227727994322777
0.55068701505661 0.227405995130539
0.550209999084473 0.227085992693901
0.549733996391296 0.226767003536224
0.549260020256042 0.226448997855186
0.548786997795105 0.22613200545311
0.54831600189209 0.225816994905472
0.547846019268036 0.225502997636795
0.54737800359726 0.225189000368118
0.546912014484406 0.224876999855042
0.546446979045868 0.224566996097565
0.545983016490936 0.224257007241249
0.545521020889282 0.223949000239372
0.545059978961945 0.223640993237495
0.544601023197174 0.22333499789238
0.54414302110672 0.223030000925064
0.543686985969543 0.222727000713348
0.543232023715973 0.222424000501633
0.542778015136719 0.222121998667717
0.542325973510742 0.221821993589401
0.541876018047333 0.221523001790047
0.541426002979279 0.221224993467331
0.540979027748108 0.220927998423576
0.540531992912292 0.220632001757622
0.540086984634399 0.220337003469467
0.539644002914429 0.220043003559113
0.539201974868774 0.219751000404358
0.538761019706726 0.219458997249603
0.538321971893311 0.21916900575161
0.537883996963501 0.218879997730255
0.537446975708008 0.218591004610062
0.537011981010437 0.218303993344307
0.536577999591827 0.218017995357513
0.536145985126495 0.21773299574852
0.535713970661163 0.217448994517326
0.535284996032715 0.217166006565094
0.534856021404266 0.2168850004673
0.534429013729095 0.216603994369507
0.534003973007202 0.216324001550674
0.533578991889954 0.216046005487442
0.533155977725983 0.215767994523048
0.532733976840973 0.215490996837616
0.532314002513885 0.215215995907784
0.531894981861115 0.214940994977951
0.531476974487305 0.21466800570488
0.531060993671417 0.214395001530647
0.530646026134491 0.214123994112015
0.530232012271881 0.213853999972343
0.529819011688232 0.213584005832672
0.529407978057861 0.21331599354744
0.528998017311096 0.213047996163368
0.528590023517609 0.212781995534897
0.528182029724121 0.212515994906425
0.527776002883911 0.212252005934715
0.527370989322662 0.211989000439644
0.526968002319336 0.211725994944572
0.52656501531601 0.211465001106262
0.526163995265961 0.211204007267952
0.525765001773834 0.210944995284081
0.525366008281708 0.21068599820137
0.524968981742859 0.21042799949646
0.524573028087616 0.21017199754715
0.524178028106689 0.209915995597839
0.523784995079041 0.20966100692749
0.523392975330353 0.20940800011158
0.52300101518631 0.20915499329567
0.522611975669861 0.20890299975872
0.522222995758057 0.208652004599571
0.52183598279953 0.208401992917061
0.521449983119965 0.208152994513512
0.52106499671936 0.207904994487762
0.520681023597717 0.207657992839813
0.520299017429352 0.207411006093025
0.519917011260986 0.207166001200676
0.519536972045898 0.206921994686127
0.519158005714417 0.206678003072739
0.518781006336212 0.206434994935989
0.518404006958008 0.206193998456001
0.518028974533081 0.205953001976013
0.51765501499176 0.205713003873825
0.517282009124756 0.205474004149437
0.516910016536713 0.205236002802849
0.516538977622986 0.204998999834061
0.516170024871826 0.204761996865273
0.515802025794983 0.204527005553246
0.515434980392456 0.204291999340057
0.515069007873535 0.20405900478363
0.514703989028931 0.203825995326042
0.514339983463287 0.203593999147415
0.513978004455566 0.203363001346588
0.513616979122162 0.203133001923561
0.513257026672363 0.202904000878334
0.512898027896881 0.202674999833107
0.512539982795715 0.20244799554348
0.512183010578156 0.202221006155014
0.511826992034912 0.201995000243187
0.511473000049591 0.20176999270916
0.511120021343231 0.201545998454094
0.510767996311188 0.201323002576828
0.510416984558105 0.201100006699562
0.510066986083984 0.200878992676735
0.509718000888824 0.200657993555069
0.509370028972626 0.200437992811203
0.509024024009705 0.200219005346298
0.508678019046783 0.200001001358032
0.50833398103714 0.199782997369766
0.507991015911102 0.199567005038261
0.507649004459381 0.199350997805595
0.507308006286621 0.199136003851891
0.506968021392822 0.198921993374825
0.50662899017334 0.19870899617672
0.506290972232819 0.198495998978615
0.50595498085022 0.19828499853611
0.505618989467621 0.198073998093605
0.505285024642944 0.1978639960289
0.504952013492584 0.197655007243156
0.504620015621185 0.197446003556252
0.504288017749786 0.197238996624947
0.503957986831665 0.197032004594803
0.50362902879715 0.196825996041298
0.503301978111267 0.196621000766754
0.502974987030029 0.19641600549221
0.502649009227753 0.196213006973267
0.502323985099792 0.196009993553162
0.502000987529755 0.195807993412018
0.501677989959717 0.195607006549835
0.501357018947601 0.195406004786491
0.501037001609802 0.195206001400948
0.500716984272003 0.195007994771004
0.500398993492126 0.194809004664421
0.500082015991211 0.194611996412277
0.499765992164612 0.194416001439095
0.499451011419296 0.194220006465912
0.49913701415062 0.194024994969368
0.498824000358582 0.193830996751785
0.498511999845505 0.193636998534203
0.498201012611389 0.19344399869442
0.497891992330551 0.193252995610237
0.497583001852036 0.193060994148254
0.497274994850159 0.192871004343033
0.496969014406204 0.19268099963665
0.496663004159927 0.192493006587029
0.49635899066925 0.192304000258446
0.496055006980896 0.192117005586624
0.495752990245819 0.191929996013641
0.495451003313065 0.19174499809742
0.49515101313591 0.191560000181198
0.494852006435394 0.191375002264977
0.49455401301384 0.191192001104355
0.494255989789963 0.191008999943733
0.493959993124008 0.190826997160912
0.493665009737015 0.19064499437809
0.49337100982666 0.190465003252029
0.493077993392944 0.190284997224808
0.49278599023819 0.190106004476547
0.492495000362396 0.189926996827126
0.492204993963242 0.189750000834465
0.491916000843048 0.189573004841805
0.491627991199493 0.189397007226944
0.491342008113861 0.189220994710922
0.491055995225906 0.189046993851662
0.490770995616913 0.188872992992401
0.49048700928688 0.188700005412102
0.490204989910126 0.188527002930641
0.489923000335693 0.188354998826981
0.4896419942379 0.18818399310112
0.489363014698029 0.188014000654221
0.489084005355835 0.18784399330616
0.488806009292603 0.187675997614861
0.48853000998497 0.187507003545761
0.488254010677338 0.187340006232262
0.487980008125305 0.187172994017601
0.487706989049911 0.187006995081902
0.48743399977684 0.186841994524002
0.487163007259369 0.186678007245064
0.486892014741898 0.186514005064964
0.486622989177704 0.186351001262665
0.486355006694794 0.186188995838165
0.486088007688522 0.186027005314827
0.485821008682251 0.185865998268127
0.48555600643158 0.185706004500389
0.485291987657547 0.18554699420929
0.485029011964798 0.185387998819351
0.484766989946365 0.185230001807213
0.484506011009216 0.185073003172874
0.484245985746384 0.184916004538536
0.483987003564835 0.184760004281998
0.483729004859924 0.184605002403259
0.483471989631653 0.184450998902321
0.483215987682343 0.184296995401382
0.482960999011993 0.184144005179405
0.482706993818283 0.183991998434067
0.482454985380173 0.18384000658989
0.482203006744385 0.183688998222351
0.481952011585236 0.183539003133774
0.481703013181686 0.183390006422997
0.481454014778137 0.183240994811058
0.481205999851227 0.183092996478081
0.480960011482239 0.182945996522903
0.48071500658989 0.182798996567726
0.48047000169754 0.182652994990349
0.480226993560791 0.182508006691933
0.479984998703003 0.182364001870155
0.479743003845215 0.182219997048378
0.479503005743027 0.182077005505562
0.479263991117477 0.181934997439384
0.479025989770889 0.181793004274368
0.478789001703262 0.181652992963791
0.478552997112274 0.181512996554375
0.478318005800247 0.181373000144958
0.47808501124382 0.181234002113342
0.477851986885071 0.181097000837326
0.477620005607605 0.18095900118351
0.477389991283417 0.180822998285294
0.477160006761551 0.180686995387077
0.476931989192963 0.180552005767822
0.476705014705658 0.180417999625206
0.47647899389267 0.18028399348259
0.476253986358643 0.180151000618935
0.476029992103577 0.18001900613308
0.475807011127472 0.179887995123863
0.475585013628006 0.179756999015808
0.475363999605179 0.179627001285553
0.475145012140274 0.179498001933098
0.474925994873047 0.179370000958443
0.474709004163742 0.179241999983788
0.474492996931076 0.179114997386932
0.474278002977371 0.178988993167877
0.474063992500305 0.178863003849983
0.4738509953022 0.178737998008728
0.473639011383057 0.178614005446434
0.473428994417191 0.178490996360779
0.473219990730286 0.178369000554085
0.473010987043381 0.178247004747391
0.472804009914398 0.178126007318497
0.472597986459732 0.178005993366241
0.472393989562988 0.177885994315147
0.472189992666245 0.177766993641853
0.471987992525101 0.17765000462532
0.471787005662918 0.177532002329826
0.471587002277374 0.177415996789932
0.471388012170792 0.177300006151199
0.471190005540848 0.177184998989105
0.470993995666504 0.177071005105972
0.470798999071121 0.176957994699478
0.470604985952377 0.176844999194145
0.470411986112595 0.176734000444412
0.470221012830734 0.176623001694679
0.47003099322319 0.176512002944946
0.469841986894608 0.176403000950813
0.469653993844986 0.17629399895668
0.469467997550964 0.176186993718147
0.469283014535904 0.176080003380775
0.46909898519516 0.175973996520042
0.468915998935699 0.175868004560471
0.468735009431839 0.175763994455338
0.468555003404617 0.175659999251366
0.468376010656357 0.175557002425194
0.468199014663696 0.175455003976822
0.468023002147675 0.17535400390625
0.467848986387253 0.175253003835678
0.467675000429153 0.175154000520706
0.467503994703293 0.175054997205734
0.467332988977432 0.174957007169724
0.467164009809494 0.174860000610352
0.466996014118195 0.174764007329941
0.466829985380173 0.174668997526169
0.466664999723434 0.174575001001358
0.466502010822296 0.174481004476547
0.466340005397797 0.174389004707336
0.466179996728897 0.174297004938126
0.466021001338959 0.174207001924515
0.465862989425659 0.174116998910904
0.465707004070282 0.174027994275093
0.465552985668182 0.173940002918243
0.465400010347366 0.173852995038033
0.465249001979828 0.173767000436783
0.465099006891251 0.173682004213333
0.464951008558273 0.173598006367683
0.464805006980896 0.173513993620872
0.464659988880157 0.173432007431984
0.464516997337341 0.173351004719734
0.464374989271164 0.173271000385284
0.464235007762909 0.173191994428635
0.464096993207932 0.173113003373146
0.463961005210876 0.173035994172096
0.46382600069046 0.172959998250008
0.463692992925644 0.172885000705719
0.46356201171875 0.17281100153923
0.463432997465134 0.172738000750542
0.463304996490479 0.172665998339653
0.463180005550385 0.172595992684364
0.463055998086929 0.172526001930237
0.462933987379074 0.172457993030548
0.46281498670578 0.172389999032021
0.462696999311447 0.172324001789093
0.462581008672714 0.172259002923965
0.46246799826622 0.172196000814438
0.462356001138687 0.17213299870491
0.462246000766754 0.172071993350983
0.462139010429382 0.172012001276016
0.462033987045288 0.171952992677689
0.461930990219116 0.171894997358322
0.461829990148544 0.171838998794556
0.461732000112534 0.171783998608589
0.461636006832123 0.171730995178223
0.461542010307312 0.171678006649017
0.46145099401474 0.171627998352051
0.46136200428009 0.171578004956245
0.461275994777679 0.171529993414879
0.46119299530983 0.171483993530273
0.46111199259758 0.171439006924629
0.461033999919891 0.171396002173424
0.460958003997803 0.171353995800018
0.460886001586914 0.171314001083374
0.460815995931625 0.17127500474453
0.460749000310898 0.171238005161285
0.460685014724731 0.171203002333641
0.460624992847443 0.171168997883797
0.460566997528076 0.171137005090714
0.46051299571991 0.17110800743103
0.460462003946304 0.171079993247986
0.460413992404938 0.171053007245064
0.460370987653732 0.17102900147438
0.460330009460449 0.171007007360458
0.460294008255005 0.170986995100975
0.460260987281799 0.170968994498253
0.460231989622116 0.170953005552292
0.460206985473633 0.17093999683857
0.460186988115311 0.170928001403809
0.460171014070511 0.170919001102448
0.460159003734589 0.170912995934486
0.460152000188828 0.170909002423286
0.460148990154266 0.170908004045486
0.460150003433228 0.170908004045486
0.460155993700027 0.170910999178886
0.46016600728035 0.170917004346848
0.460182011127472 0.170926004648209
0.460204005241394 0.17093800008297
0.460231006145477 0.170953005552292
0.460265010595322 0.170971006155014
0.460305005311966 0.170993000268936
0.460352003574371 0.171018004417419
0.460406005382538 0.171047002077103
0.460467994213104 0.171081006526947
0.460536986589432 0.171118006110191
0.460613995790482 0.171159997582436
0.460700005292892 0.171205997467041
0.460794985294342 0.171257004141808
0.460898995399475 0.171313002705574
0.461014002561569 0.171375006437302
0.461138993501663 0.171442002058029
0.461275994777679 0.171515002846718
0.461425006389618 0.171595007181168
0.461587011814117 0.171682000160217
0.461762994527817 0.171775996685028
0.461953997612 0.1718779951334
0.462161004543304 0.171988993883133
0.462386012077332 0.172108992934227
0.462630987167358 0.172239005565643
0.46289598941803 0.172380000352859
0.463183999061584 0.172533005475998
0.463497996330261 0.172700002789497
0.463840007781982 0.172881007194519
0.464213997125626 0.173078998923302
0.464623004198074 0.173295006155968
0.465072989463806 0.173531994223595
0.465568006038666 0.173793002963066
0.46611499786377 0.17408099770546
0.466722995042801 0.174400001764297
0.467400997877121 0.17475600540638
0.46816098690033 0.175154000520706
0.46901598572731 0.175600007176399
0.469976991415024 0.176100999116898
0.47105398774147 0.176661998033524
0.472245991230011 0.177281007170677
0.473538011312485 0.177950993180275
0.474898010492325 0.178654000163078
0.476285994052887 0.179370000958443
0.477670013904572 0.180083006620407
0.47902899980545 0.180782005190849
0.480352014303207 0.181461006402969
0.481637001037598 0.182118996977806
0.482883006334305 0.182756006717682
0.484093010425568 0.183375000953674
0.485269993543625 0.183974996209145
0.48641699552536 0.184560000896454
0.487536996603012 0.185130998492241
0.488633990287781 0.185688003897667
0.489708006381989 0.186233997344971
0.490761995315552 0.186768993735313
0.491798013448715 0.187295004725456
0.492817997932434 0.187812000513077
0.493822991847992 0.188320994377136
0.494814991950989 0.188822001218796
0.495793014764786 0.189317002892494
0.496760994195938 0.189805999398232
0.497716993093491 0.190289005637169
0.498663991689682 0.190766006708145
0.499601989984512 0.19123899936676
0.500531017780304 0.191707000136375
0.501452028751373 0.192171007394791
0.502366006374359 0.192631006240845
0.503273010253906 0.193086996674538
0.504173994064331 0.193540006875992
0.505069017410278 0.193988993763924
0.505958020687103 0.194435998797417
0.506842017173767 0.194878995418549
0.50772100687027 0.195319995284081
0.508594989776611 0.195758998394012
0.509464979171753 0.196193993091583
0.510330975055695 0.196628004312515
0.511192977428436 0.197059005498886
0.512051999568939 0.197488993406296
0.512906014919281 0.197916001081467
0.5137580037117 0.198341995477676
0.514607012271881 0.198765993118286
0.515452027320862 0.199187994003296
0.51629501581192 0.199608996510506
0.517135977745056 0.200029000639915
0.517974019050598 0.200446993112564
0.518809974193573 0.200863003730774
0.519643008708954 0.201278999447823
0.520474970340729 0.201692998409271
0.52130401134491 0.20210599899292
0.522131979465485 0.202518001198769
0.522957980632782 0.202929005026817
0.523782014846802 0.203338995575905
0.524604976177216 0.203749001026154
0.525426983833313 0.204156994819641
0.526247024536133 0.20456400513649
0.527065992355347 0.204971000552177
0.527884006500244 0.205376997590065
0.528699994087219 0.205782994627953
0.529515981674194 0.20618699491024
0.530330002307892 0.206591993570328
0.531144022941589 0.206994995474815
0.531956970691681 0.207397997379303
0.532769024372101 0.207800999283791
0.533581018447876 0.208203002810478
0.534390985965729 0.208603993058205
0.535201013088226 0.209004998207092
0.536010980606079 0.20940600335598
0.536819994449615 0.209805995225906
0.537629008293152 0.210206001996994
0.538437008857727 0.21060599386692
0.539245009422302 0.211006000638008
0.540051996707916 0.211404994130135
0.540859997272491 0.211804002523422
0.541666984558105 0.212201997637749
0.542473971843719 0.212601006031036
0.543281018733978 0.212999001145363
0.544086992740631 0.213396996259689
0.544893980026245 0.213796004652977
0.545700013637543 0.214193001389503
0.546507000923157 0.21459099650383
0.54731297492981 0.214989006519318
0.548120021820068 0.215387001633644
0.548927009105682 0.215783998370171
0.549733996391296 0.216181993484497
0.55054098367691 0.216579005122185
0.551347970962524 0.216977000236511
0.552155017852783 0.217373996973038
0.552963018417358 0.217772006988525
0.553771018981934 0.218170002102852
0.554579019546509 0.218566998839378
0.5553879737854 0.218964993953705
0.556196987628937 0.219363003969193
0.557006001472473 0.219760999083519
0.557816028594971 0.220158994197845
0.558625996112823 0.220557004213333
0.559436023235321 0.22095499932766
0.560247004032135 0.221353992819786
0.56105899810791 0.221752002835274
0.561870992183685 0.2221509963274
0.562683999538422 0.222550004720688
0.563497006893158 0.222948998212814
0.564310014247894 0.223348006606102
0.565124988555908 0.223747998476028
0.565940022468567 0.224148005247116
0.566754996776581 0.224547997117043
0.567570984363556 0.22494800388813
0.568387985229492 0.225347995758057
0.56920599937439 0.225749000906944
0.570024013519287 0.226150006055832
0.570842981338501 0.226550996303558
0.571663022041321 0.226952999830246
0.572484016418457 0.227355003356934
0.573305010795593 0.227757006883621
0.574127018451691 0.228159993886948
0.574949979782104 0.228561997413635
0.575774013996124 0.228964999318123
0.576597988605499 0.22936899960041
0.577423989772797 0.229772999882698
0.578249990940094 0.230177000164986
0.579078018665314 0.230581998825073
0.579905986785889 0.230985999107361
0.58073502779007 0.231391996145248
0.581565022468567 0.231797993183136
0.582395970821381 0.232204005122185
0.5832279920578 0.232610002160072
0.584061026573181 0.23301699757576
0.584895014762878 0.233423992991447
0.585730016231537 0.233832001686096
0.586565971374512 0.234239995479584
0.587402999401093 0.234649002552032
0.58824098110199 0.23505799472332
0.589079976081848 0.235467001795769
0.589919984340668 0.235877007246017
0.59076201915741 0.236287996172905
0.591603994369507 0.236699000000954
0.592447996139526 0.237110003829002
0.593291997909546 0.237522006034851
0.594138026237488 0.2379350066185
0.594985008239746 0.238346993923187
0.595833003520966 0.238760992884636
0.596683025360107 0.239175006747246
0.597532987594604 0.239589005708694
0.598384976387024 0.240004003047943
0.599237978458405 0.240419998764992
0.600091993808746 0.24083599448204
0.600947976112366 0.24125200510025
0.60180401802063 0.241668999195099
0.602662026882172 0.242087006568909
0.603522002696991 0.242504999041557
0.60438197851181 0.242924004793167
0.605243980884552 0.243342995643616
0.606106996536255 0.243762999773026
0.606971979141235 0.244184002280235
0.607837975025177 0.244605004787445
0.60870498418808 0.245027005672455
0.609573006629944 0.245449006557465
0.610442996025085 0.245872005820274
0.611315011978149 0.246295005083084
0.612187027931213 0.246720001101494
0.613061010837555 0.247143998742104
0.613937020301819 0.247569993138313
0.614813983440399 0.247996002435684
0.615692019462585 0.248421996831894
0.616572022438049 0.248850002884865
0.61745297908783 0.249277994036674
0.618336021900177 0.249706000089645
0.619220018386841 0.250135987997055
0.620105981826782 0.250566005706787
0.62099301815033 0.250995993614197
0.621882021427155 0.251428008079529
0.622771978378296 0.251859992742538
0.623664021492004 0.25229200720787
0.624557018280029 0.25272598862648
0.625451982021332 0.253159999847412
0.62634801864624 0.253594011068344
0.627246022224426 0.254029989242554
0.62814599275589 0.254465997219086
0.629046976566315 0.254902988672256
0.629949986934662 0.255340993404388
0.63085401058197 0.25577899813652
0.631760001182556 0.256217986345291
0.632668018341064 0.256657987833023
0.633576989173889 0.257099002599716
0.634487986564636 0.257539987564087
0.635401010513306 0.257981985807419
0.636314988136292 0.258424997329712
0.6372309923172 0.258868992328644
0.63814902305603 0.259312987327576
0.639069020748138 0.259757995605469
0.639989972114563 0.260203987360001
0.640913009643555 0.260650992393494
0.641837000846863 0.261097997426987
0.64276397228241 0.26154699921608
0.643692016601563 0.261996001005173
0.644622027873993 0.262445986270905
0.64555299282074 0.262896001338959
0.64648699760437 0.263348013162613
0.647422015666962 0.263799995183945
0.648359000682831 0.264254003763199
0.649298012256622 0.264708012342453
0.650238990783691 0.265161991119385
0.651180982589722 0.265617996454239
0.652126014232635 0.266074985265732
0.653071999549866 0.266532003879547
0.654020011425018 0.266990005970001
0.654969990253448 0.267448991537094
0.655921995639801 0.267908990383148
0.656876027584076 0.268370002508163
0.657831013202667 0.268831998109818
0.658788979053497 0.269295006990433
0.65974897146225 0.269757986068726
0.660709977149963 0.270222008228302
0.661674022674561 0.270687997341156
0.662639021873474 0.27115398645401
0.663605988025665 0.271620988845825
0.66457599401474 0.272089004516602
0.665547013282776 0.272558003664017
0.666521012783051 0.273027986288071
0.667496025562286 0.273497998714447
0.6684730052948 0.273970007896423
0.669453024864197 0.274443000555038
0.67043399810791 0.274915993213654
0.671418011188507 0.275391012430191
0.672403991222382 0.275866001844406
0.673390984535217 0.276342988014221
0.674381017684937 0.276820003986359
0.675373017787933 0.277298003435135
0.676366984844208 0.277777999639511
0.677362978458405 0.278257995843887
0.678360998630524 0.278739005327225
0.679361999034882 0.279220998287201
0.680364012718201 0.279704988002777
0.681369006633759 0.280189007520676
0.682376027107239 0.280674010515213
0.683385014533997 0.281159996986389
0.684396028518677 0.281648010015488
0.685409009456635 0.282135993242264
0.686424970626831 0.282624989748001
0.687443017959595 0.2831149995327
0.688462972640991 0.283607006072998
0.689485013484955 0.284099012613297
0.690509974956512 0.284592986106873
0.691537022590637 0.285086989402771
0.692565977573395 0.285582989454269
0.693597018718719 0.286078989505768
0.694630980491638 0.286576986312866
0.695667028427124 0.287075996398926
0.696705996990204 0.287575006484985
0.697745978832245 0.288076013326645
0.698789000511169 0.288578003644943
0.699835002422333 0.289081007242203
0.700882971286774 0.289584994316101
0.701933026313782 0.290091007947922
0.702984988689423 0.29059699177742
0.704039990901947 0.29110398888588
0.70509797334671 0.291613012552261
0.706157028675079 0.29212298989296
0.707219004631042 0.29263299703598
0.708284020423889 0.293145000934601
0.709351003170013 0.293659001588821
0.710421025753021 0.294173002243042
0.711493015289307 0.294687986373901
0.71256697177887 0.295204997062683
0.713644981384277 0.295722007751465
0.714724004268646 0.296240985393524
0.715806007385254 0.296761006116867
0.7168909907341 0.297282993793488
0.717978000640869 0.29780501127243
0.719067990779877 0.298328995704651
0.720160007476807 0.298853009939194
0.721255004405975 0.299378991127014
0.722352027893066 0.299906998872757
0.723452985286713 0.3004350066185
0.724555015563965 0.300965011119843
0.725660979747772 0.301494985818863
0.726768970489502 0.302028000354767
0.727878987789154 0.302561014890671
0.728992998600006 0.303095012903214
0.730108976364136 0.303631007671356
0.731226980686188 0.304167985916138
0.73234897851944 0.304706990718842
0.733473002910614 0.305245995521545
0.734600007534027 0.305786997079849
0.735728979110718 0.306329011917114
0.736862003803253 0.306872993707657
0.737996995449066 0.307417005300522
0.739135026931763 0.307963013648987
0.740275025367737 0.308510988950729
0.741419017314911 0.309058994054794
0.742564976215363 0.309608995914459
0.743713974952698 0.310160011053085
0.744866013526917 0.310712993144989
0.746020972728729 0.311266988515854
0.747178971767426 0.31182199716568
0.748340010643005 0.312377989292145
0.749503016471863 0.312936007976532
0.75067001581192 0.313495993614197
0.751838982105255 0.314056009054184
0.753010988235474 0.314617991447449
0.754185974597931 0.315182000398636
0.755365014076233 0.315746009349823
0.756546020507813 0.316312998533249
0.757730007171631 0.316879987716675
0.758916974067688 0.317449003458023
0.760106980800629 0.31801900267601
0.761300981044769 0.318590998649597
0.762497007846832 0.319164007902145
0.763696014881134 0.319739013910294
0.764899015426636 0.320315003395081
0.766103982925415 0.320892006158829
0.767313003540039 0.321471005678177
0.768523991107941 0.322052001953125
0.769738972187042 0.322634011507034
0.770956993103027 0.323217004537582
0.772177994251251 0.32380199432373
0.773402988910675 0.32438799738884
0.774630010128021 0.324975997209549
0.775861024856567 0.325565010309219
0.777095019817352 0.326155990362167
0.778331995010376 0.326748013496399
0.779572010040283 0.327342003583908
0.78081601858139 0.327937006950378
0.782063007354736 0.328534007072449
0.783312976360321 0.329131990671158
0.784565985202789 0.329732000827789
0.785822987556458 0.33033299446106
0.787083029747009 0.330936014652252
0.788347005844116 0.331541001796722
0.789614021778107 0.332147002220154
0.790884017944336 0.332754999399185
0.792158007621765 0.333364009857178
0.793434977531433 0.333974987268448
0.794714987277985 0.334587007761002
0.795998990535736 0.335202008485794
0.797285974025726 0.335817009210587
0.798577010631561 0.336434990167618
0.799871981143951 0.337054014205933
0.801168978214264 0.337673991918564
0.802470982074738 0.338295996189117
0.803776025772095 0.338919997215271
0.805083990097046 0.339545994997025
0.806396007537842 0.340173006057739
0.807712018489838 0.340802013874054
0.809031009674072 0.341432988643646
0.810353994369507 0.342065006494522
0.811680018901825 0.342698991298676
0.813009977340698 0.343335002660751
0.814343988895416 0.343971997499466
0.815681993961334 0.344610989093781
0.817022979259491 0.345252007246017
0.818368017673492 0.345894992351532
0.819715976715088 0.346538990736008
0.821069002151489 0.347184985876083
0.822425007820129 0.347833007574081
0.823785006999969 0.348482996225357
0.82514899969101 0.349133998155594
0.826515972614288 0.349786996841431
0.827888011932373 0.350441992282867
0.829262971878052 0.351099014282227
0.830641984939575 0.351758003234863
0.832024991512299 0.352418005466461
0.833411991596222 0.353080987930298
0.834802985191345 0.353745013475418
0.836197972297668 0.354411005973816
0.837597012519836 0.355078995227814
0.838998973369598 0.355747997760773
0.840406000614166 0.356420010328293
0.841817021369934 0.357093006372452
0.843231976032257 0.357769012451172
0.844650983810425 0.358446002006531
0.846073985099792 0.35912498831749
0.84750097990036 0.359806001186371
0.848932027816772 0.360489010810852
0.850368022918701 0.361173987388611
0.851806998252869 0.361860990524292
0.853250980377197 0.362549990415573
0.854699015617371 0.363240987062454
0.856150984764099 0.363934010267258
0.857607007026672 0.364629000425339
0.859067976474762 0.365325003862381
0.860532999038696 0.366023987531662
0.862002015113831 0.366724997758865
0.863475024700165 0.367428004741669
0.864952981472015 0.368133008480072
0.866434991359711 0.368840008974075
0.867922008037567 0.369549006223679
0.869413018226624 0.370260000228882
0.87090802192688 0.370972990989685
0.872407972812653 0.371688008308411
0.87391197681427 0.372404992580414
0.875420987606049 0.373124003410339
0.876933991909027 0.373845994472504
0.878452003002167 0.37457001209259
0.879974007606506 0.375295013189316
0.881501019001007 0.37602299451828
0.883032977581024 0.376753002405167
0.884568989276886 0.377485007047653
0.886110007762909 0.378219991922379
0.887655019760132 0.378955990076065
0.889204978942871 0.379694998264313
0.890760004520416 0.38043600320816
0.892319023609161 0.381179004907608
0.893884003162384 0.381924003362656
0.895452976226807 0.382672011852264
0.897026002407074 0.383421987295151
0.898604989051819 0.384173989295959
0.900188028812408 0.384927988052368
0.901777029037476 0.385684996843338
0.903370022773743 0.386444002389908
0.904968023300171 0.387205004692078
0.906570971012115 0.387968987226486
0.908178985118866 0.388734996318817
0.909792006015778 0.389503002166748
0.911409974098206 0.390273004770279
0.913033008575439 0.391045987606049
0.91466099023819 0.391822010278702
0.916293978691101 0.392598986625671
0.917931973934174 0.393379002809525
0.919574975967407 0.394161999225616
0.921223998069763 0.394946992397308
0.92287802696228 0.395734012126923
0.924535989761353 0.396524012088776
0.926199972629547 0.397316008806229
0.927869975566864 0.39811098575592
0.929543972015381 0.398907989263535
0.93122398853302 0.399706989526749
0.932910025119781 0.400508999824524
0.934599995613098 0.401313990354538
0.936295986175537 0.402121007442474
0.937997996807098 0.40293100476265
0.93970400094986 0.403742998838425
0.94141697883606 0.404558002948761
0.943134009838104 0.405375003814697
0.944858014583588 0.406195014715195
0.946587026119232 0.407018005847931
0.948320984840393 0.407842993736267
0.950061023235321 0.408670991659164
0.951807022094727 0.409501999616623
0.953558027744293 0.410335004329681
0.955314993858337 0.41117000579834
0.957077980041504 0.412009000778198
0.958845973014832 0.412849992513657
0.960619986057281 0.413693994283676
0.962400019168854 0.414541006088257
0.964186012744904 0.415390014648438
0.965978026390076 0.416242003440857
0.967774987220764 0.417097002267838
0.969578981399536 0.417953997850418
0.971387982368469 0.418814986944199
0.973203003406525 0.419678002595901
0.975024998188019 0.420543998479843
0.976851999759674 0.421413004398346
0.978685975074768 0.422284990549088
0.980525016784668 0.423159003257751
0.982370972633362 0.424037009477615
0.984223008155823 0.424917012453079
0.986081004142761 0.425799995660782
0.987945020198822 0.426687002182007
0.989816009998322 0.427576005458832
0.991693019866943 0.428467988967896
0.993575990200043 0.429363012313843
0.995464980602264 0.430260986089706
0.99736100435257 0.431161999702454
0.999262988567352 0.43206599354744
1.00117003917694 0.432972997426987
1.00309002399445 0.433883011341095
1.00501000881195 0.434796005487442
1.00694000720978 0.43571200966835
1.0088700056076 0.436630994081497
1.01081001758575 0.437554001808167
1.01276004314423 0.438479006290436
1.01471996307373 0.439408004283905
1.01668000221252 0.440340012311935
1.01865005493164 0.441275000572205
1.02061998844147 0.442212998867035
1.02260005474091 0.443154007196426
1.02459001541138 0.444099009037018
1.02658998966217 0.445046991109848
1.02858996391296 0.445998013019562
1.03059995174408 0.446951985359192
1.03261995315552 0.447910010814667
1.03463995456696 0.448870986700058
1.03666996955872 0.449835002422333
1.0387099981308 0.450803011655807
1.04075002670288 0.451774001121521
1.042799949646 0.452748000621796
1.04486000537872 0.45372599363327
1.04692995548248 0.454706996679306
1.04900002479553 0.455691993236542
1.05109000205994 0.456679999828339
1.05316996574402 0.457670986652374
1.05526995658875 0.458665996789932
1.05736994743347 0.45966500043869
1.05947995185852 0.460667014122009
1.06159996986389 0.461672008037567
1.06373000144958 0.462680995464325
1.06586003303528 0.463694006204605
1.067999958992 0.464709997177124
1.07015001773834 0.465730011463165
1.07230997085571 0.466753989458084
1.07447004318237 0.467781007289886
1.07665002346039 0.468811988830566
1.0788300037384 0.46984601020813
1.08100998401642 0.470885008573532
1.08320999145508 0.471926987171173
1.08542001247406 0.472972005605698
1.08763003349304 0.474022001028061
1.08984994888306 0.475075006484985
1.09207999706268 0.47613200545311
1.09431004524231 0.477192997932434
1.09656000137329 0.478258013725281
1.09880995750427 0.479326993227005
1.10107004642487 0.480399012565613
1.10334002971649 0.481476008892059
1.10562002658844 0.482555985450745
1.10790002346039 0.483640998601913
1.11020004749298 0.484728991985321
1.11249995231628 0.48582199215889
1.1148099899292 0.48691800236702
1.11714005470276 0.488018989562988
1.11945998668671 0.489122986793518
1.1217999458313 0.490231990814209
1.1241500377655 0.491344004869461
1.12650001049042 0.492460995912552
1.12887001037598 0.493582010269165
1.13124001026154 0.494708001613617
1.13362002372742 0.49583700299263
1.13601994514465 0.496971011161804
1.13820004463196 0.498008012771606
1.13966000080109 0.498701006174088
1.14064002037048 0.49916398525238
1.14128994941711 0.499473005533218
1.14172995090485 0.499678999185562
1.14201998710632 0.49981701374054
1.14221000671387 0.499908000230789
1.1423100233078 0.499953985214233
1.14235997200012 0.499976992607117
1.14241003990173 0.5
1.14241003990173 0.5
1.14244997501373 0.500023007392883
1.14250004291534 0.500046014785767
1.14260005950928 0.500092029571533
1.14278995990753 0.500183999538422
1.14307999610901 0.500320971012115
1.14351999759674 0.50052797794342
1.14417004585266 0.500838994979858
1.14515995979309 0.501304984092712
1.14663994312286 0.502005994319916
1.14885997772217 0.503059983253479
1.15130996704102 0.504220008850098
1.15376996994019 0.505385994911194
1.15623998641968 0.50655597448349
1.15871000289917 0.507730007171631
1.16120004653931 0.508907973766327
1.16369998455048 0.51009202003479
1.16620004177094 0.511278986930847
1.16872000694275 0.512471973896027
1.17123997211456 0.51366800069809
1.17377996444702 0.51486998796463
1.1763299703598 0.516076028347015
1.17887997627258 0.517287015914917
1.18145000934601 0.518501996994019
1.18402004241943 0.519721984863281
1.18660998344421 0.520946979522705
1.18920004367828 0.52217698097229
1.19181001186371 0.523410975933075
1.19441998004913 0.524649977684021
1.1970499753952 0.525893986225128
1.19968998432159 0.527143001556396
1.20232999324799 0.528397023677826
1.20499002933502 0.529655992984772
1.20765995979309 0.530920028686523
1.21034002304077 0.53218799829483
1.21302998065948 0.53346198797226
1.21572995185852 0.53474098443985
1.21844005584717 0.536024987697601
1.22116005420685 0.537312984466553
1.22388994693756 0.538607001304626
1.22662997245789 0.539906978607178
1.22939002513885 0.541211009025574
1.23214995861053 0.542520999908447
1.23493003845215 0.543834984302521
1.23772001266479 0.545156002044678
1.24052000045776 0.546481013298035
1.24333000183105 0.547811985015869
1.24615001678467 0.54914802312851
1.24899005889893 0.550489008426666
1.25182998180389 0.551836013793945
1.2546900510788 0.553188979625702
1.25756001472473 0.554547011852264
1.26043999195099 0.555909991264343
1.26332998275757 0.557278990745544
1.26622998714447 0.558654010295868
1.26915001869202 0.560033977031708
1.2720799446106 0.561420023441315
1.27502000331879 0.562811017036438
1.27796995639801 0.564207971096039
1.28093004226685 0.565611004829407
1.28391003608704 0.567019999027252
1.28690004348755 0.56843501329422
1.28989994525909 0.569854974746704
1.29290997982025 0.571281015872955
1.29594004154205 0.572713971138
1.29897999763489 0.574151992797852
1.30202996730804 0.57559597492218
1.30509996414185 0.577045977115631
1.30817997455597 0.578503012657166
1.31126999855042 0.579964995384216
1.31437003612518 0.581432998180389
1.31748998165131 0.582907974720001
1.32061994075775 0.584388971328735
1.32376003265381 0.585875988006592
1.32692003250122 0.587369024753571
1.33009004592896 0.588868975639343
1.33326995372772 0.590375006198883
1.33647000789642 0.591888010501862
1.33967995643616 0.593406975269318
1.34291005134583 0.594932019710541
1.3461400270462 0.596463978290558
1.34940004348755 0.598002016544342
1.3526599407196 0.599547028541565
1.35594999790192 0.601099014282227
1.35924005508423 0.60265702009201
1.3625500202179 0.604221999645233
1.36586999893188 0.605792999267578
1.36921000480652 0.607371985912323
1.37256002426147 0.60895699262619
1.37592995166779 0.610548973083496
1.37931001186371 0.612147986888885
1.38270998001099 0.613753974437714
1.38611996173859 0.615366995334625
1.38954997062683 0.616986989974976
1.3929899930954 0.618614017963409
1.39644002914429 0.620248019695282
1.39991998672485 0.621888995170593
1.40339994430542 0.623538017272949
1.40690994262695 0.625192999839783
1.41041994094849 0.626856029033661
1.41395998001099 0.628525972366333
1.41751003265381 0.630204021930695
1.42106997966766 0.63188898563385
1.42464995384216 0.633580982685089
1.42824995517731 0.635281026363373
1.43185997009277 0.636988997459412
1.43549001216888 0.638704001903534
1.43913996219635 0.640426993370056
1.44280004501343 0.642157018184662
1.44648003578186 0.643894970417023
1.45017004013062 0.645641028881073
1.45387995243073 0.647395014762878
1.45761001110077 0.649155974388123
1.46134996414185 0.650925993919373
1.46511995792389 0.652702987194061
1.46888995170593 0.654488027095795
1.47268998622894 0.656282007694244
1.47650003433228 0.658083021640778
1.48032999038696 0.659892976284027
1.48417997360229 0.661710977554321
1.48804998397827 0.66353702545166
1.49193000793457 0.665371000766754
1.49583005905151 0.667213976383209
1.49975001811981 0.669064998626709
1.50369000434875 0.67092502117157
1.50764000415802 0.672792971134186
1.51161003112793 0.674669027328491
1.51559996604919 0.676554024219513
1.51961004734039 0.678448021411896
1.52364003658295 0.68035101890564
1.52769005298615 0.682262003421783
1.5317599773407 0.684181988239288
1.53584003448486 0.686110973358154
1.53993999958038 0.688049018383026
1.54407000541687 0.689994990825653
1.54821002483368 0.691950976848602
1.55236995220184 0.693916022777557
1.55655002593994 0.695890009403229
1.56075000762939 0.697872996330261
1.56497001647949 0.699864983558655
1.56921005249023 0.701866984367371
1.57346999645233 0.703877985477448
1.57774996757507 0.705897986888885
1.58203995227814 0.707928001880646
1.58635997772217 0.709967017173767
1.59070003032684 0.712015986442566
1.59505999088287 0.714074015617371
1.59944999217987 0.716141998767853
1.60385000705719 0.718219995498657
1.60827004909515 0.720308005809784
1.61270999908447 0.722405016422272
1.61717998981476 0.724511981010437
1.62165999412537 0.726629972457886
1.62617003917694 0.72875702381134
1.63069999217987 0.730894029140472
1.63524997234344 0.733042001724243
1.63981997966766 0.735198974609375
1.64442002773285 0.73736697435379
1.64902997016907 0.739544987678528
1.65366995334625 0.741734027862549
1.65832996368408 0.743933022022247
1.66301000118256 0.746142029762268
1.66771996021271 0.748362004756927
1.67244005203247 0.75059300661087
1.67718994617462 0.752834022045135
1.68197000026703 0.755086004734039
1.68675994873047 0.757349014282227
1.69158005714417 0.759621977806091
1.69641995429993 0.761906981468201
1.70129001140594 0.764201998710632
1.70617997646332 0.766508996486664
1.71108996868134 0.768826007843018
1.71603000164032 0.771154999732971
1.72098994255066 0.773495018482208
1.72597002983093 0.775846004486084
1.73098003864288 0.77820897102356
1.73601996898651 0.780583024024963
1.74107003211975 0.782968997955322
1.74616003036499 0.785365998744965
1.75126004219055 0.78777402639389
1.75639998912811 0.790194988250732
1.761549949646 0.792626976966858
1.76672995090485 0.795069992542267
1.77193999290466 0.797526001930237
1.77716994285583 0.799993991851807
1.78243005275726 0.80247300863266
1.78771996498108 0.804965019226074
1.79303002357483 0.807469010353088
1.79835999011993 0.809984982013702
1.80373001098633 0.812512993812561
1.80911004543304 0.815053999423981
1.81453001499176 0.817605972290039
1.81997001171112 0.820172011852264
1.82544004917145 0.822749972343445
1.83092999458313 0.82533997297287
1.83644998073578 0.827943027019501
1.84200000762939 0.830559015274048
1.84757995605469 0.833187997341156
1.85318005084991 0.835829019546509
1.85881996154785 0.838482975959778
1.8644700050354 0.841150999069214
1.87015998363495 0.84383100271225
1.87588000297546 0.846525013446808
1.88162004947662 0.849231004714966
1.88739001750946 0.851951003074646
1.89319002628326 0.854683995246887
1.89901995658875 0.857430994510651
1.90487003326416 0.860190987586975
1.91076004505157 0.862963974475861
1.91666996479034 0.865751981735229
1.92262005805969 0.868552029132843
1.9285900592804 0.87136697769165
1.93458998203278 0.874194979667664
1.94062995910645 0.877036988735199
1.94668996334076 0.879893004894257
1.95278000831604 0.882763028144836
1.958899974823 0.885646998882294
1.96504998207092 0.888544976711273
1.97123003005981 0.89145702123642
1.97745001316071 0.894384026527405
1.98369002342224 0.897324979305267
1.98995995521545 0.900279998779297
1.99626994132996 0.903249025344849
2.0025999546051 0.906233012676239
2.00897002220154 0.909232020378113
2.01536011695862 0.912244975566864
2.02179002761841 0.915273010730743
2.02824997901917 0.918316006660461
2.03474998474121 0.921374022960663
2.0412700176239 0.924445986747742
2.04783010482788 0.927532970905304
2.05440998077393 0.930635988712311
2.06102991104126 0.93375301361084
2.06768989562988 0.936886012554169
2.07436990737915 0.94003301858902
2.08108997344971 0.943195998668671
2.08784008026123 0.946375012397766
2.09461998939514 0.949567973613739
2.10143995285034 0.952777028083801
2.10828995704651 0.956001996994019
2.11517000198364 0.959241986274719
2.12208008766174 0.962498009204865
2.12902998924255 0.96577000617981
2.13601994514465 0.969057023525238
2.1430299282074 0.972360014915466
2.15007996559143 0.975678026676178
2.15717005729675 0.979013025760651
2.16428995132446 0.982363998889923
2.17143988609314 0.98573100566864
2.17863011360168 0.989112973213196
2.18584990501404 0.992511987686157
2.19309997558594 0.995926976203918
2.20040011405945 0.999359011650085
2.20772004127502 1.00281000137329
2.21508002281189 1.0062700510025
2.22248005867004 1.00975000858307
2.22990989685059 1.01324999332428
2.237380027771 1.01675999164581
2.24487996101379 1.02029001712799
2.25240993499756 1.02383995056152
2.25998997688293 1.02740001678467
2.26759004592896 1.03097999095917
2.27523994445801 1.03457999229431
2.28291988372803 1.03819000720978
2.29063010215759 1.04182004928589
2.29838991165161 1.04546999931335
2.30616998672485 1.04912996292114
2.31399989128113 1.05280995368958
2.32186007499695 1.05650997161865
2.32976007461548 1.06022000312805
2.33769011497498 1.06394994258881
2.34565997123718 1.06770002841949
2.35366988182068 1.07147002220154
2.36171007156372 1.0752500295639
2.36979007720947 1.07904994487762
2.37790989875793 1.08287000656128
2.38607001304626 1.08669996261597
2.39425992965698 1.09055995941162
2.40248990058899 1.0944299697876
2.41074991226196 1.0983099937439
2.41905999183655 1.10222005844116
2.4274001121521 1.10614001750946
2.43577003479004 1.1100800037384
2.44419002532959 1.11403000354767
2.45264005661011 1.1180100440979
2.46112990379333 1.12199997901917
2.46966004371643 1.12600994110107
2.47822999954224 1.13004004955292
2.48682999610901 1.13408005237579
2.49547004699707 1.13813996315002
2.50414991378784 1.14222002029419
2.51287007331848 1.14631998538971
2.52163004875183 1.15043997764587
2.53042006492615 1.15456998348236
2.53924989700317 1.15872001647949
2.54812002182007 1.16288995742798
2.55702996253967 1.16707003116608
2.56596994400024 1.17128002643585
2.5749499797821 1.17550003528595
2.58397006988525 1.1797399520874
2.59302997589111 1.18399000167847
2.60212993621826 1.18826997280121
2.6112699508667 1.19255995750427
2.6204400062561 1.19686996936798
2.6296501159668 1.20120000839233
2.6389000415802 1.20554995536804
2.64819002151489 1.20991003513336
2.65752005577087 1.21429002285004
2.66687989234924 1.21869003772736
2.67628002166748 1.22310996055603
2.68572998046875 1.22754001617432
2.69519996643066 1.23198997974396
2.70472002029419 1.23645997047424
2.71427989006042 1.24094998836517
2.72387003898621 1.24546003341675
2.7335000038147 1.24997997283936
2.74317002296448 1.2545200586319
2.75288009643555 1.25908005237579
2.762619972229 1.26365995407104
2.77240991592407 1.26824998855591
2.78222990036011 1.27286005020142
2.79208993911743 1.27749001979828
2.80199003219604 1.28214001655579
2.81191992759705 1.28681004047394
2.82189011573792 1.29148995876312
2.83189988136292 1.29619002342224
2.84194993972778 1.30090999603271
2.85204005241394 1.30563998222351
2.86215996742249 1.31038999557495
2.87231993675232 1.31516003608704
2.88251996040344 1.31994998455048
2.89276003837585 1.32474994659424
2.90302991867065 1.32957994937897
2.91334009170532 1.3344099521637
2.9236900806427 1.33926999568939
2.93407011032104 1.34414994716644
2.9444899559021 1.34904003143311
2.95495009422302 1.3539400100708
2.96545004844666 1.35887002944946
2.97598004341125 1.36380994319916
2.98655009269714 1.36877000331879
2.99714994430542 1.37374997138977
3.00780010223389 1.37873995304108
3.01847004890442 1.38374996185303
3.02919006347656 1.38877999782562
3.03994011878967 1.39382004737854
3.05072999000549 1.39888000488281
3.06154990196228 1.40395998954773
3.07241010665894 1.40904998779297
3.08330988883972 1.41417002677917
3.09423995018005 1.41928994655609
3.10521006584167 1.42444002628326
3.11620998382568 1.42960000038147
3.12724995613098 1.43476998806
3.13831996917725 1.43997001647949
3.1494300365448 1.44518005847931
3.16056990623474 1.45039999485016
3.17175006866455 1.45564997196198
3.18296003341675 1.46089994907379
3.19421005249023 1.46617996692657
3.20549988746643 1.47146999835968
3.21680998802185 1.47678005695343
3.2281699180603 1.48210000991821
3.23955011367798 1.48743999004364
3.25096988677979 1.49278998374939
3.26242995262146 1.49816000461578
3.2739200592041 1.50355005264282
3.28543996810913 1.50894999504089
3.29699993133545 1.51436996459961
3.30858993530273 1.51979994773865
3.32020998001099 1.52524995803833
3.33187007904053 1.53070998191833
3.34355998039246 1.53619003295898
3.35527992248535 1.54167997837067
3.36703991889954 1.54718995094299
3.37882995605469 1.55271995067596
3.39065003395081 1.55825996398926
3.40249991416931 1.56380999088287
3.41439008712769 1.56938004493713
3.42630004882813 1.57495999336243
3.43826007843018 1.58055996894836
3.45023989677429 1.58617997169495
3.46224999427795 1.59179997444153
3.47429990768433 1.59745001792908
3.48638010025024 1.60310995578766
3.49848008155823 1.60878002643585
3.5106201171875 1.61445999145508
3.52279996871948 1.62015998363495
3.53500008583069 1.62588000297546
3.54723000526428 1.6316100358963
3.55948996543884 1.63734996318817
3.57178997993469 1.64311003684998
3.58411002159119 1.64888000488281
3.59647011756897 1.65467000007629
3.60885000228882 1.6604700088501
3.62126994132996 1.66628003120422
3.63370990753174 1.6721099615097
3.64618992805481 1.6779500246048
3.65868997573853 1.68379998207092
3.67122006416321 1.68966996669769
3.6837899684906 1.69554996490479
3.69637989997864 1.70144999027252
3.70900011062622 1.70735001564026
3.72164988517761 1.71326994895935
3.73432993888855 1.71921002864838
3.74703001976013 1.72516000270844
3.75976991653442 1.73111999034882
3.77253007888794 1.73708999156952
3.78532004356384 1.74308001995087
3.79814004898071 1.74907994270325
3.81099009513855 1.75508999824524
3.82385993003845 1.76110994815826
3.83677005767822 1.76715004444122
3.84969997406006 1.77320003509521
3.86264991760254 1.77926003932953
3.87563991546631 1.7853399515152
3.88864994049072 1.79141998291016
3.9016900062561 1.79752004146576
3.91475009918213 1.8036299943924
3.92783999443054 1.80975997447968
3.94095993041992 1.81588995456696
3.95409989356995 1.82203996181488
3.96727991104126 1.82819998264313
3.9804699420929 1.8343700170517
3.9936900138855 1.84055995941162
4.00693988800049 1.84675002098083
4.02021980285645 1.8529599905014
4.03351020812988 1.85917997360229
4.04684019088745 1.86540997028351
4.06019020080566 1.87164998054504
4.07356023788452 1.87791001796722
4.08695983886719 1.8841700553894
4.10038995742798 1.89045000076294
4.11384010314941 1.89672994613647
4.12730979919434 1.90303003787994
4.14081001281738 1.90934002399445
4.15432977676392 1.91566002368927
4.16788005828857 1.92200005054474
4.18144989013672 1.92833995819092
4.19504976272583 1.93468999862671
4.20866012573242 1.94105994701385
4.22231006622314 1.94743001461029
4.23597002029419 1.95381999015808
4.2496600151062 1.96021997928619
4.26338005065918 1.96662998199463
4.27711009979248 1.97303998470306
4.29087018966675 1.97947001457214
4.3046498298645 1.98591005802155
4.31845998764038 1.99235999584198
4.3322901725769 1.99881994724274
4.34613990783691 2.00529003143311
4.36001014709473 2.01177000999451
4.37390995025635 2.01827001571655
4.38782978057861 2.0247700214386
4.40177011489868 2.03128004074097
4.41572999954224 2.03780007362366
4.42971992492676 2.04432988166809
4.4437198638916 2.05086994171143
4.45774984359741 2.05742001533508
4.47179985046387 2.06399011611938
4.48586988449097 2.07055997848511
4.49996995925903 2.07714009284973
4.51408004760742 2.0837299823761
4.52822017669678 2.09032988548279
4.5423698425293 2.09694004058838
4.55655002593994 2.10355997085571
4.57075023651123 2.11017990112305
4.58496999740601 2.1168200969696
4.59920978546143 2.12347006797791
4.61348009109497 2.13013005256653
4.62775993347168 2.13679003715515
4.64205980300903 2.14347004890442
4.65638017654419 2.15015006065369
4.67073011398315 2.1568500995636
4.68509006500244 2.16354990005493
4.6994800567627 2.17025995254517
4.71388006210327 2.17698001861572
4.72830009460449 2.1837100982666
4.74275016784668 2.19044995307922
4.75720977783203 2.19720005989075
4.77169990539551 2.20395994186401
4.78620004653931 2.21072006225586
4.80072021484375 2.21749997138977
4.81525993347168 2.22428011894226
4.82983016967773 2.23108005523682
4.84440994262695 2.23787999153137
4.85901021957397 2.24468994140625
4.87363004684448 2.25149989128113
4.88825988769531 2.25833010673523
4.90291976928711 2.26517009735107
4.91760015487671 2.27201008796692
4.93229007720947 2.27886009216309
4.9470100402832 2.28572010993958
4.96174001693726 2.29258990287781
4.97649002075195 2.29946994781494
4.99126005172729 2.3063600063324
5.00605010986328 2.31325006484985
5.02085018157959 2.32014989852905
5.03567981719971 2.32705998420715
5.0505199432373 2.33398008346558
5.06538009643555 2.34090995788574
5.08025979995728 2.34784007072449
5.09516000747681 2.3547899723053
5.11007976531982 2.36174011230469
5.12501001358032 2.36870002746582
5.13995981216431 2.37566995620728
5.15493011474609 2.38263988494873
5.16991996765137 2.38962006568909
5.18491983413696 2.39662003517151
5.19994020462036 2.40360999107361
5.21498012542725 2.41061997413635
5.23004007339478 2.41763997077942
5.24511003494263 2.42465996742249
5.26021003723145 2.43168997764587
5.27532005310059 2.43873000144958
5.29044008255005 2.4457700252533
5.30559015274048 2.45283007621765
5.32075023651123 2.45988988876343
5.33591985702515 2.46695995330811
5.35111999511719 2.47403001785278
5.36633014678955 2.48112010955811
5.3815598487854 2.48820996284485
5.39681005477905 2.49531006813049
5.41206979751587 2.50240993499756
5.42735004425049 2.50953006744385
5.44263982772827 2.51664996147156
5.45796012878418 2.52378010749817
5.47327995300293 2.5309100151062
5.48862981796265 2.53805994987488
5.50399017333984 2.54520988464355
5.51937007904053 2.55236005783081
5.53477001190186 2.55953001976013
5.55017995834351 2.56669998168945
5.5656099319458 2.5738799571991
5.58104991912842 2.58106994628906
5.59650993347168 2.58825993537903
5.61198997497559 2.59546995162964
5.62748003005981 2.60266995429993
5.64299011230469 2.60988998413086
5.65851020812988 2.61711001396179
5.67405986785889 2.62434005737305
5.68961000442505 2.63158011436462
5.70518016815186 2.63882994651794
5.72076988220215 2.64608001708984
5.73638010025024 2.65334010124207
5.7519998550415 2.66059994697571
5.76764011383057 2.66787004470825
5.78328990936279 2.67514991760254
5.79896020889282 2.68244004249573
5.81464004516602 2.68972992897034
5.83033990859985 2.69703006744385
5.84604978561401 2.7043399810791
5.86178016662598 2.71164989471436
5.87753009796143 2.71898007392883
5.8932900428772 2.72630000114441
5.90907001495361 2.73363995552063
5.92486000061035 2.74097990989685
5.94067001342773 2.74833011627197
5.95649003982544 2.75568008422852
5.97233009338379 2.76304006576538
5.98818016052246 2.77041006088257
6.00404977798462 2.77779006958008
6.01993989944458 2.78517007827759
6.03583002090454 2.79256010055542
6.05175018310547 2.799959897995
6.06767988204956 2.80735993385315
6.08362007141113 2.81476998329163
6.09957981109619 2.8221800327301
6.11556005477905 2.8296000957489
6.13154983520508 2.83702993392944
6.14756011962891 2.84447002410889
6.1635799407959 2.85191011428833
6.17960977554321 2.85935997962952
6.19566011428833 2.86681008338928
6.21173000335693 2.87427997589111
6.22780990600586 2.8817400932312
6.24389982223511 2.88921999931335
6.260009765625 2.89669990539551
6.2761402130127 2.90419006347656
6.29227018356323 2.91167998313904
6.30843019485474 2.91917991638184
6.32460021972656 2.92669010162354
6.34077978134155 2.93420004844666
6.35697984695435 2.94173002243042
6.37318992614746 2.94924998283386
6.38942003250122 2.95678997039795
6.4056601524353 2.96431994438171
6.42191982269287 2.97186994552612
6.43818998336792 2.97941994667053
6.45448017120361 2.98697996139526
6.47077989578247 2.99454998970032
6.48709011077881 3.00212001800537
6.50341987609863 3.00970005989075
6.51977014541626 3.01728010177612
6.53612995147705 3.02486991882324
6.55249977111816 3.03246998786926
6.56889009475708 3.04007005691528
6.58528995513916 3.04767990112305
6.60170984268188 3.05529999732971
6.61814022064209 3.06292009353638
6.63458013534546 3.07054996490479
6.65104007720947 3.07818007469177
6.66752004623413 3.08582997322083
6.68401002883911 3.09347009658813
6.70051002502441 3.10113000869751
6.71703004837036 3.10878992080688
6.73356008529663 3.11645007133484
6.75011014938354 3.12413001060486
6.76667022705078 3.13179993629456
6.78323984146118 3.1394898891449
6.79982995986938 3.14718008041382
6.81643009185791 3.15488004684448
6.83304977416992 3.16258001327515
6.84967994689941 3.17028999328613
6.86633014678955 3.17800998687744
6.88298988342285 3.18572998046875
6.89966011047363 3.19345998764038
6.9163498878479 3.20118999481201
6.93305015563965 3.20893001556396
6.94976997375488 3.21668004989624
6.96649980545044 3.22443008422852
6.9832501411438 3.23218989372253
7 3.23995995521545
7.01677989959717 3.24773001670837
7.03355979919434 3.25551009178162
7.05037021636963 3.26328992843628
7.06718015670776 3.27108001708984
7.08401012420654 3.27887988090515
7.10085010528564 3.28667998313904
7.11771011352539 3.29449009895325
7.13458013534546 3.30229997634888
7.15147018432617 3.31012010574341
7.16836977005005 3.31795001029968
7.18527984619141 3.32577991485596
7.20220994949341 3.33362007141113
7.21915006637573 3.34145998954773
7.2361102104187 3.34931993484497
7.25307989120483 3.35717010498047
7.27006006240845 3.36504006385803
7.28705978393555 3.37290000915527
7.30406999588013 3.38077998161316
7.32110023498535 3.38865995407104
7.33814001083374 3.39654994010925
7.35518980026245 3.40443992614746
7.37226009368896 3.41233992576599
7.38933992385864 3.42024993896484
7.40643978118896 3.4281599521637
7.42355012893677 3.43607997894287
7.44067001342773 3.44400000572205
7.45780992507935 3.45193004608154
7.47495985031128 3.45987010002136
7.49211978912354 3.4678099155426
7.50930023193359 3.47574996948242
7.52650022506714 3.48371005058289
7.54370021820068 3.49166989326477
7.56092977523804 3.49962997436523
7.57815980911255 3.50761008262634
7.59540987014771 3.51557993888855
7.61266994476318 3.52357006072998
7.62995004653931 3.53155994415283
7.64724016189575 3.53955006599426
7.66453981399536 3.54755997657776
7.68185997009277 3.55556011199951
7.69919013977051 3.56358003616333
7.71653985977173 3.57159996032715
7.73390007019043 3.57961988449097
7.75126981735229 3.58766007423401
7.76866006851196 3.59569001197815
7.78605985641479 3.60373997688293
7.80348014831543 3.61178994178772
7.82090997695923 3.6198399066925
7.83834981918335 3.62789988517761
7.85581016540527 3.63597011566162
7.87328004837036 3.64404988288879
7.89076995849609 3.65212988853455
7.90825986862183 3.6602098941803
7.92577981948853 3.66829991340637
7.94329977035522 3.67639994621277
7.96084022521973 3.68450999259949
7.97840023040771 3.69262003898621
7.99596977233887 3.70073008537292
8.0135498046875 3.70884990692139
8.03114986419678 3.71697998046875
8.04876041412354 3.72511005401611
8.06637954711914 3.73324990272522
8.08401966094971 3.74140000343323
8.10167026519775 3.74955010414124
8.11933994293213 3.75770998001099
8.1370096206665 3.76587009429932
8.154709815979 3.77403998374939
8.17241954803467 3.78221988677979
8.19013977050781 3.79040002822876
8.20786952972412 3.79858994483948
8.22562026977539 3.80678009986877
8.24337959289551 3.81498003005981
8.26115989685059 3.82318997383118
8.27894973754883 3.83139991760254
8.29675960540771 3.83961009979248
8.31457042694092 3.84784007072449
8.33240985870361 3.85607004165649
8.35025024414063 3.8643000125885
8.36810970306396 3.87253999710083
8.38599014282227 3.88078999519348
8.40388011932373 3.88903999328613
8.42177963256836 3.89730000495911
8.43968963623047 3.9055700302124
8.45761966705322 3.9138400554657
8.47556972503662 3.92212009429932
8.4935302734375 3.93039989471436
8.51150035858154 3.9386899471283
8.52947998046875 3.94697999954224
8.5474796295166 3.95529007911682
8.56550025939941 3.9635899066925
8.58351993560791 3.97190999984741
8.60157012939453 3.980220079422
8.61962032318115 3.98854994773865
8.6376895904541 3.99688005447388
8.65577030181885 4.00521993637085
8.67387008666992 4.01355981826782
8.69198036193848 4.02191019058228
8.71010971069336 4.03027009963989
8.72824954986572 4.03863000869751
8.74639987945557 4.04698991775513
8.76457023620605 4.05536985397339
8.78275012969971 4.06374979019165
8.800950050354 4.07213020324707
8.81916046142578 4.08052015304565
8.83738040924072 4.08892011642456
8.85562038421631 4.09732007980347
8.87386989593506 4.1057300567627
8.89214038848877 4.11415004730225
8.91042041778564 4.1225700378418
8.92870998382568 4.13099002838135
8.94701957702637 4.13943004608154
8.96533966064453 4.14787006378174
8.98367977142334 4.15631008148193
9.00203037261963 4.16476011276245
9.02038955688477 4.17322015762329
9.03876972198486 4.18168020248413
9.05716037750244 4.19014978408813
9.07557010650635 4.19862985610962
9.09399032592773 4.2071099281311
9.11242961883545 4.21560001373291
9.13088035583496 4.22409009933472
9.14933967590332 4.23259019851685
9.16781997680664 4.24109983444214
9.18630981445313 4.24960994720459
9.20481014251709 4.25812005996704
9.22332954406738 4.26665019989014
9.24186992645264 4.27517986297607
9.26041984558105 4.28371000289917
9.27898025512695 4.29225015640259
9.29755973815918 4.30079984664917
9.31614971160889 4.30936002731323
9.33475017547607 4.31792020797729
9.35336971282959 4.3264799118042
9.37199974060059 4.33505010604858
9.39064979553223 4.34362983703613
9.40931034088135 4.35222005844116
9.4279899597168 4.36080980300903
9.44668006896973 4.36940002441406
9.4653902053833 4.37800979614258
9.48410987854004 4.38661003112793
9.50284004211426 4.39522981643677
9.52159023284912 4.40385007858276
9.54034996032715 4.41247987747192
9.55912017822266 4.42111015319824
9.57791996002197 4.42974996566772
9.59671974182129 4.43838977813721
9.61553955078125 4.44704008102417
9.63436985015869 4.4556999206543
9.65322017669678 4.46436023712158
9.67208003997803 4.47303009033203
9.69095993041992 4.4817099571228
9.7098503112793 4.49038982391357
9.728759765625 4.49908018112183
9.74767971038818 4.50777006149292
9.76661014556885 4.51646995544434
9.78555965423584 4.52517986297607
9.80451965332031 4.53388977050781
9.82349967956543 4.54261016845703
9.84249019622803 4.55133008956909
9.86149978637695 4.5600700378418
9.88051986694336 4.56879997253418
9.89955997467041 4.57754993438721
9.91860961914063 4.58628988265991
9.93766975402832 4.59504985809326
9.95674991607666 4.60380983352661
9.97583961486816 4.61257982254028
9.99495029449463 4.62134981155396
10.0141000747681 4.63012981414795
