0.707817018032074 0.297217011451721
0.706768989562988 0.296709001064301
0.705722987651825 0.296202003955841
0.704680025577545 0.29569599032402
0.703639984130859 0.295190989971161
0.70260101556778 0.294687002897263
0.701565980911255 0.294185012578964
0.700532019138336 0.293684005737305
0.699500977993011 0.293182998895645
0.69847297668457 0.292683988809586
0.697447001934052 0.292185992002487
0.69642299413681 0.29168900847435
0.695401012897491 0.29119399189949
0.694382011890411 0.290699005126953
0.693364977836609 0.290205001831055
0.69235098361969 0.289712995290756
0.691339015960693 0.289220988750458
0.690329015254974 0.288731008768082
0.689320981502533 0.288242012262344
0.688315987586975 0.287752985954285
0.68731302022934 0.287265986204147
0.686312019824982 0.286779999732971
0.685313999652863 0.286294996738434
0.684318006038666 0.285811007022858
0.683323979377747 0.28532800078392
0.68233197927475 0.284846007823944
0.681342005729675 0.284364998340607
0.68035501241684 0.283885985612869
0.679369986057281 0.283407002687454
0.678386986255646 0.282929003238678
0.677406013011932 0.282451987266541
0.676427006721497 0.281976997852325
0.675450026988983 0.28150200843811
0.674476027488708 0.281028002500534
0.673503994941711 0.280555009841919
0.672533988952637 0.280084013938904
0.671566009521484 0.279612988233566
0.67059999704361 0.279143005609512
0.669636011123657 0.278674006462097
0.668673992156982 0.278205990791321
0.667715013027191 0.277740001678467
0.666756987571716 0.277274012565613
0.665800988674164 0.276809006929398
0.664848029613495 0.276345014572144
0.663896024227142 0.275882005691528
0.662946999073029 0.275420010089874
0.662000000476837 0.274958997964859
0.661054015159607 0.274497985839844
0.660111010074615 0.274039000272751
0.659169018268585 0.273580998182297
0.658230006694794 0.273122996091843
0.657293021678925 0.272666990756989
0.656356990337372 0.272210985422134
0.655423998832703 0.271757006645203
0.654492020606995 0.271302998065948
0.653562009334564 0.270850002765656
0.652634978294373 0.270397990942001
0.651709020137787 0.269946992397308
0.650785028934479 0.269497007131577
0.649863004684448 0.269048005342484
0.64894300699234 0.268599003553391
0.64802497625351 0.268151998519897
0.647108018398285 0.267704993486404
0.646193981170654 0.267259001731873
0.64528101682663 0.266813993453979
0.644370973110199 0.266369998455048
0.643462002277374 0.265926986932755
0.642554998397827 0.265484988689423
0.641649007797241 0.265042990446091
0.640745997428894 0.26460200548172
0.639844000339508 0.264162987470627
0.6389439702034 0.263723999261856
0.638046026229858 0.263285011053085
0.63714998960495 0.262847989797592
0.636255025863647 0.262412011623383
0.635362982749939 0.261976003646851
0.634470999240875 0.26154100894928
0.63358199596405 0.261106997728348
0.632695019245148 0.260672986507416
0.631808996200562 0.260241001844406
0.630924999713898 0.259808987379074
0.630042016506195 0.259377986192703
0.629162013530731 0.258947998285294
0.628283023834229 0.258518993854523
0.627404987812042 0.258089989423752
0.62652999162674 0.257661998271942
0.625654995441437 0.257234990596771
0.624782979488373 0.256808996200562
0.62391197681427 0.256383985280991
0.62304300069809 0.255959004163742
0.622175991535187 0.255535006523132
0.621309995651245 0.255111008882523
0.620446026325226 0.254689007997513
0.619583010673523 0.254267007112503
0.618722021579742 0.253845989704132
0.61786299943924 0.253425985574722
0.617004990577698 0.253006011247635
0.616149008274078 0.252586990594864
0.615293979644775 0.252169013023376
0.614440977573395 0.251751989126205
0.613588988780975 0.251334995031357
0.612739026546478 0.250919014215469
0.611890017986298 0.25050300359726
0.611042976379395 0.25008898973465
0.610198020935059 0.249675005674362
0.609354019165039 0.249262005090714
0.608510971069336 0.248849004507065
0.6076700091362 0.248437002301216
0.60683000087738 0.248025998473167
0.605992019176483 0.247614994645119
0.605154991149902 0.247205004096031
0.604319989681244 0.246795997023582
0.603486001491547 0.246387004852295
0.602653980255127 0.245978996157646
0.601822972297668 0.245572000741959
0.600992977619171 0.245165005326271
0.600165009498596 0.244758993387222
0.599337995052338 0.244353994727135
0.598513007164001 0.243948996067047
0.597688972949982 0.24354499578476
0.596866011619568 0.243140995502472
0.596045017242432 0.242739006876945
0.595224976539612 0.242336004972458
0.594407021999359 0.24193499982357
0.593589007854462 0.241532996296883
0.592773020267487 0.241133004426956
0.591958999633789 0.240732997655869
0.591144979000092 0.240334004163742
0.590332984924316 0.239934995770454
0.589522004127502 0.239537000656128
0.588712990283966 0.239139005541801
0.587904989719391 0.238741993904114
0.587098002433777 0.238345995545387
0.586292028427124 0.237949997186661
0.585487008094788 0.237553998827934
0.584684014320374 0.237159997224808
0.583881974220276 0.236764997243881
0.583081007003784 0.236371994018555
0.58228200674057 0.235978007316589
0.581483006477356 0.235586002469063
0.580685973167419 0.235193997621536
0.579890012741089 0.23480199277401
0.579095005989075 0.234411001205444
0.578301012516022 0.234019994735718
0.577507972717285 0.233630001544952
0.576717019081116 0.233241006731987
0.575927019119263 0.23285199701786
0.57513701915741 0.232463002204895
0.574348986148834 0.23207500576973
0.573562026023865 0.231686994433403
0.572776019573212 0.231299996376038
0.57199102640152 0.230912998318672
0.571206986904144 0.230526998639107
0.570424020290375 0.230140998959541
0.569642007350922 0.229755997657776
0.568862020969391 0.22937099635601
0.568081974983215 0.228986993432045
0.567303001880646 0.228603005409241
0.566524982452393 0.228219002485275
0.565748989582062 0.22783599793911
0.564972996711731 0.227452993392944
0.564198017120361 0.22707100212574
0.563423991203308 0.226688995957375
0.562650978565216 0.22630800306797
0.561878979206085 0.225926995277405
0.561107993125916 0.225546002388
0.560338020324707 0.225164994597435
0.559569001197815 0.224785998463631
0.558799982070923 0.224406003952026
0.558032989501953 0.224026992917061
0.557265996932983 0.223647996783257
0.556500017642975 0.223269000649452
0.555734992027283 0.222891002893448
0.554970979690552 0.222513005137444
0.554207026958466 0.222136005759239
0.553444981575012 0.221759006381035
0.552682995796204 0.221382007002831
0.551922023296356 0.221004992723465
0.551160991191864 0.220629006624222
0.550401985645294 0.220253005623817
0.549642980098724 0.219877004623413
0.548884987831116 0.219502002000809
0.548126995563507 0.219126999378204
0.547370970249176 0.2187519967556
0.546613991260529 0.218376994132996
0.545858979225159 0.218003004789352
0.545104026794434 0.217629000544548
0.544350028038025 0.217254996299744
0.543596029281616 0.2168810069561
0.542842984199524 0.216508001089096
0.542091012001038 0.216134995222092
0.541338980197906 0.215762004256248
0.540588021278381 0.215388998389244
0.539837002754211 0.215016007423401
0.539085984230042 0.214643999934196
0.538336992263794 0.214272007346153
0.537586987018585 0.213899001479149
0.536837995052338 0.213526993989944
0.536090016365051 0.213155999779701
0.53534197807312 0.212784007191658
0.534593999385834 0.212411999702454
0.533846974372864 0.21204100549221
0.533100008964539 0.211668998003006
0.532352983951569 0.211298003792763
0.53160697221756 0.210926994681358
0.530861020088196 0.210555002093315
0.530115008354187 0.210183992981911
0.529370009899139 0.209812998771667
0.528623998165131 0.209442004561424
0.527878999710083 0.20907099545002
0.527134001255035 0.208700001239777
0.526389002799988 0.208329007029533
0.525645017623901 0.207957997918129
0.524900019168854 0.207586005330086
0.524155974388123 0.207214996218681
0.523410975933075 0.206844002008438
0.522666990756989 0.206471994519234
0.521921992301941 0.20610100030899
0.521178007125854 0.205728992819786
0.520433008670807 0.205357000231743
0.519688010215759 0.2049860060215
0.518943011760712 0.204613000154495
0.518198013305664 0.204240992665291
0.517453014850616 0.203869000077248
0.516708016395569 0.203495994210243
0.51596200466156 0.2031230032444
0.515215992927551 0.202749997377396
0.514469027519226 0.202375993132591
0.513723015785217 0.202002003788948
0.512974977493286 0.201627999544144
0.512228012084961 0.201253995299339
0.511479020118713 0.200878992676735
0.510730028152466 0.200504004955292
0.509980976581573 0.200128003954887
0.509230971336365 0.199752002954483
0.50848001241684 0.199375003576279
0.507727980613708 0.198998004198074
0.506974995136261 0.19862000644207
0.506222009658813 0.198241993784904
0.505468010902405 0.1978629976511
0.504711985588074 0.197484001517296
0.503956019878387 0.19710299372673
0.503198027610779 0.196722999215126
0.502439022064209 0.196340993046761
0.501679003238678 0.195958003401756
0.500917971134186 0.195574998855591
0.500154972076416 0.195190995931625
0.499390006065369 0.19480599462986
0.498623996973038 0.194419994950294
0.497855991125107 0.194032996892929
0.497085988521576 0.193645000457764
0.496315002441406 0.193256005644798
0.495541006326675 0.192864999175072
0.494765013456345 0.192473992705345
0.493986994028091 0.19208100438118
0.493205994367599 0.191686004400253
0.492422997951508 0.191290006041527
0.491636991500854 0.190892994403839
0.490848988294601 0.190494000911713
0.490056991577148 0.190092995762825
0.489262014627457 0.189691007137299
0.488463997840881 0.189287006855011
0.487661987543106 0.188879996538162
0.486856013536453 0.188472002744675
0.486046999692917 0.188060998916626
0.485233008861542 0.187647998332977
0.484414011240005 0.187232002615929
0.483590990304947 0.186813995242119
0.48276299238205 0.186392992734909
0.481929004192352 0.185968995094299
0.481088995933533 0.18554100394249
0.480244010686874 0.185110002756119
0.479391008615494 0.184676006436348
0.478531986474991 0.184238001704216
0.477663993835449 0.183795005083084
0.476788997650146 0.183348000049591
0.475905001163483 0.182897001504898
0.475010991096497 0.182439997792244
0.474106997251511 0.18197700381279
0.473190993070602 0.181508004665375
0.472263991832733 0.181033000349998
0.471323013305664 0.180551007390022
0.47036799788475 0.180060997605324
0.469397008419037 0.179562002420425
0.46840900182724 0.179054006934166
0.467400997877121 0.178534999489784
0.466372013092041 0.178004994988441
0.465319007635117 0.177461996674538
0.46424001455307 0.176905006170273
0.463131994009018 0.176331996917725
0.461991012096405 0.175742000341415
0.460815012454987 0.175132006406784
0.459601014852524 0.174502000212669
0.458346992731094 0.173849999904633
0.457056999206543 0.173178002238274
0.455740988254547 0.172490999102592
0.454418003559113 0.171800002455711
0.4531230032444 0.171121001243591
0.451891988515854 0.170475006103516
0.450756013393402 0.169876992702484
0.449732005596161 0.169337004423141
0.448817998170853 0.168853998184204
0.448004990816116 0.168423995375633
0.447281002998352 0.168040007352829
0.446635007858276 0.167695999145508
0.446054011583328 0.167386993765831
0.445529997348785 0.167107999324799
0.44505500793457 0.166853994131088
0.444624006748199 0.166622996330261
0.444229006767273 0.166411995887756
0.443868011236191 0.166218996047974
0.443536996841431 0.166041001677513
0.443231999874115 0.165876999497414
0.442950993776321 0.165724992752075
0.442690998315811 0.165585994720459
0.442451000213623 0.165455996990204
0.442229986190796 0.16533599793911
0.442023992538452 0.165224999189377
0.441834002733231 0.165122002363205
0.441657990217209 0.165026992559433
0.441496014595032 0.164939001202583
0.441345006227493 0.164857000112534
0.441206008195877 0.164781004190445
0.441078007221222 0.164711996912956
0.440959990024567 0.164646998047829
0.440851002931595 0.164588004350662
0.440750986337662 0.164533004164696
0.440659999847412 0.164483994245529
0.440577000379562 0.164437994360924
0.440501004457474 0.164397001266479
0.440432995557785 0.164359003305435
0.440371006727219 0.164324998855591
0.440315991640091 0.164295002818108
0.440268009901047 0.164268001914024
0.440225005149841 0.164244994521141
0.440187990665436 0.164224997162819
0.440156996250153 0.164207994937897
0.440131008625031 0.164193004369736
0.440109997987747 0.164182007312775
0.440095007419586 0.164173007011414
0.440082997083664 0.164167001843452
0.440077006816864 0.164162993431091
0.440075010061264 0.164161995053291
0.440075993537903 0.164162993431091
0.440081000328064 0.164166003465652
0.440090000629425 0.164170995354652
0.440104007720947 0.164177998900414
0.440120995044708 0.164187997579575
0.44014099240303 0.164198994636536
0.440165996551514 0.164213001728058
0.440192997455597 0.16422800719738
0.44022399187088 0.164244994521141
0.440257996320724 0.164263993501663
0.440295994281769 0.164285004138947
0.440337002277374 0.164307996630669
0.44038000702858 0.164332002401352
0.440427005290985 0.164358004927635
0.44047600030899 0.164386004209518
0.440528005361557 0.164415001869202
0.440582990646362 0.164445996284485
0.440640985965729 0.164479002356529
0.440701007843018 0.164511993527412
0.440764009952545 0.164547994732857
0.440829008817673 0.164583995938301
0.440896987915039 0.164623007178307
0.440966993570328 0.164662003517151
0.441038995981216 0.164702996611595
0.441114008426666 0.164745002985001
0.441190987825394 0.164789006114006
0.441269993782043 0.16483399271965
0.441350996494293 0.164879992604256
0.441435009241104 0.164927005767822
0.441520005464554 0.164975002408028
0.441608011722565 0.165024995803833
0.441698014736176 0.1650760024786
0.441789001226425 0.165127992630005
0.441882997751236 0.165180996060371
0.441978991031647 0.165235996246338
0.442075997591019 0.165290996432304
0.442175000905991 0.165347993373871
0.442276000976563 0.165405005216599
0.442378997802734 0.165463998913765
0.442483991384506 0.165524005889893
0.442589998245239 0.165583997964859
0.442698001861572 0.165646001696587
0.442808002233505 0.165709003806114
0.442919999361038 0.165773004293442
0.443033009767532 0.165838003158569
0.443147987127304 0.165903002023697
0.443264007568359 0.165969997644424
0.443381994962692 0.166038006544113
0.443502008914948 0.166106998920441
0.443623006343842 0.166176006197929
0.443746000528336 0.166246995329857
0.443870007991791 0.166317999362946
0.443994998931885 0.166391000151634
0.444121986627579 0.166464000940323
0.444251000881195 0.166538000106812
0.44438099861145 0.1666129976511
0.444512993097305 0.166688993573189
0.44464498758316 0.166766002774239
0.444779992103577 0.166842997074127
0.444914996623993 0.166922003030777
0.445051997900009 0.167000994086266
0.445190995931625 0.167080998420715
0.445331007242203 0.167162001132965
0.445472002029419 0.167244002223015
0.445614010095596 0.167327001690865
0.445757985115051 0.167410001158714
0.44590300321579 0.167494997382164
0.446049004793167 0.167579993605614
0.446195989847183 0.167665004730225
0.446345001459122 0.167751997709274
0.446494996547699 0.167840003967285
0.446646004915237 0.167927995324135
0.446799010038376 0.168016999959946
0.446952998638153 0.168106004595757
0.447108000516891 0.168197005987167
0.447263985872269 0.168288007378578
0.447421014308929 0.168380007147789
0.447580009698868 0.1684730052948
0.447739005088806 0.168567001819611
0.447899997234344 0.168660998344421
0.448062002658844 0.168755993247032
0.448224991559982 0.168852001428604
0.448390007019043 0.168947994709015
0.448554992675781 0.169045001268387
0.448722004890442 0.169143006205559
0.44888898730278 0.16924199461937
0.449057996273041 0.169340997934341
0.44922798871994 0.169440999627113
0.449398994445801 0.169541999697685
0.449571013450623 0.169643998146057
0.449743986129761 0.169745996594429
0.449918001890182 0.169848993420601
0.450094014406204 0.169952005147934
0.450269997119904 0.170056998729706
0.450446993112564 0.170162007212639
0.450625985860825 0.170267000794411
0.450805991888046 0.170374006032944
0.450985997915268 0.170480996370316
0.45116800069809 0.170588999986649
0.451350003480911 0.170697003602982
0.451534003019333 0.170806005597115
0.451718986034393 0.170916005969048
0.451905012130737 0.171026006340981
0.452091008424759 0.171137005090714
0.45227900147438 0.171249002218246
0.452468007802963 0.171361997723579
0.452657997608185 0.171474993228912
0.452849000692368 0.171589002013206
0.45304000377655 0.171702995896339
0.453233003616333 0.171818003058434
0.453426986932755 0.171933993697166
0.45362201333046 0.172050997614861
0.453817993402481 0.172168001532555
0.454014003276825 0.172286003828049
0.454212009906769 0.172404006123543
0.454411000013351 0.172523006796837
0.454609990119934 0.172643005847931
0.454811006784439 0.172763004899025
0.455013006925583 0.172884002327919
0.455215007066727 0.173005998134613
0.45541900396347 0.173129007220268
0.455623000860214 0.173252001404762
0.455828994512558 0.173374995589256
0.456034988164902 0.173500001430511
0.456241995096207 0.173623993992805
0.456450998783112 0.173749998211861
0.456660002470016 0.173876002430916
0.45686998963356 0.174003005027771
0.457080990076065 0.174131006002426
0.457293003797531 0.174259006977081
0.457506000995636 0.174388006329536
0.457720011472702 0.174517005681992
0.457935005426407 0.174647003412247
0.458149999380112 0.174777999520302
0.458366990089417 0.174909994006157
0.458584994077682 0.175042003393173
0.458802998065948 0.175173997879028
0.459022998809814 0.175308004021645
0.45924299955368 0.1754419952631
0.459464013576508 0.175576001405716
0.459686011075974 0.175711005926132
0.459910005331039 0.175846993923187
0.460133999586105 0.175983995199203
0.460359007120132 0.17612099647522
0.46058401465416 0.176258996129036
0.460810989141464 0.176396995782852
0.461039006710052 0.176535993814468
0.461266994476318 0.176676005125046
0.461497008800507 0.176816001534462
0.461726993322372 0.176956996321678
0.461959004402161 0.177099004387856
0.462190985679626 0.177240997552872
0.462424010038376 0.177384003996849
0.462657988071442 0.177527993917465
0.462893009185791 0.177671998739243
0.463129013776779 0.17781700193882
0.463366001844406 0.177962005138397
0.463602989912033 0.178108006715775
0.463842004537582 0.178255006670952
0.464080989360809 0.178403005003929
0.464320987462997 0.178551003336906
0.464563012123108 0.178699001669884
0.464805006980896 0.178848996758461
0.465047985315323 0.178999006748199
0.465292006731033 0.179149001836777
0.465537011623383 0.179299995303154
0.465781986713409 0.179452002048492
0.466028988361359 0.179605007171631
0.466275990009308 0.179757997393608
0.466524988412857 0.179912000894547
0.466773986816406 0.180067002773285
0.467023998498917 0.180222004652023
0.467276006937027 0.180377006530762
0.467527985572815 0.1805340051651
0.467779994010925 0.180691003799438
0.468033999204636 0.180849000811577
0.468288987874985 0.181006997823715
0.468544989824295 0.181165993213654
0.468800991773605 0.181326001882553
0.469058007001877 0.181485995650291
0.469316989183426 0.181647002696991
0.469576001167297 0.181808993220329
0.469835996627808 0.181970998644829
0.470097005367279 0.182134002447128
0.470358997583389 0.182298004627228
0.470622003078461 0.182462006807327
0.470885008573532 0.182627007365227
0.471150010824203 0.182793006300926
0.471415996551514 0.182959005236626
0.471682012081146 0.183126002550125
0.471949011087418 0.183293998241425
0.472218006849289 0.183461993932724
0.47248700261116 0.183631002902985
0.472757011651993 0.183800995349884
0.473028004169464 0.183971002697945
0.473300009965897 0.184141993522644
0.473571985960007 0.184313997626305
0.473845988512039 0.184486001729965
0.474121004343033 0.184659004211426
0.474395990371704 0.184833005070686
0.474671989679337 0.185007005929947
0.474949985742569 0.185182005167007
0.475228011608124 0.185358002781868
0.475506991147995 0.185534000396729
0.47578701376915 0.185711994767189
0.476067990064621 0.185889005661011
0.476350009441376 0.186067998409271
0.476633012294769 0.186247006058693
0.476916998624802 0.186426997184753
0.477201014757156 0.186607003211975
0.477486997842789 0.186789005994797
0.477773010730743 0.186970993876457
0.478060990571976 0.187152996659279
0.47834900021553 0.187336996197701
0.478639006614685 0.187520995736122
0.47892901301384 0.187704995274544
0.479220002889633 0.187891006469727
0.479512006044388 0.188077002763748
0.479804992675781 0.18826399743557
0.480098992586136 0.188451007008553
0.480394005775452 0.188639998435974
0.480690002441406 0.188828006386757
0.480987012386322 0.189017996191978
0.481283992528915 0.189208999276161
0.481582999229431 0.189400002360344
0.481882989406586 0.189592003822327
0.482183009386063 0.189784005284309
0.482484996318817 0.189977005124092
0.482787013053894 0.190171003341675
0.483090996742249 0.190365999937057
0.483395010232925 0.19056199491024
0.483700007200241 0.190758004784584
0.484007000923157 0.190954998135567
0.484313994646072 0.191152006387711
0.484622001647949 0.191350996494293
0.484930992126465 0.191550001502037
0.485240995883942 0.191750004887581
0.48555201292038 0.191949993371964
0.485864013433456 0.192151993513107
0.486176997423172 0.192353993654251
0.486490994691849 0.192557007074356
0.486806005239487 0.1927600055933
0.487121999263763 0.192965000867844
0.487439006567001 0.193169996142387
0.487756997346878 0.193376004695892
0.488076001405716 0.193581998348236
0.488395988941193 0.193790003657341
0.48871698975563 0.193997994065285
0.48903900384903 0.19420699775219
0.489362001419067 0.194416001439095
0.489686012268066 0.194627001881599
0.490009993314743 0.194838002324104
0.490336000919342 0.195050001144409
0.49066299200058 0.195262998342514
0.490990996360779 0.195475995540619
0.491320013999939 0.195691004395485
0.491649985313416 0.19590599834919
0.491980999708176 0.196122005581856
0.492312014102936 0.196337997913361
0.492644995450974 0.196556001901627
0.492978990077972 0.196774005889893
0.493313997983932 0.196992993354797
0.493649989366531 0.197212994098663
0.493986994028091 0.197433993220329
0.494325011968613 0.197655007243156
0.494664013385773 0.197878003120422
0.495003998279572 0.198100998997688
0.495344996452332 0.198324993252754
0.495687991380692 0.198550000786781
0.496030986309052 0.198774993419647
0.496374994516373 0.199000999331474
0.496719986200333 0.199229001998901
0.497067004442215 0.199457004666328
0.497413992881775 0.199686005711555
0.497763007879257 0.199915006756783
0.498111993074417 0.20014600455761
0.498463004827499 0.200377002358437
0.498813986778259 0.200608998537064
0.499166995286942 0.200841993093491
0.499520987272263 0.201076000928879
0.499875992536545 0.201311007142067
0.500231981277466 0.201546996831894
0.50058901309967 0.201783001422882
0.500946998596191 0.20202000439167
0.501305997371674 0.202259004116058
0.501666009426117 0.202498003840446
0.502027988433838 0.202738001942635
0.502390027046204 0.202978000044823
0.502753973007202 0.203219994902611
0.503117978572845 0.20346300303936
0.503484010696411 0.203705996274948
0.503850996494293 0.203950002789497
0.504218995571136 0.204196006059647
0.504588007926941 0.204441994428635
0.504957973957062 0.204688996076584
0.50533002614975 0.204935997724533
0.505702018737793 0.205184996128082
0.506075978279114 0.205434992909431
0.506449997425079 0.205685004591942
0.506825983524323 0.205936998128891
0.507202982902527 0.206189006567001
0.507580995559692 0.20644299685955
0.507960975170135 0.206697002053261
0.508341014385223 0.206952005624771
0.508723020553589 0.20720799267292
0.509105026721954 0.207464993000031
0.509488999843597 0.207723006606102
0.509873986244202 0.207982003688812
0.510260999202728 0.208241999149323
0.510648012161255 0.208502992987633
0.511036992073059 0.208764001727104
0.511425971984863 0.209027007222176
0.51181697845459 0.209290996193886
0.512208998203278 0.209555000066757
0.512602984905243 0.209821000695229
0.512996971607208 0.2100870013237
0.513392984867096 0.210354998707771
0.513790011405945 0.210622996091843
0.51418799161911 0.210893005132675
0.514586985111237 0.211162999272346
0.514988005161285 0.211435005068779
0.515389978885651 0.21170699596405
0.515793025493622 0.211980000138283
0.516197025775909 0.212255001068115
0.516602993011475 0.212530001997948
0.517009019851685 0.21280699968338
0.517417013645172 0.213083997368813
0.517826020717621 0.213361993432045
0.518236994743347 0.213642001152039
0.518648028373718 0.213921993970871
0.519061028957367 0.214203998446465
0.519475996494293 0.214486002922058
0.519891023635864 0.214770004153252
0.520308017730713 0.215054005384445
0.520726025104523 0.215340003371239
0.521144986152649 0.215626999735832
0.521565973758698 0.215914994478226
0.521987974643707 0.21620300412178
0.522410988807678 0.216492995619774
0.52283501625061 0.216784000396729
0.52326101064682 0.217076003551483
0.523688018321991 0.217369005084038
0.524116992950439 0.217663004994392
0.524546027183533 0.217959001660347
0.524977028369904 0.218254998326302
0.525409996509552 0.218551993370056
0.525843024253845 0.218851000070572
0.526278018951416 0.219150006771088
0.526714980602264 0.219450995326042
0.527153015136719 0.219752997159958
0.52759200334549 0.220055997371674
0.528032004833221 0.220359995961189
0.528473973274231 0.220664992928505
0.528917014598846 0.220972001552582
0.52936202287674 0.221278995275497
0.529807984828949 0.221588000655174
0.530255019664764 0.221897006034851
0.530704021453857 0.222207993268967
0.531153976917267 0.222519993782043
0.531605005264282 0.222834005951881
0.532058000564575 0.223148003220558
0.532512009143829 0.223462998867035
0.532967984676361 0.223780006170273
0.533424973487854 0.22409799695015
0.533883988857269 0.224417001008987
0.534344017505646 0.224737003445625
0.534804999828339 0.225059002637863
0.535268008708954 0.225382000207901
0.535731971263885 0.225705996155739
0.536198019981384 0.226031005382538
0.536665022373199 0.226356998085976
0.537133991718292 0.226685002446175
0.537603974342346 0.227013006806374
0.538075983524323 0.227342993021011
0.53854900598526 0.227675005793571
0.539023995399475 0.22800700366497
0.539499998092651 0.228340998291969
0.539977014064789 0.228676006197929
0.540457010269165 0.229011997580528
0.540937006473541 0.229350000619888
0.54141902923584 0.229688003659248
0.541903018951416 0.230029001832008
0.542388021945953 0.230370000004768
0.542874991893768 0.230712994933128
0.543362975120544 0.23105700314045
0.543852984905243 0.231401994824409
0.544345021247864 0.231748998165131
0.544838011264801 0.232096001505852
0.545332014560699 0.232445999979973
0.545827984809875 0.232795998454094
0.546325981616974 0.233147993683815
0.546824991703033 0.233501002192497
0.547326028347015 0.233855992555618
0.54782897233963 0.234211996197701
0.548332989215851 0.234568998217583
0.548838973045349 0.234927996993065
0.549346029758453 0.235287994146347
0.54985499382019 0.23564900457859
0.55036598443985 0.236011996865273
0.55087798833847 0.236376002430916
0.551392018795013 0.236742004752159
0.551908016204834 0.237109005451202
0.552425026893616 0.237477004528046
0.552944004535675 0.237847000360489
0.553463995456696 0.238217994570732
0.5539870262146 0.238591000437737
0.55451101064682 0.238965004682541
0.555036008358002 0.239341005682945
0.555563986301422 0.23971800506115
0.556092977523804 0.240097001194954
0.556623995304108 0.240475997328758
0.557156026363373 0.240858003497124
0.557690978050232 0.241240993142128
0.558227002620697 0.241624996066093
0.55876499414444 0.242010995745659
0.559303998947144 0.242399007081985
0.559845983982086 0.242788001894951
0.56038898229599 0.243177995085716
0.560934007167816 0.243569999933243
0.56148099899292 0.243964001536369
0.562029004096985 0.244359001517296
0.562578976154327 0.244754999876022
0.563131988048553 0.245153993368149
0.563686013221741 0.245553001761436
0.564242005348206 0.245955005288124
0.564799010753632 0.246358007192612
0.565358996391296 0.246761992573738
0.565919995307922 0.247168004512787
0.566483020782471 0.247575998306274
0.567049026489258 0.247985005378723
0.567615985870361 0.248395994305611
0.568184971809387 0.248808994889259
0.568754971027374 0.249222993850708
0.569328010082245 0.249639004468918
0.569903016090393 0.250055998563766
0.570478975772858 0.250474989414215
0.571057975292206 0.250896006822586
0.571637988090515 0.251318991184235
0.572220981121063 0.251742988824844
0.572804987430573 0.252169013023376
0.573391973972321 0.252597004175186
0.57397997379303 0.253026008605957
0.574570000171661 0.253457009792328
0.575163006782532 0.253890007734299
0.575757026672363 0.254323989152908
0.576354026794434 0.254761010408401
0.57695198059082 0.255198985338211
0.577552974224091 0.255638003349304
0.578154981136322 0.256080001592636
0.578760027885437 0.256523013114929
0.579366028308868 0.256969004869461
0.579975008964539 0.257416009902954
0.580586016178131 0.257863998413086
0.581198990345001 0.258314996957779
0.581813991069794 0.258767992258072
0.582431018352509 0.259222000837326
0.583051025867462 0.25967800617218
0.583671987056732 0.260136008262634
0.584295988082886 0.260596007108688
0.584921002388 0.261058002710342
0.585548996925354 0.261521995067596
0.586179971694946 0.261987000703812
0.586812019348145 0.262454986572266
0.587445974349976 0.262923985719681
0.588083028793335 0.263395994901657
0.588721990585327 0.263868987560272
0.589362978935242 0.26434400677681
0.59000700712204 0.264820992946625
0.590653002262115 0.265300989151001
0.591301023960114 0.265781998634338
0.591951012611389 0.266265004873276
0.592603981494904 0.266750007867813
0.59325897693634 0.267237991094589
0.593915998935699 0.267726987600327
0.594574987888336 0.268218010663986
0.595237016677856 0.268712013959885
0.595901012420654 0.269207000732422
0.596567988395691 0.26970499753952
0.59723699092865 0.27020400762558
0.597908020019531 0.270705997943878
0.598582029342651 0.271210014820099
0.599258005619049 0.271715998649597
0.59993702173233 0.272224009037018
0.600618004798889 0.272733986377716
0.601302027702332 0.273247003555298
0.601988017559052 0.273761004209518
0.602675974369049 0.2742780148983
0.60336697101593 0.274796992540359
0.604059994220734 0.275317996740341
0.604755997657776 0.275842010974884
0.605454981327057 0.276367008686066
0.60615599155426 0.276894986629486
0.606859982013702 0.277424991130829
0.607565999031067 0.277958005666733
0.608273983001709 0.278492987155914
0.608986020088196 0.279029995203018
0.60970002412796 0.279569000005722
0.610415995121002 0.280110001564026
0.611136019229889 0.280654013156891
0.611856997013092 0.281201004981995
0.61258202791214 0.28174901008606
0.613309025764465 0.282301008701324
0.61403900384903 0.282853990793228
0.614772021770477 0.283410012722015
0.615507006645203 0.28396800160408
0.616244971752167 0.284529000520706
0.616985976696014 0.285091996192932
0.617729008197784 0.285658001899719
0.61847597360611 0.286226004362106
0.619225025177002 0.286796003580093
0.619976997375488 0.28736999630928
0.620732009410858 0.287945002317429
0.621488988399506 0.288522988557816
0.622250020503998 0.289104014635086
0.623013019561768 0.289687007665634
0.623778998851776 0.290273010730743
0.624548017978668 0.290861994028091
0.625320017337799 0.291453003883362
0.626094996929169 0.292046010494232
0.626873016357422 0.292643010616302
0.627654016017914 0.293242007493973
0.628437995910645 0.293843001127243
0.629225015640259 0.294447988271713
0.630015015602112 0.295055001974106
0.630807995796204 0.295664995908737
0.631604015827179 0.296276986598969
0.632403016090393 0.296891987323761
0.633204996585846 0.297509998083115
0.634010016918182 0.298130989074707
0.634818971157074 0.298754990100861
0.635630011558533 0.299380987882614
0.636444985866547 0.30001100897789
0.637263000011444 0.300642997026443
0.63808399438858 0.301277995109558
0.6389080286026 0.301916003227234
0.639734983444214 0.30255600810051
0.640565991401672 0.303200006484985
0.64139997959137 0.3038469851017
0.64223700761795 0.304495990276337
0.643078029155731 0.305148988962173
0.643921971321106 0.305804997682571
0.644769012928009 0.306463003158569
0.645618975162506 0.307125002145767
0.646472990512848 0.307790011167526
0.64733099937439 0.308456987142563
0.648190975189209 0.309127986431122
0.649055004119873 0.309801995754242
0.649923026561737 0.310478985309601
0.65079402923584 0.311159014701843
0.651669025421143 0.311843007802963
0.652547001838684 0.312528997659683
0.653428018093109 0.313219010829926
0.654313981533051 0.313912004232407
0.655201971530914 0.314608991146088
0.656095027923584 0.315308004617691
0.656991004943848 0.316011011600494
0.657890021800995 0.316716998815536
0.658793985843658 0.317427009344101
0.659700989723206 0.318140000104904
0.660610973834991 0.318856000900269
0.661526024341583 0.319575011730194
0.662443995475769 0.320297986268997
0.6633660197258 0.321025013923645
0.664291977882385 0.321754992008209
0.665220975875854 0.322488009929657
0.666154980659485 0.323224991559982
0.667092025279999 0.323965013027191
0.668033003807068 0.324708998203278
0.668977975845337 0.325457006692886
0.669927000999451 0.326207995414734
0.670880019664764 0.326963007450104
0.671836972236633 0.327720999717712
0.672797977924347 0.328482985496521
0.67376297712326 0.329248994588852
0.674732029438019 0.330018997192383
0.675705015659332 0.330792009830475
0.676681995391846 0.331568986177444
0.67766398191452 0.332349002361298
0.678649008274078 0.33313399553299
0.679638981819153 0.333921998739243
0.680633008480072 0.334715008735657
0.681631028652191 0.33551099896431
0.682632982730865 0.336311012506485
0.683640003204346 0.337114989757538
0.684651017189026 0.337922990322113
0.685666024684906 0.338735014200211
0.686685979366302 0.339551001787186
0.687709987163544 0.340371012687683
0.688737988471985 0.341194987297058
0.689770996570587 0.342022985219955
0.690809011459351 0.342855006456375
0.691851019859314 0.343692004680634
0.692897021770477 0.344532012939453
0.693947970867157 0.345376998186111
0.695003986358643 0.346226006746292
0.696063995361328 0.347079992294312
0.697129011154175 0.347936987876892
0.698198020458221 0.348798990249634
0.699272990226746 0.349665999412537
0.700352013111115 0.350535988807678
0.701435983181 0.351411998271942
0.70252400636673 0.352290987968445
0.703617990016937 0.353175014257431
0.70471602678299 0.354063987731934
0.705819010734558 0.354957014322281
0.706927001476288 0.355854004621506
0.708039999008179 0.356756985187531
0.709158003330231 0.357663005590439
0.710281014442444 0.358574986457825
0.711409986019135 0.359490990638733
0.71254301071167 0.360412001609802
0.713680982589722 0.36133798956871
0.714824974536896 0.362268000841141
0.715973019599915 0.363204002380371
0.717127025127411 0.364143997430801
0.718285977840424 0.365088999271393
0.719451010227203 0.366039007902145
0.7206209897995 0.366993993520737
0.721795976161957 0.367953985929489
0.72297602891922 0.368918985128403
0.724161982536316 0.369888991117477
0.725354015827179 0.370864003896713
0.726550996303558 0.371843993663788
0.727752983570099 0.372828990221024
0.728960990905762 0.373820006847382
0.730175018310547 0.374816000461578
0.731393992900848 0.375817000865936
0.732620000839233 0.376823991537094
0.733850002288818 0.377835005521774
0.735086977481842 0.378852993249893
0.736329019069672 0.379875004291534
0.737577974796295 0.380903989076614
0.738831996917725 0.381936997175217
0.740091979503632 0.382975995540619
0.741357982158661 0.384021013975143
0.742630004882813 0.385071992874146
0.743907988071442 0.386128008365631
0.745191991329193 0.387190014123917
0.746483027935028 0.388256996870041
0.747779011726379 0.389331012964249
0.749082028865814 0.390410006046295
0.750391006469727 0.391494989395142
0.751706004142761 0.39258599281311
0.753027975559235 0.393682986497879
0.754356026649475 0.39478600025177
0.75569099187851 0.395895004272461
0.757031977176666 0.397011011838913
0.758258998394012 0.398032009601593
0.75908100605011 0.398716002702713
0.759630024433136 0.399172991514206
0.759995996952057 0.399479001760483
0.760240972042084 0.399682998657227
0.760403990745544 0.399818986654282
0.760513007640839 0.399908989667892
0.760568022727966 0.399955004453659
0.76059502363205 0.399976998567581
0.760622024536133 0.400000005960464
0.760622024536133 0.400000005960464
0.760649025440216 0.400023013353348
0.760676980018616 0.40004500746727
0.760730981826782 0.400090992450714
0.760839998722076 0.400182008743286
0.761003971099854 0.400317996740341
0.761249005794525 0.400523006916046
0.76161801815033 0.400830000638962
0.762171983718872 0.401291996240616
0.763005018234253 0.401986986398697
0.764259994029999 0.403034001588821
0.765643000602722 0.404188007116318
0.767032027244568 0.405349999666214
0.768428981304169 0.406516999006271
0.769833028316498 0.40769100189209
0.771243989467621 0.408872008323669
0.772660970687866 0.410059988498688
0.774085998535156 0.411253988742828
0.775518000125885 0.41245499253273
0.776956975460052 0.413661986589432
0.778402984142303 0.414876997470856
0.779856979846954 0.41609799861908
0.781318008899689 0.417326986789703
0.782786011695862 0.418561995029449
0.784262001514435 0.419804006814957
0.785745024681091 0.421054005622864
0.787235975265503 0.422309994697571
0.788734018802643 0.423574000597
0.790239989757538 0.424845010042191
0.791754007339478 0.426124006509781
0.793276011943817 0.427410006523132
0.794804990291595 0.428703010082245
0.79634302854538 0.430004000663757
0.797887980937958 0.431311994791031
0.799440979957581 0.432628005743027
0.801002979278564 0.433950990438461
0.802572011947632 0.435283005237579
0.804149985313416 0.436621993780136
0.805736005306244 0.437968999147415
0.807330012321472 0.439323008060455
0.808933019638062 0.440685987472534
0.810544013977051 0.442057013511658
0.81216299533844 0.443435996770859
0.81379097700119 0.444822996854782
0.815428018569946 0.446218013763428
0.817074000835419 0.447622001171112
0.818728029727936 0.449034005403519
0.820390999317169 0.450453996658325
0.822063028812408 0.451882988214493
0.823743999004364 0.453321009874344
0.825434029102325 0.454766988754272
0.827132999897003 0.456221014261246
0.828840970993042 0.457684993743896
0.830558001995087 0.45915699005127
0.832284986972809 0.460637986660004
0.834020972251892 0.462128013372421
0.835766971111298 0.463627994060516
0.837521970272064 0.465135991573334
0.839286983013153 0.466652989387512
0.841060996055603 0.468180000782013
0.842845022678375 0.469716012477875
0.844639003276825 0.471262007951736
0.846442997455597 0.472817003726959
0.848257005214691 0.474380999803543
0.850081026554108 0.475955992937088
0.851915001869202 0.477539986371994
0.853760004043579 0.479133009910583
0.855614006519318 0.480737000703812
0.857478976249695 0.482349991798401
0.859354972839355 0.483974009752274
0.861240983009338 0.485608011484146
0.863137006759644 0.487251996994019
0.865045011043549 0.488905996084213
0.866963028907776 0.490570992231369
0.868892014026642 0.492246001958847
0.870832026004791 0.493930995464325
0.872783005237579 0.495626986026764
0.874745011329651 0.497334003448486
0.876718997955322 0.499051988124847
0.878704011440277 0.500780999660492
0.880699992179871 0.502520978450775
0.882708013057709 0.504270970821381
0.884727001190186 0.506033003330231
0.886758029460907 0.507806003093719
0.888800978660583 0.509590983390808
0.890856027603149 0.51138699054718
0.892921984195709 0.513194978237152
0.895000994205475 0.515013992786407
0.89709198474884 0.516844987869263
0.89919501543045 0.518688023090363
0.901310980319977 0.520542025566101
0.903438985347748 0.522409021854401
0.90557998418808 0.5242879986763
0.907733023166656 0.526179015636444
0.909900009632111 0.528083026409149
0.912078976631165 0.529999017715454
0.914270997047424 0.53192800283432
0.916476011276245 0.533869028091431
0.918694972991943 0.535822987556458
0.920926988124847 0.53779000043869
0.923171997070313 0.539770007133484
0.9254310131073 0.541763007640839
0.927703022956848 0.543770015239716
0.929989993572235 0.545789003372192
0.932290017604828 0.547821998596191
0.934603989124298 0.549869000911713
0.936932027339935 0.551930010318756
0.939275026321411 0.554004013538361
0.941631972789764 0.556092023849487
0.944002985954285 0.558193981647491
0.946389973163605 0.560311019420624
0.948790013790131 0.562440991401672
0.951206028461456 0.564585983753204
0.953637003898621 0.56674599647522
0.956082999706268 0.568920016288757
0.958544015884399 0.571108996868134
0.961019992828369 0.573312997817993
0.963512003421783 0.575532972812653
0.966019988059998 0.577767014503479
0.968542993068695 0.580016016960144
0.971082985401154 0.58228200674057
0.973637998104095 0.584562003612518
0.976209998130798 0.586858987808228
0.978797972202301 0.58917099237442
0.981401979923248 0.591498970985413
0.984022974967957 0.593843996524811
0.986661016941071 0.596203982830048
0.989315986633301 0.598582029342651
0.991986989974976 0.600974977016449
0.994675993919373 0.603385984897614
0.997382998466492 0.605813026428223
1.00011003017426 0.608258008956909
1.00285005569458 0.61071902513504
1.00560998916626 0.613197982311249
1.00838005542755 0.615693986415863
1.01118004322052 0.618207991123199
1.01399004459381 0.620739996433258
1.01682996749878 0.623290002346039
1.01968002319336 0.625858008861542
1.02254998683929 0.628444015979767
1.02542996406555 0.631048977375031
1.02833998203278 0.633671998977661
1.03127002716064 0.63631397485733
1.03420996665955 0.638975024223328
1.03717994689941 0.641655027866364
1.0401599407196 0.644354999065399
1.04316997528076 0.647072970867157
1.04620003700256 0.649811983108521
1.0492399930954 0.652570009231567
1.0523099899292 0.655348002910614
1.05539000034332 0.658146977424622
1.05850005149841 0.660965979099274
1.06163001060486 0.66380500793457
1.06477999687195 0.666665017604828
1.06795001029968 0.669546008110046
1.07114994525909 0.672447979450226
1.07436001300812 0.675370991230011
1.07760000228882 0.678315997123718
1.08086001873016 0.681281983852386
1.08413994312286 0.684270977973938
1.0874400138855 0.687281012535095
1.09077000617981 0.69031298160553
1.09412002563477 0.693368017673492
1.09748995304108 0.696446001529694
1.10089004039764 0.699546992778778
1.10431003570557 0.702669978141785
1.10775005817413 0.705816984176636
1.11122000217438 0.708988010883331
1.11470997333527 0.712181985378265
1.1182199716568 0.715399980545044
1.1217600107193 0.718641996383667
1.12532997131348 0.72190797328949
1.1289199590683 0.725198984146118
1.13253998756409 0.728515028953552
1.13618004322052 0.731855988502502
1.13985002040863 0.735221982002258
1.14354002475739 0.73861300945282
1.14725995063782 0.742030024528503
1.15101003646851 0.745473027229309
1.15478003025055 0.748942017555237
1.15857994556427 0.752438008785248
1.16240000724792 0.755959987640381
1.16626000404358 0.759509027004242
1.17014002799988 0.763085007667542
1.17404997348785 0.766687989234924
1.1779899597168 0.770318984985352
1.18194997310638 0.773977994918823
1.18595004081726 0.777665019035339
1.18997001647949 0.781379997730255
1.19403004646301 0.785122990608215
1.19810998439789 0.788896024227142
1.20221996307373 0.792697012424469
1.20635998249054 0.796527981758118
1.21053004264832 0.800387978553772
1.21474003791809 0.804278016090393
1.21896994113922 0.808198988437653
1.22323000431061 0.812148988246918
1.22753000259399 0.816129982471466
1.23186004161835 0.820141971111298
1.23620998859406 0.824185013771057
1.24059998989105 0.828260004520416
1.24503004550934 0.832365989685059
1.24948000907898 0.836503982543945
1.25397002696991 0.840673983097076
1.25848996639252 0.844877004623413
1.26304996013641 0.849111974239349
1.26763999462128 0.853380978107452
1.27225995063782 0.857683002948761
1.27690994739532 0.86201798915863
1.28161001205444 0.866387009620667
1.28632998466492 0.870791018009186
1.29109001159668 0.875227987766266
1.29588997364044 0.879701018333435
1.30071997642517 0.884208023548126
1.30559003353119 0.888750970363617
1.31049001216888 0.89332902431488
1.31543004512787 0.897943019866943
1.32041001319885 0.902593970298767
1.32543003559113 0.907280027866364
1.33047997951508 0.912002980709076
1.33556997776031 0.9167640209198
1.34070003032684 0.921561002731323
1.34586000442505 0.926396012306213
1.35107004642487 0.931268990039825
1.35631000995636 0.936179995536804
1.36160004138947 0.941129982471466
1.36691999435425 0.946117997169495
1.37228000164032 0.951144993305206
1.37767994403839 0.956211984157562
1.38312995433807 0.961318016052246
1.38861000537872 0.966463983058929
1.39414000511169 0.971650004386902
1.39970004558563 0.976876974105835
1.40531003475189 0.982143998146057
1.41095995903015 0.98745197057724
1.41665005683899 0.992802023887634
1.42238998413086 0.998193025588989
1.4281599521637 1.00363004207611
1.43397998809814 1.00909996032715
1.43984997272491 1.0146199464798
1.44574999809265 1.02017998695374
1.45169997215271 1.02577996253967
1.45770001411438 1.03143000602722
1.46373999118805 1.03711998462677
1.46982002258301 1.04285001754761
1.47595000267029 1.04862999916077
1.48213005065918 1.05445003509521
1.48835003376007 1.06032001972198
1.49461996555328 1.06623005867004
1.50092995166779 1.07219004631042
1.5072900056839 1.07818996906281
1.51368999481201 1.0842399597168
1.52014994621277 1.09033000469208
1.52664995193481 1.09648001194
1.53319001197815 1.1026599407196
1.53979003429413 1.10889005661011
1.54642999172211 1.11518001556396
1.5531200170517 1.12150001525879
1.55985999107361 1.12787997722626
1.56665003299713 1.13429999351501
1.57349002361298 1.14076995849609
1.58037996292114 1.14728999137878
1.5873099565506 1.15384995937347
1.59430003166199 1.1604700088501
1.6013400554657 1.16712999343872
1.60842001438141 1.17384004592896
1.61556005477905 1.18060004711151
1.62275004386902 1.18740999698639
1.62997996807098 1.19427001476288
1.63726997375488 1.20117998123169
1.64461004734039 1.20814001560211
1.65199995040894 1.21514999866486
1.65944004058838 1.22221004962921
1.66693997383118 1.22932004928589
1.67447996139526 1.23646998405457
1.68208003044128 1.24368000030518
1.68973004817963 1.25093996524811
1.69743001461029 1.25824999809265
1.70518004894257 1.26561999320984
1.71299004554749 1.27303004264832
1.72084999084473 1.28049004077911
1.72876000404358 1.28801000118256
1.73671996593475 1.29557001590729
1.74474000930786 1.30318999290466
1.75281000137329 1.31086003780365
1.76092994213104 1.31857001781464
1.76910996437073 1.32634997367859
1.77734005451202 1.33416998386383
1.78561997413635 1.34203994274139
1.79395997524261 1.34996998310089
1.80235004425049 1.35793995857239
1.81078994274139 1.36597001552582
1.8192800283432 1.37405002117157
1.82782995700836 1.38217997550964
1.83642995357513 1.39035999774933
1.84509003162384 1.39859998226166
1.85380005836487 1.40688002109528
1.86256003379822 1.41522002220154
1.87137997150421 1.42360997200012
1.88024997711182 1.43204998970032
1.88917005062103 1.44053995609283
1.89813995361328 1.44907999038696
1.90717005729675 1.45766997337341
1.91624999046326 1.4663200378418
1.92537999153137 1.47501003742218
1.93456995487213 1.48375999927521
1.9438099861145 1.49255001544952
1.95309996604919 1.50139999389648
1.96245002746582 1.51029002666473
1.97184002399445 1.51924002170563
1.98128998279572 1.52823996543884
1.9907900094986 1.53727996349335
2.00034999847412 1.54638004302979
2.00994992256165 1.55552005767822
2.0196099281311 1.5647200345993
2.02930998802185 1.57395994663239
2.03906989097595 1.58325004577637
2.04888010025024 1.5925999879837
2.05873990058899 1.60197997093201
2.06865000724792 1.61142003536224
2.07861995697021 1.6209100484848
2.08862996101379 1.63043999671936
2.09869003295898 1.64002001285553
2.10879993438721 1.64964997768402
2.11895990371704 1.6593199968338
2.12916994094849 1.6690399646759
2.13943004608154 1.67881000041962
2.14973998069763 1.68861997127533
2.16009998321533 1.69848001003265
2.17050004005432 1.7083899974823
2.18094992637634 1.71834003925323
2.19145011901855 1.72833001613617
2.20199990272522 1.73836994171143
2.21258997917175 1.74845004081726
2.22323989868164 1.75857996940613
2.23392009735107 1.76874995231628
2.24465990066528 1.77895998954773
2.25543999671936 1.7892199754715
2.26625990867615 1.79952001571655
2.27712988853455 1.80985999107361
2.28804993629456 1.82025003433228
2.29901003837585 1.83066999912262
2.31000995635986 1.84114003181458
2.32105994224548 1.85163998603821
2.33214998245239 1.86219000816345
2.34329009056091 1.8727799654007
2.35447001457214 1.88340997695923
2.36568999290466 1.89407002925873
2.37695002555847 1.90478003025055
2.38825011253357 1.91551995277405
2.3996000289917 1.92630004882813
2.41098999977112 1.93712997436523
2.42242002487183 1.94798004627228
2.4338800907135 1.95887994766235
2.44538998603821 1.96981000900269
2.4569399356842 1.98078000545502
2.46852993965149 1.99178004264832
2.48015999794006 2.00282001495361
2.4918200969696 2.0139000415802
2.50353002548218 2.02501010894775
2.51526999473572 2.03615999221802
2.52705001831055 2.04732990264893
2.53887009620667 2.05854988098145
2.55072999000549 2.06978988647461
2.56261992454529 2.08106994628906
2.57454991340637 2.0923900604248
2.58650994300842 2.10372996330261
2.59851002693176 2.11510992050171
2.61054992675781 2.12651991844177
2.62262010574341 2.1379599571228
2.63472008705139 2.1494300365448
2.64685988426208 2.16092991828918
2.65903997421265 2.17246007919312
2.67124009132385 2.18402004241943
2.68349003791809 2.19562005996704
2.69576001167297 2.20724010467529
2.70807003974915 2.21888995170593
2.72041010856628 2.2305600643158
2.73277997970581 2.24226999282837
2.7451798915863 2.25399994850159
2.75762009620667 2.26575994491577
2.77008008956909 2.27754998207092
2.78257989883423 2.28937005996704
2.79510998725891 2.30120992660522
2.80766010284424 2.31308007240295
2.82025003433228 2.32497000694275
2.83287000656128 2.33688998222351
2.84551000595093 2.34883999824524
2.85819005966187 2.36081004142761
2.87089991569519 2.37280011177063
2.88363003730774 2.38481998443604
2.89638996124268 2.39686989784241
2.90917992591858 2.40893006324768
2.92199993133545 2.42102003097534
2.93483996391296 2.43314003944397
2.94771003723145 2.44527006149292
2.96060991287231 2.45742988586426
2.97354006767273 2.46960997581482
2.98649001121521 2.48182010650635
2.99946999549866 2.49404001235962
3.01247000694275 2.50628995895386
3.02550005912781 2.51855993270874
3.03855991363525 2.53084993362427
3.05164003372192 2.54315996170044
3.06473994255066 2.55549001693726
3.07786989212036 2.56784009933472
3.09102010726929 2.58020997047424
3.10419988632202 2.59260010719299
3.1174099445343 2.60501003265381
3.1306300163269 2.61743998527527
3.14387989044189 2.62988996505737
3.15715003013611 2.6423499584198
3.17044997215271 2.65483999252319
3.18376994132996 2.66734004020691
3.19710993766785 2.67986989021301
3.2104799747467 2.69240999221802
3.22386002540588 2.70496010780334
3.23727011680603 2.71754002571106
3.25069999694824 2.7301299571991
3.26415991783142 2.74273991584778
3.2776300907135 2.7553699016571
3.29112005233765 2.76800990104675
3.30464005470276 2.78066992759705
3.31818008422852 2.79333996772766
3.33173990249634 2.80604004859924
3.34531998634338 2.81873989105225
3.35892009735107 2.83147001266479
3.37253999710083 2.84419989585876
3.38617992401123 2.85696005821228
3.39984011650085 2.86972999572754
3.41352009773254 2.88250994682312
3.42722010612488 2.89530992507935
3.44092988967896 2.90811991691589
3.45466995239258 2.92094993591309
3.46843004226685 2.9337899684906
3.48220992088318 2.94665002822876
3.49600005149841 2.95952010154724
3.50981998443604 2.97239995002747
3.52364993095398 2.98530006408691
3.53749990463257 2.99820995330811
3.5513699054718 3.01114010810852
3.56525993347168 3.02408003807068
3.5791699886322 3.03702998161316
3.59309005737305 3.04998993873596
3.60702991485596 3.06296992301941
3.62099003791809 3.07595992088318
3.63496994972229 3.08895993232727
3.64896011352539 3.10196995735168
3.66298007965088 3.11500000953674
3.67701005935669 3.12804007530212
3.69105005264282 3.14108991622925
3.70512008666992 3.15415000915527
3.71919989585876 3.16722011566162
3.73328995704651 3.18031001091003
3.74741005897522 3.19340991973877
3.76153993606567 3.20651006698608
3.77569007873535 3.21963000297546
3.78984999656677 3.23275995254517
3.80402994155884 3.24590992927551
3.81821990013123 3.25905990600586
3.83243989944458 3.27221989631653
3.84665989875793 3.28539991378784
3.86090993881226 3.29857993125916
3.8751699924469 3.31177997589111
3.88944005966187 3.32498002052307
3.9037299156189 3.33820009231567
3.91804003715515 3.35142993927002
3.93235993385315 3.36466002464294
3.94670009613037 3.37790989875793
3.96105003356934 3.39117002487183
3.97541999816895 3.40442991256714
3.98979997634888 3.41771006584167
4.00419998168945 3.43099999427795
4.01862001419067 3.44428992271423
4.03304004669189 3.45760011672974
4.04749011993408 3.47091007232666
4.06195020675659 3.48423004150391
4.07641983032227 3.4975700378418
4.09090995788574 3.51091003417969
4.10541009902954 3.5242600440979
4.1199197769165 3.53762006759644
4.13444995880127 3.55099010467529
4.14900016784668 3.56436991691589
4.16355991363525 3.57774996757507
4.17813014984131 3.5911500453949
4.19271993637085 3.60454988479614
4.20732021331787 3.61796998977661
4.22194004058838 3.63139009475708
4.23656988143921 3.64481997489929
4.25121021270752 3.65825009346008
4.26587009429932 3.67170000076294
4.28055000305176 3.68515992164612
4.2952299118042 3.69862008094788
4.30992984771729 3.71209001541138
4.32463979721069 3.7255699634552
4.33936977386475 3.73904991149902
4.35410976409912 3.75254988670349
4.36886978149414 3.76605010032654
4.38363981246948 3.77956008911133
4.39841985702515 3.79308009147644
4.41320991516113 3.80661010742188
4.42802000045776 3.82013988494873
4.44284009933472 3.83367991447449
4.45768022537231 3.84722995758057
4.47251987457275 3.86079001426697
4.48739004135132 3.87435007095337
4.50226020812988 3.88791990280151
4.51714992523193 3.90149998664856
4.53205013275146 3.91509008407593
4.54695987701416 3.92867994308472
4.56189012527466 3.94228005409241
4.57682991027832 3.95588994026184
4.59178018569946 3.96950006484985
4.60675001144409 3.98312997817993
4.62172985076904 3.99675011634827
4.63672018051147 4.01038980484009
4.65173006057739 4.02403020858765
4.66673994064331 4.03768014907837
4.68176984786987 4.05134010314941
4.69681978225708 4.06500005722046
4.71187019348145 4.07867002487183
4.7269401550293 4.09235000610352
4.74202013015747 4.10602998733521
4.75712013244629 4.11971998214722
4.77222013473511 4.13341999053955
4.78734016418457 4.14711999893188
4.80248022079468 4.16083002090454
4.81761980056763 4.17455005645752
4.83277988433838 4.1882700920105
4.84794998168945 4.2020001411438
4.86313009262085 4.21574020385742
4.87832021713257 4.22947978973389
4.89352989196777 4.24322986602783
4.90875005722046 4.2569899559021
4.92398023605347 4.27075004577637
4.93921995162964 4.28452014923096
4.95448017120361 4.29828977584839
4.96974992752075 4.3120698928833
4.98503017425537 4.32586002349854
5.00031995773315 4.33965015411377
5.01562976837158 4.35344982147217
5.03094005584717 4.36724996566772
5.04626989364624 4.38107013702393
5.06162023544312 4.39487981796265
5.07697010040283 4.40871000289917
5.09233999252319 4.42253017425537
5.10771989822388 4.43636989593506
5.12310981750488 4.4502100944519
5.13851022720337 4.46405982971191
5.15393018722534 4.47791004180908
5.16935014724731 4.49176979064941
5.18479013442993 4.5056300163269
5.20024013519287 4.51949977874756
5.21571016311646 4.53338003158569
5.23118019104004 4.54725980758667
5.24666976928711 4.56115007400513
5.26216983795166 4.57503986358643
5.27767992019653 4.58894014358521
5.29320001602173 4.60284996032715
5.30874013900757 4.61675977706909
5.32428979873657 4.63067007064819
5.33984994888306 4.64459991455078
5.35542011260986 4.65852022171021
5.37099981307983 4.67246007919312
5.38660001754761 4.6863899230957
5.40220022201538 4.70033979415894
5.41781997680664 4.71429014205933
5.4334602355957 4.72824001312256
5.44910001754761 4.74219989776611
5.46474981307983 4.75616979598999
5.48042011260986 4.77014017105103
5.49609994888306 4.78412008285522
5.51178979873657 4.79809999465942
5.52749013900757 4.81208992004395
5.54321002960205 4.82607984542847
5.55892992019653 4.84007978439331
5.57466983795166 4.85409021377563
5.59041976928711 4.8681001663208
5.60618019104004 4.88211011886597
5.62196016311646 4.89613008499146
5.63774013519287 4.91016006469727
5.65354013442993 4.92419004440308
5.66935014724731 4.93822002410889
5.68517017364502 4.95226001739502
5.70100021362305 4.96631002426147
5.71684980392456 4.98036003112793
5.73269987106323 4.99442005157471
5.74856996536255 5.00848007202148
5.76445007324219 5.02255010604858
5.78034019470215 5.03662014007568
5.7962498664856 5.05070018768311
5.8121600151062 5.06478023529053
5.82809019088745 5.07886981964111
5.84402990341187 5.09296989440918
5.85998010635376 5.10705995559692
5.87593984603882 5.12117004394531
5.89192008972168 5.1352801322937
5.90789985656738 5.14939022064209
5.92390012741089 5.16350984573364
5.93990993499756 5.17762994766235
5.95593023300171 5.19176006317139
5.97197008132935 5.20590019226074
5.98800992965698 5.22003984451294
6.00406980514526 5.23417997360229
6.02014017105103 5.24833011627197
6.03622007369995 5.26247978210449
6.0523099899292 5.27663993835449
6.06840991973877 5.29081010818481
6.08452987670898 5.30497980117798
6.10065984725952 5.3191499710083
6.11679983139038 5.33333015441895
6.13294982910156 5.34750986099243
6.14910984039307 5.3617000579834
6.16527986526489 5.37589979171753
6.18146991729736 5.39010000228882
6.19766998291016 5.40430021286011
6.21388006210327 5.41850996017456
6.23010015487671 5.43272018432617
6.24632978439331 5.44693994522095
6.26257991790771 5.46116018295288
6.27884006500244 5.47538995742798
6.29510021209717 5.48963022232056
6.31137990951538 5.50385999679565
6.3276801109314 5.5181097984314
6.34397983551025 5.5323600769043
6.36030006408691 5.54660987854004
6.37662982940674 5.56087017059326
6.39296007156372 5.57512998580933
6.40931987762451 5.58939981460571
6.42568016052246 5.60367012023926
6.44204998016357 5.61794996261597
6.45843982696533 5.63222980499268
6.47484016418457 5.64651012420654
6.49125003814697 5.66079998016357
6.5076699256897 5.67509984970093
6.52410984039307 5.68940019607544
6.54055023193359 5.70371007919312
6.55701017379761 5.71801996231079
6.57348012924194 5.73232984542847
6.5899600982666 5.74665021896362
6.6064600944519 5.76098012924194
6.62296009063721 5.77531003952026
6.63948011398315 5.78963994979858
6.65601015090942 5.80397987365723
6.67255020141602 5.81832981109619
6.68909978866577 5.83267021179199
6.70565986633301 5.84703016281128
6.72223997116089 5.86139011383057
6.73883008956909 5.87575006484985
6.75543022155762 5.89012002944946
6.77203989028931 5.90448999404907
6.7886700630188 5.918869972229
6.80530023574829 5.93324995040894
6.82194995880127 5.94762992858887
6.83861017227173 5.96202993392944
6.85527992248535 5.9764199256897
6.87196016311646 5.99081993103027
6.88865995407104 6.00522994995117
6.90537023544312 6.01963996887207
6.92209005355835 6.03404998779297
6.93881988525391 6.04847002029419
6.95556020736694 6.06290006637573
6.97232007980347 6.07732009887695
6.98907995223999 6.09176015853882
7.00585985183716 6.10620021820068
7.02264976501465 6.12063980102539
7.03946018218994 6.13508987426758
7.05627012252808 6.14953994750977
7.07310009002686 6.16399002075195
7.08994007110596 6.17846012115479
7.10679006576538 6.19292020797729
7.12365007400513 6.20738983154297
7.14053010940552 6.22186994552612
7.15742015838623 6.23635005950928
7.17432022094727 6.25083017349243
7.19122982025146 6.26531982421875
7.20814990997314 6.27981996536255
7.22509002685547 6.29431009292603
7.24203014373779 6.30881977081299
7.2589898109436 6.32331991195679
7.27596998214722 6.33784008026123
7.29295015335083 6.35235023498535
7.30994987487793 6.36687994003296
7.32695007324219 6.3814001083374
7.34396982192993 6.39592981338501
7.36101007461548 6.4104700088501
7.37804985046387 6.42501020431519
7.39511013031006 6.43954992294312
7.41217994689941 6.45410013198853
7.42925977706909 6.4686598777771
7.44635009765625 6.48321008682251
7.46345996856689 6.49777984619141
7.48056983947754 6.51235008239746
7.49770021438599 6.52691984176636
7.51485013961792 6.54150009155273
7.53200006484985 6.55607986450195
7.54917001724243 6.57066011428833
7.56634998321533 6.58524990081787
7.58353996276855 6.59985017776489
7.6007399559021 6.61444997787476
7.61794996261597 6.62904977798462
7.63517999649048 6.64366006851196
7.65242004394531 6.65827989578247
7.66967010498047 6.67290019989014
7.68694019317627 6.68752002716064
7.70421981811523 6.70214986801147
7.72149991989136 6.71678018569946
7.73881006240845 6.73141002655029
7.75612020492554 6.74605989456177
7.77344989776611 6.76070022583008
7.79078006744385 6.77535009384155
7.80812978744507 6.79000997543335
7.82550001144409 6.80466985702515
7.84287023544312 6.8193302154541
7.86026000976563 6.83400011062622
7.87765979766846 6.84867000579834
7.89507007598877 6.86334991455078
7.91249990463257 6.87802982330322
7.92994022369385 6.89272022247314
7.94739007949829 6.90741014480591
7.96484994888306 6.92211008071899
7.98231983184814 6.93681001663208
7.99981021881104 6.95151996612549
8.01731014251709 6.9662299156189
8.03481960296631 6.9809398651123
8.05235004425049 6.99565982818604
8.06987953186035 7.01037979125977
8.08743000030518 7.02510976791382
8.10499000549316 7.03984022140503
8.1225700378418 7.0545802116394
8.14015960693359 7.06932020187378
8.15775966644287 7.08407020568848
8.17537021636963 7.09882020950317
8.19299030303955 7.11358022689819
8.21063041687012 7.12833976745605
8.22828006744385 7.14309978485107
8.24594020843506 7.15786981582642
8.26362037658691 7.17264986038208
8.28129959106445 7.18742990493774
8.29901027679443 7.20220994949341
8.3167200088501 7.21700000762939
8.33444023132324 7.23179006576538
8.35217952728271 7.24659013748169
8.36993026733398 7.261390209198
8.38770008087158 7.27618980407715
8.40546989440918 7.29099988937378
8.42325973510742 7.30581998825073
8.44106006622314 7.32064008712769
8.45888042449951 7.33546018600464
8.47669982910156 7.35028982162476
8.49454021453857 7.36512994766235
8.51239967346191 7.37997007369995
8.53026008605957 7.39481019973755
8.54813957214355 7.40965986251831
8.56602954864502 7.42451000213623
8.58393001556396 7.43936014175415
8.60184955596924 7.45422983169556
8.61977958679199 7.4690899848938
8.63772010803223 7.48396015167236
8.65567970275879 7.49883985519409
8.67364978790283 7.51372003555298
8.69163036346436 7.52860021591187
8.70962047576904 7.54348993301392
8.72762966156006 7.55838012695313
8.74563980102539 7.5732798576355
8.76368045806885 7.58818006515503
8.78172016143799 7.60308980941772
8.79977989196777 7.61800003051758
8.81785011291504 7.6329197883606
8.83592987060547 7.64784002304077
8.85402965545654 7.66275978088379
8.8721399307251 7.67769002914429
8.89025974273682 7.69262981414795
8.90839958190918 7.70757007598877
8.92654991149902 7.72250986099243
8.94470977783203 7.73746013641357
8.96288967132568 7.75240993499756
8.98106956481934 7.76737022399902
8.99927043914795 7.78233003616333
9.01749038696289 7.79729986190796
9.03571033477783 7.81227016448975
9.05395030975342 7.8272500038147
9.07221031188965 7.84222984313965
9.09047031402588 7.85721015930176
9.10875034332275 7.87220001220703
9.12705039978027 7.88719987869263
9.14535045623779 7.90220022201538
9.16366958618164 7.91720008850098
9.18200016021729 7.93220996856689
9.20034980773926 7.94721984863281
9.21870994567871 7.96224021911621
9.23707962036133 7.97726011276245
9.25545978546143 7.99229001998901
9.27385997772217 8.00732040405273
9.29226970672607 8.0223503112793
9.31070041656494 8.0374002456665
9.32913017272949 8.05243968963623
9.34757995605469 8.06748962402344
9.36604976654053 8.08253955841064
9.38453006744385 8.09759998321533
9.40301990509033 8.11266994476318
9.4215202331543 8.12773990631104
9.44003963470459 8.14280986785889
9.45856952667236 8.15789031982422
9.47710990905762 8.17296981811523
9.49567031860352 8.18805980682373
9.51424026489258 8.20314979553223
9.53283023834229 8.21823978424072
9.55142021179199 8.2333402633667
9.57003974914551 8.24845027923584
9.58866024017334 8.26356029510498
9.6072998046875 8.27867984771729
9.62594985961914 8.29378986358643
9.64461040496826 8.30891990661621
9.66329002380371 8.324049949646
9.68198013305664 8.33917999267578
9.70069026947021 8.35431957244873
9.71940994262695 8.369460105896
9.73814010620117 8.38461017608643
9.75689029693604 8.39976024627686
9.77565002441406 8.41491985321045
9.79442024230957 8.43008041381836
9.81320953369141 8.44524955749512
9.83201026916504 8.46041965484619
9.85081958770752 8.47558975219727
9.86964988708496 8.49077033996582
9.88848972320557 8.50596046447754
9.90734004974365 8.52114009857178
9.92621040344238 8.53633975982666
9.94509983062744 8.55154037475586
9.96399021148682 8.56674003601074
9.98289966583252 8.58195018768311
10.0017995834351 8.59716033935547
