0.596148014068604 0.242789000272751
0.595327973365784 0.242386996746063
0.59450900554657 0.241984993219376
0.593690991401672 0.241584002971649
0.592875003814697 0.241182997822762
0.592060983181 0.240783005952835
0.591247022151947 0.240383997559547
0.590435028076172 0.239985004067421
0.589623987674713 0.239586994051933
0.58881402015686 0.239188998937607
0.588006019592285 0.23879200220108
0.587198972702026 0.238395005464554
0.586392998695374 0.237999007105827
0.585587978363037 0.237604007124901
0.584784984588623 0.237209007143974
0.58398300409317 0.236815005540848
0.583181977272034 0.236421003937721
0.582382023334503 0.236028000712395
0.581583023071289 0.235634997487068
0.580785989761353 0.235242992639542
0.579989016056061 0.234851002693176
0.579194009304047 0.23445999622345
0.578400015830994 0.234069004654884
0.577607989311218 0.233678996562958
0.576816022396088 0.233289003372192
0.576025009155273 0.232899993658066
0.575236022472382 0.2325119972229
0.574447989463806 0.232123002409935
0.573660016059875 0.23173600435257
0.572874009609222 0.231349006295204
0.572089016437531 0.230961993336678
0.571304976940155 0.230575993657112
0.570522010326385 0.230189993977547
0.569739997386932 0.229803994297981
0.56895899772644 0.229418992996216
0.568180024623871 0.229035004973412
0.567400991916656 0.228651002049446
0.566622972488403 0.228266999125481
0.565846025943756 0.227883994579315
0.565069973468781 0.227501004934311
0.564294993877411 0.227118998765945
0.563521027565002 0.22673699259758
0.56274801492691 0.226355001330376
0.56197601556778 0.22597399353981
0.56120502948761 0.225593000650406
0.560433983802795 0.225213006138802
0.559665024280548 0.224832996726036
0.558896005153656 0.224453002214432
0.558129012584686 0.224074006080627
0.557362020015717 0.223694995045662
0.556595981121063 0.223316997289658
0.555831015110016 0.222938001155853
0.555065989494324 0.222561001777649
0.554302990436554 0.222183004021645
0.553539991378784 0.22180600464344
0.552778005599976 0.221429005265236
0.552016973495483 0.221052005887032
0.551257014274597 0.220676004886627
0.550496995449066 0.220300003886223
0.549737989902496 0.219924002885818
0.548979997634888 0.219549000263214
0.548222005367279 0.21917399764061
0.547465026378632 0.218798995018005
0.546709001064301 0.218424007296562
0.545953989028931 0.218050003051758
0.545198976993561 0.217675998806953
0.544444024562836 0.217301994562149
0.543690979480743 0.216928005218506
0.542937994003296 0.216554999351501
0.542185008525848 0.216181993484497
0.541432976722717 0.215809002518654
0.540682017803192 0.215435996651649
0.539930999279022 0.215063005685806
0.539179980754852 0.214690998196602
0.538429975509644 0.214318007230759
0.537680983543396 0.213945999741554
0.536931991577148 0.213574007153511
0.536184012889862 0.213201999664307
0.535435020923615 0.212830007076263
0.534687995910645 0.212458997964859
0.533940017223358 0.212087005376816
0.533192992210388 0.211715996265411
0.532446980476379 0.211344003677368
0.531700015068054 0.210972994565964
0.530954003334045 0.210602000355721
0.530207991600037 0.210231006145477
0.529462993144989 0.209859997034073
0.52871698141098 0.20948900282383
0.527971982955933 0.209116995334625
0.527226984500885 0.208746001124382
0.526482999324799 0.208375006914139
0.525738000869751 0.208003997802734
0.524993002414703 0.207633003592491
0.524249017238617 0.207261994481087
0.523504018783569 0.206890001893044
0.522759974002838 0.206518992781639
0.522014975547791 0.206147000193596
0.521270990371704 0.205776005983353
0.520525991916656 0.205403998494148
0.51978200674057 0.205032005906105
0.519037008285522 0.204659998416901
0.518292009830475 0.204288005828857
0.517547011375427 0.203914999961853
0.516800999641418 0.20354300737381
0.51605498790741 0.203170001506805
0.515308976173401 0.202796995639801
0.514563024044037 0.202423006296158
0.513815999031067 0.202049002051353
0.513068974018097 0.201674997806549
0.512320995330811 0.201300993561745
0.511573016643524 0.200926005840302
0.510824024677277 0.200551003217697
0.510074973106384 0.200175002217293
0.50932502746582 0.199799001216888
0.50857400894165 0.199422001838684
0.507821977138519 0.19904500246048
0.507070004940033 0.198668003082275
0.506316006183624 0.198289006948471
0.505562007427216 0.197910994291306
0.504806995391846 0.197530999779701
0.504051029682159 0.197151005268097
0.503292977809906 0.196769997477531
0.502533972263336 0.196389004588127
0.50177401304245 0.196006000041962
0.501012980937958 0.195622995495796
0.500249981880188 0.195238992571831
0.499485999345779 0.194854006171227
0.498719990253448 0.194468006491661
0.49795201420784 0.194082006812096
0.497182995080948 0.193693995475769
0.496410995721817 0.193304002285004
0.495638012886047 0.192913994193077
0.494861990213394 0.192523002624512
0.494084000587463 0.192129999399185
0.493304014205933 0.191735997796059
0.492520987987518 0.191339999437332
0.491735994815826 0.190943002700806
0.490947991609573 0.190543994307518
0.49015599489212 0.190144002437592
0.489362001419067 0.189741000533104
0.488564014434814 0.189337000250816
0.487762987613678 0.188931003212929
0.486957013607025 0.18852299451828
0.486147999763489 0.188112005591393
0.485334992408752 0.187700003385544
0.484517008066177 0.187283992767334
0.48369500041008 0.186866000294685
0.482867002487183 0.186445996165276
0.482033997774124 0.186021998524666
0.481195002794266 0.185595005750656
0.480349987745285 0.185165002942085
0.479497998952866 0.184731006622314
0.478639990091324 0.184293001890182
0.477773010730743 0.183851003646851
0.476898998022079 0.183404996991158
0.476016014814377 0.182953000068665
0.47512298822403 0.18249699473381
0.474220007658005 0.182034999132156
0.473307013511658 0.181566998362541
0.472380995750427 0.181093007326126
0.471442013978958 0.180611997842789
0.470488995313644 0.180123001337051
0.469520002603531 0.179625004529953
0.468533009290695 0.179118007421494
0.467527985572815 0.178600996732712
0.466502010822296 0.17807200551033
0.46545198559761 0.177531003952026
0.464376986026764 0.1769749969244
0.463272005319595 0.176404997706413
0.462136000394821 0.175815999507904
0.460963994264603 0.175209000706673
0.459755003452301 0.174582004547119
0.458505988121033 0.173932999372482
0.457221001386642 0.173262998461723
0.455906987190247 0.172578006982803
0.454582989215851 0.171885997056961
0.453281998634338 0.171204999089241
0.452041000127792 0.170552998781204
0.450892001390457 0.169948995113373
0.449853986501694 0.169402003288269
0.448926001787186 0.168911993503571
0.448101997375488 0.1684750020504
0.447367012500763 0.168086007237434
0.446711987257004 0.167737007141113
0.446123003959656 0.167423993349075
0.445592999458313 0.167141005396843
0.445111989974976 0.166885003447533
0.444674998521805 0.166650995612144
0.444276988506317 0.16643799841404
0.443911999464035 0.166242003440857
0.443576991558075 0.166061997413635
0.443269014358521 0.165896996855736
0.442984998226166 0.165744006633759
0.442723006010056 0.165601998567581
0.442479997873306 0.165472000837326
0.44225600361824 0.165351003408432
0.442048996686935 0.165239006280899
0.441857010126114 0.165134996175766
0.441680014133453 0.165039002895355
0.441514998674393 0.164948999881744
0.441363990306854 0.164866998791695
0.441222995519638 0.164791002869606
0.441092997789383 0.164719998836517
0.440973997116089 0.16465499997139
0.440863996744156 0.164594992995262
0.440762996673584 0.164539992809296
0.440670996904373 0.16448999941349
0.440587013959885 0.164443001151085
0.440510004758835 0.164401993155479
0.440441012382507 0.164363995194435
0.440378993749619 0.164329007267952
0.440322995185852 0.164298996329308
0.440274000167847 0.164271995425224
0.440230011940002 0.164248004555702
0.440192997455597 0.164226993918419
0.440160989761353 0.164210006594658
0.440133988857269 0.164195001125336
0.440113008022308 0.164183005690575
0.440095990896225 0.164174005389214
0.440084993839264 0.164167001843452
0.440077006816864 0.164164006710052
0.440075010061264 0.164161995053291
0.440075993537903 0.164162993431091
0.440079987049103 0.164165005087852
0.440088987350464 0.164169996976852
0.440102010965347 0.164177000522614
0.440118998289108 0.164186000823975
0.44013899564743 0.164197996258736
0.440162986516953 0.164211004972458
0.440189987421036 0.164225995540619
0.440221011638641 0.164242997765541
0.440254986286163 0.164261996746063
0.440292000770569 0.164283007383347
0.440331995487213 0.164305001497269
0.440375000238419 0.164330005645752
0.440420985221863 0.164355993270874
0.440470010042191 0.164382994174957
0.440521985292435 0.164412006735802
0.440577000379562 0.164443001151085
0.44063401222229 0.164474993944168
0.440694004297256 0.164508998394012
0.440757006406784 0.164544001221657
0.440822005271912 0.164580002427101
0.440889000892639 0.164618000388145
0.440959006547928 0.16465799510479
0.441031008958817 0.164698004722595
0.441105991601944 0.164740994572639
0.441181987524033 0.164783999323845
0.441260993480682 0.16482900083065
0.441341996192932 0.164874002337456
0.441426008939743 0.164921998977661
0.441511005163193 0.164969995617867
0.441597998142242 0.165020003914833
0.441688001155853 0.165069997310638
0.441778987646103 0.165122002363205
0.441873013973236 0.165175005793571
0.441967993974686 0.165230005979538
0.442065000534058 0.165285006165504
0.44216400384903 0.165341004729271
0.442265003919601 0.165399000048637
0.442368000745773 0.165456995368004
0.442472010850906 0.165517002344131
0.442579001188278 0.165577992796898
0.442687004804611 0.165638998150826
0.442795991897583 0.165702000260353
0.442907989025116 0.165766000747681
0.443019986152649 0.165830999612808
0.443134993314743 0.165895998477936
0.443251013755798 0.165962994098663
0.443369001150131 0.166031002998352
0.443488985300064 0.16609899699688
0.443610012531281 0.166169002652168
0.443731993436813 0.166238993406296
0.443856000900269 0.166309997439384
0.443982005119324 0.166382998228073
0.444108009338379 0.166455999016762
0.444236993789673 0.16652999818325
0.444366991519928 0.166604995727539
0.444498002529144 0.166681006550789
0.444631010293961 0.166757002472878
0.444765001535416 0.166834995150566
0.444900006055832 0.166913002729416
0.445037007331848 0.166991993784904
0.445176005363464 0.167072996497154
0.445315003395081 0.167153000831604
0.445455998182297 0.167235001921654
0.445598006248474 0.167318001389503
0.445742011070251 0.167401000857353
0.445886999368668 0.167484998703003
0.446033000946045 0.167569994926453
0.446179986000061 0.167656004428864
0.446328997612 0.167742997407913
0.446478992700577 0.167830005288124
0.446630001068115 0.167917996644974
0.446781992912292 0.168007001280785
0.446936011314392 0.168097004294395
0.44709101319313 0.168187007308006
0.447246998548508 0.168277993798256
0.447403997182846 0.168369993567467
0.447562009096146 0.168463006615639
0.447721987962723 0.16855600476265
0.447881996631622 0.16865099966526
0.448044002056122 0.168744996190071
0.44820699095726 0.168841004371643
0.448372006416321 0.168937996029854
0.448536992073059 0.169035002589226
0.448702991008759 0.169132992625237
0.448870986700058 0.169230997562408
0.44903901219368 0.16933000087738
0.449209004640579 0.169430002570152
0.44938001036644 0.169531002640724
0.449551999568939 0.169633001089096
0.4497250020504 0.169734999537468
0.449898988008499 0.16983699798584
0.45007398724556 0.169940993189812
0.450251013040543 0.170045003294945
0.450428009033203 0.170149996876717
0.450605988502502 0.17025600373745
0.450785994529724 0.170361995697021
0.450966000556946 0.170469000935555
0.451148003339767 0.170577004551888
0.451330006122589 0.170684993267059
0.451514005661011 0.170793995261192
0.451698988676071 0.170903995633125
0.451884001493454 0.171013996005058
0.452071011066437 0.171124994754791
0.452259004116058 0.171237006783485
0.45244699716568 0.171349003911018
0.452636986970901 0.171462997794151
0.452827990055084 0.171575993299484
0.453018993139267 0.171691000461578
0.45321199297905 0.171805992722511
0.453406006097794 0.171921998262405
0.453601002693176 0.172038003802299
0.453795999288559 0.172154992818832
0.453992992639542 0.172272995114326
0.454189985990524 0.172390997409821
0.454389005899429 0.172509998083115
0.454589009284973 0.172629997134209
0.454789012670517 0.172749996185303
0.454991012811661 0.172870993614197
0.455193012952805 0.172993004322052
0.455395996570587 0.173115000128746
0.455601006746292 0.17323799431324
0.455805987119675 0.173362001776695
0.456012010574341 0.173485994338989
0.456220000982285 0.173611000180244
0.456427991390228 0.1737360060215
0.456636995077133 0.173861995339394
0.456847012042999 0.173988997936249
0.457058012485504 0.174116998910904
0.457269996404648 0.174244999885559
0.457482993602753 0.174373999238014
0.457695990800858 0.174502998590469
0.457911014556885 0.174632996320724
0.458126991987228 0.174764007329941
0.458342999219894 0.174895003437996
0.45856100320816 0.175026997923851
0.458779007196426 0.175160005688667
0.458999007940292 0.175292998552322
0.459219008684158 0.175427004694939
0.459439992904663 0.175560995936394
0.459661990404129 0.17569699883461
0.459885001182556 0.175832003355026
0.460108995437622 0.175969004631042
0.460334002971649 0.176106005907059
0.460559993982315 0.176244005560875
0.460786014795303 0.176382005214691
0.461014002561569 0.176521003246307
0.461241990327835 0.176660999655724
0.461472004652023 0.17680099606514
0.461701989173889 0.176942005753517
0.461932986974716 0.177083000540733
0.462164998054504 0.177226006984711
0.462397992610931 0.177368998527527
0.46263200044632 0.177512004971504
0.462866991758347 0.17765599489212
0.463102996349335 0.177800998091698
0.463340014219284 0.177946001291275
0.463577002286911 0.178092002868652
0.463815987110138 0.17823900282383
0.464055001735687 0.178386002779007
0.464294999837875 0.178534001111984
0.464536011219025 0.178682997822762
0.464778006076813 0.178831994533539
0.465021014213562 0.178982004523277
0.46526500582695 0.179132997989655
0.465510010719299 0.179284006357193
0.465754985809326 0.17943599820137
0.466001987457275 0.179588004946709
0.466248989105225 0.179740995168686
0.466497987508774 0.179894998669624
0.466746985912323 0.180050000548363
0.466996997594833 0.180205002427101
0.467247992753983 0.18036000430584
0.467500001192093 0.180517002940178
0.467752993106842 0.180674001574516
0.468006014823914 0.180831000208855
0.468261003494263 0.180989995598793
0.468517005443573 0.181149005889893
0.468773007392883 0.181308001279831
0.469029992818832 0.181468993425369
0.469287991523743 0.181630000472069
0.469547986984253 0.181790992617607
0.469808012247086 0.181953996419907
0.470068007707596 0.182117000222206
0.470329999923706 0.182280004024506
0.470593005418777 0.182444006204605
0.470856994390488 0.182609006762505
0.47112101316452 0.182775005698204
0.47138699889183 0.182941004633904
0.471653014421463 0.183108001947403
0.471920013427734 0.183275997638702
0.472187995910645 0.183443993330002
0.472456991672516 0.183613002300262
0.472727000713348 0.183781996369362
0.47299799323082 0.183953002095222
0.473269999027252 0.184122994542122
0.473542004823685 0.184294998645782
0.473816007375717 0.184467002749443
0.47409000992775 0.184640005230904
0.474366009235382 0.184814006090164
0.474642008543015 0.184988006949425
0.474918991327286 0.185163006186485
0.475198000669479 0.185339003801346
0.475477010011673 0.185515001416206
0.475757002830505 0.185691997408867
0.476036995649338 0.185870006680489
0.47631898522377 0.186048001050949
0.476601988077164 0.18622699379921
0.476886004209518 0.186406999826431
0.477169990539551 0.186588004231453
0.477456003427505 0.186768993735313
0.477741986513138 0.186950996518135
0.478029012680054 0.187132999300957
0.478318005800247 0.187316000461578
0.478606998920441 0.1875
0.478897005319595 0.187684997916222
0.479187995195389 0.187869995832443
0.479479998350143 0.188056007027626
0.479773014783859 0.188243001699448
0.480067014694214 0.188430994749069
0.480361998081207 0.188619002699852
0.480657011270523 0.188807994127274
0.480953991413116 0.188997000455856
0.481252014636993 0.189188003540039
0.481550008058548 0.189379006624222
0.481849998235703 0.189570993185043
0.482149988412857 0.189762994647026
0.482452005147934 0.189955994486809
0.482753992080688 0.190149992704391
0.483056992292404 0.190345004200935
0.48336198925972 0.190540000796318
0.483666986227036 0.190735995769501
0.483972996473312 0.190933004021645
0.484279990196228 0.191130995750427
0.484587997198105 0.191329002380371
0.48489698767662 0.191528007388115
0.485206991434097 0.191727995872498
0.485518008470535 0.191927999258041
0.485830008983612 0.192129999399185
0.486142992973328 0.192331999540329
0.486456990242004 0.192533999681473
0.486772000789642 0.192737996578217
0.487087994813919 0.19294199347496
0.487405002117157 0.193147003650665
0.487722009420395 0.193352997303009
0.488041013479233 0.193560004234314
0.488361001014709 0.193766996264458
0.488682001829147 0.193975001573563
0.489003986120224 0.194184005260468
0.489326000213623 0.194392994046211
0.489650011062622 0.194603994488716
0.48997500538826 0.194814994931221
0.490301012992859 0.195026993751526
0.490626990795135 0.195238992571831
0.490954995155334 0.195453003048897
0.491284012794495 0.195666998624802
0.491614013910294 0.195881992578506
0.49194398522377 0.196097999811172
0.492276012897491 0.196315005421638
0.492608994245529 0.196531996130943
0.492942988872528 0.196750000119209
0.493277996778488 0.196969002485275
0.493613004684448 0.197189003229141
0.493950009346008 0.197410002350807
0.494287997484207 0.197631001472473
0.494626998901367 0.197852998971939
0.494967013597488 0.198075994849205
0.495308011770248 0.198300004005432
0.495649993419647 0.198524996638298
0.495992988348007 0.198750004172325
0.496336996555328 0.198976993560791
0.49668300151825 0.199203997850418
0.497029006481171 0.199432000517845
0.497375994920731 0.199660003185272
0.497723996639252 0.199890002608299
0.498073995113373 0.200121000409126
0.498423993587494 0.200351998209953
0.498775988817215 0.20058399438858
0.499128013849258 0.200817003846169
0.499482005834579 0.201050996780396
0.499837011098862 0.201285004615784
0.500192999839783 0.201520994305611
0.500549972057343 0.201756998896599
0.500908017158508 0.201994001865387
0.50126701593399 0.202233001589775
0.501627027988434 0.202472001314163
0.501987993717194 0.202711001038551
0.502349972724915 0.202951997518539
0.502713978290558 0.203194007277489
0.503077983856201 0.203436002135277
0.503444015979767 0.203678995370865
0.503811001777649 0.203924000263214
0.504179000854492 0.204169005155563
0.504548013210297 0.204414993524551
0.504917979240417 0.204661995172501
0.505289018154144 0.20490899682045
0.505661010742188 0.205157995223999
0.506034970283508 0.205408006906509
0.506408989429474 0.205658003687859
0.506784975528717 0.205908998847008
0.507161974906921 0.206162005662918
0.507539987564087 0.206414997577667
0.507919013500214 0.206669002771378
0.508298993110657 0.206924006342888
0.508680999279022 0.207179993391037
0.509063005447388 0.207436993718147
0.509446978569031 0.207695007324219
0.50983202457428 0.207954004406929
0.510218024253845 0.208213001489639
0.510605990886688 0.20847399532795
0.510994017124176 0.208736002445221
0.511384010314941 0.208997994661331
0.511775016784668 0.209261998534203
0.512166976928711 0.209526002407074
0.51256000995636 0.209792003035545
0.512953996658325 0.210058003664017
0.513350009918213 0.210325002670288
0.513746976852417 0.210593998432159
0.514145016670227 0.210862994194031
0.514544010162354 0.211133003234863
0.514944016933441 0.211404994130135
0.515345990657806 0.211676999926567
0.515748977661133 0.2119500041008
0.51615297794342 0.212225005030632
0.516557991504669 0.212500005960464
0.516964972019196 0.212776005268097
0.517372012138367 0.213054001331329
0.517781972885132 0.213331997394562
0.518191993236542 0.213611006736755
0.518603026866913 0.213891997933388
0.519016027450562 0.214173004031181
0.519429981708527 0.214454993605614
0.519846022129059 0.214738994836807
0.520262002944946 0.215022996068001
0.520680010318756 0.215308994054794
0.521098971366882 0.215595006942749
0.521520018577576 0.215883001685143
0.521941006183624 0.216171994805336
0.522364974021912 0.216461002826691
0.522789001464844 0.216751992702484
0.523213982582092 0.217043995857239
0.523640990257263 0.217336997389793
0.524070024490356 0.217630997300148
0.524498999118805 0.217925995588303
0.524930000305176 0.218222007155418
0.525362014770508 0.218520000576973
0.525795996189117 0.218817993998528
0.526230990886688 0.219117999076843
0.52666699886322 0.219418004155159
0.52710497379303 0.219720005989075
0.527544021606445 0.22002300620079
0.527984023094177 0.220327004790306
0.528425991535187 0.220632001757622
0.528868973255157 0.220937997102737
0.529313027858734 0.221245005726814
0.529758989810944 0.22155399620533
0.530206024646759 0.221863001585007
0.530654013156891 0.222174003720284
0.531104028224945 0.22248600423336
0.531556010246277 0.222799003124237
0.532007992267609 0.223113000392914
0.532463014125824 0.223428994417191
0.532917976379395 0.223745003342628
0.533375024795532 0.224062994122505
0.533833026885986 0.224381998181343
0.534292995929718 0.224702000617981
0.534754991531372 0.225023999810219
0.535216987133026 0.225345999002457
0.535681009292603 0.225669994950294
0.536146998405457 0.225995004177094
0.536614000797272 0.226320996880531
0.537083029747009 0.22664900124073
0.537553012371063 0.226977005600929
0.538024008274078 0.227307006716728
0.538496971130371 0.227638006210327
0.538972020149231 0.227971002459526
0.539448022842407 0.228303998708725
0.5399249792099 0.228639006614685
0.54040402173996 0.228974997997284
0.540884971618652 0.229313001036644
0.541366994380951 0.229651004076004
0.541849970817566 0.229991003870964
0.542334973812103 0.230333000421524
0.542822003364563 0.230674996972084
0.543309986591339 0.231019005179405
0.543799996376038 0.231363996863365
0.544291019439697 0.231711000204086
0.544784009456635 0.232058003544807
0.545278012752533 0.232407003641129
0.545773983001709 0.23275800049305
0.546271979808807 0.233109995722771
0.546770989894867 0.233463004231453
0.547271013259888 0.233816996216774
0.547774016857147 0.234172999858856
0.548277974128723 0.234530001878738
0.548783004283905 0.234889000654221
0.549291014671326 0.235247999429703
0.549799025058746 0.235609993338585
0.550310015678406 0.235972002148628
0.550822019577026 0.23633599281311
0.551335990428925 0.236701995134354
0.551850974559784 0.237068995833397
0.552367985248566 0.23743699491024
0.55288702249527 0.237807005643845
0.55340701341629 0.238177999854088
0.55392998456955 0.238550007343292
0.554453015327454 0.238923996686935
0.554979026317596 0.23929999768734
0.555505990982056 0.239676997065544
0.556034982204437 0.240054994821548
0.556565999984741 0.240435004234314
0.557097971439362 0.240815997123718
0.557632029056549 0.241199001669884
0.558167994022369 0.241583004593849
0.558705985546112 0.241969004273415
0.559244990348816 0.24235600233078
0.559786021709442 0.242744997143745
0.560329020023346 0.243135005235672
0.560873985290527 0.243526995182037
0.561420977115631 0.243920996785164
0.561968982219696 0.24431499838829
0.562519013881683 0.244711995124817
0.563071012496948 0.245110005140305
0.563624978065491 0.245508998632431
0.5641810297966 0.245911002159119
0.564737975597382 0.246313005685806
0.56529700756073 0.246718004345894
0.565859019756317 0.247124001383781
0.566421985626221 0.247530996799469
0.566986978054047 0.247940003871918
0.567552983760834 0.248350992798805
0.568122029304504 0.248762995004654
0.568692982196808 0.249176993966103
0.569265007972717 0.249593004584312
0.569840013980865 0.250010013580322
0.57041597366333 0.250429004430771
0.570994973182678 0.250849992036819
0.571574985980988 0.251271992921829
0.572157025337219 0.251695990562439
0.572740972042084 0.252122014760971
0.573327004909515 0.252550005912781
0.573916018009186 0.252979010343552
0.574505984783173 0.253410011529922
0.575097978115082 0.253841996192932
0.575691998004913 0.254276990890503
0.576287984848022 0.254712998867035
0.576887011528015 0.255151003599167
0.577486991882324 0.255589991807938
0.578088998794556 0.25603199005127
0.578693985939026 0.256475001573563
0.579299986362457 0.256920009851456
0.579909026622772 0.257367014884949
0.580519020557404 0.257815003395081
0.581131994724274 0.258266001939774
0.581746995449066 0.258718013763428
0.582364022731781 0.259171992540359
0.582983016967773 0.259627997875214
0.583603978157043 0.260085999965668
0.584227025508881 0.260545998811722
0.584852993488312 0.261007010936737
0.585480988025665 0.261471003293991
0.586111009120941 0.261936008930206
0.586742997169495 0.262403011322021
0.58737701177597 0.262872993946075
0.588012993335724 0.263343989849091
0.588652014732361 0.263817012310028
0.589293003082275 0.264292001724243
0.589936017990112 0.264768987894058
0.590582013130188 0.265248000621796
0.591229975223541 0.265729010105133
0.591880023479462 0.266211986541748
0.592531979084015 0.266696989536285
0.593186974525452 0.267183989286423
0.593843996524811 0.26767298579216
0.594502985477448 0.26816400885582
0.595165014266968 0.268658012151718
0.595829010009766 0.269152998924255
0.596494972705841 0.269650012254715
0.5971639752388 0.270150005817413
0.597835004329681 0.270651012659073
0.59850800037384 0.271154999732971
0.599183976650238 0.271660000085831
0.599862992763519 0.272168010473251
0.600543975830078 0.27267798781395
0.601226985454559 0.273191004991531
0.601912021636963 0.273705005645752
0.602600991725922 0.274221003055573
0.603290975093842 0.274740010499954
0.603983998298645 0.275261014699936
0.604680001735687 0.275783985853195
0.605377972126007 0.276309996843338
0.60607898235321 0.27683699131012
0.606782019138336 0.277366995811462
0.607487976551056 0.277898997068405
0.608196973800659 0.278434008359909
0.608907997608185 0.278970986604691
0.609622001647949 0.279509991407394
0.610337972640991 0.280050992965698
0.611056983470917 0.280595004558563
0.611778020858765 0.281141012907028
0.612501978874207 0.281688988208771
0.613228976726532 0.282240003347397
0.613959014415741 0.282792985439301
0.614691019058228 0.283349007368088
0.615426003932953 0.283906996250153
0.616164028644562 0.28446701169014
0.616904973983765 0.285030007362366
0.617648005485535 0.285596013069153
0.618394017219543 0.286163985729218
0.619143009185791 0.286734014749527
0.619894027709961 0.287306994199753
0.620648980140686 0.287882000207901
0.621406018733978 0.288459986448288
0.622165977954865 0.289039999246597
0.622928977012634 0.289622992277145
0.623695015907288 0.290208995342255
0.624463975429535 0.290796995162964
0.625235974788666 0.291388005018234
0.626010000705719 0.291981011629105
0.626788020133972 0.292576998472214
0.627569019794464 0.293175995349884
0.628351986408234 0.293776988983154
0.629139006137848 0.294380992650986
0.62992799282074 0.294988006353378
0.630720973014832 0.29559800028801
0.631516993045807 0.296209990978241
0.63231498003006 0.296824991703033
0.633117020130157 0.297443002462387
0.633921980857849 0.298063009977341
0.634729981422424 0.298685997724533
0.635541021823883 0.299313008785248
0.636354982852936 0.29994198679924
0.637172996997833 0.300572991371155
0.637993991374969 0.301207989454269
0.638817012310028 0.301845997571945
0.639644980430603 0.302486002445221
0.6404749751091 0.303130000829697
0.641309022903442 0.303775995969772
0.642144978046417 0.304425001144409
0.642985999584198 0.305076986551285
0.643828988075256 0.305732995271683
0.644676029682159 0.306391000747681
0.645525991916656 0.307051986455917
0.646380007266998 0.307716995477676
0.647237002849579 0.308384001255035
0.648096978664398 0.309055000543594
0.648961007595062 0.309727996587753
0.649828016757965 0.310404986143112
0.650699019432068 0.311084985733032
0.651573002338409 0.311767995357513
0.652450978755951 0.312453985214233
0.653331995010376 0.313143998384476
0.654217004776001 0.313836008310318
0.655104994773865 0.31453201174736
0.655996978282928 0.315232008695602
0.656893014907837 0.315934002399445
0.657791972160339 0.316639989614487
0.658694982528687 0.31734898686409
0.659600973129272 0.318060994148254
0.66051197052002 0.318776994943619
0.66142600774765 0.319496005773544
0.66234302520752 0.32021901011467
0.663264989852905 0.320944994688034
0.664189994335175 0.321675002574921
0.665118992328644 0.322407990694046
0.666051983833313 0.323143988847733
0.666989028453827 0.323884010314941
0.667930006980896 0.324627995491028
0.668874979019165 0.325374990701675
0.669822990894318 0.326126009225845
0.670776009559631 0.326880007982254
0.671732008457184 0.327638000249863
0.672693014144897 0.328399986028671
0.67365700006485 0.329165011644363
0.674625992774963 0.329934000968933
0.67559802532196 0.330707013607025
0.676575005054474 0.331483989953995
0.677555978298187 0.332264006137848
0.678541004657745 0.333047986030579
0.679530024528503 0.333835989236832
0.680523991584778 0.334627985954285
0.681520998477936 0.33542400598526
0.682523012161255 0.336223006248474
0.683529019355774 0.337027013301849
0.684539973735809 0.337834000587463
0.685554981231689 0.338645994663239
0.68657398223877 0.339460998773575
0.687597990036011 0.340281009674072
0.688625991344452 0.34110501408577
0.689657986164093 0.341931998729706
0.690694987773895 0.342763990163803
0.691735982894897 0.343600004911423
0.692781984806061 0.344440013170242
0.693832993507385 0.345284998416901
0.69488799571991 0.34613299369812
0.695948004722595 0.346985995769501
0.697012007236481 0.347842991352081
0.698081016540527 0.348704993724823
0.69915497303009 0.349570989608765
0.700233995914459 0.350441008806229
0.701317012310028 0.351316004991531
0.702404975891113 0.352194994688034
0.703498005867004 0.353078007698059
0.704595029354095 0.353965997695923
0.705698013305664 0.354858994483948
0.706806004047394 0.355756014585495
0.707917988300323 0.356658011674881
0.709035992622375 0.357564002275467
0.710157990455627 0.358474999666214
0.711286008358002 0.359391003847122
0.712418973445892 0.36031100153923
0.713555991649628 0.3612360060215
0.714698970317841 0.362165987491608
0.715847015380859 0.363101005554199
0.717001020908356 0.36404100060463
0.718159019947052 0.36498498916626
0.719322979450226 0.365934997797012
0.720492005348206 0.366888999938965
0.721666991710663 0.367848008871078
0.722846984863281 0.368813008069992
0.724031984806061 0.369782000780106
0.725223004817963 0.370757013559341
0.726419985294342 0.371735990047455
0.727621018886566 0.372720986604691
0.728829026222229 0.373710989952087
0.730041980743408 0.374707013368607
0.731261014938354 0.375707000494003
0.732484996318817 0.376713007688522
0.733714997768402 0.37772399187088
0.734951019287109 0.37874099612236
0.736193001270294 0.379763007164001
0.737441003322601 0.380791008472443
0.73869401216507 0.381823986768723
0.739953994750977 0.382862001657486
0.741218984127045 0.383906990289688
0.742489993572235 0.384956985712051
0.743767976760864 0.386011987924576
0.745051026344299 0.387073010206223
0.746340990066528 0.388139992952347
0.74763697385788 0.389212995767593
0.748938977718353 0.39029198884964
0.750247001647949 0.391375988721848
0.751561999320984 0.392466992139816
0.752883017063141 0.393563002347946
0.754209995269775 0.394665002822876
0.755544006824493 0.395774006843567
0.75688499212265 0.396887987852097
0.758230984210968 0.39800900220871
0.759585022926331 0.399136006832123
0.760945022106171 0.400269001722336
0.762311995029449 0.401407986879349
0.763684988021851 0.402554005384445
0.765065014362335 0.403706014156342
0.766452014446259 0.404864996671677
0.767845988273621 0.406029999256134
0.769246995449066 0.407200992107391
0.77065497636795 0.40837898850441
0.772068977355957 0.409563988447189
0.773491024971008 0.410755008459091
0.774919986724854 0.411953002214432
0.776355981826782 0.413157999515533
0.777799010276794 0.414370000362396
0.779250025749207 0.415587991476059
0.780708014965057 0.416813999414444
0.782172977924347 0.418045997619629
0.783645987510681 0.419286012649536
0.785125970840454 0.420531988143921
0.786612987518311 0.42178601026535
0.788109004497528 0.423047006130219
0.789611995220184 0.424315005540848
0.791122019290924 0.425590008497238
0.79264098405838 0.426872998476028
0.79416698217392 0.42816299200058
0.795701026916504 0.429459989070892
0.797242999076843 0.430765986442566
0.798793017864227 0.432078003883362
0.800351023674011 0.433398991823196
0.801917016506195 0.434727013111115
0.803490996360779 0.43606299161911
0.805073022842407 0.437406003475189
0.806663990020752 0.438757985830307
0.808263003826141 0.440117001533508
0.809871017932892 0.441484987735748
0.811487019062042 0.442860007286072
0.813111007213593 0.444243997335434
0.814745008945465 0.445636004209518
0.816385984420776 0.447035998106003
0.81803697347641 0.448444008827209
0.819696009159088 0.449860990047455
0.821364998817444 0.451285988092422
0.823041975498199 0.452719986438751
0.824728012084961 0.454163014888763
0.826422989368439 0.455614000558853
0.828127980232239 0.457073986530304
0.829841017723083 0.458541989326477
0.831564009189606 0.460020005702972
0.833296000957489 0.461506009101868
0.835038006305695 0.463001996278763
0.836789011955261 0.46450600028038
0.838549971580505 0.466019988059998
0.840319991111755 0.467543005943298
0.842100024223328 0.469074994325638
0.843890011310577 0.470616012811661
0.845690011978149 0.472166985273361
0.847500026226044 0.473728001117706
0.849319994449615 0.47529798746109
0.851149022579193 0.476877987384796
0.852989017963409 0.478468000888824
0.854839980602264 0.480067014694214
0.856700003147125 0.481676995754242
0.858572006225586 0.483296006917953
0.860453009605408 0.484925001859665
0.862344980239868 0.486564993858337
0.864247977733612 0.488214999437332
0.866162002086639 0.489874988794327
0.868085980415344 0.491546005010605
0.870021998882294 0.493227005004883
0.871967971324921 0.494919002056122
0.873925983905792 0.496621996164322
0.875895023345947 0.498335003852844
0.877874970436096 0.500059008598328
0.879866003990173 0.50179398059845
0.88186901807785 0.503539979457855
0.883884012699127 0.505297005176544
0.885909974575043 0.507066011428833
0.887947976589203 0.50884598493576
0.889998018741608 0.510636985301971
0.892059028148651 0.512440025806427
0.894132971763611 0.514253973960876
0.89621901512146 0.516080021858215
0.898316979408264 0.517917990684509
0.900427997112274 0.519767999649048
0.902550995349884 0.521629989147186
0.904685974121094 0.523503005504608
0.906834006309509 0.525390028953552
0.908994972705841 0.527288019657135
0.911168992519379 0.529199004173279
0.913354992866516 0.531122028827667
0.915555000305176 0.533057987689972
0.917768001556396 0.535006999969482
0.919995009899139 0.536969006061554
0.922233998775482 0.538942992687225
0.924486994743347 0.540930986404419
0.926753997802734 0.542931973934174
0.929035007953644 0.544946014881134
0.931329011917114 0.546972990036011
0.933637022972107 0.54901397228241
0.935959994792938 0.551069021224976
0.938296973705292 0.553137004375458
0.940648019313812 0.555220007896423
0.94301301240921 0.55731600522995
0.945393025875092 0.55942702293396
0.947788000106812 0.561550974845886
0.950196981430054 0.563690006732941
0.95262199640274 0.565843999385834
0.955061018466949 0.568011999130249
0.957516014575958 0.570195019245148
0.959985971450806 0.572393000125885
0.962472021579742 0.574606001377106
0.964972972869873 0.57683402299881
0.967490017414093 0.579077005386353
0.970022022724152 0.581335008144379
0.972571015357971 0.583608984947205
0.975135982036591 0.585898995399475
0.977716982364655 0.588204979896545
0.980314016342163 0.59052699804306
0.982928991317749 0.592863976955414
0.985558986663818 0.595218002796173
0.98736697435379 0.596835970878601
0.988575994968414 0.59791898727417
0.989385008811951 0.598643004894257
0.989924013614655 0.599126994609833
0.990284979343414 0.599449992179871
0.990525007247925 0.599664986133575
0.990684986114502 0.599807977676392
0.990791976451874 0.599904000759125
0.99084597826004 0.599951982498169
0.99089902639389 0.600000023841858
0.99089902639389 0.600000023841858
0.990953028202057 0.600048005580902
0.991006016731262 0.600095987319946
0.991113007068634 0.600192010402679
0.991273999214172 0.600336015224457
0.991514027118683 0.600551009178162
0.991876006126404 0.600875020027161
0.992419004440308 0.601361989974976
0.993234992027283 0.602092981338501
0.994460999965668 0.603192985057831
0.996308028697968 0.604848980903625
0.999024987220764 0.607286989688873
1.00176000595093 0.609741985797882
1.00451004505157 0.612214028835297
1.00727999210358 0.614702999591827
1.01006996631622 0.61720997095108
1.01287996768951 0.6197350025177
1.01569998264313 0.622277975082397
1.01854002475739 0.6248379945755
1.02140998840332 0.627417027950287
1.02428996562958 0.630014002323151
1.02718997001648 0.632629990577698
1.03011000156403 0.635264992713928
1.03304004669189 0.637917995452881
1.03600001335144 0.640591025352478
1.03898000717163 0.643283009529114
1.04198002815247 0.645994007587433
1.04498994350433 0.648724019527435
1.04803001880646 0.651475012302399
1.05109000205994 0.654245018959045
1.05417001247406 0.657034993171692
1.05727005004883 0.659846007823944
1.06038999557495 0.662676990032196
1.06352996826172 0.665529012680054
1.06668996810913 0.668402016162872
1.06988000869751 0.671294987201691
1.07307994365692 0.674210011959076
1.07631003856659 0.677146017551422
1.07956004142761 0.68010401725769
1.08282995223999 0.683084011077881
1.08613002300262 0.686084985733032
1.08945000171661 0.689109027385712
1.09279000759125 0.692155003547668
1.09615004062653 0.695223987102509
1.09953999519348 0.698315024375916
1.10294997692108 0.701430022716522
1.10637998580933 0.704567015171051
1.10984003543854 0.707728028297424
1.1133199930191 0.710913002490997
1.11682999134064 0.714121997356415
1.12036001682281 0.717353999614716
1.12390995025635 0.720610976219177
1.12750005722046 0.723891973495483
1.1311000585556 0.727198004722595
1.13472998142242 0.730529010295868
1.13838994503021 0.733884990215302
1.14207005500793 0.737266004085541
1.14577996730804 0.740673005580902
1.14952003955841 0.744105994701385
1.15328001976013 0.747564971446991
1.15707004070282 0.751049995422363
1.16087996959686 0.754561007022858
1.16472995281219 0.758099019527435
1.16859996318817 0.761664986610413
1.17250001430511 0.765257000923157
1.17641997337341 0.768877029418945
1.180379986763 0.772525012493134
1.18436002731323 0.776199996471405
1.18838000297546 0.779904007911682
1.19242000579834 0.783635973930359
1.19649004936218 0.787397027015686
1.2005900144577 0.791186988353729
1.20472002029419 0.795005977153778
1.20887994766235 0.798855006694794
1.21307003498077 0.80273300409317
1.21729004383087 0.806640982627869
1.22153997421265 0.810580015182495
1.22581994533539 0.814549028873444
1.23013997077942 0.818548977375031
1.23448002338409 0.822579026222229
1.23886001110077 0.826641023159027
1.24327003955841 0.83073502779007
1.24770998954773 0.834860026836395
1.25218999385834 0.839017987251282
1.25670003890991 0.843208014965057
1.26124000549316 0.847429990768433
1.26581001281738 0.851684987545013
1.2704199552536 0.855974018573761
1.27506005764008 0.860296010971069
1.27973997592926 0.8646519780159
1.2844500541687 0.869041979312897
1.28919994831085 0.873466014862061
1.29398000240326 0.877924025058746
1.29879999160767 0.882417976856232
1.30366003513336 0.886946976184845
1.30855000019073 0.891511023044586
1.31347000598907 0.896111011505127
1.31843996047974 0.900745987892151
1.32343995571136 0.905418992042542
1.32846999168396 0.910126984119415
1.33354997634888 0.914873003959656
1.33866000175476 0.919655978679657
1.34380996227264 0.924476027488708
1.34899997711182 0.929333984851837
1.35423004627228 0.934230029582977
1.35950005054474 0.939163982868195
1.3648099899292 0.94413697719574
1.37014997005463 0.949147999286652
1.37554001808167 0.954199016094208
1.3809700012207 0.959290027618408
1.38643002510071 0.964420020580292
1.39193999767303 0.96959000825882
1.39749002456665 0.974801003932953
1.40307998657227 0.98005199432373
1.40872001647949 0.985343992710114
1.4143899679184 0.990676999092102
1.42010998725891 0.996052026748657
1.42586994171143 1.00146996974945
1.43166995048523 1.00692999362946
1.43752002716064 1.01242995262146
1.44341003894806 1.01796996593475
1.44933998584747 1.02356004714966
1.4553200006485 1.02918994426727
1.46133995056152 1.03486001491547
1.46740996837616 1.04058003425598
1.47352004051208 1.0463399887085
1.47967994213104 1.0521399974823
1.48588001728058 1.05798995494843
1.49213004112244 1.06388998031616
1.49842000007629 1.06982004642487
1.50476002693176 1.07580995559692
1.51115000247955 1.08184003829956
1.51758003234863 1.0879100561142
1.52406001091003 1.09404003620148
1.53059005737305 1.10020005702972
1.53717005252838 1.10642004013062
1.54378998279572 1.11267995834351
1.55046999454498 1.11898994445801
1.55718994140625 1.12534999847412
1.56395995616913 1.13174998760223
1.57078003883362 1.13820004463196
1.57764005661011 1.144700050354
1.58456003665924 1.15123999118805
1.5915299654007 1.15784001350403
1.59853994846344 1.16447997093201
1.60561001300812 1.17118000984192
1.61272001266479 1.17791998386383
1.61988997459412 1.18471002578735
1.62711000442505 1.1915500164032
1.6343799829483 1.19843995571136
1.64170002937317 1.20537996292114
1.64907002449036 1.21237003803253
1.65648996829987 1.21940004825592
1.66395998001099 1.22649002075195
1.67148995399475 1.23362994194031
1.6790599822998 1.24082005023956
1.6866899728775 1.24805998802185
1.69437003135681 1.25534999370575
1.70211005210876 1.26268994808197
1.70989000797272 1.2700799703598
1.7177300453186 1.27752995491028
1.72562003135681 1.28501999378204
1.73355996608734 1.29256999492645
1.7415599822998 1.30016005039215
1.74960994720459 1.3078099489212
1.75770998001099 1.31551003456116
1.7658599615097 1.32325994968414
1.77407002449036 1.33106005191803
1.78233003616333 1.33890998363495
1.79065001010895 1.3468199968338
1.79902005195618 1.35477995872498
1.80744004249573 1.36277997493744
1.8159099817276 1.37083995342255
1.82444000244141 1.37894999980927
1.83301997184753 1.38712000846863
1.84165000915527 1.39532995223999
1.85034000873566 1.40358996391296
1.85907995700836 1.41191005706787
1.867879986763 1.42027997970581
1.87671995162964 1.42869997024536
1.88563001155853 1.43717002868652
1.89458000659943 1.44569003582001
1.90358996391296 1.45425999164581
1.91264998912811 1.46289002895355
1.92175996303558 1.47156000137329
1.93092000484467 1.48029005527496
1.94014000892639 1.48906004428864
1.94940996170044 1.49788999557495
1.95873999595642 1.50676000118256
1.9681099653244 1.51568996906281
1.97754001617432 1.52467000484467
1.98702001571655 1.53368997573853
1.99654996395111 1.54277002811432
2.0061399936676 1.55189001560211
2.01576995849609 1.56106996536255
2.02546000480652 1.57028996944427
2.03520011901855 1.57957005500793
2.04499006271362 1.5888899564743
2.0548300743103 1.59826004505157
2.06471991539001 1.60767996311188
2.07466006278992 1.61714005470276
2.08465003967285 1.62665998935699
2.09470009803772 1.63621997833252
2.1047899723053 1.64583003520966
2.11492991447449 1.65548002719879
2.12511992454529 1.66518998146057
2.1353600025177 1.67492997646332
2.14564990997314 1.684730052948
2.1559898853302 1.69456994533539
2.16636991500854 1.70446002483368
2.17681002616882 1.71439003944397
2.18728995323181 1.72437000274658
2.19781994819641 1.73439002037048
2.2083899974823 1.74444997310638
2.2190101146698 1.7545599937439
2.22968006134033 1.76471996307373
2.24040007591248 1.77490997314453
2.25115990638733 1.78515005111694
2.26197004318237 1.79542994499207
2.27281999588013 1.80576002597809
2.28372001647949 1.81613004207611
2.29466009140015 1.82652997970581
2.30564999580383 1.83697998523712
2.31667995452881 1.84748005867004
2.32774996757507 1.85801005363464
2.33887004852295 1.86857998371124
2.35002994537354 1.87918996810913
2.36122989654541 1.88984000682831
2.3724799156189 1.90052998065948
2.38376998901367 1.91126000881195
2.39510011672974 1.92202997207642
2.40647006034851 1.93282997608185
2.41788005828857 1.94368004798889
2.42933011054993 1.95456004142761
2.44082999229431 1.96546995639801
2.45235991477966 1.97643005847931
2.4639298915863 1.987419962883
2.47554993629456 1.99844002723694
2.48720002174377 2.0095100402832
2.4988899230957 2.02060008049011
2.51061010360718 2.03172993659973
2.52238011360168 2.04290008544922
2.53417992591858 2.05410003662109
2.54602003097534 2.06533002853394
2.55789995193481 2.07660007476807
2.56981992721558 2.08789992332458
2.5817699432373 2.09923005104065
2.59375 2.11059999465942
2.60577011108398 2.12198996543884
2.61783003807068 2.13341999053955
2.62992000579834 2.14488005638123
2.64205002784729 2.15636992454529
2.65421009063721 2.1678900718689
2.66639995574951 2.17944002151489
2.67863011360168 2.19102001190186
2.69089007377625 2.20263004302979
2.70319008827209 2.21427011489868
2.71550989151001 2.22592997550964
2.72786998748779 2.23762989044189
2.74025988578796 2.24935007095337
2.75268006324768 2.26110005378723
2.76514005661011 2.27288007736206
2.77762007713318 2.28467988967896
2.79013991355896 2.29651999473572
2.80268001556396 2.3083701133728
2.81525993347168 2.3202600479126
2.82786011695862 2.33217000961304
2.84050011634827 2.34409999847412
2.85315990447998 2.35606002807617
2.86585998535156 2.36805009841919
2.87858009338379 2.38005995750427
2.8913300037384 2.39209008216858
2.90410995483398 2.40415000915527
2.91690993309021 2.41622996330261
2.92974996566772 2.4283299446106
2.94261002540588 2.44045996665955
2.95549988746643 2.45261001586914
2.9684100151062 2.46478009223938
2.98134994506836 2.47697997093201
2.99431991577148 2.48920011520386
3.00730991363525 2.50144004821777
3.02032995223999 2.51370000839233
3.03338003158569 2.52597999572754
3.04644989967346 2.53828001022339
3.05954003334045 2.55060005187988
3.07265996932983 2.56293988227844
3.08580994606018 2.57530999183655
3.09897994995117 2.58769011497498
3.11216998100281 2.60009002685547
3.12539005279541 2.61250996589661
3.13862991333008 2.62494993209839
3.15189003944397 2.63740992546082
3.16517996788025 2.64988994598389
3.17848992347717 2.6623899936676
3.19181990623474 2.67490005493164
3.20517992973328 2.68742990493774
3.21855998039246 2.69999003410339
3.23196005821228 2.71254992485046
3.24537992477417 2.72514009475708
3.25882005691528 2.73774003982544
3.27228999137878 2.75036001205444
3.28576993942261 2.76300001144409
3.2992799282074 2.77565002441406
3.31280994415283 2.78832006454468
3.32635998725891 2.80100011825562
3.33993005752563 2.81370997428894
3.35351991653442 2.82642006874084
3.36714005470276 2.83915996551514
3.38076996803284 2.85190010070801
3.39441990852356 2.86467003822327
3.40809011459351 2.87743997573853
3.42178010940552 2.89023995399475
3.43549990653992 2.90303993225098
3.44922995567322 2.91586995124817
3.46298003196716 2.92869997024536
3.47674989700317 2.9415500164032
3.49053001403809 2.95442008972168
3.50433993339539 2.9672999382019
3.51817011833191 2.98019003868103
3.53201007843018 2.99309992790222
3.54587006568909 3.00601005554199
3.55975008010864 3.01894998550415
3.57364988327026 3.03188991546631
3.58756995201111 3.04485011100769
3.6015100479126 3.05782008171082
3.61545991897583 3.07081007957458
3.62943005561829 3.08380007743835
3.64341998100281 3.09681010246277
3.65741991996765 3.10982990264893
3.67143988609314 3.12286996841431
3.68548011779785 3.13591003417969
3.69953989982605 3.14896988868713
3.71360993385315 3.16203999519348
3.72771000862122 3.17512011528015
3.74181008338928 3.18821001052856
3.75593996047974 3.20131993293762
3.77008008956909 3.21443009376526
3.78422999382019 3.22756004333496
3.79840993881226 3.24070000648499
3.81259989738464 3.25384998321533
3.82680010795593 3.267009973526
3.84102010726929 3.28017997741699
3.85525989532471 3.29335999488831
3.86951994895935 3.30655002593994
3.88378000259399 3.3197500705719
3.8980700969696 3.3329598903656
3.91236996650696 3.3461799621582
3.92669010162354 3.35942006111145
3.94102001190186 3.37265992164612
3.9553599357605 3.38591003417969
3.96972990036011 3.399169921875
3.9841001033783 3.41245007514954
3.99850010871887 3.42572999000549
4.01289987564087 3.43901991844177
4.02732992172241 3.45232009887695
4.04175996780396 3.46563005447388
4.05621004104614 3.47895002365112
4.07068014144897 3.49228000640869
4.08515977859497 3.50562000274658
4.09965991973877 3.51897001266479
4.11417007446289 3.53232002258301
4.12868976593018 3.54569005966187
4.14322996139526 3.55906009674072
4.157790184021 3.57244992256165
4.17235994338989 3.58583998680115
4.18694019317627 3.59924006462097
4.20153999328613 3.61264991760254
4.21614980697632 3.62607002258301
4.23077011108398 3.6394898891449
4.24540996551514 3.65293002128601
4.26005983352661 3.66636991500854
4.27473020553589 3.67982006072998
4.28941011428833 3.69327998161316
4.30410003662109 3.70674991607666
4.3188099861145 3.72023010253906
4.33352994918823 3.73371005058289
4.34826993942261 3.74720001220703
4.3630199432373 3.7606999874115
4.37777996063232 3.77420997619629
4.39256000518799 3.78771996498108
4.40735006332397 3.80124998092651
4.42215013504028 3.81477999687195
4.43697023391724 3.82832002639771
4.45179986953735 3.84186005592346
4.46663999557495 3.85541009902954
4.48150014877319 3.86897993087769
4.4963698387146 3.88253998756409
4.51125001907349 3.89612007141113
4.5261402130127 3.9096999168396
4.54104995727539 3.92329001426697
4.55597019195557 3.93688988685608
4.57090997695923 3.95050001144409
4.58585977554321 3.96410989761353
4.60082006454468 3.97773003578186
4.61578989028931 3.99134993553162
4.63078022003174 4.0049901008606
4.64578008651733 4.018630027771
4.66078996658325 4.0322699546814
4.67581987380981 4.04592990875244
4.6908597946167 4.05958986282349
4.70591020584106 4.07324981689453
4.72097015380859 4.08692979812622
4.73605012893677 4.10060977935791
4.75114011764526 4.11429977416992
4.76624011993408 4.12798976898193
4.78135013580322 4.14168977737427
4.79648017883301 4.15539979934692
4.81162023544312 4.1691198348999
4.82676982879639 4.18283987045288
4.84192991256714 4.19655990600586
4.85711002349854 4.21029996871948
4.87230014801025 4.22404003143311
4.88749980926514 4.23778009414673
4.90271997451782 4.251540184021
4.91794013977051 4.26529979705811
4.93317985534668 4.27905988693237
4.94843006134033 4.29282999038696
4.96369981765747 4.30661010742188
4.97897005081177 4.32039022445679
4.99425983428955 4.33417987823486
5.00956010818481 4.34798002243042
5.02486991882324 4.36178016662598
5.04020023345947 4.3755898475647
5.05554008483887 4.3894100189209
5.07088994979858 4.4032301902771
5.08624982833862 4.41704988479614
5.10162019729614 4.43089008331299
5.11701011657715 4.44472980499268
5.13240003585815 4.45857000350952
5.14781999588013 4.47242021560669
5.1632399559021 4.48627996444702
5.17866992950439 4.50014019012451
5.19411993026733 4.51400995254517
5.2095799446106 4.52788019180298
5.22504997253418 4.54175996780396
5.24053001403809 4.55565023422241
5.25603008270264 4.56954002380371
5.27153015136719 4.58342981338501
5.28704977035522 4.59734010696411
5.30257987976074 4.61123991012573
5.31812000274658 4.62516021728516
5.33368015289307 4.63908004760742
5.34924983978271 4.65299987792969
5.36483001708984 4.66693019866943
5.38042020797729 4.68087005615234
5.39601993560791 4.69480991363525
5.41163015365601 4.70875978469849
5.42725992202759 4.72271013259888
5.44290018081665 4.73667001724243
5.45854997634888 4.75063991546631
5.47420978546143 4.76460981369019
5.48988008499146 4.77858018875122
5.50556993484497 4.79256010055542
5.52126979827881 4.80655002593994
5.53698015213013 4.82053995132446
5.55270004272461 4.83452987670898
5.56842994689941 4.84853982925415
5.58417987823486 4.86253976821899
5.59993982315063 4.87656021118164
5.61570978164673 4.89057016372681
5.6314902305603 4.90460014343262
5.64728021621704 4.91863012313843
5.6630802154541 4.93266010284424
5.67889976501465 4.94670009613037
5.69472980499268 4.9607400894165
5.71056985855103 4.97479009628296
5.7264199256897 4.98885011672974
5.74228000640869 5.00291013717651
5.75816011428833 5.01698017120361
5.77405023574829 5.03105020523071
5.78993988037109 5.04511976242065
5.80586004257202 5.05919981002808
5.82178020477295 5.07328987121582
5.83770990371704 5.08737993240356
5.85366010665894 5.10148000717163
5.86961984634399 5.1155800819397
5.88559007644653 5.12969017028809
5.90156984329224 5.14379978179932
5.91756010055542 5.15790987014771
5.93356990814209 5.17203998565674
5.94958019256592 5.18616008758545
5.96561002731323 5.20029020309448
5.98164987564087 5.21442985534668
5.99770021438599 5.22856998443604
6.01377010345459 5.24272012710571
6.02983999252319 5.25686979293823
6.04592990875244 5.27102994918823
6.06202983856201 5.28519010543823
6.0781397819519 5.2993597984314
6.09426021575928 5.31352996826172
6.11040019989014 5.32771015167236
6.126540184021 5.34188985824585
6.1427001953125 5.35608005523682
6.15887022018433 5.37026977539063
6.17504978179932 5.38446998596191
6.19124984741211 5.3986701965332
6.2074499130249 5.41287994384766
6.22367000579834 5.42709016799927
6.2399001121521 5.44130992889404
6.25614023208618 5.45553016662598
6.27238988876343 5.46974992752075
6.28866004943848 5.48399019241333
6.30493021011353 5.49821996688843
6.32121992111206 5.51246023178101
6.33752012252808 5.52671003341675
6.35382986068726 5.54095983505249
6.37015008926392 5.55522012710571
6.38648986816406 5.56947994232178
6.40284013748169 5.583740234375
6.41918992996216 5.59801006317139
6.43556022644043 5.6122899055481
6.45195007324219 5.62657022476196
6.46833992004395 5.64085006713867
6.48474979400635 5.6551399230957
6.50116014480591 5.66943979263306
6.51759004592896 5.68373012542725
6.53402996063232 5.69804000854492
6.55048990249634 5.7123498916626
6.56694984436035 5.72665977478027
6.58342981338501 5.74098014831543
6.59991979598999 5.75530004501343
6.61641979217529 5.76962995529175
6.63292980194092 5.78395986557007
6.64944982528687 5.79829978942871
6.66598987579346 5.81264019012451
6.68253993988037 5.82699012756348
6.69910001754761 5.84134006500244
6.71567010879517 5.85570001602173
6.73225021362305 5.87005996704102
6.74884986877441 5.8844199180603
6.76546001434326 5.89878988265991
6.78208017349243 5.91316986083984
6.79870986938477 5.92754983901978
6.81535005569458 5.94192981719971
6.83200979232788 5.95631980895996
6.84867000579834 5.97071981430054
6.86534976959229 5.98511981964111
6.88204002380371 5.99951982498169
6.89874982833862 6.01392984390259
6.91546010971069 6.02833986282349
6.93218994140625 6.04275989532471
6.94892978668213 6.05717992782593
6.96568012237549 6.07160997390747
6.98243999481201 6.08604001998901
6.99920988082886 6.10047006607056
7.01599979400635 6.11491012573242
7.03280019760132 6.12936019897461
7.04961013793945 6.14380979537964
7.06643009185791 6.15826988220215
7.08327007293701 6.17271995544434
7.10011005401611 6.18719005584717
7.11697006225586 6.20166015625
7.13384008407593 6.21612977981567
7.15072011947632 6.23060989379883
7.16762018203735 6.24509000778198
7.18451976776123 6.25958013534546
7.20143985748291 6.27406978607178
7.21836996078491 6.28856992721558
7.23532009124756 6.30307006835938
7.25227022171021 6.3175802230835
7.26923990249634 6.33208990097046
7.28622007369995 6.34660005569458
7.30320978164673 6.36112022399902
7.32020998001099 6.37564992904663
7.33723020553589 6.39017009735107
7.35425996780396 6.404709815979
7.3713002204895 6.41925001144409
7.38835000991821 6.43379020690918
7.40540981292725 6.44833993911743
7.42249011993408 6.46289014816284
7.43957996368408 6.47744989395142
7.4566798210144 6.49201011657715
7.47379016876221 6.50656986236572
7.4909200668335 6.52114009857178
7.50804996490479 6.535719871521
7.52519989013672 6.55030012130737
7.54235982894897 6.56487989425659
7.55953979492188 6.57947015762329
7.57672023773193 6.59405994415283
7.59392023086548 6.60866022109985
7.61113023757935 6.62327003479004
7.62834978103638 6.6378698348999
7.64558982849121 6.65249013900757
7.66283988952637 6.66709995269775
7.68009996414185 6.68171977996826
7.69737005233765 6.69635009765625
7.71465015411377 6.71097993850708
7.73194980621338 6.72560977935791
7.74925994873047 6.74025011062622
7.76658010482788 6.7548999786377
7.78390979766846 6.76954984664917
7.80125999450684 6.7842001914978
7.81862020492554 6.7988600730896
7.8359899520874 6.8135199546814
7.85337018966675 6.82818984985352
7.87075996398926 6.84286022186279
7.88816976547241 6.85753011703491
7.90559005737305 6.87221002578735
7.92301988601685 6.88689994812012
7.94047021865845 6.90158987045288
7.95793008804321 6.91627979278564
7.9753999710083 6.93098020553589
7.99287986755371 6.9456901550293
8.0103702545166 6.96040010452271
8.02787971496582 6.97511005401611
8.04539966583252 6.98983001708984
8.0629301071167 7.00454998016357
8.08047962188721 7.0192699432373
8.09803009033203 7.03400993347168
8.11559963226318 7.04873991012573
8.1331901550293 7.06347990036011
8.15077972412109 7.0782299041748
8.16839027404785 7.0929799079895
8.18601036071777 7.1077299118042
8.20363998413086 7.12248992919922
8.22128009796143 7.13724994659424
8.23894023895264 7.15201997756958
8.25660991668701 7.16679000854492
8.27429008483887 7.18157005310059
8.29199028015137 7.19635009765625
8.30970001220703 7.21114015579224
8.32742023468018 7.22593021392822
8.34514999389648 7.24071979522705
8.36289978027344 7.25551986694336
8.38066005706787 7.27032995223999
8.39842987060547 7.2851300239563
8.41621017456055 7.29995012283325
8.43400955200195 7.31477022171021
8.45182037353516 7.32958984375
8.46963977813721 7.34441995620728
8.48746967315674 7.35925006866455
8.50531959533691 7.37408018112183
8.52318000793457 7.38892984390259
8.54104995727539 7.40376996994019
8.55893993377686 7.41862010955811
8.5768404006958 7.43347978591919
8.59475040435791 7.44833993911743
8.61266994476318 7.46320009231567
8.63061046600342 7.47806978225708
8.6485595703125 7.49293994903564
8.66652011871338 7.50782012939453
8.68449974060059 7.52269983291626
8.70248985290527 7.53759002685547
8.72049045562744 7.55248022079468
8.73849964141846 7.56737995147705
8.75652980804443 7.58228015899658
8.77457046508789 7.59717988967896
8.7926197052002 7.61209011077881
8.81068992614746 7.62700986862183
8.82876968383789 7.64192008972168
8.8468599319458 7.65684986114502
8.86495971679688 7.67178010940552
8.88307952880859 7.68670988082886
8.90120983123779 7.70165014266968
8.91936016082764 7.71658992767334
8.93750953674316 7.73154020309448
8.95567989349365 7.74649000167847
8.9738597869873 7.76143980026245
8.9920597076416 7.77640008926392
9.01027011871338 7.79136991500854
9.02849006652832 7.80634021759033
9.04673004150391 7.82131004333496
9.06497001647949 7.83628988265991
9.08323001861572 7.85127019882202
9.1015100479126 7.86626005172729
9.11979961395264 7.88124990463257
9.13809967041016 7.89624977111816
9.15641021728516 7.91125011444092
9.17473983764648 7.92625999450684
9.19307994842529 7.94126987457275
9.21142959594727 7.95628976821899
9.2298002243042 7.97131013870239
9.2481803894043 7.98633003234863
9.26657009124756 8.0013599395752
9.2849702835083 8.01640033721924
9.30338954925537 8.0314302444458
9.3218297958374 8.04648017883301
9.34027004241943 8.06153011322021
9.35873031616211 8.07658004760742
9.37720012664795 8.09164047241211
9.39568996429443 8.10669994354248
9.4141902923584 8.12176036834717
9.43270015716553 8.13683986663818
9.45121955871582 8.15190982818604
9.46975994110107 8.16699028015137
9.48832035064697 8.18208026885986
9.50687980651855 8.19717025756836
9.5254602432251 8.21226024627686
9.5440502166748 8.22735977172852
9.56266021728516 8.24246025085449
9.58127975463867 8.25757026672363
9.59990978240967 8.27268981933594
9.61855983734131 8.28779983520508
9.63722038269043 8.30292987823486
9.65589046478271 8.31805038452148
9.67457962036133 8.33318042755127
9.69328022003174 8.34832000732422
9.71199035644531 8.36345958709717
9.73071956634521 8.3786096572876
9.74946022033691 8.39375972747803
9.76821041107178 8.40890979766846
9.78697967529297 8.42407035827637
9.80576038360596 8.43922996520996
9.82456016540527 8.45440006256104
9.84335994720459 8.46957969665527
9.86219024658203 8.48476028442383
9.88101959228516 8.49993991851807
9.89986991882324 8.51513004302979
9.91872978210449 8.5303201675415
9.93760967254639 8.54551029205322
9.95650005340576 8.56072044372559
9.97541046142578 8.57592010498047
9.99431991577148 8.59113025665283
10.0132999420166 8.60634994506836
