-1000 43 9 -6.22568988800049 -15.0916004180908
-999 0 0 -6.2196102142334 -15.0896997451782
-998 0 0 -6.21352005004883 -15.0876998901367
-997 0 0 -6.20743989944458 -15.0858001708984
-996 0 0 -6.20135021209717 -15.0839004516602
-995 0 0 -6.1952600479126 -15.0818996429443
-994 0 0 -6.18917989730835 -15.0799999237061
-993 0 0 -6.18309020996094 -15.0780000686646
-992 0 0 -6.17700004577637 -15.076000213623
-991 0 0 -6.17089986801147 -15.0740995407104
-990 0 0 -6.16481018066406 -15.0720996856689
-989 0 0 -6.15872001647949 -15.0700998306274
-988 0 0 -6.1526198387146 -15.0680999755859
-987 0 0 -6.14652013778687 -15.0661001205444
-986 0 0 -6.14042997360229 -15.0641002655029
-985 0 0 -6.1343297958374 -15.0621995925903
-984 0 0 -6.12823009490967 -15.0601997375488
-983 0 0 -6.12212991714478 -15.0580997467041
-982 0 0 -6.11602020263672 -15.0560998916626
-981 0 0 -6.10992002487183 -15.0541000366211
-980 0 0 -6.10381984710693 -15.0521001815796
-979 0 0 -6.09771013259888 -15.0501003265381
-978 0 0 -6.09159994125366 -15.0481004714966
-977 0 0 -6.08549022674561 -15.0459995269775
-976 0 0 -6.07938003540039 -15.043999671936
-975 0 0 -6.07326984405518 -15.0419998168945
-974 0 0 -6.06716012954712 -15.0398998260498
-973 0 0 -6.0610499382019 -15.0378999710083
-972 0 0 -6.05494022369385 -15.0357999801636
-971 0 0 -6.04882001876831 -15.0336999893188
-970 0 0 -6.04269981384277 -15.0317001342773
-969 0 0 -6.03659009933472 -15.0296001434326
-968 0 0 -6.03046989440918 -15.0275001525879
-967 0 0 -6.0243501663208 -15.0255002975464
-966 0 0 -6.01821994781494 -15.0234003067017
-965 0 0 -6.01210021972656 -15.0213003158569
-964 0 0 -6.00598001480103 -15.0192003250122
-963 0 0 -5.99984979629517 -15.0171003341675
-962 0 0 -5.99373006820679 -15.0150003433228
-961 0 0 -5.98759984970093 -15.012900352478
-960 0 0 -5.98147010803223 -15.0108003616333
-959 0 0 -5.97533988952637 -15.0087003707886
-958 0 0 -5.96921014785767 -15.0065002441406
-957 0 0 -5.96307992935181 -15.0044002532959
-956 0 0 -5.95695018768311 -15.0023002624512
-955 0 0 -5.95080995559692 -15.0002002716064
-954 0 0 -5.9446702003479 -14.9980001449585
-953 0 0 -5.93853998184204 -14.9959001541138
-952 0 0 -5.93240022659302 -14.9937000274658
-951 0 0 -5.92625999450684 -14.9916000366211
-950 42 4 -5.92011976242065 -14.9893999099731
-949 0 0 -5.91398000717163 -14.9871997833252
-948 0 0 -5.90783977508545 -14.9850997924805
-947 0 0 -5.9016900062561 -14.9828996658325
-946 0 0 -5.89554977416992 -14.9806995391846
-945 0 0 -5.88940000534058 -14.9785003662109
-944 0 0 -5.88325023651123 -14.976300239563
-943 0 0 -5.87709999084473 -14.974100112915
-942 0 0 -5.87095022201538 -14.9718999862671
-941 0 0 -5.86479997634888 -14.9696998596191
-940 0 0 -5.85865020751953 -14.9674997329712
-939 0 0 -5.85248994827271 -14.9652996063232
-938 0 0 -5.84634017944336 -14.9631004333496
-937 0 0 -5.84017992019653 -14.9608001708984
-936 0 0 -5.83402013778687 -14.9586000442505
-935 0 0 -5.82786989212036 -14.9563999176025
-934 0 0 -5.82171010971069 -14.9540996551514
-933 0 0 -5.81553983688354 -14.9518995285034
-932 0 0 -5.80938005447388 -14.9496002197266
-931 0 0 -5.80321979522705 -14.9474000930786
-930 0 0 -5.79704999923706 -14.9450998306274
-929 0 0 -5.79089021682739 -14.9427995681763
-928 0 0 -5.78471994400024 -14.9406003952026
-927 0 0 -5.77855014801025 -14.9383001327515
-926 0 0 -5.77237987518311 -14.9359998703003
-925 0 0 -5.76621007919312 -14.9336996078491
-924 0 0 -5.76003980636597 -14.9314002990723
-923 0 0 -5.75385999679565 -14.9291000366211
-922 0 0 -5.74769020080566 -14.9267997741699
-921 0 0 -5.74150991439819 -14.9245004653931
-920 0 0 -5.7353401184082 -14.9222002029419
-919 0 0 -5.72915983200073 -14.9197998046875
-918 0 0 -5.72298002243042 -14.9174995422363
-917 0 0 -5.71680021286011 -14.9152002334595
-916 0 0 -5.71060991287231 -14.9127998352051
-915 0 0 -5.704430103302 -14.9104995727539
-914 0 0 -5.69824981689453 -14.9081001281738
-913 0 0 -5.6920599937439 -14.9057998657227
-912 0 0 -5.68587017059326 -14.9034004211426
-911 0 0 -5.67967987060547 -14.9010000228882
-910 0 0 -5.67349004745483 -14.8985996246338
-909 0 0 -5.6673002243042 -14.8963003158569
-908 0 0 -5.66110992431641 -14.8938999176025
-907 0 0 -5.65492010116577 -14.8915004730225
-906 0 0 -5.64871978759766 -14.8891000747681
-905 0 0 -5.64252996444702 -14.8866996765137
-904 0 0 -5.63633012771606 -14.8843002319336
-903 0 0 -5.63012981414795 -14.881799697876
-902 0 0 -5.62392997741699 -14.8794002532959
-901 0 0 -5.61773014068604 -14.8769998550415
-900 41 4 -5.61152982711792 -14.8746004104614
-899 0 0 -5.60531997680664 -14.8720998764038
-898 0 0 -5.59912014007568 -14.8697004318237
-897 0 0 -5.59290981292725 -14.8671998977661
-896 0 0 -5.58669996261597 -14.864800453186
-895 0 0 -5.58050012588501 -14.8622999191284
-894 0 0 -5.57428979873657 -14.8598003387451
-893 0 0 -5.56806993484497 -14.8572998046875
-892 0 0 -5.56186008453369 -14.8549003601074
-891 0 0 -5.55565023422241 -14.8523998260498
-890 0 0 -5.54942989349365 -14.8499002456665
-889 0 0 -5.54322004318237 -14.8473997116089
-888 0 0 -5.53700017929077 -14.8449001312256
-887 0 0 -5.53077983856201 -14.8423004150391
-886 0 0 -5.52455997467041 -14.8397998809814
-885 0 0 -5.51834011077881 -14.8373003005981
-884 0 0 -5.51211977005005 -14.8347997665405
-883 0 0 -5.50588989257813 -14.832200050354
-882 0 0 -5.49967002868652 -14.8297004699707
-881 0 0 -5.4934401512146 -14.8270998001099
-880 0 0 -5.48720979690552 -14.8246002197266
-879 0 0 -5.48097991943359 -14.8219995498657
-878 0 0 -5.47475004196167 -14.8193998336792
-877 0 0 -5.46852016448975 -14.8168001174927
-876 0 0 -5.46228981018066 -14.8142004013062
-875 0 0 -5.45604991912842 -14.8116998672485
-874 0 0 -5.44982004165649 -14.809100151062
-873 0 0 -5.44358015060425 -14.8064002990723
-872 0 0 -5.43733978271484 -14.8037996292114
-871 0 0 -5.4310998916626 -14.8011999130249
-870 0 0 -5.42486000061035 -14.7986001968384
-869 0 0 -5.41862010955811 -14.7959995269775
-868 0 0 -5.41237020492554 -14.7932996749878
-867 0 0 -5.40612983703613 -14.7906999588013
-866 0 0 -5.39987993240356 -14.7880001068115
-865 0 0 -5.39364004135132 -14.785400390625
-864 0 0 -5.38739013671875 -14.7826995849609
-863 0 0 -5.38114023208618 -14.7799997329712
-862 0 0 -5.37488985061646 -14.7772998809814
-861 0 0 -5.36862993240356 -14.7746000289917
-860 0 0 -5.362380027771 -14.771900177002
-859 0 0 -5.35612010955811 -14.7692003250122
-858 0 0 -5.34987020492554 -14.7665004730225
-857 0 0 -5.34360980987549 -14.7637996673584
-856 0 0 -5.3373498916626 -14.7610998153687
-855 0 0 -5.33108997344971 -14.7583999633789
-854 0 0 -5.32483005523682 -14.7555999755859
-853 0 0 -5.3185601234436 -14.7529001235962
-852 0 0 -5.31230020523071 -14.7501001358032
-851 0 0 -5.30602979660034 -14.7474002838135
-850 40 4 -5.29975986480713 -14.7446002960205
-849 0 0 -5.29349994659424 -14.7418003082275
-848 0 0 -5.28723001480103 -14.7391004562378
-847 0 0 -5.28095006942749 -14.7363004684448
-846 0 0 -5.27468013763428 -14.7334995269775
-845 0 0 -5.26841020584106 -14.7306995391846
-844 0 0 -5.26212978363037 -14.7278995513916
-843 0 0 -5.25584983825684 -14.7250003814697
-842 0 0 -5.24957990646362 -14.7222003936768
-841 0 0 -5.24329996109009 -14.7194004058838
-840 0 0 -5.23702001571655 -14.7165002822876
-839 0 0 -5.2307300567627 -14.7137002944946
-838 0 0 -5.22445011138916 -14.7108001708984
-837 0 0 -5.21817016601563 -14.7080001831055
-836 0 0 -5.21188020706177 -14.7051000595093
-835 0 0 -5.20558977127075 -14.7021999359131
-834 0 0 -5.19929981231689 -14.6992998123169
-833 0 0 -5.19300985336304 -14.6963996887207
-832 0 0 -5.18671989440918 -14.6934995651245
-831 0 0 -5.18042993545532 -14.6906003952026
-830 0 0 -5.17412996292114 -14.6877002716064
-829 0 0 -5.16784000396729 -14.6848001480103
-828 0 0 -5.16154003143311 -14.6817998886108
-827 0 0 -5.15524005889893 -14.6788997650146
-826 0 0 -5.14894008636475 -14.6759996414185
-825 0 0 -5.14264011383057 -14.6730003356934
-824 0 0 -5.13634014129639 -14.6700000762939
-823 0 0 -5.13003015518188 -14.6670999526978
-822 0 0 -5.12373018264771 -14.6640996932983
-821 0 0 -5.1174201965332 -14.6611003875732
-820 0 0 -5.1111102104187 -14.6581001281738
-819 0 0 -5.1048002243042 -14.6550998687744
-818 0 0 -5.0984902381897 -14.652099609375
-817 0 0 -5.09217977523804 -14.6490001678467
-816 0 0 -5.08585977554321 -14.6459999084473
-815 0 0 -5.07954978942871 -14.6429996490479
-814 0 0 -5.07322978973389 -14.6399002075195
-813 0 0 -5.06690979003906 -14.6368999481201
-812 0 0 -5.06059980392456 -14.6337995529175
-811 0 0 -5.05426979064941 -14.6307001113892
-810 0 0 -5.04794979095459 -14.6275997161865
-809 0 0 -5.04162979125977 -14.6245002746582
-808 0 0 -5.03529977798462 -14.6215000152588
-807 0 0 -5.02897977828979 -14.6183004379272
-806 0 0 -5.02264976501465 -14.6152000427246
-805 0 0 -5.01632022857666 -14.612099647522
-804 0 0 -5.00999021530151 -14.6090002059937
-803 0 0 -5.00366020202637 -14.6057996749878
-802 0 0 -4.9973201751709 -14.6027002334595
-801 0 0 -4.99099016189575 -14.5994997024536
-800 39 4 -4.98465013504028 -14.5963001251221
-799 0 0 -4.97831010818481 -14.5931997299194
-798 0 0 -4.97197008132935 -14.5900001525879
-797 0 0 -4.96563005447388 -14.586799621582
-796 0 0 -4.95929002761841 -14.5836000442505
-795 0 0 -4.95295000076294 -14.5804004669189
-794 0 0 -4.94659996032715 -14.5770998001099
-793 0 0 -4.94025993347168 -14.5739002227783
-792 0 0 -4.93390989303589 -14.5705995559692
-791 0 0 -4.9275598526001 -14.5673999786377
-790 0 0 -4.92120981216431 -14.5641002655029
-789 0 0 -4.91485977172852 -14.5608997344971
-788 0 0 -4.90850019454956 -14.5576000213623
-787 0 0 -4.90215015411377 -14.5543003082275
-786 0 0 -4.89579010009766 -14.5509996414185
-785 0 0 -4.88943004608154 -14.5476999282837
-784 0 0 -4.88306999206543 -14.5444002151489
-783 0 0 -4.87670993804932 -14.5410003662109
-782 0 0 -4.8703498840332 -14.5376996994019
-781 0 0 -4.86397981643677 -14.5343999862671
-780 0 0 -4.85761976242065 -14.5310001373291
-779 0 0 -4.85125017166138 -14.5276002883911
-778 0 0 -4.84488010406494 -14.524299621582
-777 0 0 -4.83851003646851 -14.520899772644
-776 0 0 -4.83213996887207 -14.5174999237061
-775 0 0 -4.82576990127563 -14.5141000747681
-774 0 0 -4.81938982009888 -14.5107002258301
-773 0 0 -4.8130202293396 -14.5072002410889
-772 0 0 -4.80664014816284 -14.5038003921509
-771 0 0 -4.80026006698608 -14.5003004074097
-770 0 0 -4.79387998580933 -14.4968996047974
-769 0 0 -4.78749990463257 -14.4933996200562
-768 0 0 -4.78111982345581 -14.4898996353149
-767 0 0 -4.77473020553589 -14.486499786377
-766 0 0 -4.76835012435913 -14.4829998016357
-765 0 0 -4.76196002960205 -14.4794998168945
-764 0 0 -4.75556993484497 -14.4758996963501
-763 0 0 -4.74917984008789 -14.4723997116089
-762 0 0 -4.74279022216797 -14.4688997268677
-761 0 0 -4.73639011383057 -14.4652996063232
-760 0 0 -4.73000001907349 -14.461799621582
-759 0 0 -4.72359991073608 -14.4582004547119
-758 0 0 -4.71719980239868 -14.4546003341675
-757 0 0 -4.71080017089844 -14.451000213623
-756 0 0 -4.70440006256104 -14.4474000930786
-755 0 0 -4.69799995422363 -14.4437999725342
-754 0 0 -4.69158983230591 -14.4401998519897
-753 0 0 -4.68519020080566 -14.4364995956421
-752 0 0 -4.67878007888794 -14.432900428772
-751 0 0 -4.67236995697021 -14.4292001724243
-750 38 4 -4.66595983505249 -14.4256000518799
-749 0 0 -4.65955018997192 -14.4218997955322
-748 0 0 -4.65313005447388 -14.4181995391846
-747 0 0 -4.64671993255615 -14.4145002365112
-746 0 0 -4.64029979705811 -14.4107999801636
-745 0 0 -4.63388013839722 -14.4069995880127
-744 0 0 -4.62746000289917 -14.4033002853394
-743 0 0 -4.62103986740112 -14.3994998931885
-742 0 0 -4.61462020874023 -14.3957996368408
-741 0 0 -4.60819005966187 -14.3920001983643
-740 0 0 -4.60176992416382 -14.3881998062134
-739 0 0 -4.59533977508545 -14.3844003677368
-738 0 0 -4.58891010284424 -14.3805999755859
-737 0 0 -4.58247995376587 -14.3767995834351
-736 0 0 -4.5760498046875 -14.3730001449585
-735 0 0 -4.56961011886597 -14.3690996170044
-734 0 0 -4.5631799697876 -14.3653001785278
-733 0 0 -4.55673980712891 -14.3613996505737
-732 0 0 -4.55030012130737 -14.3575000762939
-731 0 0 -4.54385995864868 -14.3535995483398
-730 0 0 -4.53741979598999 -14.3496999740601
-729 0 0 -4.53097009658813 -14.3458003997803
-728 0 0 -4.52452993392944 -14.3418998718262
-727 0 0 -4.51808023452759 -14.3380002975464
-726 0 0 -4.51163005828857 -14.3339996337891
-725 0 0 -4.50517988204956 -14.3299999237061
-724 0 0 -4.49873018264771 -14.3261003494263
-723 0 0 -4.49228000640869 -14.3220996856689
-722 0 0 -4.48581981658936 -14.3180999755859
-721 0 0 -4.4793701171875 -14.3141002655029
-720 0 0 -4.47290992736816 -14.3100004196167
-719 0 0 -4.46645021438599 -14.3059997558594
-718 0 0 -4.45999002456665 -14.3018999099731
-717 0 0 -4.45351982116699 -14.2979001998901
-716 0 0 -4.44706010818481 -14.2938003540039
-715 0 0 -4.44058990478516 -14.2896995544434
-714 0 0 -4.43412017822266 -14.2855997085571
-713 0 0 -4.427649974823 -14.2814998626709
-712 0 0 -4.42117977142334 -14.2772998809814
-711 0 0 -4.41471004486084 -14.2732000350952
-710 0 0 -4.40822982788086 -14.2690000534058
-709 0 0 -4.40176010131836 -14.2648000717163
-708 0 0 -4.39527988433838 -14.2607002258301
-707 0 0 -4.38880014419556 -14.2565002441406
-706 0 0 -4.38231992721558 -14.2522001266479
-705 0 0 -4.37583017349243 -14.2480001449585
-704 0 0 -4.36934995651245 -14.243800163269
-703 0 0 -4.36286020278931 -14.2395000457764
-702 0 0 -4.356369972229 -14.2351999282837
-701 0 0 -4.34988021850586 -14.2309999465942
-700 37 4 -4.34338998794556 -14.2266998291016
-699 0 0 -4.33690023422241 -14.2223997116089
-698 0 0 -4.33039999008179 -14.2180004119873
-697 0 0 -4.32391023635864 -14.2137002944946
-696 0 0 -4.31740999221802 -14.2093000411987
-695 0 0 -4.31091022491455 -14.2049999237061
-694 0 0 -4.30440998077393 -14.2005996704102
-693 0 0 -4.29790019989014 -14.1962003707886
-692 0 0 -4.29139995574951 -14.1918001174927
-691 0 0 -4.28489017486572 -14.1872997283936
-690 0 0 -4.27837991714478 -14.182900428772
-689 0 0 -4.27187013626099 -14.1784000396729
-688 0 0 -4.26535987854004 -14.173999786377
-687 0 0 -4.25884008407593 -14.1695003509521
-686 0 0 -4.25232982635498 -14.164999961853
-685 0 0 -4.24581003189087 -14.1604995727539
-684 0 0 -4.23929023742676 -14.1559000015259
-683 0 0 -4.23276996612549 -14.1513996124268
-682 0 0 -4.22625017166138 -14.1468000411987
-681 0 0 -4.21971988677979 -14.1422004699707
-680 0 0 -4.21320009231567 -14.1375999450684
-679 0 0 -4.20666980743408 -14.1330003738403
-678 0 0 -4.20013999938965 -14.128399848938
-677 0 0 -4.19361019134521 -14.1237001419067
-676 0 0 -4.1870698928833 -14.1190996170044
-675 0 0 -4.18054008483887 -14.1143999099731
-674 0 0 -4.17399978637695 -14.1097002029419
-673 0 0 -4.1674599647522 -14.1049995422363
-672 0 0 -4.16092014312744 -14.1002998352051
-671 0 0 -4.15437984466553 -14.0954999923706
-670 0 0 -4.14783000946045 -14.0908002853394
-669 0 0 -4.14129018783569 -14.0860004425049
-668 0 0 -4.13473987579346 -14.0811996459961
-667 0 0 -4.12819004058838 -14.0763998031616
-666 0 0 -4.1216402053833 -14.0715999603271
-665 0 0 -4.11507987976074 -14.0668001174927
-664 0 0 -4.10853004455566 -14.061900138855
-663 0 0 -4.10197019577026 -14.0570001602173
-662 0 0 -4.09540987014771 -14.0521001815796
-661 0 0 -4.0888500213623 -14.0472002029419
-660 0 0 -4.0822901725769 -14.0423002243042
-659 0 0 -4.07571983337402 -14.0374002456665
-658 0 0 -4.06915998458862 -14.0324001312256
-657 0 0 -4.0625901222229 -14.0274000167847
-656 0 0 -4.05601978302002 -14.0223999023438
-655 0 0 -4.0494499206543 -14.0173997879028
-654 0 0 -4.04287004470825 -14.0123996734619
-653 0 0 -4.03629016876221 -14.0073003768921
-652 0 0 -4.02971982955933 -14.0023002624512
-651 0 0 -4.02313995361328 -13.997200012207
-650 36 4 -4.01656007766724 -13.9920997619629
-649 0 0 -4.00997018814087 -13.9870004653931
-648 0 0 -4.00338983535767 -13.9818000793457
-647 0 0 -3.9967999458313 -13.9765996932983
-646 0 0 -3.99021005630493 -13.9715003967285
-645 0 0 -3.98361992835999 -13.9663000106812
-644 0 0 -3.9770200252533 -13.9610996246338
-643 0 0 -3.97042989730835 -13.9558000564575
-642 0 0 -3.96382999420166 -13.9505996704102
-641 0 0 -3.95723009109497 -13.9453001022339
-640 0 0 -3.9506299495697 -13.9399995803833
-639 0 0 -3.94403004646301 -13.934700012207
-638 0 0 -3.93741989135742 -13.9294004440308
-637 0 0 -3.93081998825073 -13.923999786377
-636 0 0 -3.92421007156372 -13.9186000823975
-635 0 0 -3.91759991645813 -13.913200378418
-634 0 0 -3.9109799861908 -13.9077997207642
-633 0 0 -3.90437006950378 -13.9024000167847
-632 0 0 -3.89774990081787 -13.8970003128052
-631 0 0 -3.89112997055054 -13.8915004730225
-630 0 0 -3.8845100402832 -13.8859996795654
-629 0 0 -3.87789011001587 -13.8804998397827
-628 0 0 -3.87125992774963 -13.8748998641968
-627 0 0 -3.86462998390198 -13.8694000244141
-626 0 0 -3.85800004005432 -13.8638000488281
-625 0 0 -3.85137009620667 -13.8582000732422
-624 0 0 -3.84473991394043 -13.8526000976563
-623 0 0 -3.83809995651245 -13.8470001220703
-622 0 0 -3.83147001266479 -13.8413000106812
-621 0 0 -3.82483005523682 -13.835599899292
-620 0 0 -3.81818008422852 -13.8298997879028
-619 0 0 -3.81153988838196 -13.8241996765137
-618 0 0 -3.80489993095398 -13.8184003829956
-617 0 0 -3.79824995994568 -13.8127002716064
-616 0 0 -3.79159998893738 -13.8069000244141
-615 0 0 -3.78494000434875 -13.8010997772217
-614 0 0 -3.77829003334045 -13.7952003479004
-613 0 0 -3.77163004875183 -13.789400100708
-612 0 0 -3.76498007774353 -13.7834997177124
-611 0 0 -3.75831007957458 -13.7776002883911
-610 0 0 -3.75165009498596 -13.7716999053955
-609 0 0 -3.74499011039734 -13.765700340271
-608 0 0 -3.73832011222839 -13.7597999572754
-607 0 0 -3.73165011405945 -13.7538003921509
-606 0 0 -3.7249801158905 -13.7476997375488
-605 0 0 -3.71830010414124 -13.7417001724243
-604 0 0 -3.71163010597229 -13.7356004714966
-603 0 0 -3.70495009422302 -13.7294998168945
-602 0 0 -3.69827008247375 -13.7234001159668
-601 0 0 -3.69159007072449 -13.7173004150391
-600 35 4 -3.6849000453949 -13.7110996246338
-599 0 0 -3.67822003364563 -13.7048997879028
-598 0 0 -3.67153000831604 -13.6986999511719
-597 0 0 -3.66482996940613 -13.6925001144409
-596 0 0 -3.65813994407654 -13.6862001419067
-595 0 0 -3.65144991874695 -13.6799001693726
-594 0 0 -3.64475011825562 -13.6736001968384
-593 0 0 -3.6380500793457 -13.6673002243042
-592 0 0 -3.63134002685547 -13.6609001159668
-591 0 0 -3.62463998794556 -13.6545000076294
-590 0 0 -3.61792993545532 -13.648099899292
-589 0 0 -3.61121988296509 -13.6416997909546
-588 0 0 -3.60451006889343 -13.635199546814
-587 0 0 -3.5978000164032 -13.6287002563477
-586 0 0 -3.59107995033264 -13.622200012207
-585 0 0 -3.58435988426208 -13.6156997680664
-584 0 0 -3.57764005661011 -13.6091003417969
-583 0 0 -3.57090997695923 -13.602499961853
-582 0 0 -3.56418991088867 -13.5958995819092
-581 0 0 -3.55746006965637 -13.5892000198364
-580 0 0 -3.55072999000549 -13.5825004577637
-579 0 0 -3.54399991035461 -13.5757999420166
-578 0 0 -3.53726005554199 -13.5691003799438
-577 0 0 -3.53051996231079 -13.5622997283936
-576 0 0 -3.52378010749817 -13.5555000305176
-575 0 0 -3.51704001426697 -13.5487003326416
-574 0 0 -3.51028990745544 -13.5418996810913
-573 0 0 -3.50355005264282 -13.5349998474121
-572 0 0 -3.4967999458313 -13.5281000137329
-571 0 0 -3.49004006385803 -13.5212001800537
-570 0 0 -3.48328995704651 -13.5142002105713
-569 0 0 -3.47653007507324 -13.5072002410889
-568 0 0 -3.4697699546814 -13.5002002716064
-567 0 0 -3.46301007270813 -13.4931001663208
-566 0 0 -3.45623993873596 -13.4860000610352
-565 0 0 -3.4494800567627 -13.4788999557495
-564 0 0 -3.44270992279053 -13.4717998504639
-563 0 0 -3.43593001365662 -13.464599609375
-562 0 0 -3.42916011810303 -13.4574003219604
-561 0 0 -3.42237997055054 -13.4502000808716
-560 0 0 -3.41560006141663 -13.4428997039795
-559 0 0 -3.40881991386414 -13.4356002807617
-558 0 0 -3.4020299911499 -13.4282999038696
-557 0 0 -3.39524006843567 -13.4209003448486
-556 0 0 -3.38844990730286 -13.4134998321533
-555 0 0 -3.38165998458862 -13.4061002731323
-554 0 0 -3.37487006187439 -13.3985996246338
-553 0 0 -3.36806988716125 -13.3910999298096
-552 0 0 -3.3612699508667 -13.3836002349854
-551 0 0 -3.35446000099182 -13.3760004043579
-550 34 4 -3.34766006469727 -13.3684997558594
-549 0 0 -3.34085011482239 -13.3607997894287
-548 0 0 -3.33402991294861 -13.3531999588013
-547 0 0 -3.32721996307373 -13.3454999923706
-546 0 0 -3.32039999961853 -13.3378000259399
-545 0 0 -3.31358003616333 -13.3299999237061
-544 0 0 -3.30676007270813 -13.3221998214722
-543 0 0 -3.29993009567261 -13.3143997192383
-542 0 0 -3.29310989379883 -13.3065004348755
-541 0 0 -3.28627991676331 -13.2986001968384
-540 0 0 -3.27943992614746 -13.2906999588013
-539 0 0 -3.27259993553162 -13.2826995849609
-538 0 0 -3.26576995849609 -13.2747001647949
-537 0 0 -3.25891995429993 -13.2665996551514
-536 0 0 -3.25207996368408 -13.2586002349854
-535 0 0 -3.24522995948792 -13.2504997253418
-534 0 0 -3.23837995529175 -13.2423000335693
-533 0 0 -3.23152995109558 -13.2341003417969
-532 0 0 -3.22466993331909 -13.2258996963501
-531 0 0 -3.2178099155426 -13.2175998687744
-530 0 0 -3.21094989776611 -13.2093000411987
-529 0 0 -3.20408010482788 -13.201000213623
-528 0 0 -3.19721007347107 -13.1926002502441
-527 0 0 -3.19034004211426 -13.1842002868652
-526 0 0 -3.18347001075745 -13.1757001876831
-525 0 0 -3.17658996582031 -13.167200088501
-524 0 0 -3.16970992088318 -13.1586999893188
-523 0 0 -3.16283011436462 -13.1500997543335
-522 0 0 -3.15594005584717 -13.1415004730225
-521 0 0 -3.14904999732971 -13.1328001022339
-520 0 0 -3.14215993881226 -13.1240997314453
-519 0 0 -3.13527011871338 -13.1154003143311
-518 0 0 -3.1283700466156 -13.1065998077393
-517 0 0 -3.12146997451782 -13.0977001190186
-516 0 0 -3.11455988883972 -13.0888996124268
-515 0 0 -3.1076500415802 -13.0799999237061
-514 0 0 -3.1007399559021 -13.0710000991821
-513 0 0 -3.09383010864258 -13.0620002746582
-512 0 0 -3.08691000938416 -13.0530004501343
-511 0 0 -3.07998991012573 -13.0438995361328
-510 0 0 -3.07307004928589 -13.0347995758057
-509 0 0 -3.06613993644714 -13.0256004333496
-508 0 0 -3.05921006202698 -13.0164003372192
-507 0 0 -3.05227994918823 -13.0071001052856
-506 0 0 -3.04534006118774 -12.9977998733521
-505 0 0 -3.03839993476868 -12.9884996414185
-504 0 0 -3.03146004676819 -12.979100227356
-503 0 0 -3.0245099067688 -12.9695997238159
-502 0 0 -3.01756000518799 -12.9601001739502
-501 0 0 -3.01061010360718 -12.9505996704102
-500 33 4 -3.00364995002747 -12.9409999847412
-499 0 0 -2.99669003486633 -12.9314002990723
-498 0 0 -2.98972988128662 -12.9216995239258
-497 0 0 -2.98275995254517 -12.9119997024536
-496 0 0 -2.97579002380371 -12.9021997451782
-495 0 0 -2.96882009506226 -12.8923997879028
-494 0 0 -2.9618399143219 -12.8824996948242
-493 0 0 -2.95485997200012 -12.8725996017456
-492 0 0 -2.94788002967834 -12.8626003265381
-491 0 0 -2.94089007377625 -12.8526000976563
-490 0 0 -2.93390011787415 -12.8424997329712
-489 0 0 -2.92689990997314 -12.8324003219604
-488 0 0 -2.91989994049072 -12.8221998214722
-487 0 0 -2.9128999710083 -12.8120002746582
-486 0 0 -2.90590000152588 -12.8016996383667
-485 0 0 -2.89889001846313 -12.7913999557495
-484 0 0 -2.89187002182007 -12.7810001373291
-483 0 0 -2.88486003875732 -12.7705001831055
-482 0 0 -2.87784004211426 -12.7600002288818
-481 0 0 -2.87081003189087 -12.7495002746582
-480 0 0 -2.86378002166748 -12.7389001846313
-479 0 0 -2.85675001144409 -12.7281999588013
-478 0 0 -2.8497200012207 -12.7174997329712
-477 0 0 -2.84267997741699 -12.7067003250122
-476 0 0 -2.83562994003296 -12.6958999633789
-475 0 0 -2.82858991622925 -12.6850004196167
-474 0 0 -2.82154011726379 -12.673999786377
-473 0 0 -2.81448006629944 -12.6630001068115
-472 0 0 -2.80742001533508 -12.6520004272461
-471 0 0 -2.80035996437073 -12.6408004760742
-470 0 0 -2.79328989982605 -12.6296997070313
-469 0 0 -2.78622007369995 -12.6183996200562
-468 0 0 -2.77915000915527 -12.6070995330811
-467 0 0 -2.77206993103027 -12.5958003997803
-466 0 0 -2.76498007774353 -12.5843000411987
-465 0 0 -2.75789999961853 -12.5727996826172
-464 0 0 -2.75080990791321 -12.56130027771
-463 0 0 -2.74371004104614 -12.5496997833252
-462 0 0 -2.7366099357605 -12.5380001068115
-461 0 0 -2.72951006889343 -12.5263004302979
-460 0 0 -2.72239995002747 -12.5144996643066
-459 0 0 -2.71529006958008 -12.5025997161865
-458 0 0 -2.70816993713379 -12.4905996322632
-457 0 0 -2.70105004310608 -12.4785995483398
-456 0 0 -2.69391989707947 -12.4666004180908
-455 0 0 -2.68678998947144 -12.454400062561
-454 0 0 -2.6796600818634 -12.4421997070313
-453 0 0 -2.67251992225647 -12.4300003051758
-452 0 0 -2.66538000106812 -12.4175996780396
-451 0 0 -2.65823006629944 -12.4052000045776
-450 32 4 -2.65107989311218 -12.3927001953125
-449 0 0 -2.64391994476318 -12.3802003860474
-448 0 0 -2.63675999641418 -12.367600440979
-447 0 0 -2.62959003448486 -12.3549003601074
-446 0 0 -2.62242007255554 -12.3421001434326
-445 0 0 -2.61525011062622 -12.3291997909546
-444 0 0 -2.608069896698 -12.3163003921509
-443 0 0 -2.60087990760803 -12.3032999038696
-442 0 0 -2.59368991851807 -12.2903003692627
-441 0 0 -2.5864999294281 -12.277099609375
-440 0 0 -2.57929992675781 -12.2638998031616
-439 0 0 -2.57209992408752 -12.250599861145
-438 0 0 -2.56488990783691 -12.2371997833252
-437 0 0 -2.55767011642456 -12.2237997055054
-436 0 0 -2.55045008659363 -12.2103004455566
-435 0 0 -2.5432300567627 -12.1967000961304
-434 0 0 -2.53600001335144 -12.1829996109009
-433 0 0 -2.52876996994019 -12.1691999435425
-432 0 0 -2.52152991294861 -12.1553001403809
-431 0 0 -2.51428008079529 -12.1414003372192
-430 0 0 -2.50704002380371 -12.1274003982544
-429 0 0 -2.49977993965149 -12.1133003234863
-428 0 0 -2.49252009391785 -12.099100112915
-427 0 0 -2.48526000976563 -12.0847997665405
-426 0 0 -2.47797989845276 -12.0704002380371
-425 0 0 -2.47071003913879 -12.0559997558594
-424 0 0 -2.46342992782593 -12.0415000915527
-423 0 0 -2.45614004135132 -12.0268001556396
-422 0 0 -2.44884991645813 -12.0121002197266
-421 0 0 -2.4415500164032 -11.9973001480103
-420 0 0 -2.43425011634827 -11.9823999404907
-419 0 0 -2.42693996429443 -11.967399597168
-418 0 0 -2.41962003707886 -11.9523000717163
-417 0 0 -2.41230010986328 -11.9371995925903
-416 0 0 -2.40497994422913 -11.9218997955322
-415 0 0 -2.39765000343323 -11.9064998626709
-414 0 0 -2.39031004905701 -11.8909997940063
-413 0 0 -2.38296008110046 -11.8754997253418
-412 0 0 -2.37561011314392 -11.8598003387451
-411 0 0 -2.3682599067688 -11.8440999984741
-410 0 0 -2.36089992523193 -11.828200340271
-409 0 0 -2.35352993011475 -11.8121995925903
-408 0 0 -2.34615993499756 -11.796199798584
-407 0 0 -2.33877992630005 -11.7799997329712
-406 0 0 -2.33138990402222 -11.7636995315552
-405 0 0 -2.32399988174438 -11.7474002838135
-404 0 0 -2.31660008430481 -11.730899810791
-403 0 0 -2.30919003486633 -11.7143001556396
-402 0 0 -2.30177998542786 -11.6976003646851
-401 0 0 -2.29435992240906 -11.6808004379272
-400 31 4 -2.28694009780884 -11.6639003753662
-399 0 0 -2.27951002120972 -11.6468000411987
-398 0 0 -2.27206993103027 -11.6296997070313
-397 0 0 -2.26463007926941 -11.6125001907349
-396 0 0 -2.25716996192932 -11.595100402832
-395 0 0 -2.24972009658813 -11.5775995254517
-394 0 0 -2.24224996566772 -11.5600004196167
-393 0 0 -2.23478007316589 -11.5423002243042
-392 0 0 -2.22729992866516 -11.5243997573853
-391 0 0 -2.21982002258301 -11.5065002441406
-390 0 0 -2.21232008934021 -11.4884004592896
-389 0 0 -2.20481991767883 -11.4701995849609
-388 0 0 -2.19731998443604 -11.4518995285034
-387 0 0 -2.18980002403259 -11.4334001541138
-386 0 0 -2.18228006362915 -11.4147996902466
-385 0 0 -2.17475008964539 -11.3961000442505
-384 0 0 -2.16722011566162 -11.3773002624512
-383 0 0 -2.15967011451721 -11.3583002090454
-382 0 0 -2.1521201133728 -11.3392000198364
-381 0 0 -2.14456009864807 -11.3199996948242
-380 0 0 -2.13699007034302 -11.3007001876831
-379 0 0 -2.12942004203796 -11.2812004089355
-378 0 0 -2.12184000015259 -11.2615003585815
-377 0 0 -2.11424994468689 -11.2417001724243
-376 0 0 -2.10665011405945 -11.2217998504639
-375 0 0 -2.09904003143311 -11.2018003463745
-374 0 0 -2.09142994880676 -11.1815996170044
-373 0 0 -2.08381009101868 -11.1611995697021
-372 0 0 -2.07616996765137 -11.1408004760742
-371 0 0 -2.06854009628296 -11.1201000213623
-370 0 0 -2.06088995933533 -11.0993003845215
-369 0 0 -2.05323004722595 -11.0783996582031
-368 0 0 -2.045569896698 -11.0572996139526
-367 0 0 -2.03788995742798 -11.0361003875732
-366 0 0 -2.03021001815796 -11.0146999359131
-365 0 0 -2.02252006530762 -10.9931001663208
-364 0 0 -2.01482009887695 -10.9714002609253
-363 0 0 -2.00711011886597 -10.9496002197266
-362 0 0 -1.99940001964569 -10.9274997711182
-361 0 0 -1.99167001247406 -10.9053001403809
-360 0 0 -1.98392999172211 -10.8830003738403
-359 0 0 -1.97618997097015 -10.8605003356934
-358 0 0 -1.96844005584717 -10.8378000259399
-357 0 0 -1.96066999435425 -10.8149003982544
-356 0 0 -1.95290005207062 -10.7918996810913
-355 0 0 -1.94511997699738 -10.7686996459961
-354 0 0 -1.93731999397278 -10.7453002929688
-353 0 0 -1.92952001094818 -10.7216997146606
-352 0 0 -1.92171001434326 -10.6979999542236
-351 0 0 -1.91389000415802 -10.6740999221802
-350 30 4 -1.90604996681213 -10.6499996185303
-349 0 0 -1.89821004867554 -10.6256999969482
-348 0 0 -1.89035999774933 -10.6012001037598
-347 0 0 -1.88250005245209 -10.5764999389648
-346 0 0 -1.87461996078491 -10.5516996383667
-345 0 0 -1.86673998832703 -10.5265998840332
-344 0 0 -1.8588399887085 -10.5013999938965
-343 0 0 -1.85093998908997 -10.4758996963501
-342 0 0 -1.84301996231079 -10.4503002166748
-341 0 0 -1.83510005474091 -10.4244003295898
-340 0 0 -1.82716000080109 -10.3984003067017
-339 0 0 -1.81921005249023 -10.3720998764038
-338 0 0 -1.81124997138977 -10.3457002639771
-337 0 0 -1.80327999591827 -10.3190002441406
-336 0 0 -1.79528999328613 -10.2920999526978
-335 0 0 -1.78729999065399 -10.2650003433228
-334 0 0 -1.77928996086121 -10.2377004623413
-333 0 0 -1.77128005027771 -10.2102003097534
-332 0 0 -1.76324999332428 -10.1823997497559
-331 0 0 -1.75521004199982 -10.1543998718262
-330 0 0 -1.74714994430542 -10.12619972229
-329 0 0 -1.73908996582031 -10.0978002548218
-328 0 0 -1.73100996017456 -10.0691003799438
-327 0 0 -1.72291994094849 -10.0402002334595
-326 0 0 -1.71481001377106 -10.0109996795654
-325 0 0 -1.70669996738434 -9.98167037963867
-324 0 0 -1.69857001304626 -9.95203971862793
-323 0 0 -1.69043004512787 -9.92216968536377
-322 0 0 -1.68227005004883 -9.89206027984619
-321 0 0 -1.67411005496979 -9.86168956756592
-320 0 0 -1.6659300327301 -9.83108043670654
-319 0 0 -1.65772998332977 -9.80020999908447
-318 0 0 -1.64953005313873 -9.76908016204834
-317 0 0 -1.64130997657776 -9.73768997192383
-316 0 0 -1.63306999206543 -9.70604038238525
-315 0 0 -1.62481999397278 -9.67411994934082
-314 0 0 -1.6165599822998 -9.64192962646484
-313 0 0 -1.60828995704651 -9.60947036743164
-312 0 0 -1.60000002384186 -9.57674026489258
-311 0 0 -1.59168994426727 -9.54372978210449
-310 0 0 -1.58336997032166 -9.51045036315918
-309 0 0 -1.57503998279572 -9.47688007354736
-308 0 0 -1.56668996810913 -9.44301986694336
-307 0 0 -1.55833005905151 -9.40888023376465
-306 0 0 -1.54996001720428 -9.37444019317627
-305 0 0 -1.54156005382538 -9.3397102355957
-304 0 0 -1.53315997123718 -9.30469036102295
-303 0 0 -1.52472996711731 -9.26935958862305
-302 0 0 -1.51629996299744 -9.23373985290527
-301 0 0 -1.50785005092621 -9.19779968261719
-300 29 4 -1.49937999248505 -9.16156005859375
-299 0 0 -1.49089002609253 -9.12500953674316
-298 0 0 -1.48239004611969 -9.08813953399658
-297 0 0 -1.47388005256653 -9.05095958709717
-296 0 0 -1.46535003185272 -9.01344966888428
-295 0 0 -1.45679998397827 -8.97562980651855
-294 0 0 -1.44824004173279 -8.93747043609619
-293 0 0 -1.43965995311737 -8.8989896774292
-292 0 0 -1.4310599565506 -8.86017990112305
-291 0 0 -1.4224499464035 -8.82102966308594
-290 0 0 -1.41382002830505 -8.78155040740967
-289 0 0 -1.40517997741699 -8.74172019958496
-288 0 0 -1.39652001857758 -8.7015495300293
-287 0 0 -1.38784003257751 -8.66104030609131
-286 0 0 -1.37914001941681 -8.62018013000488
-285 0 0 -1.37042999267578 -8.57896995544434
-284 0 0 -1.3617000579834 -8.5374002456665
-283 0 0 -1.3529599905014 -8.49547958374023
-282 0 0 -1.34419000148773 -8.45318984985352
-281 0 0 -1.33540999889374 -8.41055011749268
-280 0 0 -1.32661998271942 -8.36754035949707
-279 0 0 -1.31780004501343 -8.32417011260986
-278 0 0 -1.30896997451782 -8.28042984008789
-277 0 0 -1.30011999607086 -8.23631954193115
-276 0 0 -1.29124999046326 -8.19182968139648
-275 0 0 -1.28236997127533 -8.14696979522705
-274 0 0 -1.27346003055573 -8.10173034667969
-273 0 0 -1.26453995704651 -8.05611038208008
-272 0 0 -1.25560998916626 -8.01010990142822
-271 0 0 -1.24664998054504 -7.96371984481812
-270 0 0 -1.23767995834351 -7.91695022583008
-269 0 0 -1.22869002819061 -7.86980009078979
-268 0 0 -1.21967995166779 -7.82224988937378
-267 0 0 -1.21065998077393 -7.77431011199951
-266 0 0 -1.2016099691391 -7.725989818573
-265 0 0 -1.19254994392395 -7.67726993560791
-264 0 0 -1.18348002433777 -7.62814998626709
-263 0 0 -1.17437994480133 -7.57864999771118
-262 0 0 -1.16526997089386 -7.52873992919922
-261 0 0 -1.15613996982574 -7.47843980789185
-260 0 0 -1.14698994159698 -7.4277400970459
-259 0 0 -1.13782000541687 -7.37664985656738
-258 0 0 -1.12864005565643 -7.32516002655029
-257 0 0 -1.11943995952606 -7.27327013015747
-256 0 0 -1.11021995544434 -7.22098016738892
-255 0 0 -1.10099005699158 -7.16829013824463
-254 0 0 -1.09174001216888 -7.11520004272461
-253 0 0 -1.08247005939484 -7.06171989440918
-252 0 0 -1.07318997383118 -7.00784015655518
-251 0 0 -1.06388998031616 -6.9535698890686
-250 28 4 -1.0545699596405 -6.89890003204346
-249 0 0 -1.04524004459381 -6.84383010864258
-248 0 0 -1.03588998317719 -6.78838014602661
-247 0 0 -1.02653002738953 -6.73253011703491
-246 0 0 -1.0171400308609 -6.6762900352478
-245 0 0 -1.00775003433228 -6.61966991424561
-244 0 0 -0.998336017131805 -6.56266021728516
-243 0 0 -0.988909006118774 -6.50527000427246
-242 0 0 -0.97946697473526 -6.44750022888184
-241 0 0 -0.970009982585907 -6.38933992385864
-240 0 0 -0.960538029670715 -6.33082008361816
-239 0 0 -0.951052010059357 -6.2719202041626
-238 0 0 -0.941551029682159 -6.21264982223511
-237 0 0 -0.932036995887756 -6.15300989151001
-236 0 0 -0.922508001327515 -6.09301996231079
-235 0 0 -0.912967026233673 -6.03266000747681
-234 0 0 -0.903410971164703 -5.9719500541687
-233 0 0 -0.893842995166779 -5.91089010238647
-232 0 0 -0.884262025356293 -5.84948015213013
-231 0 0 -0.874668002128601 -5.78773021697998
-230 0 0 -0.86506199836731 -5.72563982009888
-229 0 0 -0.855443000793457 -5.66321992874146
-228 0 0 -0.845812976360321 -5.60047006607056
-227 0 0 -0.836170971393585 -5.53739976882935
-226 0 0 -0.826517999172211 -5.47400999069214
-225 0 0 -0.816852986812592 -5.41029977798462
-224 0 0 -0.807177007198334 -5.34629011154175
-223 0 0 -0.797491014003754 -5.28198003768921
-222 0 0 -0.787795007228851 -5.21736001968384
-221 0 0 -0.778087973594666 -5.1524600982666
-220 0 0 -0.768370985984802 -5.08726978302002
-219 0 0 -0.758643984794617 -5.02181005477905
-218 0 0 -0.74890798330307 -4.95606994628906
-217 0 0 -0.739162981510162 -4.89005994796753
-216 0 0 -0.729408979415894 -4.82379007339478
-215 0 0 -0.719645977020264 -4.75725984573364
-214 0 0 -0.709873974323273 -4.69048976898193
-213 0 0 -0.700093984603882 -4.62346982955933
-212 0 0 -0.690306007862091 -4.55622005462646
-211 0 0 -0.680508971214294 -4.48872995376587
-210 0 0 -0.670705020427704 -4.42102003097534
-209 0 0 -0.660893976688385 -4.35308980941772
-208 0 0 -0.651075005531311 -4.2849497795105
-207 0 0 -0.641247987747192 -4.21660995483398
-206 0 0 -0.631415009498596 -4.1480598449707
-205 0 0 -0.621573984622955 -4.07931995391846
-204 0 0 -0.611726999282837 -4.01038980484009
-203 0 0 -0.601872980594635 -3.94127988815308
-202 0 0 -0.592013001441956 -3.87199997901917
-201 0 0 -0.582145988941193 -3.80255007743835
-200 27 4 -0.572273015975952 -3.73292994499207
-199 0 0 -0.562394022941589 -3.66315007209778
-198 0 0 -0.552509009838104 -3.59323000907898
-197 0 0 -0.542617976665497 -3.5231499671936
-196 0 0 -0.532720983028412 -3.45293998718262
-195 0 0 -0.522818028926849 -3.3825900554657
-194 0 0 -0.51290899515152 -3.31210994720459
-193 0 0 -0.502995014190674 -3.24150991439819
-192 0 0 -0.493075013160706 -3.17078995704651
-191 0 0 -0.483150005340576 -3.09995007514954
-190 0 0 -0.473219007253647 -3.02901005744934
-189 0 0 -0.463283002376556 -2.9579598903656
-188 0 0 -0.453341007232666 -2.8868100643158
-187 0 0 -0.443394005298615 -2.81556010246277
-186 0 0 -0.433441013097763 -2.74423003196716
-185 0 0 -0.42348301410675 -2.67281007766724
-184 0 0 -0.413520008325577 -2.60131001472473
-183 0 0 -0.403551995754242 -2.52973008155823
-182 0 0 -0.393577992916107 -2.45808005332947
-181 0 0 -0.383597999811172 -2.38635993003845
-180 0 0 -0.373614013195038 -2.31456995010376
-179 0 0 -0.363624006509781 -2.24272990226746
-178 0 0 -0.353628009557724 -2.17081999778748
-177 0 0 -0.343627989292145 -2.09886002540588
-176 0 0 -0.333620995283127 -2.02684998512268
-175 0 0 -0.323610007762909 -1.95478999614716
-174 0 0 -0.313593000173569 -1.88268995285034
-173 0 0 -0.303570002317429 -1.81053996086121
-172 0 0 -0.293541997671127 -1.73836004734039
-171 0 0 -0.283508002758026 -1.666139960289
-170 0 0 -0.273469001054764 -1.5938800573349
-169 0 0 -0.263424009084702 -1.52160000801086
-168 0 0 -0.253374010324478 -1.44928002357483
-167 0 0 -0.243318006396294 -1.37694001197815
-166 0 0 -0.233255997300148 -1.30457997322083
-165 0 0 -0.223188996315002 -1.23219001293182
-164 0 0 -0.213116005063057 -1.1597900390625
-163 0 0 -0.203036993741989 -1.08736002445221
-162 0 0 -0.192953005433083 -1.01493000984192
-161 0 0 -0.182861998677254 -0.942471981048584
-160 0 0 -0.172766998410225 -0.870006024837494
-159 0 0 -0.162664994597435 -0.797528982162476
-158 0 0 -0.152557998895645 -0.725042998790741
-157 0 0 -0.142443999648094 -0.652548015117645
-156 0 0 -0.132326006889343 -0.580045998096466
-155 0 0 -0.122201003134251 -0.507538974285126
-154 0 0 -0.112071000039577 -0.435027003288269
-153 0 0 -0.101934999227524 -0.362511992454529
-152 0 0 -0.0917942002415657 -0.289995014667511
-151 0 0 -0.0816474035382271 -0.21747599542141
-150 26 4 -0.0714951977133751 -0.144955992698669
-149 0 0 -0.0613376013934612 -0.0724371001124382
-148 0 0 -0.0511747002601624 8.10686979093589E-05
-147 0 0 -0.0410065017640591 0.0725975036621094
-146 0 0 -0.0308333002030849 0.145111992955208
-145 0 0 -0.0206550005823374 0.217622995376587
-144 0 0 -0.0104718003422022 0.290129989385605
-143 0 0 -0.000283781002508476 0.362634003162384
-142 0 0 0.00990885030478239 0.435133010149002
-141 0 0 0.0201060008257627 0.507627010345459
-140 0 0 0.0303073991090059 0.580115973949432
-139 0 0 0.0405130982398987 0.652598977088928
-138 0 0 0.0507226996123791 0.725076973438263
-137 0 0 0.0609361007809639 0.797547996044159
-136 0 0 0.0711530968546867 0.870012998580933
-135 0 0 0.0813734009861946 0.942471027374268
-134 0 0 0.0915969014167786 1.0149199962616
-133 0 0 0.101823002099991 1.08737003803253
-132 0 0 0.112052001059055 1.15980005264282
-131 0 0 0.12228299677372 1.23222994804382
-130 0 0 0.132515996694565 1.30464994907379
-129 0 0 0.14275099337101 1.37706995010376
-128 0 0 0.150621995329857 1.43273997306824
-127 0 0 0.158492997288704 1.48840999603271
-126 0 0 0.166363999247551 1.54407000541687
-125 0 0 0.174235999584198 1.5997200012207
-124 0 0 0.182107999920845 1.65538001060486
-123 0 0 0.189979001879692 1.71101999282837
-122 0 0 0.197851002216339 1.7666699886322
-121 0 0 0.205722004175186 1.82229995727539
-120 0 0 0.213593006134033 1.87794005870819
-119 0 0 0.221462994813919 1.93356001377106
-118 0 0 0.229332000017166 1.98917996883392
-117 0 0 0.237198993563652 2.04480004310608
-116 0 0 0.245065003633499 2.10040998458862
-115 0 0 0.252929985523224 2.15601992607117
-114 0 0 0.26079198718071 2.21162009239197
-113 0 0 0.268653005361557 2.26721000671387
-112 0 0 0.276511013507843 2.32279992103577
-111 0 0 0.284366011619568 2.37838006019592
-110 0 0 0.292217999696732 2.4339599609375
-109 0 0 0.300067007541656 2.48953008651733
-108 0 0 0.30791300535202 2.54508996009827
-107 0 0 0.315755009651184 2.60065007209778
-106 0 0 0.323592990636826 2.65619993209839
-105 0 0 0.331425994634628 2.71174001693726
-104 0 0 0.339255005121231 2.7672700881958
-103 0 0 0.347079008817673 2.82279992103577
-102 0 0 0.354898005723953 2.87831997871399
-101 0 0 0.362711012363434 2.93384003639221
-100 25 4 0.370517998933792 2.98934006690979
-99 0 0 0.37831899523735 3.04484009742737
-98 0 0 0.386112987995148 3.10033011436462
-97 0 0 0.393900990486145 3.15580010414124
-96 0 0 0.401681005954742 3.21127009391785
-95 0 0 0.409453004598618 3.26674008369446
-94 0 0 0.41721698641777 3.32219004631042
-93 0 0 0.424973011016846 3.37762999534607
-92 0 0 0.432720005512238 3.43305993080139
-91 0 0 0.440457999706268 3.48847007751465
-90 0 0 0.448186010122299 3.54387998580933
-89 0 0 0.455904990434647 3.59928011894226
-88 0 0 0.463611990213394 3.65465998649597
-87 0 0 0.471309006214142 3.71003007888794
-86 0 0 0.478994995355606 3.76538991928101
-85 0 0 0.48666900396347 3.82072997093201
-84 0 0 0.494331985712051 3.87606000900269
-83 0 0 0.501981019973755 3.93138003349304
-82 0 0 0.509617984294891 3.98668003082275
-81 0 0 0.51724100112915 4.04195976257324
-80 0 0 0.524850010871887 4.09722995758057
-79 0 0 0.532445013523102 4.15248012542725
-78 0 0 0.540026009082794 4.20770978927612
-77 0 0 0.547590970993042 4.26291990280151
-76 0 0 0.555140018463135 4.31812000274658
-75 0 0 0.562672972679138 4.37330007553101
-74 0 0 0.570188999176025 4.42845010757446
-73 0 0 0.577688992023468 4.4835901260376
-72 0 0 0.585169970989227 4.53870010375977
-71 0 0 0.59263402223587 4.59379005432129
-70 0 0 0.600078999996185 4.64885997772217
-69 0 0 0.607505023479462 4.7039098739624
-68 0 0 0.614911019802094 4.75893020629883
-67 0 0 0.622296988964081 4.81392002105713
-66 0 0 0.629662990570068 4.86888980865479
-65 0 0 0.637008011341095 4.92383003234863
-64 0 0 0.644330978393555 4.97875022888184
-63 0 0 0.651632010936737 5.03362989425659
-62 0 0 0.658909976482391 5.08849000930786
-61 0 0 0.666164994239807 5.14332008361816
-60 0 0 0.67339700460434 5.19811010360718
-59 0 0 0.680603981018066 5.25287008285522
-58 0 0 0.687786996364594 5.30761003494263
-57 0 0 0.694944977760315 5.36229991912842
-56 0 0 0.702077984809875 5.41696977615356
-55 0 0 0.709183990955353 5.47159004211426
-54 0 0 0.716262996196747 5.52617979049683
-53 0 0 0.723316013813019 5.58073997497559
-52 0 0 0.730341017246246 5.63525009155273
-51 0 0 0.737338006496429 5.68973016738892
-50 24 4 0.744306027889252 5.74417018890381
-49 0 0 0.751245021820068 5.79857015609741
-48 0 0 0.758154988288879 5.8529200553894
-47 0 0 0.765034973621368 5.90722990036011
-46 0 0 0.771884024143219 5.96150016784668
-45 0 0 0.778702020645142 6.0157299041748
-44 0 0 0.785489022731781 6.06991004943848
-43 0 0 0.792244017124176 6.12404012680054
-42 0 0 0.798967003822327 6.17813014984131
-41 0 0 0.805657029151917 6.23217010498047
-40 0 0 0.812313973903656 6.28615999221802
-39 0 0 0.818937003612518 6.34009981155396
-38 0 0 0.825525999069214 6.39399003982544
-37 0 0 0.832081019878387 6.44783020019531
-36 0 0 0.838599979877472 6.50161981582642
-35 0 0 0.845085024833679 6.55534982681274
-34 0 0 0.851534008979797 6.60902976989746
-33 0 0 0.85794597864151 6.66266012191772
-32 0 0 0.864322006702423 6.7162299156189
-31 0 0 0.870661020278931 6.76975011825562
-30 0 0 0.876963019371033 6.82320976257324
-29 0 0 0.883228003978729 6.87660980224609
-28 0 0 0.889454007148743 6.92995977401733
-27 0 0 0.895641982555389 6.98324012756348
-26 0 0 0.901791989803314 7.03646993637085
-25 0 0 0.907902002334595 7.08964014053345
-24 0 0 0.913973987102509 7.14273977279663
-23 0 0 0.920005023479462 7.19578981399536
-22 0 0 0.925997018814087 7.24877023696899
-21 0 0 0.931949019432068 7.30169010162354
-20 0 0 0.937860012054443 7.35454988479614
-19 0 0 0.943729996681213 7.40735006332397
-18 0 0 0.949559986591339 7.46008014678955
-17 0 0 0.955348014831543 7.51274013519287
-16 0 0 0.96109402179718 7.56534004211426
-15 0 0 0.966799020767212 7.61787986755371
-14 0 0 0.972461998462677 7.67035007476807
-13 0 0 0.97808301448822 7.72275018692017
-12 0 0 0.983662009239197 7.77509021759033
-11 0 0 0.98919802904129 7.82736015319824
-10 0 0 0.992865025997162 7.86217021942139
-9 0 0 0.995298981666565 7.88535976409912
-8 0 0 0.996917009353638 7.90081977844238
-7 0 0 0.997992992401123 7.91111993789673
-6 0 0 0.998709976673126 7.9179801940918
-5 0 0 0.999186992645264 7.92256021499634
-4 0 0 0.99950498342514 7.92561006546021
-3 0 0 0.999716997146606 7.92763996124268
-2 0 0 0.999858975410461 7.92898988723755
1 0 0 1 7.93034982681274
1 0 0 1 7.93034982681274
-2 0 0 1.00013995170593 7.93170022964478
-3 0 0 1.00028002262115 7.93306016921997
-4 0 0 1.00048995018005 7.93509006500244
-5 0 0 1.0008100271225 7.93813991546631
-6 0 0 1.00128996372223 7.94271993637085
-7 0 0 1.00199997425079 7.9495701789856
-8 0 0 1.0030699968338 7.95985984802246
-9 0 0 1.00467002391815 7.97527980804443
-10 0 0 1.00706005096436 7.99841022491455
-11 0 0 1.01063001155853 8.0330696105957
-12 0 0 1.01595997810364 8.08500957489014
-13 0 0 1.02123999595642 8.13687992095947
-14 0 0 1.02646994590759 8.18867969512939
-15 0 0 1.03165996074677 8.24040985107422
-16 0 0 1.03681004047394 8.29207038879395
-17 0 0 1.04191994667053 8.34366035461426
-18 0 0 1.04698002338409 8.39519023895264
-19 0 0 1.05199003219604 8.4466495513916
-20 0 0 1.05695998668671 8.4980297088623
-21 0 0 1.06189000606537 8.54934978485107
-22 0 0 1.06676995754242 8.60060024261475
-23 0 0 1.07160997390747 8.651780128479
-24 0 0 1.07641005516052 8.70289039611816
-25 0 0 1.08115994930267 8.75393009185791
-26 0 0 1.08586001396179 8.80490970611572
-27 0 0 1.09052002429962 8.85581016540527
-28 0 0 1.09513998031616 8.90664958953857
-29 0 0 1.09970998764038 8.95742034912109
-30 0 0 1.10423994064331 9.00811958312988
-31 0 0 1.10871994495392 9.05875968933105
-32 0 0 1.11316001415253 9.10931968688965
-33 0 0 1.11755001544952 9.15981960296631
-34 0 0 1.12189996242523 9.21024990081787
-35 0 0 1.12620997428894 9.2606201171875
-36 0 0 1.13047003746033 9.31091976165771
-37 0 0 1.1346800327301 9.36114978790283
-38 0 0 1.13884997367859 9.41131973266602
-39 0 0 1.14297997951508 9.4614200592041
-40 0 0 1.14707005023956 9.51146030426025
-41 0 0 1.15111005306244 9.56142997741699
-42 0 0 1.1550999879837 9.6113395690918
-43 0 0 1.15904998779297 9.6611795425415
-44 0 0 1.16296005249023 9.71096992492676
-45 0 0 1.16682994365692 9.76068019866943
-46 0 0 1.17065000534058 9.81033992767334
-47 0 0 1.17443001270294 9.85993957519531
-48 0 0 1.1781599521637 9.90946960449219
-49 0 0 1.18184995651245 9.95895004272461
-50 2 4 1.18550002574921 10.0083999633789
-51 0 0 1.18911004066467 10.0577001571655
-52 0 0 1.19266998767853 10.1070003509521
-53 0 0 1.19618999958038 10.1562004089355
-54 0 0 1.19966995716095 10.2054004669189
-55 0 0 1.20309996604919 10.2545003890991
-56 0 0 1.20650005340576 10.3036003112793
-57 0 0 1.20984995365143 10.3526000976563
-58 0 0 1.21316003799438 10.4015998840332
-59 0 0 1.21642994880676 10.4504995346069
-60 0 0 1.21965003013611 10.4993000030518
-61 0 0 1.2228399515152 10.5481004714966
-62 0 0 1.22598004341125 10.5967998504639
-63 0 0 1.22907996177673 10.6455001831055
-64 0 0 1.23213994503021 10.6941995620728
-65 0 0 1.23607003688812 10.757399559021
-66 0 0 1.23992002010345 10.8204002380371
-67 0 0 1.24370002746582 10.8835000991821
-68 0 0 1.24741995334625 10.9463996887207
-69 0 0 1.25107002258301 11.0092000961304
-70 0 0 1.25464999675751 11.0719995498657
-71 0 0 1.25817000865936 11.1346998214722
-72 0 0 1.26162004470825 11.1972999572754
-73 0 0 1.26499998569489 11.2599000930786
-74 0 0 1.26831996440887 11.3224000930786
-75 0 0 1.27157998085022 11.3847999572754
-76 0 0 1.2747700214386 11.4470996856689
-77 0 0 1.27789998054504 11.5094003677368
-78 0 0 1.28095996379852 11.5715999603271
-79 0 0 1.28395998477936 11.6337995529175
-80 0 0 1.28690004348755 11.6957998275757
-81 0 0 1.28978002071381 11.7579002380371
-82 0 0 1.2925900220871 11.8198003768921
-83 0 0 1.29534995555878 11.881799697876
-84 0 0 1.29804003238678 11.9435997009277
-85 0 0 1.30068004131317 12.0053997039795
-86 0 0 1.30324995517731 12.0671997070313
-87 0 0 1.30577003955841 12.1288995742798
-88 0 0 1.30822002887726 12.1905002593994
-89 0 0 1.31061995029449 12.2520999908447
-90 0 0 1.31296002864838 12.31369972229
-91 0 0 1.31525003910065 12.3752002716064
-92 0 0 1.31746995449066 12.4366998672485
-93 0 0 1.31964004039764 12.4982004165649
-94 0 0 1.32176005840302 12.5595998764038
-95 0 0 1.32381999492645 12.6209001541138
-96 0 0 1.32581996917725 12.6822996139526
-97 0 0 1.32776999473572 12.7435998916626
-98 0 0 1.32966995239258 12.8048000335693
-99 0 0 1.33150994777679 12.8661003112793
-100 3 4 1.33329999446869 12.927300453186
-101 0 0 1.33503997325897 12.9884996414185
-102 0 0 1.33671998977661 13.049599647522
-103 0 0 1.33835995197296 13.1107997894287
-104 0 0 1.33993995189667 13.1718997955322
-105 0 0 1.34147000312805 13.2329998016357
-106 0 0 1.34296000003815 13.2940998077393
-107 0 0 1.3443900346756 13.3550996780396
-108 0 0 1.34577000141144 13.4161996841431
-109 0 0 1.34711003303528 13.4771995544434
-110 0 0 1.34838998317719 13.538200378418
-111 0 0 1.34962999820709 13.5993003845215
-112 0 0 1.35081994533539 13.6603002548218
-113 0 0 1.35196995735168 13.7211999893188
-114 0 0 1.35306000709534 13.7821998596191
-115 0 0 1.35412001609802 13.8431997299194
-116 0 0 1.35511994361877 13.9041996002197
-117 0 0 1.35608005523682 13.9652004241943
-118 0 0 1.35699999332428 14.0262002944946
-119 0 0 1.35786998271942 14.0871000289917
-120 0 0 1.35870003700256 14.148099899292
-121 0 0 1.35949003696442 14.2090997695923
-122 0 0 1.36022996902466 14.2700996398926
-123 0 0 1.3609299659729 14.3311004638672
-124 0 0 1.36159002780914 14.3921003341675
-125 0 0 1.3622100353241 14.4531002044678
-126 0 0 1.36277997493744 14.5142002105713
-127 0 0 1.3633199930191 14.5752000808716
-128 0 0 1.36381995677948 14.6361999511719
-129 0 0 1.36426997184753 14.6972999572754
-130 0 0 1.36468994617462 14.7583999633789
-131 0 0 1.36506998538971 14.8194999694824
-132 0 0 1.36540997028351 14.8805999755859
-133 0 0 1.36571002006531 14.9416999816895
-134 0 0 1.36597001552582 15.0029001235962
-135 0 0 1.36619997024536 15.0641002655029
-136 0 0 1.36638998985291 15.1253004074097
-137 0 0 1.36654996871948 15.1864995956421
-138 0 0 1.36665999889374 15.2476997375488
-139 0 0 1.36675000190735 15.3090000152588
-140 0 0 1.36679995059967 15.3703002929688
-141 4 2 1.36680996417999 15.4257001876831
142 0 0 1.36679005622864 15.4870004653931
143 0 0 1.36673998832703 15.5483999252319
144 0 0 1.36665999889374 15.6098003387451
145 0 0 1.36653995513916 15.6712999343872
146 0 0 1.36638998985291 15.7327995300293
147 0 0 1.36620998382568 15.7943000793457
148 0 0 1.36600005626678 15.8557996749878
149 0 0 1.36574995517731 15.9174003601074
150 5 4 1.36547994613647 15.9790000915527
151 0 0 1.36517000198364 16.0407009124756
152 0 0 1.36484003067017 16.1023998260498
153 0 0 1.3644700050354 16.1641006469727
154 0 0 1.36407995223999 16.2259006500244
155 0 0 1.36364996433258 16.2877006530762
156 0 0 1.36319994926453 16.3495998382568
157 0 0 1.36272001266479 16.4115009307861
158 0 0 1.36222004890442 16.4734001159668
159 0 0 1.36168003082275 16.535400390625
160 0 0 1.36111998558044 16.5974998474121
161 0 0 1.36053001880646 16.6595993041992
162 0 0 1.35992002487183 16.721700668335
163 0 0 1.35927999019623 16.783899307251
164 0 0 1.35862004756927 16.8460998535156
165 0 0 1.35792994499207 16.9083995819092
166 0 0 1.35721004009247 16.9706993103027
167 0 0 1.35648000240326 17.0331001281738
168 0 0 1.35572004318237 17.0955009460449
169 0 0 1.35493004322052 17.1578998565674
170 0 0 1.35412001609802 17.2205009460449
171 0 0 1.35328996181488 17.2830009460449
172 0 0 1.35243999958038 17.3456993103027
173 0 0 1.35157001018524 17.4083003997803
174 0 0 1.35066998004913 17.4710998535156
175 0 0 1.34975004196167 17.533899307251
176 0 0 1.34881997108459 17.596700668335
177 0 0 1.34785997867584 17.6595993041992
178 0 0 1.34687995910645 17.7224998474121
179 0 0 1.34588003158569 17.7856006622314
180 0 0 1.34486997127533 17.8486003875732
181 0 0 1.34382998943329 17.9116992950439
182 0 0 1.34277999401093 17.9748992919922
183 0 0 1.34170997142792 18.0380992889404
184 0 0 1.34062004089355 18.1014003753662
185 0 0 1.33950996398926 18.1648006439209
186 0 0 1.33838999271393 18.2282009124756
187 0 0 1.33723998069763 18.2915992736816
188 0 0 1.33608996868134 18.3551006317139
189 0 0 1.33491003513336 18.4186992645264
190 0 0 1.33371996879578 18.4822998046875
191 0 0 1.33252000808716 18.5459995269775
192 0 0 1.3313000202179 18.6098003387451
193 0 0 1.33007001876831 18.6735992431641
194 0 0 1.32881999015808 18.7374992370605
195 0 0 1.3275500535965 18.801399230957
196 0 0 1.32627999782562 18.8654003143311
197 0 0 1.32499003410339 18.9293994903564
198 0 0 1.32369005680084 18.9934997558594
199 0 0 1.32237005233765 19.0576992034912
200 6 4 1.32104003429413 19.1219005584717
201 0 0 1.31970000267029 19.1861991882324
202 0 0 1.31834995746613 19.2506008148193
203 0 0 1.31699001789093 19.3150005340576
204 0 0 1.31561994552612 19.3794002532959
205 0 0 1.31422996520996 19.4440002441406
206 0 0 1.3128399848938 19.5086002349854
207 0 0 1.31142997741699 19.5732002258301
208 0 0 1.31001996994019 19.6378993988037
209 0 0 1.30859005451202 19.7026996612549
210 0 0 1.30716001987457 19.7674999237061
211 0 0 1.3057199716568 19.8323993682861
212 0 0 1.30427002906799 19.8973007202148
213 0 0 1.30280995368958 19.9624004364014
214 0 0 1.30133998394012 20.0273990631104
215 0 0 1.29986000061035 20.0925006866455
216 0 0 1.29838001728058 20.1576995849609
217 0 0 1.29689002037048 20.2229995727539
218 0 0 1.29540002346039 20.2882995605469
219 0 0 1.29388999938965 20.3537006378174
220 0 0 1.29237997531891 20.4190998077393
221 0 0 1.29086995124817 20.4846000671387
222 0 0 1.2893500328064 20.5501003265381
223 0 0 1.28781998157501 20.6156997680664
224 0 0 1.28629004955292 20.6814002990723
225 0 0 1.28474998474121 20.7471008300781
226 0 0 1.28321003913879 20.8129005432129
227 0 0 1.28165996074677 20.8787002563477
228 0 0 1.28011000156403 20.9445991516113
229 0 0 1.27856004238129 21.0105991363525
230 0 0 1.27699995040894 21.0765991210938
231 0 0 1.27543997764587 21.142599105835
232 0 0 1.27386999130249 21.2087993621826
233 0 0 1.27231001853943 21.2749004364014
234 0 0 1.27073001861572 21.3411998748779
235 0 0 1.26916003227234 21.4074993133545
236 0 0 1.26759004592896 21.4738006591797
237 0 0 1.26601004600525 21.5401992797852
238 0 0 1.26443004608154 21.6067008972168
239 0 0 1.26285004615784 21.6732006072998
240 0 0 1.26127004623413 21.7397994995117
241 0 0 1.25969004631042 21.8064002990723
242 0 0 1.2581000328064 21.8731002807617
243 0 0 1.25652003288269 21.9398994445801
244 0 0 1.25493001937866 22.0067005157471
245 0 0 1.25335001945496 22.0734996795654
246 0 0 1.25176000595093 22.1403999328613
247 0 0 1.25018000602722 22.2073993682861
248 0 0 1.24858999252319 22.2744007110596
249 0 0 1.24700999259949 22.3414993286133
250 7 4 1.24541997909546 22.4085998535156
251 0 0 1.24383997917175 22.4757995605469
252 0 0 1.24225997924805 22.5429992675781
253 0 0 1.24067997932434 22.6103000640869
254 0 0 1.23909997940063 22.6776008605957
255 0 0 1.23752999305725 22.7450008392334
256 0 0 1.23594999313354 22.8125
257 0 0 1.23438000679016 22.8798999786377
258 0 0 1.23281002044678 22.9475002288818
259 0 0 1.23124003410339 23.015100479126
260 0 0 1.22967004776001 23.0827007293701
261 0 0 1.22810995578766 23.1504001617432
262 0 0 1.2265499830246 23.2182006835938
263 0 0 1.22499001026154 23.2859992980957
264 0 0 1.2234400510788 23.3539009094238
265 0 0 1.22188997268677 23.4218006134033
266 0 0 1.22034001350403 23.4897003173828
267 0 0 1.21879994869232 23.5576992034912
268 0 0 1.2172600030899 23.6257991790771
269 0 0 1.21572005748749 23.6938991546631
270 0 0 1.2141900062561 23.761999130249
271 0 0 1.21265995502472 23.8302993774414
272 0 0 1.21114003658295 23.8985004425049
273 0 0 1.20961999893188 23.9668006896973
274 0 0 1.20810997486115 24.0352001190186
275 0 0 1.20659995079041 24.1035995483398
276 0 0 1.20509004592896 24.1720008850098
277 0 0 1.20359003543854 24.24049949646
278 0 0 1.20210003852844 24.3090991973877
279 0 0 1.20061004161835 24.3777008056641
280 0 0 1.19913005828857 24.4463005065918
281 0 0 1.19764995574951 24.5149993896484
282 0 0 1.19616997241974 24.5837993621826
283 0 0 1.19471001625061 24.6525993347168
284 0 0 1.19324994087219 24.721399307251
285 0 0 1.19178998470306 24.7903003692627
286 0 0 1.19034004211426 24.8593006134033
287 0 0 1.18889999389648 24.9283008575439
288 0 0 1.18745994567871 24.9972991943359
289 0 0 1.18603003025055 25.0664005279541
290 0 0 1.1845999956131 25.1354999542236
291 0 0 1.18318998813629 25.2047004699707
292 0 0 1.18177998065948 25.2740001678467
293 0 0 1.18036997318268 25.3432006835938
294 0 0 1.17896997928619 25.4125995635986
295 0 0 1.17757999897003 25.4818992614746
296 0 0 1.17620003223419 25.551399230957
297 0 0 1.17481994628906 25.6208000183105
298 0 0 1.17344999313354 25.6903991699219
299 0 0 1.17209005355835 25.7598991394043
300 8 4 1.17072999477386 25.8295993804932
301 0 0 1.1693799495697 25.8992004394531
302 0 0 1.16804003715515 25.968900680542
303 0 0 1.16671001911163 26.0387001037598
304 0 0 1.16538000106812 26.1084995269775
305 0 0 1.16405999660492 26.1784000396729
306 0 0 1.16275000572205 26.2483005523682
307 0 0 1.16145002841949 26.3183002471924
308 0 0 1.16015005111694 26.3882999420166
309 0 0 1.15885996818542 26.4582996368408
310 0 0 1.15758001804352 26.5284004211426
311 0 0 1.15630996227264 26.5986003875732
312 0 0 1.15505003929138 26.6688003540039
313 0 0 1.15378999710083 26.7390003204346
314 0 0 1.1525399684906 26.8092994689941
315 0 0 1.15129995346069 26.8796997070313
316 0 0 1.15006995201111 26.9500999450684
317 0 0 1.14884996414185 27.0205001831055
318 0 0 1.14762997627258 27.0909996032715
319 0 0 1.14642000198364 27.161600112915
320 0 0 1.14522004127502 27.2322006225586
321 0 0 1.14402997493744 27.3027992248535
322 0 0 1.14285004138947 27.3735008239746
323 0 0 1.14168000221252 27.444299697876
324 0 0 1.14050996303558 27.515100479126
325 0 0 1.13935995101929 27.5858993530273
326 0 0 1.13821005821228 27.6567993164063
327 0 0 1.13706994056702 27.7278003692627
328 0 0 1.13593995571136 27.7987995147705
329 0 0 1.13481998443604 27.8698997497559
330 0 0 1.13370001316071 27.9409999847412
331 0 0 1.13259994983673 28.0121002197266
332 0 0 1.13150000572205 28.0832996368408
333 0 0 1.13041996955872 28.1546001434326
334 0 0 1.12934005260468 28.2259006500244
335 0 0 1.12827003002167 28.2973003387451
336 0 0 1.12721002101898 28.3687000274658
337 0 0 1.12616002559662 28.4402008056641
338 0 0 1.12512004375458 28.5116996765137
339 0 0 1.12407994270325 28.5832996368408
340 0 0 1.12305998802185 28.654899597168
341 0 0 1.12204003334045 28.7266006469727
342 0 0 1.12103998661041 28.7984008789063
343 0 0 1.12004005908966 28.8701992034912
344 0 0 1.11905002593994 28.9419994354248
345 0 0 1.11807000637054 29.0139007568359
346 0 0 1.11710000038147 29.0858993530273
347 0 0 1.11614000797272 29.1578998565674
348 0 0 1.11519002914429 29.2299995422363
349 0 0 1.11424005031586 29.3020992279053
350 9 4 1.11330997943878 29.3743000030518
351 0 0 1.11239004135132 29.4465007781982
352 0 0 1.11146998405457 29.5188007354736
353 0 0 1.11056005954742 29.5911998748779
354 0 0 1.10967004299164 29.6636009216309
355 0 0 1.10878002643585 29.7360992431641
356 0 0 1.10790002346039 29.8085994720459
357 0 0 1.10703003406525 29.8812007904053
358 0 0 1.10617005825043 29.953800201416
359 0 0 1.10531997680664 30.0265007019043
360 0 0 1.10448002815247 30.0993003845215
361 0 0 1.103639960289 30.1721000671387
362 0 0 1.10282003879547 30.2450008392334
363 0 0 1.10201001167297 30.3178997039795
364 0 0 1.10119998455048 30.3908996582031
365 0 0 1.10040998458862 30.4640007019043
366 0 0 1.09961998462677 30.5370998382568
367 0 0 1.09883999824524 30.6103000640869
368 0 0 1.09807002544403 30.683500289917
369 0 0 1.09731996059418 30.756799697876
370 0 0 1.09657001495361 30.8302001953125
371 0 0 1.09582996368408 30.903600692749
372 0 0 1.09510004520416 30.9771003723145
373 0 0 1.09437000751495 31.0506992340088
374 0 0 1.09365999698639 31.1243000030518
375 0 0 1.09296000003815 31.1979999542236
376 0 0 1.0922600030899 31.2716999053955
377 0 0 1.09158003330231 31.3455009460449
378 0 0 1.09090995788574 31.4193992614746
379 0 0 1.09024000167847 31.4932994842529
380 0 0 1.08958005905151 31.5673007965088
381 0 0 1.08894002437592 31.6413993835449
382 0 0 1.08829998970032 31.7154998779297
383 0 0 1.08766996860504 31.7896995544434
384 0 0 1.08704996109009 31.8640003204346
385 0 0 1.08643996715546 31.9382991790771
386 0 0 1.08583998680115 32.0126991271973
387 0 0 1.08525002002716 32.087100982666
388 0 0 1.08466994762421 32.1617012023926
389 0 0 1.08408999443054 32.2363014221191
390 0 0 1.08352994918823 32.3109016418457
391 0 0 1.08297002315521 32.3857002258301
392 0 0 1.08243000507355 32.4604988098145
393 0 0 1.08188998699188 32.5353012084961
394 0 0 1.08136999607086 32.6102981567383
395 0 0 1.08085000514984 32.6852989196777
396 0 0 1.08034002780914 32.7602996826172
397 0 0 1.07983994483948 32.8354988098145
398 0 0 1.07934999465942 32.910701751709
399 0 0 1.07887005805969 32.9860000610352
400 10 4 1.07840001583099 33.0612983703613
401 0 0 1.07793998718262 33.1367988586426
402 0 0 1.07747995853424 33.2122001647949
403 0 0 1.07703995704651 33.2877998352051
404 0 0 1.07659995555878 33.3634986877441
405 0 0 1.07617998123169 33.4392013549805
406 0 0 1.0757600069046 33.5149002075195
407 0 0 1.07535004615784 33.5908012390137
408 0 0 1.07495999336243 33.6666984558105
409 0 0 1.07456994056702 33.7426986694336
410 0 0 1.07419002056122 33.8188018798828
411 0 0 1.07381999492645 33.8950004577637
412 0 0 1.07344996929169 33.9711990356445
413 0 0 1.07309997081757 34.0475006103516
414 0 0 1.07275998592377 34.1239013671875
415 0 0 1.07242000102997 34.2002983093262
416 0 0 1.07210004329681 34.276798248291
417 0 0 1.07177996635437 34.353401184082
418 0 0 1.07148003578186 34.4300994873047
419 0 0 1.07117998600006 34.5068016052246
420 0 0 1.07088994979858 34.5836982727051
421 0 0 1.07061004638672 34.6605987548828
422 0 0 1.07034003734589 34.7374992370605
423 0 0 1.07008004188538 34.8146018981934
424 0 0 1.06982004642487 34.8917007446289
425 0 0 1.06957995891571 34.9688987731934
426 0 0 1.06935000419617 35.046199798584
427 0 0 1.06912004947662 35.1236000061035
428 0 0 1.06889998912811 35.201000213623
429 0 0 1.06868994235992 35.2784996032715
430 0 0 1.06850004196167 35.3560981750488
431 0 0 1.06831002235413 35.4337997436523
432 0 0 1.06812000274658 35.5115013122559
433 0 0 1.06795001029968 35.5894012451172
434 0 0 1.06779003143311 35.6673011779785
435 0 0 1.06763994693756 35.7453002929688
436 0 0 1.06748998165131 35.8233985900879
437 0 0 1.06735002994537 35.9015007019043
438 0 0 1.0672299861908 35.9796981811523
439 0 0 1.06710994243622 36.0579986572266
440 0 0 1.06700003147125 36.1363983154297
441 0 0 1.06690001487732 36.214900970459
442 0 0 1.06681001186371 36.2934989929199
443 0 0 1.0667200088501 36.3721008300781
444 0 0 1.06665003299713 36.4508018493652
445 0 0 1.06658005714417 36.529598236084
446 0 0 1.06652998924255 36.6085014343262
447 0 0 1.06648004055023 36.6874008178711
448 0 0 1.06643998622894 36.7664985656738
449 0 0 1.06640994548798 36.8456001281738
450 11 4 1.06639003753662 36.9248008728027
451 0 0 1.06637001037598 37.0041007995605
452 12 2 1.06637001037598 37.0810012817383
-453 0 0 1.06637001037598 37.160400390625
-454 0 0 1.06639003753662 37.2398986816406
-455 0 0 1.06640994548798 37.3195991516113
-456 0 0 1.06643998622894 37.3992004394531
-457 0 0 1.06648004055023 37.4790000915527
-458 0 0 1.06652998924255 37.5588989257813
-459 0 0 1.06658005714417 37.638801574707
-460 0 0 1.06665003299713 37.7188987731934
-461 0 0 1.0667200088501 37.798999786377
-462 0 0 1.06679999828339 37.8791999816895
-463 0 0 1.06690001487732 37.959400177002
-464 0 0 1.06700003147125 38.0397987365723
-465 0 0 1.06710004806519 38.1202011108398
-466 0 0 1.06721997261047 38.2008018493652
-467 0 0 1.06735002994537 38.2813987731934
-468 0 0 1.06747996807098 38.3620986938477
-469 0 0 1.06762003898621 38.4429016113281
-470 0 0 1.06777000427246 38.5237007141113
-471 0 0 1.06792998313904 38.6046981811523
-472 0 0 1.06809997558594 38.6856994628906
-473 0 0 1.06827998161316 38.7667999267578
-474 0 0 1.06845998764038 38.8479995727539
-475 0 0 1.06866002082825 38.9292984008789
-476 0 0 1.06886005401611 39.0107002258301
-477 0 0 1.06906998157501 39.092098236084
-478 0 0 1.06929004192352 39.173698425293
-479 0 0 1.06951999664307 39.255298614502
-480 0 0 1.06975996494293 39.3370018005371
-481 0 0 1.07000005245209 39.4188003540039
-482 0 0 1.07025003433228 39.5007019042969
-483 0 0 1.07051002979279 39.5825996398926
-484 0 0 1.07078003883362 39.6646995544434
-485 0 0 1.07105994224548 39.7467994689941
-486 0 0 1.07134997844696 39.8289985656738
-487 0 0 1.07164001464844 39.9113006591797
-488 0 0 1.07194995880127 39.9936981201172
-489 0 0 1.07226002216339 40.0761985778809
-490 0 0 1.07257997989655 40.1586990356445
-491 0 0 1.07290995121002 40.2414016723633
-492 0 0 1.07324004173279 40.3241004943848
-493 0 0 1.07359004020691 40.4068984985352
-494 0 0 1.07394003868103 40.4897994995117
-495 0 0 1.07430005073547 40.5727996826172
-496 0 0 1.07466995716095 40.6557998657227
-497 0 0 1.07504999637604 40.7389984130859
-498 0 0 1.07544004917145 40.8222007751465
-499 0 0 1.07582998275757 40.9054985046387
-500 13 4 1.0762300491333 40.988899230957
-501 0 0 1.07664000988007 41.0723991394043
-502 0 0 1.07705998420715 41.1558990478516
-503 0 0 1.07748997211456 41.2396011352539
-504 0 0 1.07791996002197 41.323299407959
-505 0 0 1.07836997509003 41.4071006774902
-506 0 0 1.07881999015808 41.4910011291504
-507 0 0 1.07928001880646 41.5750007629395
-508 0 0 1.07974994182587 41.6590995788574
-509 0 0 1.08021998405457 41.7431983947754
-510 0 0 1.08071005344391 41.8274002075195
-511 0 0 1.08120000362396 41.9118003845215
-512 0 0 1.08169996738434 41.9962005615234
-513 0 0 1.08220994472504 42.0806007385254
-514 0 0 1.08272004127502 42.1651992797852
-515 0 0 1.08325004577637 42.2498016357422
-516 0 0 1.08378005027771 42.3345985412598
-517 0 0 1.08431994915009 42.4193992614746
-518 0 0 1.08485996723175 42.5042991638184
-519 0 0 1.08542001247406 42.5891990661621
-520 0 0 1.08598005771637 42.6743011474609
-521 0 0 1.08656001091003 42.7593994140625
-522 0 0 1.0871399641037 42.8446006774902
-523 0 0 1.08772003650665 42.9299011230469
-524 0 0 1.08832001686096 43.0153007507324
-525 0 0 1.08891999721527 43.1007995605469
-526 0 0 1.0895299911499 43.1862983703613
-527 0 0 1.09014999866486 43.271900177002
-528 0 0 1.09078001976013 43.3576011657715
-529 0 0 1.09141004085541 43.4434013366699
-530 0 0 1.09205996990204 43.5293006896973
-531 0 0 1.09271001815796 43.6152000427246
-532 0 0 1.09335994720459 43.7011985778809
-533 0 0 1.09403002262115 43.7873001098633
-534 0 0 1.09469997882843 43.8735008239746
-535 0 0 1.09537994861603 43.9598007202148
-536 0 0 1.09607005119324 44.0461006164551
-537 0 0 1.09677004814148 44.1324996948242
-538 0 0 1.09747004508972 44.2190017700195
-539 0 0 1.09818994998932 44.3055992126465
-540 0 0 1.09890997409821 44.3922004699707
-541 0 0 1.09962999820709 44.4790000915527
-542 0 0 1.10037004947662 44.5657997131348
-543 0 0 1.10110998153687 44.6526985168457
-544 0 0 1.10186004638672 44.7396011352539
-545 0 0 1.1026200056076 44.8265991210938
-546 0 0 1.10337996482849 44.9137992858887
-547 0 0 1.10415995121002 45.0009002685547
-548 0 0 1.10494005680084 45.0881996154785
-549 0 0 1.10572004318237 45.1754989624023
-550 14 4 1.10652005672455 45.2630004882813
-551 0 0 1.10731995105743 45.350399017334
-552 0 0 1.10812997817993 45.4379997253418
-553 0 0 1.10895001888275 45.5256996154785
-554 0 0 1.1097799539566 45.6133995056152
-555 0 0 1.11061000823975 45.701099395752
-556 0 0 1.11144995689392 45.7890014648438
-557 0 0 1.11230003833771 45.8768997192383
-558 0 0 1.1131500005722 45.964900970459
-559 0 0 1.11400997638702 46.0530014038086
-560 0 0 1.11487996578217 46.1412010192871
-561 0 0 1.11575996875763 46.2294006347656
-562 0 0 1.11663997173309 46.317699432373
-563 0 0 1.1175400018692 46.4061012268066
-564 0 0 1.11843001842499 46.494499206543
-565 0 0 1.11933994293213 46.5830001831055
-566 0 0 1.12024998664856 46.6716003417969
-567 0 0 1.12118005752563 46.7602005004883
-568 0 0 1.1220999956131 46.8489990234375
-569 0 0 1.12303996086121 46.937801361084
-570 0 0 1.1239800453186 47.0265998840332
-571 0 0 1.12493002414703 47.1156005859375
-572 0 0 1.12589001655579 47.2046012878418
-573 0 0 1.12685000896454 47.2935981750488
-574 0 0 1.12782001495361 47.3828010559082
-575 0 0 1.12880003452301 47.4720001220703
-576 0 0 1.12978994846344 47.5611991882324
-577 0 0 1.13077998161316 47.6506004333496
-578 0 0 1.1317800283432 47.7400016784668
-579 0 0 1.13277995586395 47.8294982910156
-580 0 0 1.13380002975464 47.9189987182617
-581 0 0 1.13481998443604 48.0085983276367
-582 0 0 1.13584995269775 48.0983009338379
-583 0 0 1.13688004016876 48.1879997253418
-584 0 0 1.1379200220108 48.2778015136719
-585 0 0 1.13897001743317 48.3676986694336
-586 0 0 1.14002001285553 48.4575996398926
-587 0 0 1.14109003543854 48.5475997924805
-588 0 0 1.14216005802155 48.6376991271973
-589 0 0 1.14322996139526 48.7277984619141
-590 0 0 1.14432001113892 48.818000793457
-591 0 0 1.14540994167328 48.9081993103027
-592 0 0 1.14649999141693 48.9985008239746
-593 0 0 1.14760994911194 49.0889015197754
-594 0 0 1.14872002601624 49.1792984008789
-595 0 0 1.14982998371124 49.2697982788086
-596 0 0 1.15095996856689 49.3604011535645
-597 0 0 1.15208995342255 49.451000213623
-598 0 0 1.15322995185852 49.5416984558105
-599 0 0 1.15436995029449 49.6324005126953
-600 15 4 1.15551996231079 49.723201751709
-601 0 0 1.15667998790741 49.8140983581543
-602 0 0 1.15784001350403 49.9049987792969
-603 0 0 1.15901005268097 49.9959983825684
-604 0 0 1.16018998622894 50.0870018005371
-605 0 0 1.16138005256653 50.1781005859375
-606 0 0 1.16256999969482 50.2691993713379
-607 0 0 1.16375994682312 50.3604011535645
-608 0 0 1.16497004032135 50.4516983032227
-609 0 0 1.16618001461029 50.5429992675781
-610 0 0 1.16740000247955 50.6343994140625
-611 0 0 1.16861999034882 50.7257995605469
-612 0 0 1.1698499917984 50.8172988891602
-613 0 0 1.17109000682831 50.9089012145996
-614 0 0 1.17233002185822 51.0004997253418
-615 0 0 1.17358005046844 51.092098236084
-616 0 0 1.17483997344971 51.1837997436523
-617 0 0 1.17610001564026 51.2756004333496
-618 0 0 1.17736995220184 51.3674011230469
-619 0 0 1.17864000797272 51.459300994873
-620 0 0 1.17992997169495 51.5512008666992
-621 0 0 1.18121004104614 51.6431007385254
-622 0 0 1.18251001834869 51.7351989746094
-623 0 0 1.18380999565125 51.8272018432617
-624 0 0 1.18511998653412 51.9193992614746
-625 0 0 1.18642997741699 52.0115013122559
-626 0 0 1.18774998188019 52.1038017272949
-627 0 0 1.18907999992371 52.1959991455078
-628 0 0 1.19041001796722 52.2883987426758
-629 0 0 1.19175004959106 52.3807983398438
-630 0 0 1.19308996200562 52.473201751709
-631 0 0 1.19444000720978 52.5657005310059
-632 0 0 1.19579994678497 52.6581993103027
-633 0 0 1.19716000556946 52.7508010864258
-634 0 0 1.19852995872498 52.8433990478516
-635 0 0 1.1999100446701 52.9360008239746
-636 0 0 1.20129001140594 53.0288009643555
-637 0 0 1.20267999172211 53.1214981079102
-638 0 0 1.20406997203827 53.214298248291
-639 0 0 1.20546996593475 53.307201385498
-640 0 0 1.20687997341156 53.4001007080078
-641 0 0 1.20828998088837 53.4930000305176
-642 0 0 1.2097100019455 53.5859985351563
-643 0 0 1.21114003658295 53.6791000366211
-644 0 0 1.21256995201111 53.7722015380859
-645 0 0 1.21399998664856 53.8652992248535
-646 0 0 1.21545004844666 53.9584007263184
-647 0 0 1.21688997745514 54.051700592041
-648 0 0 1.21835005283356 54.1449012756348
-649 0 0 1.21981000900269 54.2382011413574
-650 16 4 1.22126996517181 54.331600189209
-651 0 0 1.22274994850159 54.4249000549316
-652 0 0 1.22422003746033 54.5183982849121
-653 0 0 1.22571003437042 54.6118011474609
-654 0 0 1.22720003128052 54.7053985595703
-655 0 0 1.22869002819061 54.798900604248
-656 0 0 1.23020005226135 54.8925018310547
-657 0 0 1.23169994354248 54.9860992431641
-658 0 0 1.23321998119354 55.0797996520996
-659 0 0 1.23473000526428 55.1735000610352
-660 0 0 1.23626005649567 55.2672996520996
-661 0 0 1.23778998851776 55.3610992431641
-662 0 0 1.23933005332947 55.4548988342285
-663 0 0 1.24086999893188 55.5488014221191
-664 0 0 1.24241995811462 55.6427001953125
-665 0 0 1.24397003650665 55.7365989685059
-666 0 0 1.24553000926971 55.8306007385254
-667 0 0 1.24708998203278 55.9245986938477
-668 0 0 1.24865996837616 56.0186996459961
-669 0 0 1.25023996829987 56.1128005981445
-670 0 0 1.25181996822357 56.206901550293
-671 0 0 1.2534099817276 56.3011016845703
-672 0 0 1.25499999523163 56.3953018188477
-673 0 0 1.25660002231598 56.4894981384277
-674 0 0 1.25820004940033 56.5838012695313
-675 0 0 1.25980997085571 56.6781005859375
-676 0 0 1.26143002510071 56.7723999023438
-677 0 0 1.26304996013641 56.8667984008789
-678 0 0 1.26467001438141 56.9612007141113
-679 0 0 1.26629996299744 57.0556983947754
-680 0 0 1.26794004440308 57.1501998901367
-681 0 0 1.26958000659943 57.244701385498
-682 0 0 1.2712299823761 57.3391990661621
-683 0 0 1.27287995815277 57.4337997436523
-684 0 0 1.27453994750977 57.5284004211426
-685 0 0 1.27620995044708 57.6230010986328
-686 0 0 1.2778799533844 57.717700958252
-687 0 0 1.27954995632172 57.8124008178711
-688 0 0 1.28122997283936 57.9071998596191
-689 0 0 1.28292000293732 58.0018997192383
-690 0 0 1.28461003303528 58.0966987609863
-691 0 0 1.28630995750427 58.1916007995605
-692 0 0 1.28801000118256 58.2863998413086
-693 0 0 1.28971004486084 58.3813018798828
-694 0 0 1.29142999649048 58.4762001037598
-695 0 0 1.29314005374908 58.5712013244629
-696 0 0 1.29487001895905 58.6661987304688
-697 0 0 1.29658997058868 58.7611999511719
-698 0 0 1.29832994937897 58.856201171875
-699 0 0 1.30007004737854 58.951301574707
-700 17 4 1.30181002616882 59.0463981628418
-701 0 0 1.30356001853943 59.1414985656738
-702 0 0 1.30531001091003 59.2365989685059
-703 0 0 1.30707001686096 59.3317985534668
-704 0 0 1.30884003639221 59.4269981384277
-705 0 0 1.31061005592346 59.5223007202148
-706 0 0 1.31237995624542 59.6175003051758
-707 0 0 1.31415998935699 59.7127990722656
-708 0 0 1.31595003604889 59.8081016540527
-709 0 0 1.31773996353149 59.9034004211426
-710 0 0 1.31953001022339 59.9987983703613
-711 0 0 1.32132995128632 60.0942001342773
-712 0 0 1.32314002513885 60.1896018981934
-713 0 0 1.3249499797821 60.285099029541
-714 0 0 1.32676994800568 60.380500793457
-715 0 0 1.32859003543854 60.476001739502
-716 0 0 1.33041000366211 60.5714988708496
-717 0 0 1.332239985466 60.6670989990234
-718 0 0 1.33407998085022 60.7625999450684
-719 0 0 1.33591997623444 60.8582000732422
-720 0 0 1.33776998519897 60.953800201416
-721 0 0 1.33961999416351 61.0494003295898
-722 0 0 1.34147000312805 61.1450996398926
-723 0 0 1.34333002567291 61.2407989501953
-724 0 0 1.34519994258881 61.336498260498
-725 0 0 1.34706997871399 61.432201385498
-726 0 0 1.34894001483917 61.5279006958008
-727 0 0 1.35082995891571 61.6236991882324
-728 0 0 1.35271000862122 61.7195014953613
-729 0 0 1.35459995269775 61.815299987793
-730 0 0 1.3565000295639 61.9110984802246
-731 0 0 1.35839998722076 62.0069999694824
-732 0 0 1.36029994487762 62.1029014587402
-733 0 0 1.3622100353241 62.1987991333008
-734 0 0 1.36412000656128 62.2947006225586
-735 0 0 1.36603999137878 62.3905982971191
-736 0 0 1.36796998977661 62.4865989685059
-737 0 0 1.36989998817444 62.5825996398926
-738 0 0 1.37182998657227 62.6785011291504
-739 0 0 1.37376999855042 62.774600982666
-740 0 0 1.37571001052856 62.8706016540527
-741 0 0 1.37766003608704 62.9667015075684
-742 0 0 1.37960994243622 63.0626983642578
-743 0 0 1.38156998157501 63.1587982177734
-744 0 0 1.38353002071381 63.2549018859863
-745 0 0 1.38549995422363 63.3511009216309
-746 0 0 1.38747000694275 63.4472007751465
-747 0 0 1.3894499540329 63.543399810791
-748 0 0 1.39143002033234 63.6395988464355
-749 0 0 1.39341998100281 63.7358016967773
-750 18 4 1.39540994167328 63.8320007324219
-751 0 0 1.39740002155304 63.9281997680664
-752 0 0 1.39939999580383 64.0244979858398
-753 0 0 1.40140998363495 64.1207962036133
-754 0 0 1.40341997146606 64.2170028686523
-755 0 0 1.40542995929718 64.3133010864258
-756 0 0 1.40744996070862 64.4096984863281
-757 0 0 1.40946996212006 64.5059967041016
-758 0 0 1.41149997711182 64.6024017333984
-759 0 0 1.41352999210358 64.6986999511719
-760 0 0 1.41557002067566 64.7950973510742
-761 0 0 1.41761004924774 64.8915023803711
-762 0 0 1.41965997219086 64.9878997802734
-763 0 0 1.42171001434326 65.0843963623047
-764 0 0 1.42376005649567 65.1808013916016
-765 0 0 1.4258199930191 65.2772979736328
-766 0 0 1.42788994312286 65.3738021850586
-767 0 0 1.42996001243591 65.4702987670898
-768 0 0 1.43202996253967 65.5668029785156
-769 0 0 1.43411004543304 65.6632995605469
-770 0 0 1.43619000911713 65.7598037719727
-771 0 0 1.43827998638153 65.8563995361328
-772 0 0 1.44036996364594 65.9529037475586
-773 0 0 1.44245994091034 66.0494995117188
-774 0 0 1.44456005096436 66.1461029052734
-775 0 0 1.4466700553894 66.2426986694336
-776 0 0 1.44877994060516 66.3393020629883
-777 0 0 1.45088994503021 66.4359970092773
-778 0 0 1.45300996303558 66.532600402832
-779 0 0 1.45512998104095 66.6293029785156
-780 0 0 1.45726001262665 66.7259979248047
-781 0 0 1.45939004421234 66.8226013183594
-782 0 0 1.46152997016907 66.9192962646484
-783 0 0 1.46367001533508 67.0160980224609
-784 0 0 1.46581995487213 67.1128005981445
-785 0 0 1.46797001361847 67.2095031738281
-786 0 0 1.47011995315552 67.3062973022461
-787 0 0 1.47228002548218 67.4029998779297
-788 0 0 1.47443997859955 67.4998016357422
-789 0 0 1.47660994529724 67.5966033935547
-790 0 0 1.47878003120422 67.6933975219727
-791 0 0 1.48094999790192 67.7901992797852
-792 0 0 1.48312997817993 67.8870010375977
-793 0 0 1.48531997203827 67.9838027954102
-794 0 0 1.48750996589661 68.0807037353516
-795 0 0 1.48969995975494 68.1774978637695
-796 0 0 1.4918999671936 68.2743988037109
-797 0 0 1.49409997463226 68.3712997436523
-798 0 0 1.49630999565125 68.4681015014648
-799 0 0 1.49852001667023 68.5650024414063
-800 19 4 1.50073003768921 68.6619033813477
-801 0 0 1.50294995307922 68.758903503418
-802 0 0 1.50516998767853 68.8557968139648
-803 0 0 1.50740003585815 68.9526977539063
-804 0 0 1.50962996482849 69.0496978759766
-805 0 0 1.51187002658844 69.146598815918
-806 0 0 1.5141099691391 69.2435989379883
-807 0 0 1.51636004447937 69.3405990600586
-808 0 0 1.51861000061035 69.4375
-809 0 0 1.52085995674133 69.5345001220703
-810 0 0 1.52312004566193 69.6315002441406
-811 0 0 1.52538001537323 69.7285003662109
-812 0 0 1.52763998508453 69.8255996704102
-813 0 0 1.52990996837616 69.9225997924805
-814 0 0 1.53218996524811 70.0195999145508
-815 0 0 1.53446996212006 70.11669921875
-816 0 0 1.536749958992 70.2136993408203
-817 0 0 1.53903996944427 70.3107986450195
-818 0 0 1.54132997989655 70.4078979492188
-819 0 0 1.54363000392914 70.504997253418
-820 0 0 1.54593002796173 70.6019973754883
-821 0 0 1.54823005199432 70.6990966796875
-822 0 0 1.55053997039795 70.7963027954102
-823 0 0 1.55285000801086 70.8934020996094
-824 0 0 1.5551700592041 70.9905014038086
-825 0 0 1.55748999118805 71.0876007080078
-826 0 0 1.55982005596161 71.1847991943359
-827 0 0 1.56213998794556 71.2818984985352
-828 0 0 1.56447994709015 71.3789978027344
-829 0 0 1.56682002544403 71.4761962890625
-830 0 0 1.56915998458862 71.5734024047852
-831 0 0 1.57149994373322 71.6705017089844
-832 0 0 1.57385003566742 71.7677001953125
-833 0 0 1.57621002197266 71.8648986816406
-834 0 0 1.57857000827789 71.9620971679688
-835 0 0 1.58092999458313 72.0593032836914
-836 0 0 1.58329999446869 72.1565017700195
-837 0 0 1.58566999435425 72.2537002563477
-838 0 0 1.58803999423981 72.3509979248047
-839 0 0 1.59042000770569 72.4481964111328
-840 0 0 1.59281003475189 72.5454025268555
-841 0 0 1.59519004821777 72.6427001953125
-842 0 0 1.59757995605469 72.7398986816406
-843 0 0 1.59997999668121 72.8371963500977
-844 0 0 1.60238003730774 72.9344024658203
-845 0 0 1.60477995872498 73.0317001342773
-846 0 0 1.60719001293182 73.1289978027344
-847 0 0 1.60959994792938 73.2261962890625
-848 0 0 1.61202001571655 73.3235015869141
-849 0 0 1.61443996429443 73.4207992553711
-850 20 4 1.61687004566193 73.5180969238281
-851 0 0 1.61928999423981 73.6154022216797
-852 0 0 1.62172996997833 73.7126998901367
-853 0 0 1.62416005134583 73.8099975585938
-854 0 0 1.62660002708435 73.9073028564453
-855 0 0 1.6290500164032 74.0046997070313
-856 0 0 1.63150000572205 74.1019973754883
-857 0 0 1.63394999504089 74.1993026733398
-858 0 0 1.63640999794006 74.2966003417969
-859 0 0 1.63887000083923 74.3939971923828
-860 0 0 1.6413300037384 74.4913024902344
-861 0 0 1.6438000202179 74.5886993408203
-862 0 0 1.64628005027771 74.6859970092773
-863 0 0 1.64874994754791 74.7834014892578
-864 0 0 1.65123999118805 74.8807983398438
-865 0 0 1.65372002124786 74.9781036376953
-866 0 0 1.65620994567871 75.0755004882813
-867 0 0 1.65869998931885 75.1728973388672
-868 0 0 1.66120004653931 75.2703018188477
-869 0 0 1.66369998455048 75.3676986694336
-870 0 0 1.66621005535126 75.4649963378906
-871 0 0 1.66872000694275 75.5624008178711
-872 0 0 1.67122995853424 75.659797668457
-873 0 0 1.67375004291534 75.7572021484375
-874 0 0 1.67627000808716 75.8546981811523
-875 0 0 1.67879998683929 75.9521026611328
-876 0 0 1.68132996559143 76.0494995117188
-877 0 0 1.68385994434357 76.1468963623047
-878 0 0 1.68640005588531 76.2443008422852
-879 0 0 1.68894004821777 76.3416976928711
-880 0 0 1.69149005413055 76.4392013549805
-881 0 0 1.69403994083405 76.5365982055664
-882 0 0 1.69658994674683 76.6340026855469
-883 0 0 1.69914996623993 76.7314987182617
-884 0 0 1.70170998573303 76.8289031982422
-885 0 0 1.70428001880646 76.926399230957
-886 0 0 1.70685005187988 77.0238037109375
-887 0 0 1.70941996574402 77.1212997436523
-888 0 0 1.71200001239777 77.2186965942383
-889 0 0 1.71458005905151 77.3162002563477
-890 0 0 1.71717000007629 77.4136962890625
-891 0 0 1.71975994110107 77.511100769043
-892 0 0 1.72235000133514 77.6085968017578
-893 0 0 1.72494995594025 77.7061004638672
-894 0 0 1.72755002975464 77.8034973144531
-895 0 0 1.73015999794006 77.9010009765625
-896 0 0 1.73276996612549 77.9984970092773
-897 0 0 1.7353800535202 78.0960006713867
-898 0 0 1.73800003528595 78.1934967041016
-899 0 0 1.7406200170517 78.290901184082
-900 21 4 1.74325001239777 78.3883972167969
-901 0 0 1.74588000774384 78.4859008789063
-902 0 0 1.7485100030899 78.5833969116211
-903 0 0 1.7511500120163 78.6809005737305
-904 0 0 1.75379002094269 78.7783966064453
-905 0 0 1.7564400434494 78.8759002685547
-906 0 0 1.75908994674683 78.9733963012695
-907 0 0 1.76173996925354 79.0708999633789
-908 0 0 1.76440000534058 79.1684036254883
-909 0 0 1.76706004142761 79.2658996582031
-910 0 0 1.76972997188568 79.3635025024414
-911 0 0 1.77240002155304 79.4609985351563
-912 0 0 1.77506995201111 79.5585021972656
-913 0 0 1.77775001525879 79.6559982299805
-914 0 0 1.78042995929718 79.7535018920898
-915 0 0 1.78312003612518 79.8509979248047
-916 0 0 1.7858099937439 79.948600769043
-917 0 0 1.78849995136261 80.0460968017578
-918 0 0 1.79120004177094 80.1436004638672
-919 0 0 1.79390001296997 80.241096496582
-920 0 0 1.79660999774933 80.3386993408203
-921 0 0 1.79931998252869 80.4362030029297
-922 0 0 1.80202996730804 80.5336990356445
-923 0 0 1.80474996566772 80.6313018798828
-924 0 0 1.8074699640274 80.7287979125977
-925 0 0 1.81018996238708 80.826301574707
-926 0 0 1.81291997432709 80.9238967895508
-927 0 0 1.81565999984741 81.0214004516602
-928 0 0 1.81839001178741 81.118896484375
-929 0 0 1.82113003730774 81.2164993286133
-930 0 0 1.8238799571991 81.3140029907227
-931 0 0 1.82662999629974 81.4115982055664
-932 0 0 1.82938003540039 81.5091018676758
-933 0 0 1.83213996887207 81.6065979003906
-934 0 0 1.83490002155304 81.7042007446289
-935 0 0 1.83766996860504 81.8016967773438
-936 0 0 1.84044003486633 81.899299621582
-937 0 0 1.84320998191833 81.9968032836914
-938 0 0 1.84598994255066 82.0943984985352
-939 0 0 1.84877002239227 82.1919021606445
-940 0 0 1.8515499830246 82.2894973754883
-941 0 0 1.85433995723724 82.3870010375977
-942 0 0 1.85713005065918 82.4845962524414
-943 0 0 1.85993003845215 82.5820999145508
-944 0 0 1.86273002624512 82.6797027587891
-945 0 0 1.86554002761841 82.7771987915039
-946 0 0 1.8683500289917 82.8748016357422
-947 0 0 1.87116003036499 82.972297668457
-948 0 0 1.8739800453186 83.0699005126953
-949 0 0 1.87679994106293 83.1673965454102
-950 22 4 1.87961995601654 83.2649993896484
-951 0 0 1.88244998455048 83.3626022338867
-952 0 0 1.88528001308441 83.4600982666016
-953 0 0 1.88812005519867 83.5577011108398
-954 0 0 1.89095997810364 83.6551971435547
-955 0 0 1.89381003379822 83.752799987793
-956 0 0 1.89664995670319 83.8503036499023
-957 0 0 1.89951002597809 83.9478988647461
-958 0 0 1.90235996246338 84.0454025268555
-959 0 0 1.90522003173828 84.1429977416992
-960 0 0 1.90808999538422 84.2406005859375
-961 0 0 1.91095995903015 84.3380966186523
-962 0 0 1.91383004188538 84.4356994628906
-963 0 0 1.91671001911163 84.533203125
-964 0 0 1.91958999633789 84.6307983398438
-965 0 0 1.92246997356415 84.7283020019531
-966 0 0 1.92535996437073 84.8258972167969
-967 0 0 1.92824995517731 84.9234008789063
-968 0 0 1.93114995956421 85.0210037231445
-969 0 0 1.93404996395111 85.1184997558594
-970 0 0 1.93695998191833 85.2161026000977
-971 0 0 1.93985998630524 85.3136978149414
-972 0 0 1.94278001785278 85.4112014770508
-973 0 0 1.94569003582001 85.5087966918945
-974 0 0 1.94860994815826 85.6063003540039
-975 0 0 1.95153999328613 85.7039031982422
-976 0 0 1.954470038414 85.801399230957
-977 0 0 1.95739996433258 85.8990020751953
-978 0 0 1.96034002304077 85.9964981079102
-979 0 0 1.96327996253967 86.0941009521484
-980 0 0 1.96622002124786 86.1915969848633
-981 0 0 1.96916997432709 86.2891998291016
-982 0 0 1.9721200466156 86.3867034912109
-983 0 0 1.97508001327515 86.4841995239258
-984 0 0 1.97803997993469 86.5818023681641
-985 0 0 1.98099994659424 86.6792984008789
-986 0 0 1.9839700460434 86.7769012451172
-987 0 0 1.98695003986359 86.874397277832
-988 0 0 1.98992002010345 86.9720001220703
-989 0 0 1.99290001392365 87.0695037841797
-990 0 0 1.99589002132416 87.1669998168945
-991 0 0 1.99888002872467 87.2646026611328
-992 0 0 2.00186991691589 87.3620986938477
-993 0 0 2.00486993789673 87.4597015380859
-994 0 0 2.00786995887756 87.5571975708008
-995 0 0 2.0108699798584 87.6547012329102
-996 0 0 2.01388001441956 87.7522964477539
-997 0 0 2.01690006256104 87.8498001098633
-998 0 0 2.01991009712219 87.9473037719727
-999 0 0 2.02292990684509 88.0448989868164
-1000 23 9 2.02595996856689 88.1424026489258
