-1000 43 9 -0.600153982639313 -5.78361988067627
-999 0 0 -0.593629002571106 -5.72042989730835
-998 0 0 -0.587096989154816 -5.65689992904663
-997 0 0 -0.580558001995087 -5.59306001663208
-996 0 0 -0.574011981487274 -5.52889013290405
-995 0 0 -0.567461013793945 -5.46440982818604
-994 0 0 -0.560903012752533 -5.39962005615234
-993 0 0 -0.554338991641998 -5.33452987670898
-992 0 0 -0.547770023345947 -5.26913976669312
-991 0 0 -0.541194975376129 -5.20346021652222
-990 0 0 -0.534614980220795 -5.13749980926514
-989 0 0 -0.528029024600983 -5.07125997543335
-988 0 0 -0.521439015865326 -5.00474977493286
-987 0 0 -0.514842987060547 -4.93798017501831
-986 0 0 -0.508243024349213 -4.87094020843506
-985 0 0 -0.501637995243073 -4.80365991592407
-984 0 0 -0.495029002428055 -4.73613023757935
-983 0 0 -0.488415002822876 -4.66835021972656
-982 0 0 -0.481797009706497 -4.60034990310669
-981 0 0 -0.475174993276596 -4.5321102142334
-980 0 0 -0.468549996614456 -4.46365976333618
-979 0 0 -0.461919993162155 -4.39499998092651
-978 0 0 -0.455287009477615 -4.32611989974976
-977 0 0 -0.448650002479553 -4.25705003738403
-976 0 0 -0.44200998544693 -4.18777990341187
-975 0 0 -0.435366004705429 -4.11831998825073
-974 0 0 -0.428719013929367 -4.0486798286438
-973 0 0 -0.422069013118744 -3.97886991500854
-972 0 0 -0.41541600227356 -3.90889000892639
-971 0 0 -0.408760011196136 -3.83874011039734
-970 0 0 -0.402101010084152 -3.76844000816345
-969 0 0 -0.395438998937607 -3.69798994064331
-968 0 0 -0.388774007558823 -3.62738990783691
-967 0 0 -0.382106989622116 -3.55664992332458
-966 0 0 -0.375436991453171 -3.48578000068665
-965 0 0 -0.368764013051987 -3.41477990150452
-964 0 0 -0.36208900809288 -3.34366011619568
-963 0 0 -0.355410993099213 -3.27241992950439
-962 0 0 -0.348729997873306 -3.20108008384705
-961 0 0 -0.3420470058918 -3.12962007522583
-960 0 0 -0.335361987352371 -3.05805993080139
-959 0 0 -0.328673988580704 -2.98640990257263
-958 0 0 -0.321983009576797 -2.91466999053955
-957 0 0 -0.315290004014969 -2.84282994270325
-956 0 0 -0.30859500169754 -2.77092003822327
-955 0 0 -0.301896989345551 -2.69893002510071
-954 0 0 -0.295195996761322 -2.62686991691589
-953 0 0 -0.288493007421494 -2.55472993850708
-952 0 0 -0.281787991523743 -2.48253011703491
-951 0 0 -0.275079995393753 -2.41026997566223
-950 42 4 -0.268370002508163 -2.3379499912262
-949 0 0 -0.261655986309052 -2.26557993888855
-948 0 0 -0.254940986633301 -2.19316005706787
-947 0 0 -0.24822199344635 -2.12069010734558
-946 0 0 -0.241501003503799 -2.048180103302
-945 0 0 -0.234778001904488 -1.97563004493713
-944 0 0 -0.228052005171776 -1.90304005146027
-943 0 0 -0.221322000026703 -1.83042001724243
-942 0 0 -0.21459099650383 -1.75776994228363
-941 0 0 -0.207855999469757 -1.68508005142212
-940 0 0 -0.201118007302284 -1.612380027771
-939 0 0 -0.19437800347805 -1.53963994979858
-938 0 0 -0.187635004520416 -1.46688997745514
-937 0 0 -0.180888995528221 -1.39411997795105
-936 0 0 -0.174138993024826 -1.32132995128632
-935 0 0 -0.167386993765831 -1.24852001667023
-934 0 0 -0.160631999373436 -1.17570996284485
-933 0 0 -0.15387399494648 -1.10288000106812
-932 0 0 -0.147111997008324 -1.03004002571106
-931 0 0 -0.140348002314568 -0.957193970680237
-930 0 0 -0.13358099758625 -0.884342014789581
-929 0 0 -0.126809999346733 -0.81148499250412
-928 0 0 -0.120035998523235 -0.73862498998642
-927 0 0 -0.113259002566338 -0.665762007236481
-926 0 0 -0.106478996574879 -0.592898011207581
-925 0 0 -0.0996960997581482 -0.520035028457642
-924 0 0 -0.0929097980260849 -0.447171986103058
-923 0 0 -0.0861202999949455 -0.37431201338768
-922 0 0 -0.0793277993798256 -0.30145400762558
-921 0 0 -0.0725321024656296 -0.22859999537468
-920 0 0 -0.0657332986593246 -0.155750006437302
-919 0 0 -0.0589314997196198 -0.082905501127243
-918 0 0 -0.0521266981959343 -0.0100665995851159
-917 0 0 -0.0453189983963966 0.0627660974860191
-916 0 0 -0.0385082997381687 0.135591998696327
-915 0 0 -0.0316946990787983 0.208410993218422
-914 0 0 -0.0248783994466066 0.281221985816956
-913 0 0 -0.0180593002587557 0.35402500629425
-912 0 0 -0.0112375002354383 0.426820009946823
-911 0 0 -0.00441320985555649 0.499606996774673
-910 0 0 0.00241358997300267 0.572383999824524
-909 0 0 0.00924277026206255 0.645152986049652
-908 0 0 0.0160741992294788 0.717912971973419
-907 0 0 0.0229077991098166 0.790663003921509
-906 0 0 0.0297433994710445 0.863404989242554
-905 0 0 0.0365809984505177 0.93613600730896
-904 0 0 0.0434201993048191 1.00885999202728
-903 0 0 0.0502610988914967 1.08157002925873
-902 0 0 0.0571032986044884 1.15427005290985
-901 0 0 0.0639469027519226 1.22696995735168
-900 41 4 0.0707914978265762 1.29964995384216
-899 0 0 0.0776368975639343 1.37232995033264
-898 0 0 0.0844829976558685 1.44499003887177
-897 0 0 0.0913295969367027 1.5176500082016
-896 0 0 0.0981763005256653 1.59028995037079
-895 0 0 0.105022996664047 1.66293001174927
-894 0 0 0.111869998276234 1.73556005954742
-893 0 0 0.11871500313282 1.80816996097565
-892 0 0 0.125560998916626 1.88077998161316
-891 0 0 0.132404997944832 1.95337998867035
-890 0 0 0.139247000217438 2.02596998214722
-889 0 0 0.146088004112244 2.09855008125305
-888 0 0 0.152926996350288 2.17111992835999
-887 0 0 0.159762993454933 2.24368000030518
-886 0 0 0.166596993803978 2.31623005867004
-885 0 0 0.173427000641823 2.38877010345459
-884 0 0 0.180254995822906 2.46129989624023
-883 0 0 0.18707799911499 2.53381991386414
-882 0 0 0.193896993994713 2.60632991790771
-881 0 0 0.200710996985435 2.67881989479065
-880 0 0 0.207519993185997 2.75131011009216
-879 0 0 0.214323997497559 2.82378005981445
-878 0 0 0.221120998263359 2.89625000953674
-877 0 0 0.227911993861198 2.96868991851807
-876 0 0 0.234696000814438 3.04113006591797
-875 0 0 0.241473004221916 3.11355996131897
-874 0 0 0.248241007328033 3.18596005439758
-873 0 0 0.25500100851059 3.25835990905762
-872 0 0 0.261752009391785 3.33073997497559
-871 0 0 0.268492996692657 3.40310001373291
-870 0 0 0.275225013494492 3.47545003890991
-869 0 0 0.281944990158081 3.54778003692627
-868 0 0 0.288653999567032 3.62009000778198
-867 0 0 0.29535099864006 3.69237995147705
-866 0 0 0.302035987377167 3.76465010643005
-865 0 0 0.308706998825073 3.83689999580383
-864 0 0 0.315364986658096 3.90912008285522
-863 0 0 0.322008013725281 3.98131990432739
-862 0 0 0.328635990619659 4.05350017547607
-861 0 0 0.335247993469238 4.12564992904663
-860 0 0 0.341843008995056 4.19777011871338
-859 0 0 0.348421990871429 4.26986980438232
-858 0 0 0.354983001947403 4.34192991256714
-857 0 0 0.361524999141693 4.41395998001099
-856 0 0 0.368048012256622 4.48596000671387
-855 0 0 0.374550014734268 4.55791997909546
-854 0 0 0.38103199005127 4.62984991073608
-853 0 0 0.387493014335632 4.70173978805542
-852 0 0 0.393932014703751 4.77359008789063
-851 0 0 0.400346994400024 4.84538984298706
-850 40 4 0.406738996505737 4.91716003417969
-849 0 0 0.413105994462967 4.98887014389038
-848 0 0 0.419447988271713 5.06054019927979
-847 0 0 0.425765007734299 5.13216018676758
-846 0 0 0.43205401301384 5.20373010635376
-845 0 0 0.438317000865936 5.27524995803833
-844 0 0 0.44455099105835 5.34671020507813
-843 0 0 0.450756013393402 5.41810989379883
-842 0 0 0.456930994987488 5.48944997787476
-841 0 0 0.463075995445251 5.56072998046875
-840 0 0 0.469188988208771 5.63194990158081
-839 0 0 0.475270986557007 5.70310020446777
-838 0 0 0.48131999373436 5.77418994903564
-837 0 0 0.487336009740829 5.8452000617981
-836 0 0 0.493317991495132 5.91614007949829
-835 0 0 0.499264001846313 5.98701000213623
-834 0 0 0.50517600774765 6.05779981613159
-833 0 0 0.511050999164581 6.12850999832153
-832 0 0 0.516888976097107 6.1991400718689
-831 0 0 0.522688984870911 6.26969003677368
-830 0 0 0.528451979160309 6.34015989303589
-829 0 0 0.534174978733063 6.41054010391235
-828 0 0 0.539858996868134 6.4808201789856
-827 0 0 0.54550302028656 6.55102014541626
-826 0 0 0.551105976104736 6.62112998962402
-825 0 0 0.556666970252991 6.69114017486572
-824 0 0 0.562187016010284 6.7610502243042
-823 0 0 0.567664980888367 6.83087015151978
-822 0 0 0.57309901714325 6.90058994293213
-821 0 0 0.578490018844604 6.9702000617981
-820 0 0 0.583836019039154 7.03971004486084
-819 0 0 0.589137971401215 7.10911989212036
-818 0 0 0.594394981861115 7.1784200668335
-817 0 0 0.599606990814209 7.24761009216309
-816 0 0 0.604772984981537 7.31668996810913
-815 0 0 0.609892010688782 7.38566017150879
-814 0 0 0.61496502161026 7.4545202255249
-813 0 0 0.619989991188049 7.52327013015747
-812 0 0 0.624967992305756 7.59189987182617
-811 0 0 0.629898011684418 7.66041994094849
-810 0 0 0.634779989719391 7.72881984710693
-809 0 0 0.63961398601532 7.79710006713867
-808 0 0 0.644397974014282 7.86527013778687
-807 0 0 0.6491339802742 7.93331003189087
-806 0 0 0.653820991516113 8.00123977661133
-805 0 0 0.65845799446106 8.06904029846191
-804 0 0 0.663044989109039 8.1367301940918
-803 0 0 0.667582988739014 8.20429039001465
-802 0 0 0.672070026397705 8.27173042297363
-801 0 0 0.676508009433746 8.33905029296875
-800 39 4 0.68089497089386 8.40624046325684
-799 0 0 0.68523097038269 8.47332000732422
-798 0 0 0.689517021179199 8.54026985168457
-797 0 0 0.693753004074097 8.60709953308105
-796 0 0 0.69793701171875 8.67380046844482
-795 0 0 0.702071011066437 8.74038982391357
-794 0 0 0.706153988838196 8.80685043334961
-793 0 0 0.710187017917633 8.8731803894043
-792 0 0 0.714169025421143 8.93939971923828
-791 0 0 0.718098998069763 9.00549983978271
-790 0 0 0.721979975700378 9.07147026062012
-789 0 0 0.72580897808075 9.13731956481934
-788 0 0 0.729587972164154 9.20306015014648
-787 0 0 0.733316004276276 9.26867008209229
-786 0 0 0.736994028091431 9.3341703414917
-785 0 0 0.740620970726013 9.39953994750977
-784 0 0 0.744198977947235 9.46479988098145
-783 0 0 0.747726023197174 9.52995014190674
-782 0 0 0.751203000545502 9.59498023986816
-781 0 0 0.754630029201508 9.65989017486572
-780 0 0 0.758006989955902 9.72469043731689
-779 0 0 0.761335015296936 9.78938007354736
-778 0 0 0.76461398601532 9.85396003723145
-777 0 0 0.767843008041382 9.91843032836914
-776 0 0 0.771023988723755 9.98278999328613
-775 0 0 0.774155020713806 10.0469999313354
-774 0 0 0.777238011360168 10.1112003326416
-773 0 0 0.780273020267487 10.1752004623413
-772 0 0 0.783258974552155 10.2391996383667
-771 0 0 0.786198019981384 10.3030004501343
-770 0 0 0.789089024066925 10.3667001724243
-769 0 0 0.791931986808777 10.4303998947144
-768 0 0 0.794727981090546 10.4939002990723
-767 0 0 0.797478020191193 10.5572996139526
-766 0 0 0.800180971622467 10.6206998825073
-765 0 0 0.802837014198303 10.6838998794556
-764 0 0 0.805446982383728 10.7470998764038
-763 0 0 0.808012008666992 10.8101997375488
-762 0 0 0.810530006885529 10.8731002807617
-761 0 0 0.813004016876221 10.9359998703003
-760 0 0 0.815433025360107 10.99880027771
-759 0 0 0.817816972732544 11.0615997314453
-758 0 0 0.82015597820282 11.1241998672485
-757 0 0 0.822452008724213 11.1868000030518
-756 0 0 0.824702978134155 11.2493000030518
-755 0 0 0.826911985874176 11.3116998672485
-754 0 0 0.829077005386353 11.3739995956421
-753 0 0 0.831198990345001 11.43630027771
-752 0 0 0.833278000354767 11.4983997344971
-751 0 0 0.835316002368927 11.5606002807617
-750 38 4 0.837311029434204 11.6225996017456
-749 0 0 0.839264988899231 11.6845998764038
-748 0 0 0.841176986694336 11.7465000152588
-747 0 0 0.843048989772797 11.8084001541138
-746 0 0 0.844879984855652 11.8702001571655
-745 0 0 0.846669971942902 11.9319000244141
-744 0 0 0.848420977592468 11.9935998916626
-743 0 0 0.850131988525391 12.0551996231079
-742 0 0 0.851803004741669 12.1168003082275
-741 0 0 0.85343599319458 12.1782999038696
-740 0 0 0.855030000209808 12.2397003173828
-739 0 0 0.856585025787354 12.3010997772217
-738 0 0 0.858102023601532 12.3625001907349
-737 0 0 0.859582006931305 12.4238004684448
-736 0 0 0.861024022102356 12.4850997924805
-735 0 0 0.862429022789001 12.5464000701904
-734 0 0 0.863797008991241 12.6075000762939
-733 0 0 0.865128993988037 12.6687002182007
-732 0 0 0.866424024105072 12.7298002243042
-731 0 0 0.867684006690979 12.7909002304077
-730 0 0 0.868907988071442 12.8520002365112
-729 0 0 0.870096981525421 12.9130001068115
-728 0 0 0.871252000331879 12.9739999771118
-727 0 0 0.872371017932892 13.0348997116089
-726 0 0 0.873457014560699 13.0958995819092
-725 0 0 0.874508023262024 13.1568002700806
-724 0 0 0.875526010990143 13.2177000045776
-723 0 0 0.876510977745056 13.2785997390747
-722 0 0 0.877462983131409 13.3394002914429
-721 0 0 0.8783820271492 13.4001998901367
-720 0 0 0.879269003868103 13.4610004425049
-719 0 0 0.880123972892761 13.5218000411987
-718 0 0 0.88094699382782 13.5825996398926
-717 0 0 0.881738007068634 13.6434001922607
-716 0 0 0.882498979568481 13.7041997909546
-715 0 0 0.88322901725769 13.7649002075195
-714 0 0 0.883928000926971 13.8256998062134
-713 0 0 0.88459700345993 13.8864002227783
-712 0 0 0.885236978530884 13.9470996856689
-711 0 0 0.885846972465515 14.0079002380371
-710 0 0 0.886426985263824 14.0685997009277
-709 0 0 0.886978983879089 14.1293001174927
-708 0 0 0.887502014636993 14.1900997161865
-707 0 0 0.887996017932892 14.2508001327515
-706 0 0 0.888463020324707 14.3114995956421
-705 0 0 0.888902008533478 14.3723001480103
-704 0 0 0.889312982559204 14.4329996109009
-703 0 0 0.889697015285492 14.493800163269
-702 0 0 0.890053987503052 14.5545997619629
-701 0 0 0.89038497209549 14.6153001785278
-700 37 4 0.890689015388489 14.6760997772217
-699 0 0 0.890968024730682 14.7369003295898
-698 0 0 0.891220986843109 14.7978000640869
-697 0 0 0.891448020935059 14.8585996627808
-696 0 0 0.891650021076202 14.9195003509521
-695 0 0 0.891826987266541 14.980299949646
-694 0 0 0.891979992389679 15.0411996841431
-693 0 0 0.892108976840973 15.1021995544434
-692 0 0 0.892212986946106 15.1631002426147
-691 0 0 0.892293989658356 15.224100112915
-690 0 0 0.892350971698761 15.2849998474121
-689 0 0 0.892386019229889 15.3460998535156
-688 36 2 0.892396986484528 15.4070997238159
687 0 0 0.892394006252289 15.4399003982544
686 0 0 0.892369985580444 15.5010004043579
685 0 0 0.892324984073639 15.5621004104614
684 0 0 0.892257988452911 15.6232995986938
683 0 0 0.892168998718262 15.6843996047974
682 0 0 0.89205801486969 15.7455997467041
681 0 0 0.891927003860474 15.8069000244141
680 0 0 0.891775012016296 15.868200302124
679 0 0 0.891601979732513 15.9294996261597
678 0 0 0.891408979892731 15.9907999038696
677 0 0 0.891196012496948 16.0522003173828
676 0 0 0.890963017940521 16.1135997772217
675 0 0 0.890711009502411 16.1751003265381
674 0 0 0.890439987182617 16.2366008758545
673 0 0 0.890148997306824 16.2982006072998
672 0 0 0.889840006828308 16.3596992492676
671 0 0 0.88951301574707 16.4214000701904
670 0 0 0.889167010784149 16.4829998016357
669 0 0 0.888804018497467 16.5447998046875
668 0 0 0.888423025608063 16.6065006256104
667 0 0 0.888023972511292 16.6683006286621
666 0 0 0.887607991695404 16.7301998138428
665 0 0 0.887175977230072 16.7921009063721
664 0 0 0.886726975440979 16.8540992736816
663 0 0 0.886260986328125 16.9160995483398
662 0 0 0.885779976844788 16.978099822998
661 0 0 0.885281980037689 17.0401992797852
660 0 0 0.884769022464752 17.1023998260498
659 0 0 0.884240984916687 17.1646003723145
658 0 0 0.883696973323822 17.2268009185791
657 0 0 0.88313901424408 17.2891006469727
656 0 0 0.882565975189209 17.3514995574951
655 0 0 0.8819779753685 17.4139003753662
654 0 0 0.881376981735229 17.4764003753662
653 0 0 0.880761027336121 17.5389003753662
652 0 0 0.880132019519806 17.6014003753662
651 0 0 0.87949001789093 17.6641006469727
650 35 4 0.878834009170532 17.7268009185791
649 0 0 0.878166019916534 17.7894992828369
648 0 0 0.877484977245331 17.8523006439209
647 0 0 0.876791000366211 17.9151992797852
646 0 0 0.876084983348846 17.978099822998
645 0 0 0.875366985797882 18.0410003662109
644 0 0 0.874638020992279 18.1040992736816
643 0 0 0.873897016048431 18.167200088501
642 0 0 0.873143970966339 18.2303009033203
641 0 0 0.872380971908569 18.2935009002686
640 0 0 0.871607005596161 18.3568000793457
639 0 0 0.870822012424469 18.4200992584229
638 0 0 0.870027005672455 18.4834995269775
637 0 0 0.869220972061157 18.5468997955322
636 0 0 0.868405997753143 18.6103992462158
635 0 0 0.867581009864807 18.673999786377
634 0 0 0.86674702167511 18.7376003265381
633 0 0 0.86590301990509 18.8013000488281
632 0 0 0.86505001783371 18.8649997711182
631 0 0 0.864189028739929 18.9288997650146
630 0 0 0.863318026065826 18.9927005767822
629 0 0 0.86243999004364 19.0566997528076
628 0 0 0.861553013324738 19.1205997467041
627 0 0 0.86065798997879 19.184700012207
626 0 0 0.859755992889404 19.24880027771
625 0 0 0.858846008777618 19.3129997253418
624 0 0 0.857928991317749 19.3771991729736
623 0 0 0.85700398683548 19.441499710083
622 0 0 0.856073021888733 19.5058994293213
621 0 0 0.855134010314941 19.5702991485596
620 0 0 0.854189991950989 19.6347999572754
619 0 0 0.853238999843597 19.6993007659912
618 0 0 0.852281987667084 19.7639007568359
617 0 0 0.851319015026093 19.8285999298096
616 0 0 0.850350022315979 19.8932991027832
615 0 0 0.849376022815704 19.9580993652344
614 0 0 0.848396003246307 20.0230007171631
613 0 0 0.847410976886749 20.0879001617432
612 0 0 0.846421003341675 20.1529006958008
611 0 0 0.845426976680756 20.2178993225098
610 0 0 0.84442800283432 20.2830009460449
609 0 0 0.843424022197723 20.3481998443604
608 0 0 0.842417001724243 20.4134006500244
607 0 0 0.841404974460602 20.4787006378174
606 0 0 0.840389013290405 20.5440006256104
605 0 0 0.839370012283325 20.6093997955322
604 0 0 0.838347017765045 20.6749000549316
603 0 0 0.837320983409882 20.7404003143311
602 0 0 0.836291015148163 20.8059997558594
601 0 0 0.835259020328522 20.8715991973877
600 34 4 0.834223985671997 20.9372997283936
599 0 0 0.833185970783234 21.0030994415283
598 0 0 0.832145988941193 21.0688991546631
597 0 0 0.831103026866913 21.1347999572754
596 0 0 0.830058991909027 21.2007007598877
595 0 0 0.829011976718903 21.2667007446289
594 0 0 0.8279629945755 21.332799911499
593 0 0 0.826912999153137 21.3988990783691
592 0 0 0.825860977172852 21.4650993347168
591 0 0 0.82480800151825 21.5312995910645
590 0 0 0.823754012584686 21.5976009368896
589 0 0 0.822697997093201 21.6639995574951
588 0 0 0.821641981601715 21.7304000854492
587 0 0 0.820585012435913 21.7968006134033
586 0 0 0.819526970386505 21.8633003234863
585 0 0 0.818467974662781 21.9298992156982
584 0 0 0.817409992218018 21.9965991973877
583 0 0 0.816350996494293 22.0631999969482
582 0 0 0.815292000770569 22.1299991607666
581 0 0 0.814233005046844 22.1968002319336
580 0 0 0.81317400932312 22.2637004852295
579 0 0 0.812116026878357 22.3306007385254
578 0 0 0.811057984828949 22.3974990844727
577 0 0 0.810001015663147 22.464599609375
576 0 0 0.8089439868927 22.5316009521484
575 0 0 0.807887971401215 22.5988006591797
574 0 0 0.806833028793335 22.6660003662109
573 0 0 0.805778980255127 22.7332000732422
572 0 0 0.804727017879486 22.800500869751
571 0 0 0.8036749958992 22.8677997589111
570 0 0 0.802626013755798 22.9351997375488
569 0 0 0.801576972007751 23.0027008056641
568 0 0 0.800530016422272 23.0701999664307
567 0 0 0.79948502779007 23.1378002166748
566 0 0 0.798442006111145 23.2054004669189
565 0 0 0.797401010990143 23.273099899292
564 0 0 0.796361982822418 23.340799331665
563 0 0 0.795324981212616 23.4085006713867
562 0 0 0.794291019439697 23.4764003753662
561 0 0 0.793258011341095 23.5442008972168
560 0 0 0.792228996753693 23.6121997833252
559 0 0 0.791202008724213 23.6802005767822
558 0 0 0.79017698764801 23.7481994628906
557 0 0 0.789155006408691 23.8162994384766
556 0 0 0.788136005401611 23.8843994140625
555 0 0 0.78711998462677 23.952600479126
554 0 0 0.786107003688812 24.0207996368408
553 0 0 0.785097002983093 24.0890998840332
552 0 0 0.784090995788574 24.1574001312256
551 0 0 0.783087015151978 24.2257995605469
550 33 4 0.782087028026581 24.2943000793457
549 0 0 0.781090974807739 24.3628005981445
548 0 0 0.780097007751465 24.4312992095947
547 0 0 0.779107987880707 24.4999008178711
546 0 0 0.778122007846832 24.5685005187988
545 0 0 0.777140021324158 24.6371994018555
544 0 0 0.776162028312683 24.7059993743896
543 0 0 0.775187015533447 24.7747001647949
542 0 0 0.774217009544373 24.843599319458
541 0 0 0.773249983787537 24.9125003814697
540 0 0 0.772288024425507 24.9813995361328
539 0 0 0.771328985691071 25.0503997802734
538 0 0 0.77037501335144 25.1194000244141
537 0 0 0.769425988197327 25.1884994506836
536 0 0 0.768480002880096 25.2576007843018
535 0 0 0.767539024353027 25.3267993927002
534 0 0 0.766601979732513 25.3959999084473
533 0 0 0.765670001506805 25.4652996063232
532 0 0 0.764742016792297 25.5347003936768
531 0 0 0.763818979263306 25.6040000915527
530 0 0 0.76290100812912 25.6735000610352
529 0 0 0.761986970901489 25.7429008483887
528 0 0 0.761079013347626 25.8125
527 0 0 0.760174989700317 25.8819999694824
526 0 0 0.759275019168854 25.9517002105713
525 0 0 0.758381009101868 26.0212993621826
524 0 0 0.757492005825043 26.0909996032715
523 0 0 0.756606996059418 26.1608009338379
522 0 0 0.755728006362915 26.2306003570557
521 0 0 0.754854023456573 26.300500869751
520 0 0 0.753984987735748 26.3703994750977
519 0 0 0.753121018409729 26.4403991699219
518 0 0 0.752261996269226 26.5104007720947
517 0 0 0.751407980918884 26.5804996490479
516 0 0 0.750559985637665 26.6506004333496
515 0 0 0.749716997146606 26.7208003997803
514 0 0 0.748879015445709 26.7910003662109
513 0 0 0.74804699420929 26.8612003326416
512 0 0 0.747219979763031 26.9316005706787
511 0 0 0.746398985385895 27.0018997192383
510 0 0 0.74558299779892 27.0722999572754
509 0 0 0.744772017002106 27.1427993774414
508 0 0 0.743966996669769 27.2133007049561
507 0 0 0.743167996406555 27.283899307251
506 0 0 0.742374002933502 27.3544998168945
505 0 0 0.741586029529572 27.425199508667
504 0 0 0.740803003311157 27.4958992004395
503 0 0 0.740025997161865 27.5666999816895
502 0 0 0.739255011081696 27.6375007629395
501 0 0 0.738488972187042 27.7084007263184
500 32 4 0.737730026245117 27.7793006896973
499 0 0 0.736975014209747 27.8502998352051
498 0 0 0.736226975917816 27.9213008880615
497 0 0 0.735485017299652 27.9923992156982
496 0 0 0.734748005867004 28.0634994506836
495 0 0 0.734017014503479 28.1347007751465
494 0 0 0.733291983604431 28.2059993743896
493 0 0 0.732572972774506 28.2772998809814
492 0 0 0.731859028339386 28.3486003875732
491 0 0 0.73115199804306 28.4200000762939
490 0 0 0.730449974536896 28.4915008544922
489 0 0 0.729754984378815 28.5629997253418
488 0 0 0.729065001010895 28.63450050354
487 0 0 0.728380978107452 28.7061004638672
486 0 0 0.727703988552094 28.7777996063232
485 0 0 0.727032005786896 28.8495006561279
484 0 0 0.726365983486176 28.9213008880615
483 0 0 0.725705981254578 28.9930992126465
482 0 0 0.725053012371063 29.0650005340576
481 0 0 0.724404990673065 29.136999130249
480 0 0 0.723762989044189 29.2089996337891
479 0 0 0.723127007484436 29.2810001373291
478 0 0 0.722497999668121 29.353099822998
477 0 0 0.721873998641968 29.4253005981445
476 0 0 0.721256971359253 29.4974994659424
475 0 0 0.720645010471344 29.5697994232178
474 0 0 0.720040023326874 29.6422004699707
473 0 0 0.719440996646881 29.714599609375
472 0 0 0.718847990036011 29.7870006561279
471 0 0 0.718261003494263 29.8595008850098
470 0 0 0.717679977416992 29.9321002960205
469 0 0 0.717104971408844 30.0046997070313
468 0 0 0.716535985469818 30.0774002075195
467 0 0 0.715973019599915 30.1501998901367
466 0 0 0.71541702747345 30.2229995727539
465 0 0 0.714866995811462 30.2957992553711
464 0 0 0.714321970939636 30.3687992095947
463 0 0 0.713783979415894 30.4416999816895
462 0 0 0.713252007961273 30.514799118042
461 0 0 0.71272599697113 30.5879001617432
460 0 0 0.712207019329071 30.6611003875732
459 0 0 0.711692988872528 30.7343006134033
458 0 0 0.711185991764069 30.8076000213623
457 0 0 0.710685014724731 30.8810005187988
456 0 0 0.710188984870911 30.9543991088867
455 0 0 0.709699988365173 31.0277996063232
454 0 0 0.70921802520752 31.1014003753662
453 0 0 0.708741009235382 31.1749992370605
452 0 0 0.708270013332367 31.2486991882324
451 0 0 0.707805991172791 31.3223991394043
450 31 4 0.707347989082336 31.3962001800537
449 0 0 0.706896007061005 31.470100402832
448 0 0 0.70644998550415 31.5440006256104
447 0 0 0.706009984016418 31.6180000305176
446 0 0 0.70557701587677 31.6919994354248
445 0 0 0.705148994922638 31.7660999298096
444 0 0 0.704728007316589 31.8402996063232
443 0 0 0.704312026500702 31.9146003723145
442 0 0 0.703903019428253 31.988899230957
441 0 0 0.703499972820282 32.0633010864258
440 0 0 0.703104019165039 32.1376991271973
439 0 0 0.702713012695313 32.2122993469238
438 0 0 0.702328026294708 32.2868003845215
437 0 0 0.701950013637543 32.361499786377
436 0 0 0.7015780210495 32.4361991882324
435 0 0 0.701211988925934 32.5110015869141
434 0 0 0.700851023197174 32.5858993530273
433 0 0 0.700496971607208 32.6608009338379
432 0 0 0.700150012969971 32.7358016967773
431 0 0 0.69980800151825 32.8109016418457
430 0 0 0.699472010135651 32.8860015869141
429 0 0 0.69914299249649 32.9612007141113
428 0 0 0.698818981647491 33.0364990234375
427 0 0 0.698502004146576 33.1118011474609
426 0 0 0.698189973831177 33.1873016357422
425 0 0 0.697884976863861 33.2626991271973
424 0 0 0.697585999965668 33.3382987976074
423 0 0 0.697292983531952 33.4138984680176
422 0 0 0.697005987167358 33.4896011352539
421 0 0 0.696725010871887 33.5653991699219
420 0 0 0.696449995040894 33.641300201416
419 0 0 0.696180999279022 33.7172012329102
418 0 0 0.695918023586273 33.7932014465332
417 0 0 0.695662021636963 33.8693008422852
416 0 0 0.695411026477814 33.9454002380371
415 0 0 0.695165991783142 34.021598815918
414 0 0 0.694927990436554 34.097900390625
413 0 0 0.694694995880127 34.1743011474609
412 0 0 0.694468021392822 34.2507019042969
411 0 0 0.694248020648956 34.3272018432617
410 0 0 0.694033026695251 34.4038009643555
409 0 0 0.693823993206024 34.4804992675781
408 0 0 0.69362199306488 34.557201385498
407 0 0 0.693424999713898 34.6341018676758
406 0 0 0.693234026432037 34.7109985351563
405 0 0 0.693049013614655 34.787899017334
404 0 0 0.69287097454071 34.8650016784668
403 0 0 0.692698001861572 34.9421005249023
402 0 0 0.692530989646912 35.0192985534668
401 0 0 0.692369997501373 35.0965995788574
400 30 4 0.692215025424957 35.173900604248
399 0 0 0.692066013813019 35.2513999938965
398 0 0 0.691923022270203 35.3288993835449
397 0 0 0.691785991191864 35.4065017700195
396 0 0 0.691654026508331 35.4841003417969
395 0 0 0.691528975963593 35.5619010925293
394 0 0 0.691410005092621 35.6397018432617
393 0 0 0.691295981407166 35.717601776123
392 0 0 0.691187977790833 35.7956008911133
391 0 0 0.691085994243622 35.8736991882324
390 0 0 0.69099098443985 35.9518013000488
389 0 0 0.690900027751923 36.0299987792969
388 0 0 0.690815985202789 36.1083984375
387 0 0 0.690738022327423 36.1866989135742
386 0 0 0.690665006637573 36.2652015686035
385 0 0 0.690599024295807 36.3437004089355
384 0 0 0.690537989139557 36.4224014282227
383 0 0 0.690482974052429 36.5010986328125
382 0 0 0.690433979034424 36.5798988342285
381 0 0 0.69038999080658 36.6586990356445
380 0 0 0.690352976322174 36.7377014160156
379 0 0 0.690321028232574 36.8166999816895
378 0 0 0.690294981002808 36.8958015441895
377 0 0 0.690275013446808 36.9749984741211
376 0 0 0.690259993076324 37.0542984008789
375 0 0 0.690252006053925 37.1337013244629
374 29 2 0.690249025821686 37.2131004333496
-373 0 0 0.690249025821686 37.2337989807129
-372 0 0 0.690253973007202 37.3133010864258
-371 0 0 0.690263986587524 37.3928985595703
-370 0 0 0.690279006958008 37.4726982116699
-369 0 0 0.69030100107193 37.5525016784668
-368 0 0 0.690328001976013 37.6323013305664
-367 0 0 0.690361022949219 37.7122993469238
-366 0 0 0.690400004386902 37.7923011779785
-365 0 0 0.690445005893707 37.872501373291
-364 0 0 0.690495014190674 37.9527015686035
-363 0 0 0.690550982952118 38.0330009460449
-362 0 0 0.690612018108368 38.1133995056152
-361 0 0 0.690679013729095 38.1938018798828
-360 0 0 0.690752029418945 38.2743988037109
-359 0 0 0.690831005573273 38.3549995422363
-358 0 0 0.690914988517761 38.4356994628906
-357 0 0 0.691004991531372 38.5164985656738
-356 0 0 0.691100001335144 38.5974006652832
-355 0 0 0.691200971603394 38.6783981323242
-354 0 0 0.69130802154541 38.7593994140625
-353 0 0 0.691420018672943 38.8404998779297
-352 0 0 0.691537976264954 38.9217987060547
-351 0 0 0.69166100025177 39.003101348877
-350 28 4 0.691789984703064 39.0844993591309
-349 0 0 0.69192498922348 39.165901184082
-348 0 0 0.692065000534058 39.247501373291
-347 0 0 0.692210972309113 39.3291015625
-346 0 0 0.692362010478973 39.4109001159668
-345 0 0 0.692519009113312 39.4926986694336
-344 0 0 0.692682027816772 39.5746002197266
-343 0 0 0.69284999370575 39.6565017700195
-342 0 0 0.693023025989532 39.7386016845703
-341 0 0 0.693202018737793 39.82080078125
-340 0 0 0.693386971950531 39.9029998779297
-339 0 0 0.693576991558075 39.9852981567383
-338 0 0 0.69377201795578 40.067699432373
-337 0 0 0.693973004817963 40.1501998901367
-336 0 0 0.694180011749268 40.2327995300293
-335 0 0 0.694392025470734 40.3153991699219
-334 0 0 0.694608986377716 40.3982009887695
-333 0 0 0.694832026958466 40.4809989929199
-332 0 0 0.695060014724731 40.5638999938965
-331 0 0 0.69529402256012 40.646900177002
-330 0 0 0.695532977581024 40.7299995422363
-329 0 0 0.695778012275696 40.8130989074707
-328 0 0 0.696026980876923 40.8964004516602
-327 0 0 0.696282982826233 40.9796981811523
-326 0 0 0.696543991565704 41.0630989074707
-325 0 0 0.696810007095337 41.146598815918
-324 0 0 0.697081029415131 41.2302017211914
-323 0 0 0.697358012199402 41.3138008117676
-322 0 0 0.697640001773834 41.3975982666016
-321 0 0 0.697928011417389 41.4813995361328
-320 0 0 0.698221027851105 41.565299987793
-319 0 0 0.698518991470337 41.649299621582
-318 0 0 0.698822975158691 41.7333984375
-317 0 0 0.699132025241852 41.8176002502441
-316 0 0 0.699446022510529 41.901798248291
-315 0 0 0.699765026569366 41.9860992431641
-314 0 0 0.700089991092682 42.0705986022949
-313 0 0 0.700420022010803 42.155101776123
-312 0 0 0.700755000114441 42.2396011352539
-311 0 0 0.701095998287201 42.3242988586426
-310 0 0 0.701442003250122 42.4090003967285
-309 0 0 0.701793015003204 42.4939002990723
-308 0 0 0.702148973941803 42.578800201416
-307 0 0 0.702511012554169 42.6637001037598
-306 0 0 0.702877998352051 42.7487983703613
-305 0 0 0.703249990940094 42.8339996337891
-304 0 0 0.703626990318298 42.9192008972168
-303 0 0 0.704008996486664 43.0045013427734
-302 0 0 0.70439600944519 43.089900970459
-301 0 0 0.704788982868195 43.1753997802734
-300 27 4 0.705187022686005 43.2608985900879
-299 0 0 0.705590009689331 43.3465995788574
-298 0 0 0.705998003482819 43.432300567627
-297 0 0 0.706411004066467 43.5181007385254
-296 0 0 0.706830024719238 43.6039009094238
-295 0 0 0.707252979278564 43.6898994445801
-294 0 0 0.707682013511658 43.7759017944336
-293 0 0 0.708114981651306 43.8619995117188
-292 0 0 0.708554029464722 43.9482002258301
-291 0 0 0.708998024463654 44.0345001220703
-290 0 0 0.709447026252747 44.1208992004395
-289 0 0 0.709900975227356 44.2072982788086
-288 0 0 0.710359990596771 44.2938003540039
-287 0 0 0.710824012756348 44.3804016113281
-286 0 0 0.71129298210144 44.4669990539551
-285 0 0 0.711767017841339 44.5537986755371
-284 0 0 0.712246000766754 44.6405982971191
-283 0 0 0.71272999048233 44.7275009155273
-282 0 0 0.713218986988068 44.8143997192383
-281 0 0 0.713712990283966 44.9015007019043
-280 0 0 0.714212000370026 44.9886016845703
-279 0 0 0.714716017246246 45.0758018493652
-278 0 0 0.715224981307983 45.1631011962891
-277 0 0 0.715739011764526 45.2504005432129
-276 0 0 0.716256976127625 45.3378982543945
-275 0 0 0.71678102016449 45.4253997802734
-274 0 0 0.717310011386871 45.5129013061523
-273 0 0 0.717842996120453 45.6006011962891
-272 0 0 0.718380987644196 45.6883010864258
-271 0 0 0.718923985958099 45.7761001586914
-270 0 0 0.719473004341125 45.8639984130859
-269 0 0 0.72002500295639 45.9519004821777
-268 0 0 0.720583021640778 46.0399017333984
-267 0 0 0.721145987510681 46.1279983520508
-266 0 0 0.721713006496429 46.2162017822266
-265 0 0 0.722284972667694 46.3044013977051
-264 0 0 0.722862005233765 46.3927001953125
-263 0 0 0.723443984985352 46.4810981750488
-262 0 0 0.7240309715271 46.5694999694824
-261 0 0 0.724622011184692 46.6581001281738
-260 0 0 0.725217998027802 46.7467002868652
-259 0 0 0.725818991661072 46.8353004455566
-258 0 0 0.726423978805542 46.923999786377
-257 0 0 0.727034986019135 47.0127983093262
-256 0 0 0.727649986743927 47.1016998291016
-255 0 0 0.728268980979919 47.190601348877
-254 0 0 0.728893995285034 47.2797012329102
-253 0 0 0.729523003101349 47.3686981201172
-252 0 0 0.730157017707825 47.4579010009766
-251 0 0 0.7307950258255 47.5471000671387
-250 26 4 0.731437981128693 47.6363983154297
-249 0 0 0.732086002826691 47.725700378418
-248 0 0 0.732738018035889 47.8151016235352
-247 0 0 0.733394980430603 47.904598236084
-246 0 0 0.734057009220123 47.9942016601563
-245 0 0 0.734722971916199 48.0838012695313
-244 0 0 0.73539400100708 48.1734008789063
-243 0 0 0.736069023609161 48.2631988525391
-242 0 0 0.736748993396759 48.3530006408691
-241 0 0 0.737433016300201 48.4429016113281
-240 0 0 0.73812198638916 48.5327987670898
-239 0 0 0.738816022872925 48.6227989196777
-238 0 0 0.739513993263245 48.7128982543945
-237 0 0 0.740216016769409 48.8030014038086
-236 0 0 0.74092298746109 48.8931999206543
-235 0 0 0.741635024547577 48.9835014343262
-234 0 0 0.742350995540619 49.0737991333008
-233 0 0 0.743071019649506 49.1641006469727
-232 0 0 0.743795990943909 49.2546005249023
-231 0 0 0.744525015354156 49.345100402832
-230 0 0 0.745258986949921 49.4356994628906
-229 0 0 0.74599701166153 49.5262985229492
-228 0 0 0.746739983558655 49.617000579834
-227 0 0 0.747487008571625 49.7076988220215
-226 0 0 0.748238027095795 49.7985000610352
-225 0 0 0.748993992805481 49.8894004821777
-224 0 0 0.749754011631012 49.9803009033203
-223 0 0 0.750518977642059 50.0713005065918
-222 0 0 0.75128698348999 50.1623001098633
-221 0 0 0.752061009407043 50.2533988952637
-220 0 0 0.752838015556335 50.3446006774902
-219 0 0 0.753620028495789 50.4357986450195
-218 0 0 0.754405975341797 50.5270004272461
-217 0 0 0.75519597530365 50.6184005737305
-216 0 0 0.755990982055664 50.7097015380859
-215 0 0 0.756789982318878 50.8012008666992
-214 0 0 0.757592976093292 50.8927001953125
-213 0 0 0.758400976657867 50.9841995239258
-212 0 0 0.759212017059326 51.0758018493652
-211 0 0 0.760028004646301 51.1674995422363
-210 0 0 0.760847985744476 51.2592010498047
-209 0 0 0.761672973632813 51.3508987426758
-208 0 0 0.762501001358032 51.442798614502
-207 0 0 0.763333976268768 51.5345993041992
-206 0 0 0.764171004295349 51.6264991760254
-205 0 0 0.76501202583313 51.7184982299805
-204 0 0 0.765856981277466 51.8105010986328
-203 0 0 0.766705989837646 51.9025993347168
-202 0 0 0.767558991909027 51.994800567627
-201 0 0 0.768417000770569 52.0868988037109
-200 25 4 0.769277989864349 52.17919921875
-199 0 0 0.770143985748291 52.2714004516602
-198 0 0 0.771013975143433 52.3638000488281
-197 0 0 0.771888017654419 52.4561996459961
-196 0 0 0.77276599407196 52.5485992431641
-195 0 0 0.773648023605347 52.6411018371582
-194 0 0 0.774533987045288 52.7336006164551
-193 0 0 0.775424003601074 52.8261985778809
-192 0 0 0.77631801366806 52.9188003540039
-191 0 0 0.777216017246246 53.0115013122559
-190 0 0 0.778118014335632 53.1041984558105
-189 0 0 0.779024004936218 53.1968994140625
-188 0 0 0.779933989048004 53.2897987365723
-187 0 0 0.780848026275635 53.3825988769531
-186 0 0 0.781765997409821 53.4754981994629
-185 0 0 0.782688021659851 53.5685005187988
-184 0 0 0.783613979816437 53.6614990234375
-183 0 0 0.784542977809906 53.7545013427734
-182 0 0 0.785476982593536 53.847599029541
-181 0 0 0.786414980888367 53.9407005310059
-180 0 0 0.787356019020081 54.0339012145996
-179 0 0 0.78830099105835 54.1271018981934
-178 0 0 0.789251029491425 54.220401763916
-177 0 0 0.790203988552094 54.3137016296387
-176 0 0 0.791161000728607 54.4070014953613
-175 0 0 0.79212099313736 54.5004005432129
-174 0 0 0.793085992336273 54.5937995910645
-173 0 0 0.794053971767426 54.6873016357422
-172 0 0 0.795026004314423 54.7807998657227
-171 0 0 0.796001970767975 54.8744010925293
-170 0 0 0.796981990337372 54.9679985046387
-169 0 0 0.797966003417969 55.0615997314453
-168 0 0 0.798952996730804 55.1553001403809
-167 0 0 0.79994398355484 55.2490005493164
-166 0 0 0.80093902349472 55.342700958252
-165 0 0 0.801937997341156 55.4365005493164
-164 0 0 0.802940011024475 55.5303993225098
-163 0 0 0.803946018218994 55.6241989135742
-162 0 0 0.804956018924713 55.7182006835938
-161 0 0 0.805968999862671 55.8120994567871
-160 0 0 0.806985974311829 55.9061012268066
-159 0 0 0.808007001876831 56.0000991821289
-158 0 0 0.809032022953033 56.0942001342773
-157 0 0 0.810060024261475 56.1883010864258
-156 0 0 0.811091005802155 56.282398223877
-155 0 0 0.812126994132996 56.3765983581543
-154 0 0 0.81316602230072 56.4707984924316
-153 0 0 0.814208984375 56.564998626709
-152 0 0 0.815254986286163 56.6593017578125
-151 0 0 0.816304981708527 56.7536010742188
-150 24 4 0.817358016967773 56.847900390625
-149 0 0 0.818414986133575 56.9422988891602
-148 0 0 0.819476008415222 57.0367012023926
-147 0 0 0.820540010929108 57.1311988830566
-146 0 0 0.821608006954193 57.225700378418
-145 0 0 0.822678983211517 57.3202018737793
-144 0 0 0.823754012584686 57.4146995544434
-143 0 0 0.824832022190094 57.5093002319336
-142 0 0 0.825914025306702 57.6039009094238
-141 0 0 0.827000021934509 57.698600769043
-140 0 0 0.828088998794556 57.7932014465332
-139 0 0 0.829181015491486 57.8879013061523
-138 0 0 0.830277025699615 57.9827003479004
-137 0 0 0.831376016139984 58.0774993896484
-136 0 0 0.832479000091553 58.1722984313965
-135 0 0 0.833585023880005 58.2671012878418
-134 0 0 0.834694981575012 58.3619995117188
-133 0 0 0.835807979106903 58.4567985534668
-132 0 0 0.836925029754639 58.5517997741699
-131 0 0 0.838045001029968 58.6467018127441
-130 0 0 0.839168012142181 58.74169921875
-129 0 0 0.840295016765594 58.8367004394531
-128 0 0 0.841425001621246 58.9317016601563
-127 0 0 0.842558979988098 59.026798248291
-126 0 0 0.843695998191833 59.121898651123
-125 0 0 0.844835996627808 59.2169990539551
-124 0 0 0.845979988574982 59.312198638916
-123 0 0 0.847127020359039 59.407398223877
-122 0 0 0.848277986049652 59.5026016235352
-121 0 0 0.849430978298187 59.5978012084961
-120 0 0 0.850588977336884 59.6930999755859
-119 0 0 0.851749002933502 59.7883987426758
-118 0 0 0.852913022041321 59.8837013244629
-117 0 0 0.854080021381378 59.9790000915527
-116 0 0 0.855250000953674 60.0744018554688
-115 0 0 0.85642397403717 60.1697998046875
-114 0 0 0.85760098695755 60.2652015686035
-113 0 0 0.858780980110168 60.3605995178223
-112 0 0 0.85996401309967 60.4561004638672
-111 0 0 0.861150979995728 60.5516014099121
-110 0 0 0.862340986728668 60.6470985412598
-109 0 0 0.863533973693848 60.7425994873047
-108 0 0 0.864731013774872 60.8381996154785
-107 0 0 0.865930020809174 60.9337997436523
-106 0 0 0.867133021354675 61.0293998718262
-105 0 0 0.868339002132416 61.125
-104 0 0 0.86954802274704 61.2206993103027
-103 0 0 0.870760977268219 61.3163986206055
-102 0 0 0.871976971626282 61.4121017456055
-101 0 0 0.873196005821228 61.5078010559082
-100 23 4 0.874418020248413 61.6035003662109
-99 0 0 0.875643014907837 61.6992988586426
-98 0 0 0.8768709897995 61.7951011657715
-97 0 0 0.878103017807007 61.8908996582031
-96 0 0 0.879337012767792 61.9866981506348
-95 0 0 0.880575001239777 62.0825996398926
-94 0 0 0.881816029548645 62.1785011291504
-93 0 0 0.883059978485107 62.2743988037109
-92 0 0 0.884307026863098 62.3703002929688
-91 0 0 0.885558009147644 62.4662017822266
-90 0 0 0.886811017990112 62.562198638916
-89 0 0 0.888068020343781 62.6581993103027
-88 0 0 0.889326989650726 62.7541999816895
-87 0 0 0.890590012073517 62.8502006530762
-86 0 0 0.891856014728546 62.9462013244629
-85 0 0 0.893124997615814 63.0423011779785
-84 0 0 0.894397020339966 63.1384010314941
-83 0 0 0.895671010017395 63.2345008850098
-82 0 0 0.896950006484985 63.3306007385254
-81 0 0 0.898231029510498 63.426700592041
-80 0 0 0.899514973163605 63.5228996276855
-79 0 0 0.90080201625824 63.6189994812012
-78 0 0 0.902091979980469 63.7151985168457
-77 0 0 0.903384983539581 63.8114013671875
-76 0 0 0.904681026935577 63.9076995849609
-75 0 0 0.905981004238129 64.0038986206055
-74 0 0 0.907283008098602 64.1001968383789
-73 0 0 0.908587992191315 64.196403503418
-72 0 0 0.909896016120911 64.2927017211914
-71 0 0 0.911207020282745 64.3889999389648
-70 0 0 0.91252201795578 64.4853973388672
-69 0 0 0.913838982582092 64.5817031860352
-68 0 0 0.915158987045288 64.6781005859375
-67 0 0 0.916481971740723 64.7743988037109
-66 0 0 0.917807996273041 64.8707962036133
-65 0 0 0.919137001037598 64.9672012329102
-64 0 0 0.920468986034393 65.0636978149414
-63 0 0 0.921804010868073 65.1601028442383
-62 0 0 0.923141002655029 65.2565002441406
-61 0 0 0.924481987953186 65.3529968261719
-60 0 0 0.925826013088226 65.4495010375977
-59 0 0 0.927172005176544 65.5459976196289
-58 0 0 0.928521990776062 65.6425018310547
-57 0 0 0.929874002933502 65.7389984130859
-56 0 0 0.931228995323181 65.8356018066406
-55 0 0 0.932587027549744 65.9320983886719
-54 0 0 0.9339479804039 66.0287017822266
-53 0 0 0.93531197309494 66.1252975463867
-52 0 0 0.936679005622864 66.2219009399414
-51 0 0 0.938049018383026 66.3184967041016
-50 22 4 0.939420998096466 66.4151000976563
-49 0 0 0.940796971321106 66.5118026733398
-48 0 0 0.942174971103668 66.6083984375
-47 0 0 0.943556010723114 66.7051010131836
-46 0 0 0.944939970970154 66.8018035888672
-45 0 0 0.946326971054077 66.8983993530273
-44 0 0 0.947717010974884 66.9952011108398
-43 0 0 0.949109017848969 67.0919036865234
-42 0 0 0.950504004955292 67.1885986328125
-41 0 0 0.951902985572815 67.2853012084961
-40 0 0 0.95330399274826 67.3821029663086
-39 0 0 0.954707026481628 67.4788970947266
-38 0 0 0.956113994121552 67.5755996704102
-37 0 0 0.957522988319397 67.6724014282227
-36 0 0 0.958935976028442 67.7692031860352
-35 0 0 0.96035099029541 67.8659973144531
-34 0 0 0.961767971515656 67.9628982543945
-33 0 0 0.963189005851746 68.059700012207
-32 0 0 0.964612007141113 68.1565017700195
-31 0 0 0.96603798866272 68.2534027099609
-30 0 0 0.96746701002121 68.3503036499023
-29 0 0 0.968899011611938 68.4470977783203
-28 0 0 0.970332980155945 68.5439987182617
-27 0 0 0.971771001815796 68.6408996582031
-26 0 0 0.973210990428925 68.7378997802734
-25 0 0 0.974653005599976 68.8348007202148
-24 0 0 0.976099014282227 68.9317016601563
-23 0 0 0.977546989917755 69.0286026000977
-22 0 0 0.978998005390167 69.125602722168
-21 0 0 0.980452001094818 69.2226028442383
-20 0 0 0.981908023357391 69.3195037841797
-19 0 0 0.983367025852203 69.4164962768555
-18 0 0 0.984829008579254 69.5134963989258
-17 0 0 0.986293971538544 69.6104965209961
-16 0 0 0.9877610206604 69.7074966430664
-15 0 0 0.989230990409851 69.8044967651367
-14 0 0 0.990703999996185 69.9016036987305
-13 0 0 0.992179989814758 69.9985961914063
-12 0 0 0.993658006191254 70.0955963134766
-11 0 0 0.995139002799988 70.1927032470703
-10 0 0 0.996622025966644 70.2898025512695
-9 0 0 0.997825980186462 70.3684005737305
-8 0 0 0.998628973960876 70.4207992553711
-7 0 0 0.999164998531342 70.4558029174805
-6 0 0 0.999522984027863 70.4791030883789
-5 0 0 0.999760985374451 70.4945983886719
-4 0 0 0.999881029129028 70.5024032592773
-3 0 0 0.999939978122711 70.5062026977539
-2 0 0 0.999970018863678 70.5082015991211
1 0 0 1 70.5101013183594
1 0 0 1 70.5101013183594
-2 0 0 1.00003004074097 70.5121002197266
-3 0 0 1.00005996227264 70.5139999389648
-4 0 0 1.00012004375458 70.5178985595703
-5 0 0 1.00023996829987 70.5257034301758
-6 0 0 1.00048005580902 70.5411987304688
-7 0 0 1.00083994865417 70.5644989013672
-8 0 0 1.00136995315552 70.5994033813477
-9 0 0 1.00217998027802 70.6519012451172
-10 0 0 1.00338995456696 70.7304992675781
-11 0 0 1.00488996505737 70.8275985717773
-12 0 0 1.00638997554779 70.9247970581055
-13 0 0 1.00789999961853 71.0218963623047
-14 0 0 1.00940001010895 71.1190032958984
-15 0 0 1.01091003417969 71.2162017822266
-16 0 0 1.01242005825043 71.3133010864258
-17 0 0 1.0139399766922 71.4104995727539
-18 0 0 1.01545000076294 71.5075988769531
-19 0 0 1.016970038414 71.6047973632813
-20 0 0 1.0184999704361 71.7020034790039
-21 0 0 1.02002000808716 71.799201965332
-22 0 0 1.02155005931854 71.8964004516602
-23 0 0 1.02307999134064 71.9935989379883
-24 0 0 1.02461004257202 72.0907974243164
-25 0 0 1.02614998817444 72.1880035400391
-26 0 0 1.02769005298615 72.2852020263672
-27 0 0 1.02922999858856 72.3824005126953
-28 0 0 1.03076994419098 72.4796981811523
-29 0 0 1.03232002258301 72.5768966674805
-30 0 0 1.03386998176575 72.6741027832031
-31 0 0 1.03541994094849 72.7714004516602
-32 0 0 1.03697001934052 72.8686981201172
-33 0 0 1.03852999210358 72.9658966064453
-34 0 0 1.04008996486664 73.0632019042969
-35 0 0 1.04165005683899 73.1604995727539
-36 0 0 1.04321002960205 73.2577972412109
-37 0 0 1.04478001594543 73.3550033569336
-38 0 0 1.04635000228882 73.4523010253906
-39 0 0 1.0479199886322 73.5495986938477
-40 0 0 1.04949998855591 73.6468963623047
-41 0 0 1.05106997489929 73.7443008422852
-42 0 0 1.052649974823 73.8415985107422
-43 0 0 1.05423998832703 73.9389038085938
-44 0 0 1.05581998825073 74.0362014770508
-45 0 0 1.05741000175476 74.1335983276367
-46 0 0 1.05900001525879 74.2309036254883
-47 0 0 1.06059002876282 74.3282012939453
-48 0 0 1.06219005584717 74.4255981445313
-49 0 0 1.06378996372223 74.5229034423828
-50 2 4 1.06538999080658 74.6203002929688
-51 0 0 1.06699001789093 74.7176971435547
-52 0 0 1.0686000585556 74.8150024414063
-53 0 0 1.07020998001099 74.9123992919922
-54 0 0 1.07182002067566 75.0098037719727
-55 0 0 1.07342994213104 75.1072006225586
-56 0 0 1.07504999637604 75.2045974731445
-57 0 0 1.07667005062103 75.302001953125
-58 0 0 1.07828998565674 75.399299621582
-59 0 0 1.07991003990173 75.496696472168
-60 0 0 1.08153998851776 75.5942001342773
-61 0 0 1.08317005634308 75.6915969848633
-62 0 0 1.08480000495911 75.7890014648438
-63 0 0 1.08642995357513 75.8863983154297
-64 0 0 1.08807003498077 75.9838027954102
-65 0 0 1.08970999717712 76.0811996459961
-66 0 0 1.09134995937347 76.1787033081055
-67 0 0 1.09299004077911 76.2761001586914
-68 0 0 1.09464001655579 76.3734970092773
-69 0 0 1.09628999233246 76.4710006713867
-70 0 0 1.09793996810913 76.5683975219727
-71 0 0 1.0995899438858 76.665901184082
-72 0 0 1.10125005245209 76.763298034668
-73 0 0 1.10291004180908 76.8608016967773
-74 0 0 1.10457003116608 76.9581985473633
-75 0 0 1.10624003410339 77.0557022094727
-76 0 0 1.10790002346039 77.1530990600586
-77 0 0 1.10957002639771 77.250602722168
-78 0 0 1.11125004291534 77.3480987548828
-79 0 0 1.11292004585266 77.4456024169922
-80 0 0 1.11459994316101 77.5429992675781
-81 0 0 1.11627995967865 77.6405029296875
-82 0 0 1.11795997619629 77.7379989624023
-83 0 0 1.11963999271393 77.8355026245117
-84 0 0 1.12133002281189 77.9329986572266
-85 0 0 1.12302005290985 78.0305023193359
-86 0 0 1.12470996379852 78.1279983520508
-87 0 0 1.12641000747681 78.2254028320313
-88 0 0 1.12811005115509 78.3228988647461
-89 0 0 1.12980997562408 78.4204025268555
-90 0 0 1.13151001930237 78.5178985595703
-91 0 0 1.13320994377136 78.6155014038086
-92 0 0 1.13492000102997 78.7129974365234
-93 0 0 1.13663005828857 78.8105010986328
-94 0 0 1.13833999633789 78.9079971313477
-95 0 0 1.14005994796753 79.005500793457
-96 0 0 1.14177000522614 79.1029968261719
-97 0 0 1.14348995685577 79.2005004882813
-98 0 0 1.14522004127502 79.2981033325195
-99 0 0 1.14693999290466 79.3955993652344
-100 3 4 1.14866995811462 79.4931030273438
-101 0 0 1.15040004253387 79.5905990600586
-102 0 0 1.15213000774384 79.6882019042969
-103 0 0 1.15386998653412 79.7856979370117
-104 0 0 1.15559995174408 79.8832015991211
-105 0 0 1.15734004974365 79.9807968139648
-106 0 0 1.15909004211426 80.0783004760742
-107 0 0 1.16083002090454 80.1757965087891
-108 0 0 1.16258001327515 80.2733993530273
-109 0 0 1.16433000564575 80.3709030151367
-110 0 0 1.16607999801636 80.4684982299805
-111 0 0 1.16784000396729 80.5660018920898
-112 0 0 1.16958999633789 80.6635971069336
-113 0 0 1.17135000228882 80.761100769043
-114 0 0 1.17312002182007 80.8587036132813
-115 0 0 1.174880027771 80.9561996459961
-116 0 0 1.17665004730225 81.0538024902344
-117 0 0 1.17841994762421 81.1512985229492
-118 0 0 1.18018996715546 81.2489013671875
-119 0 0 1.18195998668671 81.3463973999023
-120 0 0 1.18374001979828 81.4440002441406
-121 0 0 1.18552005290985 81.5414962768555
-122 0 0 1.18729996681213 81.6390991210938
-123 0 0 1.18909001350403 81.736701965332
-124 0 0 1.19087994098663 81.8341979980469
-125 0 0 1.19266998767853 81.9318008422852
-126 0 0 1.19446003437042 82.029296875
-127 0 0 1.19624996185303 82.1268997192383
-128 0 0 1.19805002212524 82.2245025634766
-129 0 0 1.19984996318817 82.3219985961914
-130 0 0 1.20165002346039 82.4196014404297
-131 0 0 1.20345997810364 82.5171966552734
-132 0 0 1.20527005195618 82.6147003173828
-133 0 0 1.20708000659943 82.7123031616211
-134 0 0 1.20888996124268 82.8098983764648
-135 0 0 1.21070003509521 82.9074020385742
-136 0 0 1.21252000331879 83.004997253418
-137 0 0 1.21433997154236 83.1026000976563
-138 0 0 1.21616005897522 83.2001037597656
-139 0 0 1.21799004077911 83.2976989746094
-140 0 0 1.21981000900269 83.3953018188477
-141 0 0 1.22163999080658 83.4928970336914
-142 0 0 1.2234799861908 83.5904006958008
-143 0 0 1.22530996799469 83.6880035400391
-144 0 0 1.22714996337891 83.7855987548828
-145 0 0 1.22898995876312 83.8831024169922
-146 0 0 1.23082995414734 83.9806976318359
-147 0 0 1.23266994953156 84.0783004760742
-148 0 0 1.23451995849609 84.1759033203125
-149 0 0 1.23636996746063 84.2733993530273
-150 4 4 1.23821997642517 84.3710021972656
-151 0 0 1.24007999897003 84.4685974121094
-152 0 0 1.24193000793457 84.5662002563477
-153 0 0 1.24379003047943 84.6636962890625
-154 0 0 1.24565994739532 84.7612991333008
-155 0 0 1.24751996994019 84.8589019775391
-156 0 0 1.24939000606537 84.9563980102539
-157 0 0 1.25126004219055 85.0540008544922
-158 0 0 1.25312995910645 85.1516036987305
-159 0 0 1.25499999523163 85.2491989135742
-160 0 0 1.25688004493713 85.3467025756836
-161 0 0 1.25875997543335 85.4442977905273
-162 0 0 1.26064002513885 85.5419006347656
-163 0 0 1.26252996921539 85.6393966674805
-164 0 0 1.2644100189209 85.7369995117188
-165 0 0 1.26629996299744 85.834602355957
-166 0 0 1.26820003986359 85.9320983886719
-167 0 0 1.27008998394012 86.0297012329102
-168 0 0 1.27198994159698 86.1272964477539
-169 0 0 1.27389001846313 86.2248992919922
-170 0 0 1.27578997612 86.3224029541016
-171 0 0 1.27769005298615 86.4199981689453
-172 0 0 1.27960002422333 86.5176010131836
-173 0 0 1.28150999546051 86.6150970458984
-174 0 0 1.28341996669769 86.7126998901367
-175 0 0 1.2853399515152 86.8102035522461
-176 0 0 1.28725004196167 86.9077987670898
-177 0 0 1.28917002677917 87.0054016113281
-178 0 0 1.291100025177 87.102897644043
-179 0 0 1.29302000999451 87.2005004882813
-180 0 0 1.29495000839233 87.2979965209961
-181 0 0 1.29688000679016 87.3955993652344
-182 0 0 1.29881000518799 87.4932022094727
-183 0 0 1.30074000358582 87.5906982421875
-184 0 0 1.30268001556396 87.6883010864258
-185 0 0 1.30462002754211 87.7857971191406
-186 0 0 1.30656003952026 87.8833999633789
-187 0 0 1.30850994586945 87.9809036254883
-188 0 0 1.3104499578476 88.078498840332
-189 0 0 1.31239998340607 88.1760025024414
-190 0 0 1.31436002254486 88.2735977172852
-191 0 0 1.31631004810333 88.3711013793945
-192 0 0 1.31826996803284 88.4686965942383
-193 0 0 1.32023000717163 88.5662002563477
-194 0 0 1.32219004631042 88.6638031005859
-195 0 0 1.32415997982025 88.7612991333008
-196 0 0 1.32612001895905 88.8588027954102
-197 0 0 1.32808995246887 88.9563980102539
-198 0 0 1.33007001876831 89.0539016723633
-199 0 0 1.33203995227814 89.151496887207
-200 5 4 1.33402001857758 89.2490005493164
-201 0 0 1.33599996566772 89.3464965820313
-202 0 0 1.33798003196716 89.4440994262695
-203 0 0 1.33996999263763 89.5416030883789
-204 0 0 1.34195005893707 89.6390991210938
-205 0 0 1.34394001960754 89.736701965332
-206 0 0 1.34593999385834 89.8341979980469
-207 0 0 1.34792995452881 89.9317016601563
-208 0 0 1.34993004798889 90.0291976928711
-209 0 0 1.35193002223969 90.1268005371094
-210 0 0 1.35392999649048 90.2242965698242
-211 0 0 1.35593998432159 90.3218002319336
-212 0 0 1.35794997215271 90.4192962646484
-213 0 0 1.35995995998383 90.5167999267578
-214 0 0 1.36196994781494 90.6143035888672
-215 0 0 1.36398005485535 90.7118988037109
-216 0 0 1.36600005626678 90.8094024658203
-217 0 0 1.36802005767822 90.9068984985352
-218 0 0 1.37004995346069 91.0044021606445
-219 0 0 1.37206995487213 91.1018981933594
-220 0 0 1.37409996986389 91.1994018554688
-221 0 0 1.37612998485565 91.2968978881836
-222 0 0 1.37815999984741 91.394401550293
-223 0 0 1.38020002841949 91.4918975830078
-224 0 0 1.38224005699158 91.5894012451172
-225 0 0 1.38427996635437 91.686897277832
-226 0 0 1.38631999492645 91.7844009399414
-227 0 0 1.38837003707886 91.8817977905273
-228 0 0 1.39041996002197 91.9793014526367
-229 0 0 1.39247000217438 92.0767974853516
-230 0 0 1.39452004432678 92.1743011474609
-231 0 0 1.39657998085022 92.2717971801758
-232 0 0 1.39864003658295 92.3693008422852
-233 0 0 1.40069997310638 92.4666976928711
-234 0 0 1.40276002883911 92.5642013549805
-235 0 0 1.40482997894287 92.6616973876953
-236 0 0 1.40690004825592 92.7592010498047
-237 0 0 1.40896999835968 92.8565979003906
-238 0 0 1.41104996204376 92.9541015625
-239 0 0 1.41312003135681 93.0514984130859
-240 0 0 1.41519999504089 93.1490020751953
-241 0 0 1.4172899723053 93.2464981079102
-242 0 0 1.41937005519867 93.3439025878906
-243 0 0 1.42146003246307 93.4413986206055
-244 0 0 1.42355000972748 93.5388031005859
-245 0 0 1.42563998699188 93.6362991333008
-246 0 0 1.42773997783661 93.7337036132813
-247 0 0 1.42982995510101 93.8311996459961
-248 0 0 1.43192994594574 93.928596496582
-249 0 0 1.43403995037079 94.0260009765625
-250 6 4 1.43613994121552 94.1234970092773
-251 0 0 1.43824994564056 94.2209014892578
-252 0 0 1.44035995006561 94.3182983398438
-253 0 0 1.44246995449066 94.4158020019531
-254 0 0 1.44458997249603 94.5131988525391
-255 0 0 1.4467099905014 94.6106033325195
-256 0 0 1.44883000850677 94.7080001831055
-257 0 0 1.45095002651215 94.8054962158203
-258 0 0 1.45308005809784 94.9029006958008
-259 0 0 1.45520997047424 95.0002975463867
-260 0 0 1.45734000205994 95.0977020263672
-261 0 0 1.45947003364563 95.1950988769531
-262 0 0 1.46160995960236 95.2925033569336
-263 0 0 1.46375000476837 95.3899002075195
-264 0 0 1.46589004993439 95.4872970581055
-265 0 0 1.46803998947144 95.5847015380859
-266 0 0 1.47018003463745 95.6820983886719
-267 0 0 1.4723299741745 95.7795028686523
-268 0 0 1.47449004650116 95.8768997192383
-269 0 0 1.47663998603821 95.9742965698242
-270 0 0 1.47880005836487 96.0716018676758
-271 0 0 1.48096001148224 96.1689987182617
-272 0 0 1.48311996459961 96.2664031982422
-273 0 0 1.48529005050659 96.3638000488281
-274 0 0 1.48746001720428 96.4610977172852
-275 0 0 1.48962998390198 96.5585021972656
-276 0 0 1.49179995059967 96.6558990478516
-277 0 0 1.49398005008698 96.7531967163086
-278 0 0 1.49616003036499 96.8506011962891
-279 0 0 1.49834001064301 96.9478988647461
-280 0 0 1.50051999092102 97.0453033447266
-281 0 0 1.50270998477936 97.1426010131836
-282 0 0 1.5048999786377 97.2399978637695
-283 0 0 1.50708997249603 97.3373031616211
-284 0 0 1.50928997993469 97.434700012207
-285 0 0 1.51148998737335 97.5319976806641
-286 0 0 1.51368999481201 97.6293029785156
-287 0 0 1.51589000225067 97.7266998291016
-288 0 0 1.51810002326965 97.8239974975586
-289 0 0 1.52030003070831 97.9213027954102
-290 0 0 1.52251005172729 98.0186004638672
-291 0 0 1.52472996711731 98.1159973144531
-292 0 0 1.52693998813629 98.2133026123047
-293 0 0 1.5291600227356 98.3106002807617
-294 0 0 1.53138995170593 98.4078979492188
-295 0 0 1.53360998630524 98.5052032470703
-296 0 0 1.53584003448486 98.6025009155273
-297 0 0 1.5380699634552 98.6997985839844
-298 0 0 1.54030001163483 98.7970962524414
-299 0 0 1.54253995418549 98.894401550293
-300 7 4 1.54477000236511 98.9916000366211
-301 0 0 1.54700994491577 99.0888977050781
-302 0 0 1.54926002025604 99.1862030029297
-303 0 0 1.5514999628067 99.2835006713867
-304 0 0 1.55375003814697 99.3807983398438
-305 0 0 1.55599999427795 99.4779968261719
-306 0 0 1.55825996398926 99.5753021240234
-307 0 0 1.56052005290985 99.6725006103516
-308 0 0 1.56277000904083 99.7697982788086
-309 0 0 1.56503999233246 99.8671035766602
-310 0 0 1.56729996204376 99.9643020629883
-311 0 0 1.56956994533539 100.061996459961
-312 0 0 1.5718400478363 100.158996582031
-313 0 0 1.57411003112793 100.255996704102
-314 0 0 1.57639002799988 100.352996826172
-315 0 0 1.57867002487183 100.450996398926
-316 0 0 1.58095002174377 100.547996520996
-317 0 0 1.58324003219604 100.644996643066
-318 0 0 1.58552002906799 100.741996765137
-319 0 0 1.58781003952026 100.838996887207
-320 0 0 1.59010004997253 100.936996459961
-321 0 0 1.59239995479584 101.033996582031
-322 0 0 1.59469997882843 101.130996704102
-323 0 0 1.59700000286102 101.227996826172
-324 0 0 1.59930002689362 101.324996948242
-325 0 0 1.60160994529724 101.422996520996
-326 0 0 1.60391998291016 101.519996643066
-327 0 0 1.60623002052307 101.616996765137
-328 0 0 1.60854005813599 101.713996887207
-329 0 0 1.61085999011993 101.810997009277
-330 0 0 1.61318004131317 101.908996582031
-331 0 0 1.61550998687744 102.005996704102
-332 0 0 1.61783003807068 102.102996826172
-333 0 0 1.62015998363495 102.199996948242
-334 0 0 1.62249004840851 102.296997070313
-335 0 0 1.6248300075531 102.393997192383
-336 0 0 1.62715995311737 102.490997314453
-337 0 0 1.62950003147125 102.588996887207
-338 0 0 1.63183999061584 102.685997009277
-339 0 0 1.63418996334076 102.782997131348
-340 0 0 1.63654005527496 102.879997253418
-341 0 0 1.63889002799988 102.976997375488
-342 0 0 1.64124000072479 103.073997497559
-343 0 0 1.64359998703003 103.170997619629
-344 0 0 1.64595997333527 103.268997192383
-345 0 0 1.6483199596405 103.365997314453
-346 0 0 1.65068995952606 103.462997436523
-347 0 0 1.6530499458313 103.559997558594
-348 0 0 1.65542995929718 103.656997680664
-349 0 0 1.65779995918274 103.753997802734
-350 8 4 1.66017997264862 103.850997924805
-351 0 0 1.66254997253418 103.947998046875
-352 0 0 1.66493999958038 104.044998168945
-353 0 0 1.66732001304626 104.141998291016
-354 0 0 1.66971004009247 104.238998413086
-355 0 0 1.67209994792938 104.33699798584
-356 0 0 1.67448997497559 104.43399810791
-357 0 0 1.67689001560211 104.53099822998
-358 0 0 1.67929005622864 104.627998352051
-359 0 0 1.68168997764587 104.724998474121
-360 0 0 1.68410003185272 104.821998596191
-361 0 0 1.68649995326996 104.918998718262
-362 0 0 1.68892002105713 105.015998840332
-363 0 0 1.69132995605469 105.112998962402
-364 0 0 1.69375002384186 105.209999084473
-365 0 0 1.69615995883942 105.306999206543
-366 0 0 1.69859004020691 105.403999328613
-367 0 0 1.70100998878479 105.500999450684
-368 0 0 1.70343995094299 105.597999572754
-369 0 0 1.70587003231049 105.694999694824
-370 0 0 1.70829999446869 105.791999816895
-371 0 0 1.71073997020721 105.888999938965
-372 0 0 1.71317994594574 105.986000061035
-373 0 0 1.71562004089355 106.083000183105
-374 0 0 1.7180700302124 106.180000305176
-375 0 0 1.72052001953125 106.277000427246
-376 0 0 1.7229700088501 106.374000549316
-377 0 0 1.72541999816895 106.471000671387
-378 0 0 1.72788000106812 106.568000793457
-379 0 0 1.73034000396729 106.665000915527
-380 0 0 1.73280000686646 106.762001037598
-381 0 0 1.73527002334595 106.859001159668
-382 0 0 1.73774003982544 106.956001281738
-383 0 0 1.74021005630493 107.053001403809
-384 0 0 1.74267995357513 107.150001525879
-385 0 0 1.74515998363495 107.247001647949
-386 0 0 1.74764001369476 107.343002319336
-387 0 0 1.7501300573349 107.440002441406
-388 0 0 1.75260996818542 107.537002563477
-389 0 0 1.75510001182556 107.634002685547
-390 0 0 1.7575900554657 107.731002807617
-391 0 0 1.76008999347687 107.828002929688
-392 0 0 1.76259005069733 107.925003051758
-393 0 0 1.7650899887085 108.022003173828
-394 0 0 1.76759004592896 108.119003295898
-395 0 0 1.77009999752045 108.216003417969
-396 0 0 1.77260994911194 108.311996459961
-397 0 0 1.77512001991272 108.408996582031
-398 0 0 1.77763998508453 108.505996704102
-399 0 0 1.78015995025635 108.602996826172
-400 9 4 1.78268003463745 108.699996948242
-401 0 0 1.78521001338959 108.796997070313
-402 0 0 1.78773999214172 108.893997192383
-403 0 0 1.79026997089386 108.98999786377
-404 0 0 1.792799949646 109.08699798584
-405 0 0 1.79533994197845 109.18399810791
-406 0 0 1.7978800535202 109.28099822998
-407 0 0 1.80042004585266 109.377998352051
-408 0 0 1.80297005176544 109.474998474121
-409 0 0 1.80552005767822 109.570999145508
-410 0 0 1.80806994438171 109.667999267578
-411 0 0 1.81062996387482 109.764999389648
-412 0 0 1.81318998336792 109.861999511719
-413 0 0 1.81575000286102 109.958999633789
-414 0 0 1.81831002235413 110.055000305176
-415 0 0 1.82088005542755 110.152000427246
-416 0 0 1.82344996929169 110.249000549316
-417 0 0 1.82602000236511 110.346000671387
-418 0 0 1.82860004901886 110.442001342773
-419 0 0 1.83117997646332 110.539001464844
-420 0 0 1.83376002311707 110.636001586914
-421 0 0 1.83634996414185 110.733001708984
-422 0 0 1.83894002437592 110.829002380371
-423 0 0 1.8415299654007 110.926002502441
-424 0 0 1.84413003921509 111.023002624512
-425 0 0 1.84671998023987 111.120002746582
-426 0 0 1.84932994842529 111.216003417969
-427 0 0 1.85193002223969 111.313003540039
-428 0 0 1.85453999042511 111.410003662109
-429 0 0 1.85714995861053 111.505996704102
-430 0 0 1.85976004600525 111.602996826172
-431 0 0 1.862380027771 111.699996948242
-432 0 0 1.86500000953674 111.795997619629
-433 0 0 1.86761999130249 111.892997741699
-434 0 0 1.87024998664856 111.98999786377
-435 0 0 1.87287998199463 112.08699798584
-436 0 0 1.8755099773407 112.182998657227
-437 0 0 1.87814998626709 112.279998779297
-438 0 0 1.88078999519348 112.375999450684
-439 0 0 1.88343000411987 112.472999572754
-440 0 0 1.88607001304626 112.569999694824
-441 0 0 1.88872003555298 112.666000366211
-442 0 0 1.89137005805969 112.763000488281
-443 0 0 1.89402997493744 112.860000610352
-444 0 0 1.89667999744415 112.956001281738
-445 0 0 1.89935004711151 113.053001403809
-446 0 0 1.90200996398926 113.149002075195
-447 0 0 1.90468001365662 113.246002197266
-448 0 0 1.90734994411469 113.343002319336
-449 0 0 1.91001999378204 113.439002990723
-450 10 4 1.91270005702972 113.536003112793
-451 0 0 1.91538000106812 113.63200378418
-452 0 0 1.91805994510651 113.728996276855
-453 0 0 1.92075002193451 113.825996398926
-454 0 0 1.92343997955322 113.921997070313
-455 0 0 1.92613005638123 114.018997192383
-456 0 0 1.92883002758026 114.11499786377
-457 0 0 1.93151998519897 114.21199798584
-458 0 0 1.93422996997833 114.307998657227
-459 0 0 1.93692994117737 114.404998779297
-460 0 0 1.93964004516602 114.500999450684
-461 0 0 1.94235002994537 114.597999572754
-462 0 0 1.94507002830505 114.694000244141
-463 0 0 1.94779002666473 114.791000366211
-464 0 0 1.95051002502441 114.887001037598
-465 0 0 1.95323002338409 114.984001159668
-466 0 0 1.9559600353241 115.080001831055
-467 0 0 1.9586900472641 115.177001953125
-468 0 0 1.96142995357513 115.273002624512
-469 0 0 1.96416997909546 115.370002746582
-470 0 0 1.96691000461578 115.466003417969
-471 0 0 1.96965003013611 115.563003540039
-472 0 0 1.97239995002747 115.658996582031
-473 0 0 1.97514998912811 115.754997253418
-474 0 0 1.97791004180908 115.851997375488
-475 0 0 1.98065996170044 115.947998046875
-476 0 0 1.98343002796173 116.044998168945
-477 0 0 1.98618996143341 116.140998840332
-478 0 0 1.9889600276947 116.237998962402
-479 0 0 1.9917299747467 116.333999633789
-480 0 0 1.994500041008 116.430000305176
-481 0 0 1.99728000164032 116.527000427246
-482 0 0 2.00006008148193 116.623001098633
-483 0 0 2.00284004211426 116.71900177002
-484 0 0 2.0056300163269 116.81600189209
-485 0 0 2.00841999053955 116.912002563477
-486 0 0 2.01121997833252 117.009002685547
-487 0 0 2.01400995254517 117.105003356934
-488 0 0 2.01681995391846 117.200996398926
-489 0 0 2.01961994171143 117.297996520996
-490 0 0 2.02242994308472 117.393997192383
-491 0 0 2.02523994445801 117.48999786377
-492 0 0 2.0280499458313 117.58699798584
-493 0 0 2.03086996078491 117.682998657227
-494 0 0 2.03368997573853 117.778999328613
-495 0 0 2.03652000427246 117.875
-496 0 0 2.03934001922607 117.97200012207
-497 0 0 2.04217004776001 118.068000793457
-498 0 0 2.04501008987427 118.164001464844
-499 0 0 2.04784989356995 118.261001586914
-500 11 4 2.0506899356842 118.357002258301
-501 0 0 2.05352997779846 118.453002929688
-502 0 0 2.05638003349304 118.549003601074
-503 0 0 2.05923008918762 118.644996643066
-504 0 0 2.06208992004395 118.741996765137
-505 0 0 2.06494998931885 118.837997436523
-506 0 0 2.06781005859375 118.93399810791
-507 0 0 2.07066988945007 119.029998779297
-508 0 0 2.0735399723053 119.126998901367
-509 0 0 2.07641005516052 119.222999572754
-510 0 0 2.07928991317749 119.319000244141
-511 0 0 2.08217000961304 119.415000915527
-512 0 0 2.08505010604858 119.511001586914
-513 0 0 2.08793997764587 119.607002258301
-514 0 0 2.09083008766174 119.704002380371
-515 0 0 2.09371995925903 119.800003051758
-516 0 0 2.0966100692749 119.896003723145
-517 0 0 2.09950995445251 119.991996765137
-518 0 0 2.10242009162903 120.087997436523
-519 0 0 2.10531997680664 120.18399810791
-520 0 0 2.10823011398315 120.279998779297
-521 0 0 2.11115002632141 120.376998901367
-522 0 0 2.11406993865967 120.472999572754
-523 0 0 2.1169900894165 120.569000244141
-524 0 0 2.11991000175476 120.665000915527
-525 0 0 2.12283992767334 120.761001586914
-526 0 0 2.1257700920105 120.857002258301
-527 0 0 2.12870001792908 120.953002929688
-528 0 0 2.13163995742798 121.049003601074
-529 0 0 2.13457989692688 121.144996643066
-530 0 0 2.13753008842468 121.240997314453
-531 0 0 2.14048004150391 121.33699798584
-532 0 0 2.14342999458313 121.432998657227
-533 0 0 2.14638996124268 121.528999328613
-534 0 0 2.14934992790222 121.625
-535 0 0 2.15230989456177 121.721000671387
-536 0 0 2.15528011322021 121.817001342773
-537 0 0 2.15825009346008 121.91300201416
-538 0 0 2.16122007369995 122.009002685547
-539 0 0 2.16420006752014 122.105003356934
-540 0 0 2.16718006134033 122.200996398926
-541 0 0 2.17016005516052 122.296997070313
-542 0 0 2.17315006256104 122.392997741699
-543 0 0 2.17614006996155 122.488998413086
-544 0 0 2.17914009094238 122.584999084473
-545 0 0 2.18214011192322 122.680999755859
-546 0 0 2.18513989448547 122.777000427246
-547 0 0 2.18814992904663 122.873001098633
-548 0 0 2.19115996360779 122.96900177002
-549 0 0 2.19416999816895 123.065002441406
-550 12 4 2.19719004631042 123.161003112793
-551 0 0 2.2002100944519 123.255996704102
-552 0 0 2.2032299041748 123.351997375488
-553 0 0 2.20625996589661 123.447998046875
-554 0 0 2.20929002761841 123.543998718262
-555 0 0 2.21233010292053 123.639999389648
-556 0 0 2.21535992622375 123.736000061035
-557 0 0 2.2184100151062 123.832000732422
-558 0 0 2.22145009040833 123.927001953125
-559 0 0 2.22449994087219 124.023002624512
-560 0 0 2.22756004333496 124.119003295898
-561 0 0 2.23060989379883 124.214996337891
-562 0 0 2.23368000984192 124.310997009277
-563 0 0 2.23674011230469 124.40599822998
-564 0 0 2.2398099899292 124.501998901367
-565 0 0 2.24288010597229 124.597999572754
-566 0 0 2.24595999717712 124.694000244141
-567 0 0 2.24903988838196 124.789001464844
-568 0 0 2.25212001800537 124.88500213623
-569 0 0 2.25520992279053 124.981002807617
-570 0 0 2.25830006599426 125.077003479004
-571 0 0 2.26138997077942 125.171997070313
-572 0 0 2.2644898891449 125.267997741699
-573 0 0 2.26759004592896 125.363998413086
-574 0 0 2.27069997787476 125.459999084473
-575 0 0 2.27380990982056 125.555000305176
-576 0 0 2.27692008018494 125.651000976563
-577 0 0 2.28004002571106 125.747001647949
-578 0 0 2.28315997123718 125.842002868652
-579 0 0 2.28628993034363 125.938003540039
-580 0 0 2.28941011428833 126.033996582031
-581 0 0 2.2925500869751 126.128997802734
-582 0 0 2.29568004608154 126.224998474121
-583 0 0 2.29882001876831 126.319999694824
-584 0 0 2.3019700050354 126.416000366211
-585 0 0 2.30510997772217 126.512001037598
-586 0 0 2.30825996398926 126.607002258301
-587 0 0 2.31141996383667 126.703002929688
-588 0 0 2.31457996368408 126.797996520996
-589 0 0 2.31773996353149 126.893997192383
-590 0 0 2.32090997695923 126.98999786377
-591 0 0 2.32407999038696 127.084999084473
-592 0 0 2.3272500038147 127.180999755859
-593 0 0 2.33043003082275 127.276000976563
-594 0 0 2.33361005783081 127.372001647949
-595 0 0 2.33680009841919 127.467002868652
-596 0 0 2.33998990058899 127.563003540039
-597 0 0 2.34317994117737 127.657997131348
-598 0 0 2.34637999534607 127.753997802734
-599 0 0 2.34958004951477 127.848999023438
-600 13 4 2.35279011726379 127.944999694824
-601 0 0 2.35599994659424 128.039993286133
-602 0 0 2.35921001434326 128.136001586914
-603 0 0 2.36243009567261 128.231002807617
-604 0 0 2.36564993858337 128.32600402832
-605 0 0 2.36887001991272 128.421997070313
-606 0 0 2.37210011482239 128.516998291016
-607 0 0 2.3753399848938 128.613006591797
-608 0 0 2.37857007980347 128.707992553711
-609 0 0 2.38180994987488 128.804000854492
-610 0 0 2.38506007194519 128.899002075195
-611 0 0 2.38830995559692 128.994003295898
-612 0 0 2.39156007766724 129.089996337891
-613 0 0 2.39481997489929 129.184997558594
-614 0 0 2.39808011054993 129.279998779297
-615 0 0 2.40134000778198 129.376007080078
-616 0 0 2.40460991859436 129.470993041992
-617 0 0 2.40788006782532 129.565994262695
-618 0 0 2.41115999221802 129.662002563477
-619 0 0 2.41443991661072 129.75700378418
-620 0 0 2.417720079422 129.852005004883
-621 0 0 2.42101001739502 129.947998046875
-622 0 0 2.42430996894836 130.042999267578
-623 0 0 2.42759990692139 130.138000488281
-624 0 0 2.43090009689331 130.233001708984
-625 0 0 2.43421006202698 130.328994750977
-626 0 0 2.43752002716064 130.42399597168
-627 0 0 2.44082999229431 130.518997192383
-628 0 0 2.4441499710083 130.613998413086
-629 0 0 2.44746994972229 130.708999633789
-630 0 0 2.45078992843628 130.804992675781
-631 0 0 2.45411992073059 130.899993896484
-632 0 0 2.45745992660522 130.994995117188
-633 0 0 2.46078991889954 131.089996337891
-634 0 0 2.46412992477417 131.184997558594
-635 0 0 2.46747994422913 131.279998779297
-636 0 0 2.47082996368408 131.376007080078
-637 0 0 2.47417998313904 131.470993041992
-638 0 0 2.47754001617432 131.565994262695
-639 0 0 2.48090004920959 131.660995483398
-640 0 0 2.4842700958252 131.755996704102
-641 0 0 2.48763990402222 131.850997924805
-642 0 0 2.49100995063782 131.945999145508
-643 0 0 2.49439001083374 132.041000366211
-644 0 0 2.49777007102966 132.136001586914
-645 0 0 2.50115990638733 132.231002807617
-646 0 0 2.50454998016357 132.32600402832
-647 0 0 2.50795006752014 132.421005249023
-648 0 0 2.51134991645813 132.516006469727
-649 0 0 2.5147500038147 132.610992431641
-650 14 4 2.51816010475159 132.705993652344
-651 0 0 2.5215699672699 132.800994873047
-652 0 0 2.52499008178711 132.89599609375
-653 0 0 2.52840995788574 132.990997314453
-654 0 0 2.53183007240295 133.085998535156
-655 0 0 2.53525996208191 133.180999755859
-656 0 0 2.53869009017944 133.276000976563
-657 0 0 2.54212999343872 133.371002197266
-658 0 0 2.545569896698 133.466003417969
-659 0 0 2.54902005195618 133.561004638672
-660 0 0 2.55246996879578 133.656005859375
-661 0 0 2.55591988563538 133.751007080078
-662 0 0 2.55938005447388 133.845993041992
-663 0 0 2.5628399848938 133.940994262695
-664 0 0 2.56630992889404 134.035003662109
-665 0 0 2.56978011131287 134.130004882813
-666 0 0 2.57326006889343 134.225006103516
-667 0 0 2.576740026474 134.320007324219
-668 0 0 2.58021998405457 134.414993286133
-669 0 0 2.58370995521545 134.509994506836
-670 0 0 2.58719992637634 134.60400390625
-671 0 0 2.59069991111755 134.699005126953
-672 0 0 2.59419989585876 134.794006347656
-673 0 0 2.5977098941803 134.889007568359
-674 0 0 2.60121989250183 134.983001708984
-675 0 0 2.60472989082336 135.078002929688
-676 0 0 2.60824990272522 135.173004150391
-677 0 0 2.61176991462708 135.268005371094
-678 0 0 2.61529994010925 135.361999511719
-679 0 0 2.61882996559143 135.457000732422
-680 0 0 2.62237000465393 135.552001953125
-681 0 0 2.62591004371643 135.64599609375
-682 0 0 2.62946009635925 135.740997314453
-683 0 0 2.6330099105835 135.835998535156
-684 0 0 2.63655996322632 135.929992675781
-685 0 0 2.64012002944946 136.024993896484
-686 0 0 2.64368009567261 136.119995117188
-687 0 0 2.6472499370575 136.214004516602
-688 0 0 2.65082001686096 136.309005737305
-689 0 0 2.65440011024475 136.40299987793
-690 0 0 2.65797996520996 136.498001098633
-691 0 0 2.66156005859375 136.591995239258
-692 0 0 2.66514992713928 136.686996459961
-693 0 0 2.66874003410339 136.781997680664
-694 0 0 2.67233991622925 136.876007080078
-695 0 0 2.675950050354 136.970993041992
-696 0 0 2.67954993247986 137.065002441406
-697 0 0 2.68317008018494 137.160003662109
-698 0 0 2.68677997589111 137.253997802734
-699 0 0 2.69039988517761 137.348999023438
-700 15 4 2.69403004646301 137.442993164063
-701 0 0 2.69765996932983 137.537002563477
-702 0 0 2.70128989219666 137.63200378418
-703 0 0 2.70493006706238 137.725997924805
-704 0 0 2.70857000350952 137.820999145508
-705 0 0 2.71221995353699 137.914993286133
-706 0 0 2.71586990356445 138.009994506836
-707 0 0 2.71953010559082 138.10400390625
-708 0 0 2.72319006919861 138.197998046875
-709 0 0 2.72686004638672 138.292999267578
-710 0 0 2.73053002357483 138.386993408203
-711 0 0 2.73421001434326 138.481002807617
-712 0 0 2.73789000511169 138.57600402832
-713 0 0 2.74156999588013 138.669998168945
-714 0 0 2.74526000022888 138.764007568359
-715 0 0 2.74895000457764 138.858993530273
-716 0 0 2.75265002250671 138.953002929688
-717 0 0 2.75636005401611 139.046997070313
-718 0 0 2.76006007194519 139.141006469727
-719 0 0 2.76378011703491 139.235992431641
-720 0 0 2.76748991012573 139.330001831055
-721 0 0 2.77120995521545 139.42399597168
-722 0 0 2.7749400138855 139.518005371094
-723 0 0 2.77867007255554 139.611999511719
-724 0 0 2.78240990638733 139.707000732422
-725 0 0 2.7861499786377 139.800994873047
-726 0 0 2.78989005088806 139.895004272461
-727 0 0 2.79363989830017 139.988998413086
-728 0 0 2.79739999771118 140.082992553711
-729 0 0 2.80116009712219 140.177001953125
-730 0 0 2.80491995811462 140.27099609375
-731 0 0 2.80869007110596 140.365005493164
-732 0 0 2.81245994567871 140.460006713867
-733 0 0 2.81624007225037 140.554000854492
-734 0 0 2.82001996040344 140.647994995117
-735 0 0 2.82381010055542 140.742004394531
-736 0 0 2.82760000228882 140.835998535156
-737 0 0 2.83139991760254 140.929992675781
-738 0 0 2.83520007133484 141.024002075195
-739 0 0 2.83901000022888 141.11799621582
-740 0 0 2.84281992912292 141.212005615234
-741 0 0 2.84664011001587 141.305999755859
-742 0 0 2.85046005249023 141.399993896484
-743 0 0 2.8542799949646 141.494003295898
-744 0 0 2.85810995101929 141.587997436523
-745 0 0 2.8619499206543 141.680999755859
-746 0 0 2.86578989028931 141.774993896484
-747 0 0 2.8696300983429 141.869003295898
-748 0 0 2.87348008155823 141.962997436523
-749 0 0 2.87734007835388 142.057006835938
-750 16 4 2.88120007514954 142.151000976563
-751 0 0 2.88506007194519 142.244995117188
-752 0 0 2.88893008232117 142.337997436523
-753 0 0 2.89281010627747 142.432006835938
-754 0 0 2.89668989181519 142.526000976563
-755 0 0 2.90056991577148 142.619995117188
-756 0 0 2.90445995330811 142.714004516602
-757 0 0 2.90834999084473 142.807006835938
-758 0 0 2.91225004196167 142.901000976563
-759 0 0 2.91615009307861 142.994995117188
-760 0 0 2.9200599193573 143.089004516602
-761 0 0 2.92397999763489 143.182006835938
-762 0 0 2.92790007591248 143.276000976563
-763 0 0 2.93181991577148 143.369995117188
-764 0 0 2.93575000762939 143.462997436523
-765 0 0 2.9396800994873 143.557006835938
-766 0 0 2.94361996650696 143.651000976563
-767 0 0 2.94756007194519 143.744003295898
-768 0 0 2.95150995254517 143.837997436523
-769 0 0 2.95546007156372 143.930999755859
-770 0 0 2.95941996574402 144.024993896484
-771 0 0 2.96339011192322 144.119003295898
-772 0 0 2.96735000610352 144.212005615234
-773 0 0 2.97132992744446 144.305999755859
-774 0 0 2.97531008720398 144.399002075195
-775 0 0 2.97929000854492 144.49299621582
-776 0 0 2.98327994346619 144.585998535156
-777 0 0 2.98727011680603 144.679992675781
-778 0 0 2.99127006530762 144.772994995117
-779 0 0 2.99528002738953 144.867004394531
-780 0 0 2.99927997589111 144.960006713867
-781 0 0 3.00329995155334 145.054000854492
-782 0 0 3.00731992721558 145.147003173828
-783 0 0 3.01133990287781 145.240005493164
-784 0 0 3.01536989212036 145.333999633789
-785 0 0 3.01940989494324 145.427001953125
-786 0 0 3.02343988418579 145.52099609375
-787 0 0 3.02748990058899 145.613998413086
-788 0 0 3.03153991699219 145.707000732422
-789 0 0 3.03558993339539 145.800994873047
-790 0 0 3.03964996337891 145.893997192383
-791 0 0 3.04372000694275 145.986999511719
-792 0 0 3.04779005050659 146.080001831055
-793 0 0 3.05187010765076 146.17399597168
-794 0 0 3.05594992637634 146.266998291016
-795 0 0 3.06002998352051 146.360000610352
-796 0 0 3.064120054245 146.453002929688
-797 0 0 3.06821990013123 146.546997070313
-798 0 0 3.07231998443604 146.639999389648
-799 0 0 3.07643008232117 146.733001708984
-800 17 4 3.08053994178772 146.82600402832
-801 0 0 3.08466005325317 146.919006347656
-802 0 0 3.08877992630005 147.011993408203
-803 0 0 3.09291005134583 147.106002807617
-804 0 0 3.09703993797302 147.199005126953
-805 0 0 3.10118007659912 147.292007446289
-806 0 0 3.10531997680664 147.384994506836
-807 0 0 3.10946989059448 147.477996826172
-808 0 0 3.11363005638123 147.570999145508
-809 0 0 3.11778998374939 147.664001464844
-810 0 0 3.12194991111755 147.75700378418
-811 0 0 3.12612009048462 147.850006103516
-812 0 0 3.13030004501343 147.942993164063
-813 0 0 3.13447999954224 148.035995483398
-814 0 0 3.13866996765137 148.128997802734
-815 0 0 3.1428599357605 148.22200012207
-816 0 0 3.14704990386963 148.315002441406
-817 0 0 3.1512598991394 148.408004760742
-818 0 0 3.15545988082886 148.501007080078
-819 0 0 3.15967988967896 148.593002319336
-820 0 0 3.16389989852905 148.686004638672
-821 0 0 3.16811990737915 148.779006958008
-822 0 0 3.17234992980957 148.871994018555
-823 0 0 3.17657995223999 148.964996337891
-824 0 0 3.18081998825073 149.057998657227
-825 0 0 3.1850700378418 149.149993896484
-826 0 0 3.18932008743286 149.24299621582
-827 0 0 3.19357991218567 149.335998535156
-828 0 0 3.19783997535706 149.429000854492
-829 0 0 3.20211005210876 149.52099609375
-830 0 0 3.20637989044189 149.613998413086
-831 0 0 3.21065998077393 149.707000732422
-832 0 0 3.21494007110596 149.79899597168
-833 0 0 3.21922993659973 149.891998291016
-834 0 0 3.22353005409241 149.985000610352
-835 0 0 3.2278299331665 150.076995849609
-836 0 0 3.23213005065918 150.169998168945
-837 0 0 3.2364399433136 150.263000488281
-838 0 0 3.24076008796692 150.354995727539
-839 0 0 3.24507999420166 150.447998046875
-840 0 0 3.24940991401672 150.539993286133
-841 0 0 3.25375008583069 150.632995605469
-842 0 0 3.25809001922607 150.725006103516
-843 0 0 3.26242995262146 150.817993164063
-844 0 0 3.26677989959717 150.910003662109
-845 0 0 3.27114009857178 151.003005981445
-846 0 0 3.27550005912781 151.095001220703
-847 0 0 3.27987003326416 151.188003540039
-848 0 0 3.28424000740051 151.279998779297
-849 0 0 3.28861999511719 151.371994018555
-850 18 4 3.29299998283386 151.464996337891
-851 0 0 3.29738998413086 151.557006835938
-852 0 0 3.30178999900818 151.649993896484
-853 0 0 3.3061900138855 151.742004394531
-854 0 0 3.31060004234314 151.833999633789
-855 0 0 3.31501007080078 151.927001953125
-856 0 0 3.31943011283875 152.018997192383
-857 0 0 3.32384991645813 152.110992431641
-858 0 0 3.32827997207642 152.203002929688
-859 0 0 3.33272004127502 152.296005249023
-860 0 0 3.33716011047363 152.388000488281
-861 0 0 3.34159994125366 152.479995727539
-862 0 0 3.34606003761292 152.572006225586
-863 0 0 3.35050988197327 152.664001464844
-864 0 0 3.35497999191284 152.755996704102
-865 0 0 3.35945010185242 152.848999023438
-866 0 0 3.36391997337341 152.940994262695
-867 0 0 3.36841011047363 153.033004760742
-868 0 0 3.37288999557495 153.125
-869 0 0 3.37738990783691 153.216995239258
-870 0 0 3.38188004493713 153.309005737305
-871 0 0 3.38638997077942 153.401000976563
-872 0 0 3.3908998966217 153.49299621582
-873 0 0 3.39542007446289 153.585006713867
-874 0 0 3.3999400138855 153.677001953125
-875 0 0 3.40446996688843 153.768997192383
-876 0 0 3.40899991989136 153.860992431641
-877 0 0 3.41353988647461 153.953002929688
-878 0 0 3.41809010505676 154.044998168945
-879 0 0 3.42264008522034 154.136993408203
-880 0 0 3.42719006538391 154.22900390625
-881 0 0 3.43176007270813 154.320007324219
-882 0 0 3.43633008003235 154.412002563477
-883 0 0 3.44090008735657 154.503997802734
-884 0 0 3.44548010826111 154.595993041992
-885 0 0 3.45006990432739 154.688003540039
-886 0 0 3.45465993881226 154.779006958008
-887 0 0 3.45925998687744 154.871002197266
-888 0 0 3.46387004852295 154.962997436523
-889 0 0 3.46848011016846 155.054992675781
-890 0 0 3.47309994697571 155.14599609375
-891 0 0 3.47772002220154 155.238006591797
-892 0 0 3.48235011100769 155.330001831055
-893 0 0 3.48697996139526 155.421005249023
-894 0 0 3.49162006378174 155.513000488281
-895 0 0 3.49626994132996 155.60400390625
-896 0 0 3.50092005729675 155.695999145508
-897 0 0 3.50557994842529 155.787994384766
-898 0 0 3.51025009155273 155.878997802734
-899 0 0 3.5149199962616 155.970993041992
-900 19 4 3.51959991455078 156.061996459961
-901 0 0 3.52428007125854 156.154006958008
-902 0 0 3.52897000312805 156.244995117188
-903 0 0 3.53365993499756 156.337005615234
-904 0 0 3.53836989402771 156.427993774414
-905 0 0 3.54307007789612 156.518997192383
-906 0 0 3.54779005050659 156.610992431641
-907 0 0 3.55251002311707 156.701995849609
-908 0 0 3.55722999572754 156.792999267578
-909 0 0 3.56196999549866 156.884994506836
-910 0 0 3.56670999526978 156.975997924805
-911 0 0 3.57144999504089 157.067001342773
-912 0 0 3.57620000839233 157.158996582031
-913 0 0 3.5809600353241 157.25
-914 0 0 3.58572006225586 157.341003417969
-915 0 0 3.59049010276794 157.432006835938
-916 0 0 3.59526991844177 157.524002075195
-917 0 0 3.60004997253418 157.615005493164
-918 0 0 3.60484004020691 157.705993652344
-919 0 0 3.60963010787964 157.796997070313
-920 0 0 3.61442995071411 157.888000488281
-921 0 0 3.61924004554749 157.97900390625
-922 0 0 3.62404990196228 158.070007324219
-923 0 0 3.62887001037598 158.162002563477
-924 0 0 3.63369989395142 158.253005981445
-925 0 0 3.63853001594543 158.343994140625
-926 0 0 3.6433699131012 158.434997558594
-927 0 0 3.64821004867554 158.526000976563
-928 0 0 3.65305995941162 158.617004394531
-929 0 0 3.65791988372803 158.707000732422
-930 0 0 3.66279006004333 158.798004150391
-931 0 0 3.66765999794006 158.889007568359
-932 0 0 3.67252993583679 158.979995727539
-933 0 0 3.67740988731384 159.070999145508
-934 0 0 3.68230009078979 159.162002563477
-935 0 0 3.68720006942749 159.253005981445
-936 0 0 3.69210004806519 159.343994140625
-937 0 0 3.6970100402832 159.434005737305
-938 0 0 3.70192003250122 159.524993896484
-939 0 0 3.70685005187988 159.615997314453
-940 0 0 3.71177005767822 159.707000732422
-941 0 0 3.71671009063721 159.796997070313
-942 0 0 3.72164988517761 159.888000488281
-943 0 0 3.72659993171692 159.97900390625
-944 0 0 3.73154997825623 160.069000244141
-945 0 0 3.73651003837585 160.160003662109
-946 0 0 3.74148011207581 160.25
-947 0 0 3.74644994735718 160.341003417969
-948 0 0 3.75143003463745 160.432006835938
-949 0 0 3.75641989707947 160.522003173828
-950 20 4 3.76140999794006 160.613006591797
-951 0 0 3.76641011238098 160.703002929688
-952 0 0 3.77140998840332 160.794006347656
-953 0 0 3.7764298915863 160.884002685547
-954 0 0 3.78144001960754 160.975006103516
-955 0 0 3.78646993637085 161.065002441406
-956 0 0 3.79150009155273 161.154998779297
-957 0 0 3.79654002189636 161.246002197266
-958 0 0 3.80158996582031 161.335998535156
-959 0 0 3.80663990974426 161.425994873047
-960 0 0 3.81170010566711 161.516998291016
-961 0 0 3.81676006317139 161.606994628906
-962 0 0 3.82183003425598 161.697006225586
-963 0 0 3.8269100189209 161.787002563477
-964 0 0 3.83200001716614 161.878005981445
-965 0 0 3.83709001541138 161.968002319336
-966 0 0 3.84219002723694 162.057998657227
-967 0 0 3.8472900390625 162.147994995117
-968 0 0 3.85240006446838 162.238006591797
-969 0 0 3.85752010345459 162.328002929688
-970 0 0 3.86264991760254 162.417999267578
-971 0 0 3.86777997016907 162.509002685547
-972 0 0 3.87292003631592 162.598999023438
-973 0 0 3.87807011604309 162.688995361328
-974 0 0 3.88321995735168 162.779006958008
-975 0 0 3.88838005065918 162.869003295898
-976 0 0 3.8935399055481 162.958999633789
-977 0 0 3.89872002601624 163.048004150391
-978 0 0 3.90388989448547 163.138000488281
-979 0 0 3.90908002853394 163.227996826172
-980 0 0 3.91426992416382 163.317993164063
-981 0 0 3.9194700717926 163.408004760742
-982 0 0 3.92467999458313 163.498001098633
-983 0 0 3.92988991737366 163.587997436523
-984 0 0 3.93512010574341 163.677001953125
-985 0 0 3.94034004211426 163.766998291016
-986 0 0 3.94558000564575 163.856994628906
-987 0 0 3.95081996917725 163.947006225586
-988 0 0 3.95606994628906 164.035995483398
-989 0 0 3.96131992340088 164.126007080078
-990 0 0 3.96657991409302 164.216003417969
-991 0 0 3.97184991836548 164.304992675781
-992 0 0 3.97712993621826 164.395004272461
-993 0 0 3.98240995407104 164.483993530273
-994 0 0 3.98769998550415 164.574005126953
-995 0 0 3.99300003051758 164.662994384766
-996 0 0 3.99830007553101 164.753005981445
-997 0 0 4.00361013412476 164.841995239258
-998 0 0 4.00893020629883 164.932006835938
-999 0 0 4.01424980163574 165.02099609375
-1000 21 9 4.01957988739014 165.110992431641
