-1000 43 9 -5.31752014160156 -14.668999671936
-999 0 0 -5.31232023239136 -14.666600227356
-998 0 0 -5.30711984634399 -14.6642999649048
-997 0 0 -5.30191993713379 -14.6618995666504
-996 0 0 -5.29672002792358 -14.6595001220703
-995 0 0 -5.29152011871338 -14.6570997238159
-994 0 0 -5.28631019592285 -14.6548004150391
-993 0 0 -5.28110980987549 -14.6524000167847
-992 0 0 -5.27589988708496 -14.6499996185303
-991 0 0 -5.27068996429443 -14.6476001739502
-990 0 0 -5.26548004150391 -14.6451997756958
-989 0 0 -5.2602801322937 -14.6428003311157
-988 0 0 -5.25507020950317 -14.6402997970581
-987 0 0 -5.24984979629517 -14.637900352478
-986 0 0 -5.24463987350464 -14.6354999542236
-985 0 0 -5.23942995071411 -14.6330995559692
-984 0 0 -5.23422002792358 -14.6305999755859
-983 0 0 -5.22900009155273 -14.6281995773315
-982 0 0 -5.22378015518188 -14.6256999969482
-981 0 0 -5.21857023239136 -14.6232995986938
-980 0 0 -5.21334981918335 -14.6208000183105
-979 0 0 -5.2081298828125 -14.6183996200562
-978 0 0 -5.20290994644165 -14.6159000396729
-977 0 0 -5.1976900100708 -14.6134004592896
-976 0 0 -5.19247007369995 -14.6108999252319
-975 0 0 -5.1872501373291 -14.6084003448486
-974 0 0 -5.18202018737793 -14.6059999465942
-973 0 0 -5.17679977416992 -14.6035003662109
-972 0 0 -5.17156982421875 -14.6009998321533
-971 0 0 -5.16633987426758 -14.5984001159668
-970 0 0 -5.16111993789673 -14.5958995819092
-969 0 0 -5.15588998794556 -14.5934000015259
-968 0 0 -5.15066003799438 -14.5909004211426
-967 0 0 -5.14543008804321 -14.588399887085
-966 0 0 -5.14019012451172 -14.5858001708984
-965 0 0 -5.13496017456055 -14.5832996368408
-964 0 0 -5.12973022460938 -14.5806999206543
-963 0 0 -5.12448978424072 -14.578200340271
-962 0 0 -5.11925983428955 -14.5755996704102
-961 0 0 -5.11401987075806 -14.5729999542236
-960 0 0 -5.10877990722656 -14.5705003738403
-959 0 0 -5.10353994369507 -14.5678997039795
-958 0 0 -5.09829998016357 -14.565299987793
-957 0 0 -5.09306001663208 -14.5627002716064
-956 0 0 -5.08782005310059 -14.5600996017456
-955 0 0 -5.08258008956909 -14.5574998855591
-954 0 0 -5.07733011245728 -14.5549001693726
-953 0 0 -5.07209014892578 -14.552300453186
-952 0 0 -5.06684017181396 -14.5496997833252
-951 0 0 -5.06160020828247 -14.5471000671387
-950 42 4 -5.05635023117065 -14.5444002151489
-949 0 0 -5.05109977722168 -14.5417995452881
-948 0 0 -5.04584980010986 -14.5390996932983
-947 0 0 -5.04059982299805 -14.5364999771118
-946 0 0 -5.03534984588623 -14.5338001251221
-945 0 0 -5.03008985519409 -14.5312004089355
-944 0 0 -5.02483987808228 -14.5284996032715
-943 0 0 -5.01957988739014 -14.5257997512817
-942 0 0 -5.01432991027832 -14.5232000350952
-941 0 0 -5.00906991958618 -14.5205001831055
-940 0 0 -5.00380992889404 -14.5178003311157
-939 0 0 -4.9985499382019 -14.5150995254517
-938 0 0 -4.99328994750977 -14.5123996734619
-937 0 0 -4.98802995681763 -14.5096998214722
-936 0 0 -4.98276996612549 -14.5068998336792
-935 0 0 -4.97749996185303 -14.5041999816895
-934 0 0 -4.97223997116089 -14.5015001296997
-933 0 0 -4.96696996688843 -14.4987001419067
-932 0 0 -4.96170997619629 -14.496000289917
-931 0 0 -4.95643997192383 -14.4933004379272
-930 0 0 -4.95116996765137 -14.4905004501343
-929 0 0 -4.94589996337891 -14.4877004623413
-928 0 0 -4.94062995910645 -14.4849996566772
-927 0 0 -4.93535995483398 -14.4821996688843
-926 0 0 -4.93008995056152 -14.4793996810913
-925 0 0 -4.92480993270874 -14.4765996932983
-924 0 0 -4.91953992843628 -14.4737997055054
-923 0 0 -4.9142599105835 -14.4709997177124
-922 0 0 -4.90897989273071 -14.4681997299194
-921 0 0 -4.90370988845825 -14.4653997421265
-920 0 0 -4.89842987060547 -14.4625997543335
-919 0 0 -4.89314985275269 -14.4596996307373
-918 0 0 -4.8878698348999 -14.4568996429443
-917 0 0 -4.8825798034668 -14.4540996551514
-916 0 0 -4.87729978561401 -14.4511995315552
-915 0 0 -4.87201976776123 -14.4483995437622
-914 0 0 -4.86673021316528 -14.4455003738403
-913 0 0 -4.86144018173218 -14.4426002502441
-912 0 0 -4.85616016387939 -14.4397001266479
-911 0 0 -4.85087013244629 -14.436900138855
-910 0 0 -4.84558010101318 -14.4340000152588
-909 0 0 -4.84029006958008 -14.4310998916626
-908 0 0 -4.83499002456665 -14.4281997680664
-907 0 0 -4.82969999313354 -14.4252004623413
-906 0 0 -4.82440996170044 -14.4223003387451
-905 0 0 -4.81910991668701 -14.4194002151489
-904 0 0 -4.81381988525391 -14.4165000915527
-903 0 0 -4.80851984024048 -14.4134998321533
-902 0 0 -4.80321979522705 -14.4105997085571
-901 0 0 -4.79792022705078 -14.407600402832
-900 41 4 -4.79262018203735 -14.4047002792358
-899 0 0 -4.78732013702393 -14.4017000198364
-898 0 0 -4.7820200920105 -14.398699760437
-897 0 0 -4.77671003341675 -14.3957004547119
-896 0 0 -4.77140998840332 -14.3927001953125
-895 0 0 -4.76609992980957 -14.3896999359131
-894 0 0 -4.76078987121582 -14.3866996765137
-893 0 0 -4.75548982620239 -14.3837003707886
-892 0 0 -4.75017976760864 -14.3807001113892
-891 0 0 -4.74487018585205 -14.3776998519897
-890 0 0 -4.73955011367798 -14.3746004104614
-889 0 0 -4.73424005508423 -14.371600151062
-888 0 0 -4.72892999649048 -14.3684997558594
-887 0 0 -4.72360992431641 -14.3655004501343
-886 0 0 -4.71829986572266 -14.3624000549316
-885 0 0 -4.71297979354858 -14.359299659729
-884 0 0 -4.70766019821167 -14.3562002182007
-883 0 0 -4.7023401260376 -14.3531999588013
-882 0 0 -4.69702005386353 -14.3500995635986
-881 0 0 -4.69169998168945 -14.3470001220703
-880 0 0 -4.68637990951538 -14.3437995910645
-879 0 0 -4.68104982376099 -14.3407001495361
-878 0 0 -4.67573022842407 -14.3375997543335
-877 0 0 -4.67040014266968 -14.3345003128052
-876 0 0 -4.66508007049561 -14.3312997817993
-875 0 0 -4.65974998474121 -14.328200340271
-874 0 0 -4.65441989898682 -14.3249998092651
-873 0 0 -4.64908981323242 -14.3218002319336
-872 0 0 -4.64376020431519 -14.3185997009277
-871 0 0 -4.63842010498047 -14.3155002593994
-870 0 0 -4.63309001922607 -14.3122997283936
-869 0 0 -4.62774991989136 -14.309100151062
-868 0 0 -4.62241983413696 -14.3058996200562
-867 0 0 -4.6170802116394 -14.3025999069214
-866 0 0 -4.61174011230469 -14.2994003295898
-865 0 0 -4.60640001296997 -14.296199798584
-864 0 0 -4.60105991363525 -14.2929000854492
-863 0 0 -4.59571981430054 -14.2896995544434
-862 0 0 -4.59038019180298 -14.2863998413086
-861 0 0 -4.58503007888794 -14.2832002639771
-860 0 0 -4.57968997955322 -14.279899597168
-859 0 0 -4.57433986663818 -14.2765998840332
-858 0 0 -4.5689902305603 -14.2733001708984
-857 0 0 -4.56364011764526 -14.2700004577637
-856 0 0 -4.55829000473022 -14.2666997909546
-855 0 0 -4.55293989181519 -14.2634000778198
-854 0 0 -4.54758977890015 -14.2601003646851
-853 0 0 -4.54224014282227 -14.2566995620728
-852 0 0 -4.5368800163269 -14.253399848938
-851 0 0 -4.53152990341187 -14.25
-850 40 4 -4.5261697769165 -14.2467002868652
-849 0 0 -4.5208101272583 -14.2433004379272
-848 0 0 -4.51545000076294 -14.2398996353149
-847 0 0 -4.51008987426758 -14.236499786377
-846 0 0 -4.50473022460938 -14.233099937439
-845 0 0 -4.49937009811401 -14.229700088501
-844 0 0 -4.49399995803833 -14.226300239563
-843 0 0 -4.48863983154297 -14.222900390625
-842 0 0 -4.48327016830444 -14.2194004058838
-841 0 0 -4.47790002822876 -14.2159996032715
-840 0 0 -4.47252988815308 -14.2125997543335
-839 0 0 -4.46716022491455 -14.2090997695923
-838 0 0 -4.46179008483887 -14.2055997848511
-837 0 0 -4.45641994476318 -14.2020998001099
-836 0 0 -4.4510498046875 -14.1986999511719
-835 0 0 -4.44567012786865 -14.1951999664307
-834 0 0 -4.44029998779297 -14.1916999816895
-833 0 0 -4.43491983413696 -14.188099861145
-832 0 0 -4.42954015731812 -14.1845998764038
-831 0 0 -4.42416000366211 -14.1810998916626
-830 0 0 -4.4187798500061 -14.1774997711182
-829 0 0 -4.41340017318726 -14.173999786377
-828 0 0 -4.40801000595093 -14.1703996658325
-827 0 0 -4.40262985229492 -14.1667995452881
-826 0 0 -4.39724016189575 -14.1632995605469
-825 0 0 -4.39186000823975 -14.1597003936768
-824 0 0 -4.38646984100342 -14.1561002731323
-823 0 0 -4.38108015060425 -14.1525001525879
-822 0 0 -4.37568998336792 -14.1487998962402
-821 0 0 -4.37029981613159 -14.1451997756958
-820 0 0 -4.3649001121521 -14.1415996551514
-819 0 0 -4.35950994491577 -14.137900352478
-818 0 0 -4.35410976409912 -14.1343002319336
-817 0 0 -4.34872007369995 -14.1305999755859
-816 0 0 -4.3433198928833 -14.1268997192383
-815 0 0 -4.33792018890381 -14.1232004165649
-814 0 0 -4.33252000808716 -14.1195001602173
-813 0 0 -4.32711982727051 -14.1157999038696
-812 0 0 -4.32171010971069 -14.112099647522
-811 0 0 -4.31630992889404 -14.1083002090454
-810 0 0 -4.31090021133423 -14.1045999526978
-809 0 0 -4.30550003051758 -14.1007995605469
-808 0 0 -4.30008983612061 -14.0971002578735
-807 0 0 -4.29468011856079 -14.0932998657227
-806 0 0 -4.28926992416382 -14.0895004272461
-805 0 0 -4.283860206604 -14.0857000350952
-804 0 0 -4.27843999862671 -14.0818996429443
-803 0 0 -4.27302980422974 -14.0781002044678
-802 0 0 -4.2676100730896 -14.0742998123169
-801 0 0 -4.26219987869263 -14.0704002380371
-800 39 4 -4.25678014755249 -14.0665998458862
-799 0 0 -4.2513599395752 -14.0627002716064
-798 0 0 -4.24594020843506 -14.0588998794556
-797 0 0 -4.24052000045776 -14.0550003051758
-796 0 0 -4.23508977890015 -14.0510997772217
-795 0 0 -4.22967004776001 -14.0472002029419
-794 0 0 -4.22423982620239 -14.0432996749878
-793 0 0 -4.21881008148193 -14.039400100708
-792 0 0 -4.21338987350464 -14.035400390625
-791 0 0 -4.20796012878418 -14.0314998626709
-790 0 0 -4.20251989364624 -14.0275001525879
-789 0 0 -4.19709014892578 -14.0235996246338
-788 0 0 -4.19165992736816 -14.0195999145508
-787 0 0 -4.18622016906738 -14.0156002044678
-786 0 0 -4.18078994750977 -14.0115995407104
-785 0 0 -4.17535018920898 -14.0075998306274
-784 0 0 -4.16990995407104 -14.0034999847412
-783 0 0 -4.16447019577026 -13.9995002746582
-782 0 0 -4.15902996063232 -13.9954996109009
-781 0 0 -4.15358018875122 -13.9913997650146
-780 0 0 -4.14813995361328 -13.9872999191284
-779 0 0 -4.14269018173218 -13.9832000732422
-778 0 0 -4.13724994659424 -13.979100227356
-777 0 0 -4.13180017471313 -13.9750003814697
-776 0 0 -4.12634992599487 -13.9708995819092
-775 0 0 -4.12090015411377 -13.9667997360229
-774 0 0 -4.11543989181519 -13.9625997543335
-773 0 0 -4.10999011993408 -13.9584999084473
-772 0 0 -4.1045298576355 -13.9542999267578
-771 0 0 -4.09908008575439 -13.9500999450684
-770 0 0 -4.09361982345581 -13.9458999633789
-769 0 0 -4.08816003799438 -13.9416999816895
-768 0 0 -4.0826997756958 -13.9375
-767 0 0 -4.07723999023438 -13.9333000183105
-766 0 0 -4.07177019119263 -13.9291000366211
-765 0 0 -4.06630992889404 -13.9247999191284
-764 0 0 -4.06084012985229 -13.9204998016357
-763 0 0 -4.05537986755371 -13.9162998199463
-762 0 0 -4.04991006851196 -13.9119997024536
-761 0 0 -4.04443979263306 -13.9076995849609
-760 0 0 -4.03895998001099 -13.9033002853394
-759 0 0 -4.03349018096924 -13.8990001678467
-758 0 0 -4.02801990509033 -13.894700050354
-757 0 0 -4.02254009246826 -13.8902997970581
-756 0 0 -4.01705980300903 -13.8858995437622
-755 0 0 -4.01157999038696 -13.8816003799438
-754 0 0 -4.00610017776489 -13.8772001266479
-753 0 0 -4.00061988830566 -13.8727998733521
-752 0 0 -3.99514007568359 -13.8683004379272
-751 0 0 -3.98965001106262 -13.8639001846313
-750 38 4 -3.98416996002197 -13.8593997955322
-749 0 0 -3.978679895401 -13.8549995422363
-748 0 0 -3.97319006919861 -13.8505001068115
-747 0 0 -3.96770000457764 -13.8459997177124
-746 0 0 -3.96220993995667 -13.8415002822876
-745 0 0 -3.95672011375427 -13.8369998931885
-744 0 0 -3.95122003555298 -13.8325004577637
-743 0 0 -3.94572997093201 -13.8278999328613
-742 0 0 -3.94022989273071 -13.8233995437622
-741 0 0 -3.934730052948 -13.8187999725342
-740 0 0 -3.9292299747467 -13.8142004013062
-739 0 0 -3.92372989654541 -13.8095998764038
-738 0 0 -3.91822004318237 -13.8050003051758
-737 0 0 -3.91271996498108 -13.8003997802734
-736 0 0 -3.90721011161804 -13.7957000732422
-735 0 0 -3.90170001983643 -13.7910995483398
-734 0 0 -3.89619994163513 -13.7863998413086
-733 0 0 -3.89068007469177 -13.7817001342773
-732 0 0 -3.88516998291016 -13.7770004272461
-731 0 0 -3.87965989112854 -13.7722997665405
-730 0 0 -3.87414002418518 -13.7676000595093
-729 0 0 -3.86862993240356 -13.7628002166748
-728 0 0 -3.86311006546021 -13.7580995559692
-727 0 0 -3.85758996009827 -13.7532997131348
-726 0 0 -3.85207009315491 -13.7484998703003
-725 0 0 -3.84653997421265 -13.7437000274658
-724 0 0 -3.84102010726929 -13.7389001846313
-723 0 0 -3.83548998832703 -13.7341003417969
-722 0 0 -3.82996988296509 -13.7292003631592
-721 0 0 -3.82444000244141 -13.7243003845215
-720 0 0 -3.81890988349915 -13.7194995880127
-719 0 0 -3.81338000297546 -13.714599609375
-718 0 0 -3.80784010887146 -13.7096996307373
-717 0 0 -3.8023099899292 -13.7047004699707
-716 0 0 -3.7967700958252 -13.6997995376587
-715 0 0 -3.79122996330261 -13.6948003768921
-714 0 0 -3.78569006919861 -13.6899003982544
-713 0 0 -3.78014993667603 -13.6849002838135
-712 0 0 -3.77461004257202 -13.6799001693726
-711 0 0 -3.76905989646912 -13.6747999191284
-710 0 0 -3.76352000236511 -13.6697998046875
-709 0 0 -3.75797009468079 -13.6647996902466
-708 0 0 -3.75241994857788 -13.6597003936768
-707 0 0 -3.74687004089355 -13.6546001434326
-706 0 0 -3.74131989479065 -13.6494998931885
-705 0 0 -3.735759973526 -13.6443996429443
-704 0 0 -3.73021006584167 -13.6392002105713
-703 0 0 -3.72464990615845 -13.6340999603271
-702 0 0 -3.7190899848938 -13.6288995742798
-701 0 0 -3.71353006362915 -13.6237001419067
-700 37 4 -3.70796990394592 -13.6184997558594
-699 0 0 -3.70239996910095 -13.6133003234863
-698 0 0 -3.6968400478363 -13.608099937439
-697 0 0 -3.69127011299133 -13.6028003692627
-696 0 0 -3.68569993972778 -13.5974998474121
-695 0 0 -3.68013000488281 -13.5923004150391
-694 0 0 -3.67456007003784 -13.5868997573853
-693 0 0 -3.66898989677429 -13.581600189209
-692 0 0 -3.663409948349 -13.5762996673584
-691 0 0 -3.65782999992371 -13.5708999633789
-690 0 0 -3.65226006507874 -13.5655002593994
-689 0 0 -3.64667010307312 -13.5600996017456
-688 0 0 -3.64108991622925 -13.5546998977661
-687 0 0 -3.63550996780396 -13.5493001937866
-686 0 0 -3.62992000579834 -13.5438995361328
-685 0 0 -3.62434005737305 -13.5383996963501
-684 0 0 -3.61875009536743 -13.5328998565674
-683 0 0 -3.61315989494324 -13.5274000167847
-682 0 0 -3.6075599193573 -13.521900177002
-681 0 0 -3.60196995735168 -13.516300201416
-680 0 0 -3.59637999534607 -13.5108003616333
-679 0 0 -3.59078001976013 -13.5052003860474
-678 0 0 -3.58518004417419 -13.4996004104614
-677 0 0 -3.57958006858826 -13.4940004348755
-676 0 0 -3.573970079422 -13.4883003234863
-675 0 0 -3.56837010383606 -13.4827003479004
-674 0 0 -3.5627601146698 -13.4770002365112
-673 0 0 -3.55715990066528 -13.4713001251221
-672 0 0 -3.55154991149902 -13.4656000137329
-671 0 0 -3.54592990875244 -13.4598999023438
-670 0 0 -3.54031991958618 -13.4540996551514
-669 0 0 -3.53470993041992 -13.4483003616333
-668 0 0 -3.52908992767334 -13.4425001144409
-667 0 0 -3.52346992492676 -13.4366998672485
-666 0 0 -3.51784992218018 -13.4308996200562
-665 0 0 -3.51222991943359 -13.4250001907349
-664 0 0 -3.50659990310669 -13.4191999435425
-663 0 0 -3.50097990036011 -13.4132995605469
-662 0 0 -3.4953498840332 -13.4074001312256
-661 0 0 -3.48972010612488 -13.4013996124268
-660 0 0 -3.48409008979797 -13.3955001831055
-659 0 0 -3.47846007347107 -13.3894996643066
-658 0 0 -3.47282004356384 -13.3835000991821
-657 0 0 -3.46718001365662 -13.3774995803833
-656 0 0 -3.46154999732971 -13.3713998794556
-655 0 0 -3.45589995384216 -13.3654003143311
-654 0 0 -3.45025992393494 -13.359299659729
-653 0 0 -3.44461989402771 -13.3531999588013
-652 0 0 -3.43897008895874 -13.3470001220703
-651 0 0 -3.43332004547119 -13.3409004211426
-650 36 4 -3.42767000198364 -13.3346996307373
-649 0 0 -3.42201995849609 -13.3284997940063
-648 0 0 -3.41636991500854 -13.3222999572754
-647 0 0 -3.41071009635925 -13.3161001205444
-646 0 0 -3.40505003929138 -13.3098001480103
-645 0 0 -3.39938998222351 -13.3035001754761
-644 0 0 -3.39372992515564 -13.2972002029419
-643 0 0 -3.38807010650635 -13.2909002304077
-642 0 0 -3.38240003585815 -13.2846002578735
-641 0 0 -3.37672996520996 -13.2782001495361
-640 0 0 -3.37105989456177 -13.2718000411987
-639 0 0 -3.36539006233215 -13.2653999328613
-638 0 0 -3.35971999168396 -13.2588996887207
-637 0 0 -3.35403990745544 -13.2524003982544
-636 0 0 -3.34837007522583 -13.246000289917
-635 0 0 -3.34268999099731 -13.2393999099731
-634 0 0 -3.3370099067688 -13.2328996658325
-633 0 0 -3.33132004737854 -13.226300239563
-632 0 0 -3.32563996315002 -13.2197999954224
-631 0 0 -3.31995010375977 -13.2131004333496
-630 0 0 -3.31426000595093 -13.2065000534058
-629 0 0 -3.30856990814209 -13.1997995376587
-628 0 0 -3.30287003517151 -13.1932001113892
-627 0 0 -3.29717993736267 -13.1864004135132
-626 0 0 -3.29148006439209 -13.1796998977661
-625 0 0 -3.28577995300293 -13.1730003356934
-624 0 0 -3.28008008003235 -13.1661996841431
-623 0 0 -3.27436995506287 -13.1593999862671
-622 0 0 -3.26867008209229 -13.1525001525879
-621 0 0 -3.2629599571228 -13.1457004547119
-620 0 0 -3.2572500705719 -13.1387996673584
-619 0 0 -3.25152993202209 -13.1318998336792
-618 0 0 -3.24582004547119 -13.1248998641968
-617 0 0 -3.24009990692139 -13.1178998947144
-616 0 0 -3.23438000679016 -13.1108999252319
-615 0 0 -3.22866010665894 -13.1038999557495
-614 0 0 -3.22293996810913 -13.0968999862671
-613 0 0 -3.21721005439758 -13.0897998809814
-612 0 0 -3.21147990226746 -13.0826997756958
-611 0 0 -3.20574998855591 -13.0755996704102
-610 0 0 -3.20002007484436 -13.0684003829956
-609 0 0 -3.19428992271423 -13.0612001419067
-608 0 0 -3.18854999542236 -13.0539999008179
-607 0 0 -3.18281006813049 -13.046799659729
-606 0 0 -3.17706990242004 -13.0395002365112
-605 0 0 -3.17132997512817 -13.0321998596191
-604 0 0 -3.16558003425598 -13.0249004364014
-603 0 0 -3.15983009338379 -13.0174999237061
-602 0 0 -3.15407991409302 -13.010199546814
-601 0 0 -3.14832997322083 -13.0026998519897
-600 35 4 -3.14257001876831 -12.9953002929688
-599 0 0 -3.13682007789612 -12.9877996444702
-598 0 0 -3.13105988502502 -12.980299949646
-597 0 0 -3.12528991699219 -12.9728002548218
-596 0 0 -3.11952996253967 -12.9652996063232
-595 0 0 -3.11375999450684 -12.9576997756958
-594 0 0 -3.107990026474 -12.9499998092651
-593 0 0 -3.10222005844116 -12.9423999786377
-592 0 0 -3.09645009040833 -12.934700012207
-591 0 0 -3.09067010879517 -12.9270000457764
-590 0 0 -3.08488988876343 -12.9193000793457
-589 0 0 -3.07910990715027 -12.9114999771118
-588 0 0 -3.07332992553711 -12.9036998748779
-587 0 0 -3.06753993034363 -12.895899772644
-586 0 0 -3.06175994873047 -12.8879995346069
-585 0 0 -3.05595993995667 -12.8801002502441
-584 0 0 -3.05016994476318 -12.872200012207
-583 0 0 -3.0443799495697 -12.8641996383667
-582 0 0 -3.0385799407959 -12.8562002182007
-581 0 0 -3.03277993202209 -12.8481998443604
-580 0 0 -3.02696990966797 -12.8401002883911
-579 0 0 -3.02116990089417 -12.8319997787476
-578 0 0 -3.01536011695862 -12.8239002227783
-577 0 0 -3.00955009460449 -12.8156995773315
-576 0 0 -3.00373005867004 -12.8074998855591
-575 0 0 -2.99792003631592 -12.7993001937866
-574 0 0 -2.99210000038147 -12.7910003662109
-573 0 0 -2.98627996444702 -12.7826995849609
-572 0 0 -2.98044991493225 -12.7743997573853
-571 0 0 -2.97463011741638 -12.7659997940063
-570 0 0 -2.96880006790161 -12.7575998306274
-569 0 0 -2.96297001838684 -12.7491998672485
-568 0 0 -2.95712995529175 -12.7406997680664
-567 0 0 -2.95128989219666 -12.7321996688843
-566 0 0 -2.94545006752014 -12.7236995697021
-565 0 0 -2.93961000442505 -12.7151002883911
-564 0 0 -2.93376994132996 -12.7065000534058
-563 0 0 -2.92792010307312 -12.6977996826172
-562 0 0 -2.92207002639771 -12.6891002655029
-561 0 0 -2.91620993614197 -12.6803998947144
-560 0 0 -2.91036009788513 -12.6716003417969
-559 0 0 -2.90450000762939 -12.6627998352051
-558 0 0 -2.89863991737366 -12.6540002822876
-557 0 0 -2.89277005195618 -12.6450996398926
-556 0 0 -2.88689994812012 -12.6361999511719
-555 0 0 -2.88103008270264 -12.6272001266479
-554 0 0 -2.87515997886658 -12.618200302124
-553 0 0 -2.86928009986877 -12.6091995239258
-552 0 0 -2.86339998245239 -12.6000995635986
-551 0 0 -2.85752010345459 -12.5909996032715
-550 34 4 -2.85163998603821 -12.5818996429443
-549 0 0 -2.84575009346008 -12.572699546814
-548 0 0 -2.83985996246338 -12.5635004043579
-547 0 0 -2.83397006988525 -12.5542001724243
-546 0 0 -2.82806992530823 -12.5448999404907
-545 0 0 -2.82217001914978 -12.5354995727539
-544 0 0 -2.81627011299133 -12.5261001586914
-543 0 0 -2.81035995483398 -12.5166997909546
-542 0 0 -2.80445003509521 -12.5072002410889
-541 0 0 -2.79854011535645 -12.4976997375488
-540 0 0 -2.79261994361877 -12.4881000518799
-539 0 0 -2.78671002388 -12.4785003662109
-538 0 0 -2.78079009056091 -12.4687995910645
-537 0 0 -2.77485990524292 -12.4590997695923
-536 0 0 -2.76892995834351 -12.4493999481201
-535 0 0 -2.76300001144409 -12.4395999908447
-534 0 0 -2.75707006454468 -12.4298000335693
-533 0 0 -2.75113010406494 -12.4198999404907
-532 0 0 -2.74518990516663 -12.4099998474121
-531 0 0 -2.73924994468689 -12.3999996185303
-530 0 0 -2.73329997062683 -12.3900003433228
-529 0 0 -2.72734999656677 -12.3800001144409
-528 0 0 -2.72140002250671 -12.3698997497559
-527 0 0 -2.71544003486633 -12.3597002029419
-526 0 0 -2.70948004722595 -12.3494997024536
-525 0 0 -2.70352005958557 -12.3393001556396
-524 0 0 -2.69755005836487 -12.3290004730225
-523 0 0 -2.69158005714417 -12.318699836731
-522 0 0 -2.68561005592346 -12.3083000183105
-521 0 0 -2.67963004112244 -12.2978000640869
-520 0 0 -2.67365002632141 -12.2874002456665
-519 0 0 -2.66767001152039 -12.2768001556396
-518 0 0 -2.66167998313904 -12.2662000656128
-517 0 0 -2.65568995475769 -12.2555999755859
-516 0 0 -2.64969992637634 -12.2448997497559
-515 0 0 -2.64369988441467 -12.2341995239258
-514 0 0 -2.63770008087158 -12.2234001159668
-513 0 0 -2.63169002532959 -12.2125997543335
-512 0 0 -2.62568998336792 -12.2017002105713
-511 0 0 -2.61966991424561 -12.1906995773315
-510 0 0 -2.61366009712219 -12.1796998977661
-509 0 0 -2.60764002799988 -12.1687002182007
-508 0 0 -2.60161995887756 -12.157600402832
-507 0 0 -2.59559011459351 -12.1464996337891
-506 0 0 -2.58956003189087 -12.135199546814
-505 0 0 -2.58351993560791 -12.1239995956421
-504 0 0 -2.57749009132385 -12.1127004623413
-503 0 0 -2.57143998146057 -12.101300239563
-502 0 0 -2.56539988517761 -12.0899000167847
-501 0 0 -2.55935001373291 -12.0783996582031
-500 33 4 -2.55328989028931 -12.0668001174927
-499 0 0 -2.5472400188446 -12.0551996231079
-498 0 0 -2.541179895401 -12.0436000823975
-497 0 0 -2.53510999679565 -12.0319004058838
-496 0 0 -2.52904009819031 -12.0200996398926
-495 0 0 -2.52296996116638 -12.0082998275757
-494 0 0 -2.51689004898071 -11.9963998794556
-493 0 0 -2.51080989837646 -11.9843997955322
-492 0 0 -2.50471997261047 -11.9723997116089
-491 0 0 -2.49863004684448 -11.9603004455566
-490 0 0 -2.49253988265991 -11.9482002258301
-489 0 0 -2.4864399433136 -11.9359998703003
-488 0 0 -2.48034000396729 -11.9238004684448
-487 0 0 -2.47423005104065 -11.9114999771118
-486 0 0 -2.46812009811401 -11.8991003036499
-485 0 0 -2.4620099067688 -11.8865995407104
-484 0 0 -2.45588994026184 -11.8740997314453
-483 0 0 -2.44976997375488 -11.861499786377
-482 0 0 -2.4436399936676 -11.8488998413086
-481 0 0 -2.43751001358032 -11.836199760437
-480 0 0 -2.43137001991272 -11.8233995437622
-479 0 0 -2.42523002624512 -11.8106002807617
-478 0 0 -2.41908001899719 -11.7976999282837
-477 0 0 -2.41293001174927 -11.7847003936768
-476 0 0 -2.40678000450134 -11.7716999053955
-475 0 0 -2.4006199836731 -11.7586002349854
-474 0 0 -2.39444994926453 -11.745400428772
-473 0 0 -2.38828992843628 -11.7321996688843
-472 0 0 -2.38211011886597 -11.7188997268677
-471 0 0 -2.3759400844574 -11.7054996490479
-470 0 0 -2.36975002288818 -11.6920003890991
-469 0 0 -2.36356997489929 -11.6785001754761
-468 0 0 -2.35736989974976 -11.6648998260498
-467 0 0 -2.35118007659912 -11.6512002944946
-466 0 0 -2.34496998786926 -11.6374998092651
-465 0 0 -2.33876991271973 -11.6236000061035
-464 0 0 -2.33255004882813 -11.6097002029419
-463 0 0 -2.32633996009827 -11.5958003997803
-462 0 0 -2.32012009620667 -11.5817003250122
-461 0 0 -2.31388998031616 -11.5676002502441
-460 0 0 -2.30766010284424 -11.5534000396729
-459 0 0 -2.30141997337341 -11.5390996932983
-458 0 0 -2.29518008232117 -11.5247001647949
-457 0 0 -2.28892993927002 -11.5102996826172
-456 0 0 -2.28268003463745 -11.4958000183105
-455 0 0 -2.27642011642456 -11.4812002182007
-454 0 0 -2.27015995979309 -11.4665002822876
-453 0 0 -2.26389002799988 -11.4517002105713
-452 0 0 -2.25761008262634 -11.436900138855
-451 0 0 -2.25132989883423 -11.4219999313354
-450 32 4 -2.24504995346069 -11.4069004058838
-449 0 0 -2.23875999450684 -11.3917999267578
-448 0 0 -2.23246002197266 -11.3767004013062
-447 0 0 -2.22616004943848 -11.3613996505737
-446 0 0 -2.21985006332397 -11.3459997177124
-445 0 0 -2.21354007720947 -11.3305997848511
-444 0 0 -2.20722007751465 -11.3149995803833
-443 0 0 -2.2008900642395 -11.2994003295898
-442 0 0 -2.19456005096436 -11.2836999893188
-441 0 0 -2.18823003768921 -11.2679004669189
-440 0 0 -2.18187999725342 -11.2519998550415
-439 0 0 -2.17553997039795 -11.2360000610352
-438 0 0 -2.16917991638184 -11.2199001312256
-437 0 0 -2.1628201007843 -11.203800201416
-436 0 0 -2.15645003318787 -11.1875
-435 0 0 -2.15007996559143 -11.1710996627808
-434 0 0 -2.14369988441467 -11.1547002792358
-433 0 0 -2.13732004165649 -11.1380996704102
-432 0 0 -2.13092994689941 -11.1215000152588
-431 0 0 -2.12453007698059 -11.104700088501
-430 0 0 -2.11811995506287 -11.0878000259399
-429 0 0 -2.11171007156372 -11.0708999633789
-428 0 0 -2.10528993606567 -11.0537996292114
-427 0 0 -2.09887003898621 -11.0367002487183
-426 0 0 -2.09243988990784 -11.0193996429443
-425 0 0 -2.08599996566772 -11.0019998550415
-424 0 0 -2.07956004142761 -10.9846000671387
-423 0 0 -2.07311010360718 -10.9670000076294
-422 0 0 -2.06664991378784 -10.9492998123169
-421 0 0 -2.06017994880676 -10.9315004348755
-420 0 0 -2.05370998382568 -10.9135999679565
-419 0 0 -2.04723000526428 -10.8956003189087
-418 0 0 -2.04075002670288 -10.8774003982544
-417 0 0 -2.03426003456116 -10.8591995239258
-416 0 0 -2.02776002883911 -10.8408002853394
-415 0 0 -2.02125000953674 -10.8224000930786
-414 0 0 -2.01472997665405 -10.8037996292114
-413 0 0 -2.00820994377136 -10.7850999832153
-412 0 0 -2.00167989730835 -10.766300201416
-411 0 0 -1.9951399564743 -10.7474002838135
-410 0 0 -1.98860001564026 -10.7283000946045
-409 0 0 -1.9820499420166 -10.7090997695923
-408 0 0 -1.97548997402191 -10.6898002624512
-407 0 0 -1.9689199924469 -10.6703996658325
-406 0 0 -1.96233999729156 -10.650899887085
-405 0 0 -1.95576000213623 -10.631199836731
-404 0 0 -1.94916999340057 -10.6113996505737
-403 0 0 -1.94256997108459 -10.5915002822876
-402 0 0 -1.93596005439758 -10.5713996887207
-401 0 0 -1.92934000492096 -10.5511999130249
-400 31 4 -1.92271995544434 -10.5309000015259
-399 0 0 -1.91607999801636 -10.5104999542236
-398 0 0 -1.90944004058838 -10.4898996353149
-397 0 0 -1.90278995037079 -10.4692001342773
-396 0 0 -1.89612996578217 -10.4483003616333
-395 0 0 -1.88946998119354 -10.4273996353149
-394 0 0 -1.88278996944427 -10.4062004089355
-393 0 0 -1.87610995769501 -10.3850002288818
-392 0 0 -1.86941003799438 -10.3634996414185
-391 0 0 -1.86270999908447 -10.3420000076294
-390 0 0 -1.85599994659424 -10.3203001022339
-389 0 0 -1.84927999973297 -10.2985000610352
-388 0 0 -1.84255003929138 -10.27649974823
-387 0 0 -1.83580994606018 -10.2543001174927
-386 0 0 -1.82905995845795 -10.2320003509521
-385 0 0 -1.82229995727539 -10.2096004486084
-384 0 0 -1.81552994251251 -10.1870002746582
-383 0 0 -1.80876004695892 -10.1642999649048
-382 0 0 -1.8019700050354 -10.1414003372192
-381 0 0 -1.79516994953156 -10.1183004379272
-380 0 0 -1.788370013237 -10.095100402832
-379 0 0 -1.7815500497818 -10.0717000961304
-378 0 0 -1.77471995353699 -10.0481996536255
-377 0 0 -1.76787996292114 -10.0244998931885
-376 0 0 -1.7610399723053 -10.000599861145
-375 0 0 -1.75417995452881 -9.97655963897705
-374 0 0 -1.74731004238129 -9.95236015319824
-373 0 0 -1.74042999744415 -9.9279899597168
-372 0 0 -1.73354005813599 -9.90344047546387
-371 0 0 -1.72663998603821 -9.8787202835083
-370 0 0 -1.7197300195694 -9.85383033752441
-369 0 0 -1.71281003952026 -9.82876014709473
-368 0 0 -1.70587003231049 -9.80350971221924
-367 0 0 -1.69893002510071 -9.77807998657227
-366 0 0 -1.69196999073029 -9.75247001647949
-365 0 0 -1.68500995635986 -9.72667980194092
-364 0 0 -1.67803001403809 -9.70069980621338
-363 0 0 -1.67104005813599 -9.67453002929688
-362 0 0 -1.66403996944427 -9.64817047119141
-361 0 0 -1.65701997280121 -9.62162971496582
-360 0 0 -1.64999997615814 -9.59488964080811
-359 0 0 -1.64295995235443 -9.56795024871826
-358 0 0 -1.63591003417969 -9.54082012176514
-357 0 0 -1.62884998321533 -9.51348972320557
-356 0 0 -1.62177002429962 -9.48596000671387
-355 0 0 -1.61468994617462 -9.45823001861572
-354 0 0 -1.60758996009827 -9.43029975891113
-353 0 0 -1.60046994686127 -9.40215015411377
-352 0 0 -1.59335005283356 -9.37380027770996
-351 0 0 -1.58621001243591 -9.34523963928223
-350 30 4 -1.57905995845795 -9.3164701461792
-349 0 0 -1.57190001010895 -9.28748035430908
-348 0 0 -1.5647200345993 -9.25827980041504
-347 0 0 -1.55753004550934 -9.22885990142822
-346 0 0 -1.55032002925873 -9.19921016693115
-345 0 0 -1.54311001300812 -9.16934967041016
-344 0 0 -1.53586995601654 -9.13926029205322
-343 0 0 -1.52863001823425 -9.10894012451172
-342 0 0 -1.52137005329132 -9.07839965820313
-341 0 0 -1.51409995555878 -9.04761981964111
-340 0 0 -1.50680994987488 -9.01661014556885
-339 0 0 -1.49951004981995 -8.98536968231201
-338 0 0 -1.49219000339508 -8.95388984680176
-337 0 0 -1.48485994338989 -8.92216968536377
-336 0 0 -1.47750997543335 -8.89021015167236
-335 0 0 -1.47014999389648 -8.85799980163574
-334 0 0 -1.4627799987793 -8.8255500793457
-333 0 0 -1.45537996292114 -8.79284000396729
-332 0 0 -1.44798004627228 -8.75988960266113
-331 0 0 -1.44055998325348 -8.7266902923584
-330 0 0 -1.43312001228333 -8.69322967529297
-329 0 0 -1.42567002773285 -8.65950965881348
-328 0 0 -1.41820001602173 -8.62553977966309
-327 0 0 -1.41071999073029 -8.59130001068115
-326 0 0 -1.40322005748749 -8.55679988861084
-325 0 0 -1.39569997787476 -8.52202987670898
-324 0 0 -1.38817000389099 -8.48700046539307
-323 0 0 -1.38062000274658 -8.45168972015381
-322 0 0 -1.37304997444153 -8.41611003875732
-321 0 0 -1.36547005176544 -8.3802604675293
-320 0 0 -1.35787999629974 -8.34412956237793
-319 0 0 -1.35026001930237 -8.30772018432617
-318 0 0 -1.34263002872467 -8.27103042602539
-317 0 0 -1.33498001098633 -8.23406028747559
-316 0 0 -1.32731997966766 -8.19680023193359
-315 0 0 -1.31963002681732 -8.15925025939941
-314 0 0 -1.31192994117737 -8.12141990661621
-313 0 0 -1.30421996116638 -8.08329010009766
-312 0 0 -1.29647994041443 -8.04487037658691
-311 0 0 -1.28873002529144 -8.0061502456665
-310 0 0 -1.28095996379852 -7.96714019775391
-309 0 0 -1.27316999435425 -7.9278302192688
-308 0 0 -1.26537001132965 -7.8882098197937
-307 0 0 -1.25753998756409 -7.84828996658325
-306 0 0 -1.2496999502182 -7.80807018280029
-305 0 0 -1.24184000492096 -7.76753997802734
-304 0 0 -1.23396003246307 -7.72669982910156
-303 0 0 -1.22607004642487 -7.68555021286011
-302 0 0 -1.21815001964569 -7.64409017562866
-301 0 0 -1.21021997928619 -7.60232019424438
-300 29 4 -1.20227003097534 -7.56022977828979
-299 0 0 -1.19430005550385 -7.51782989501953
-298 0 0 -1.1863100528717 -7.47510004043579
-297 0 0 -1.17831003665924 -7.43205976486206
-296 0 0 -1.17027997970581 -7.38870000839233
-295 0 0 -1.16224002838135 -7.34501981735229
-294 0 0 -1.15418004989624 -7.30101013183594
-293 0 0 -1.14609003067017 -7.25668001174927
-292 0 0 -1.13798999786377 -7.21201992034912
-291 0 0 -1.12987995147705 -7.16703987121582
-290 0 0 -1.12173998355865 -7.12173986434937
-289 0 0 -1.11357998847961 -7.07609987258911
-288 0 0 -1.10540997982025 -7.0301399230957
-287 0 0 -1.09721004962921 -6.98385000228882
-286 0 0 -1.08899998664856 -6.93724012374878
-285 0 0 -1.08077001571655 -6.89028978347778
-284 0 0 -1.0725200176239 -6.84300994873047
-283 0 0 -1.06424999237061 -6.79541015625
-282 0 0 -1.05596005916595 -6.7474799156189
-281 0 0 -1.04765999317169 -6.69921016693115
-280 0 0 -1.03933000564575 -6.6506199836731
-279 0 0 -1.03099000453949 -6.60169982910156
-278 0 0 -1.02262997627258 -6.55246019363403
-277 0 0 -1.01425004005432 -6.50288009643555
-276 0 0 -1.00584995746613 -6.45298004150391
-275 0 0 -0.997434020042419 -6.40276002883911
-274 0 0 -0.989000022411346 -6.35221004486084
-273 0 0 -0.980548024177551 -6.30134010314941
-272 0 0 -0.97207897901535 -6.25014019012451
-271 0 0 -0.963590979576111 -6.19862985610962
-270 0 0 -0.95508599281311 -6.14679002761841
-269 0 0 -0.946563005447388 -6.09463977813721
-268 0 0 -0.93802398443222 -6.04218006134033
-267 0 0 -0.929467022418976 -5.98939990997314
-266 0 0 -0.920893013477325 -5.9362998008728
-265 0 0 -0.912302017211914 -5.88290023803711
-264 0 0 -0.903693974018097 -5.82919979095459
-263 0 0 -0.895070016384125 -5.7751898765564
-262 0 0 -0.886430025100708 -5.72087001800537
-261 0 0 -0.877774000167847 -5.666259765625
-260 0 0 -0.869100987911224 -5.61135005950928
-259 0 0 -0.860413014888763 -5.55614995956421
-258 0 0 -0.851709008216858 -5.50065994262695
-257 0 0 -0.842989981174469 -5.44489002227783
-256 0 0 -0.834255993366241 -5.38883018493652
-255 0 0 -0.825506985187531 -5.33248996734619
-254 0 0 -0.816744029521942 -5.27586984634399
-253 0 0 -0.807964980602264 -5.21897983551025
-252 0 0 -0.79917299747467 -5.16182994842529
-251 0 0 -0.790365993976593 -5.10441017150879
-250 28 4 -0.781545996665955 -5.04673004150391
-249 0 0 -0.772711992263794 -4.9887900352478
-248 0 0 -0.763864994049072 -4.93061017990112
-247 0 0 -0.75500500202179 -4.87216997146606
-246 0 0 -0.746132016181946 -4.81348991394043
-245 0 0 -0.737245976924896 -4.75458002090454
-244 0 0 -0.728348016738892 -4.6954197883606
-243 0 0 -0.719438016414642 -4.63604021072388
-242 0 0 -0.710515975952148 -4.57643985748291
-241 0 0 -0.701582014560699 -4.51661014556885
-240 0 0 -0.692637026309967 -4.45657014846802
-239 0 0 -0.68367999792099 -4.39631986618042
-238 0 0 -0.674713015556335 -4.33586978912354
-237 0 0 -0.665735006332397 -4.27520990371704
-236 0 0 -0.656745970249176 -4.21435022354126
-235 0 0 -0.647746980190277 -4.15330982208252
-234 0 0 -0.638737976551056 -4.09208011627197
-233 0 0 -0.629719018936157 -4.03067016601563
-232 0 0 -0.620691001415253 -3.96907997131348
-231 0 0 -0.611652970314026 -3.90732002258301
-230 0 0 -0.602605998516083 -3.84540009498596
-229 0 0 -0.593550026416779 -3.78330993652344
-228 0 0 -0.584484994411469 -3.72107005119324
-227 0 0 -0.575411021709442 -3.65866994857788
-226 0 0 -0.566329002380371 -3.59612989425659
-225 0 0 -0.5572389960289 -3.53344011306763
-224 0 0 -0.548139989376068 -3.47061991691589
-223 0 0 -0.539034008979797 -3.40766000747681
-222 0 0 -0.529919981956482 -3.34457993507385
-221 0 0 -0.520798027515411 -3.28136992454529
-220 0 0 -0.511668980121613 -3.21805000305176
-219 0 0 -0.502532005310059 -3.15459990501404
-218 0 0 -0.493387997150421 -3.09104990959167
-217 0 0 -0.484236985445023 -3.02739000320435
-216 0 0 -0.475080013275146 -2.96362996101379
-215 0 0 -0.465914994478226 -2.8997700214386
-214 0 0 -0.456743985414505 -2.8358199596405
-213 0 0 -0.447566002607346 -2.77178001403809
-212 0 0 -0.438381999731064 -2.70764994621277
-211 0 0 -0.429190993309021 -2.64344000816345
-210 0 0 -0.419993996620178 -2.57914996147156
-209 0 0 -0.410791009664536 -2.51479005813599
-208 0 0 -0.401582002639771 -2.45036005973816
-207 0 0 -0.392367005348206 -2.38585996627808
-206 0 0 -0.383145987987518 -2.32129001617432
-205 0 0 -0.373919010162354 -2.25665998458862
-204 0 0 -0.364686012268066 -2.19197988510132
-203 0 0 -0.355448007583618 -2.12723994255066
-202 0 0 -0.346202999353409 -2.06244993209839
-201 0 0 -0.336953997612 -1.99759995937347
-200 27 4 -0.327697992324829 -1.93271994590759
-199 0 0 -0.31843701004982 -1.86778998374939
-198 0 0 -0.309170007705688 -1.8028199672699
-197 0 0 -0.299899011850357 -1.73781001567841
-196 0 0 -0.290621012449265 -1.67276000976563
-195 0 0 -0.281338006258011 -1.6076899766922
-194 0 0 -0.272049993276596 -1.54258000850677
-193 0 0 -0.262757003307343 -1.47743999958038
-192 0 0 -0.253457993268967 -1.41227996349335
-191 0 0 -0.244154006242752 -1.34709000587463
-190 0 0 -0.234844997525215 -1.28188002109528
-189 0 0 -0.225529998540878 -1.21663999557495
-188 0 0 -0.216211006045341 -1.1513899564743
-187 0 0 -0.206885993480682 -1.0861200094223
-186 0 0 -0.197556003928185 -1.02084004878998
-185 0 0 -0.188220992684364 -0.955536007881165
-184 0 0 -0.178881004452705 -0.890223979949951
-183 0 0 -0.169535994529724 -0.824899017810822
-182 0 0 -0.160185992717743 -0.759564995765686
-181 0 0 -0.150830999016762 -0.694221019744873
-180 0 0 -0.14147099852562 -0.628870010375977
-179 0 0 -0.132106006145477 -0.563512027263641
-178 0 0 -0.122735999524593 -0.498147994279861
-177 0 0 -0.113361001014709 -0.432779997587204
-176 0 0 -0.103982001543045 -0.367406994104385
-175 0 0 -0.0945978984236717 -0.302031993865967
-174 0 0 -0.0852091982960701 -0.236654996871948
-173 0 0 -0.0758157968521118 -0.17127700150013
-172 0 0 -0.0664179027080536 -0.105898000299931
-171 0 0 -0.0570154003798962 -0.0405187010765076
-170 0 0 -0.0476085990667343 0.0248595997691154
-169 0 0 -0.03819739818573 0.0902367979288101
-168 0 0 -0.0287820007652044 0.155612006783485
-167 0 0 -0.0193623993545771 0.220984995365143
-166 0 0 -0.00993870012462139 0.286356002092361
-165 0 0 -0.000511036021634936 0.351722985506058
-164 0 0 0.00892050005495548 0.417086988687515
-163 0 0 0.0183557998389006 0.482448011636734
-162 0 0 0.0277947001159191 0.547803997993469
-161 0 0 0.0372372008860111 0.613156020641327
-160 0 0 0.0466829985380173 0.678502976894379
-159 0 0 0.0561319999396801 0.743845999240875
-158 0 0 0.0655841007828712 0.80918300151825
-157 0 0 0.0750391036272049 0.874516010284424
-156 0 0 0.0844969004392624 0.939842998981476
-155 0 0 0.0939572006464005 1.00515997409821
-154 0 0 0.103419996798038 1.07047998905182
-153 0 0 0.112884998321533 1.13578999042511
-152 0 0 0.122351996600628 1.2010999917984
-151 0 0 0.131819993257523 1.26638996601105
-150 26 4 0.141289994120598 1.33168995380402
-149 0 0 0.150762006640434 1.39697003364563
-148 0 0 0.160234004259109 1.46224999427795
-147 0 0 0.169707998633385 1.52752995491028
-146 0 0 0.17918099462986 1.59280002117157
-145 0 0 0.188655003905296 1.65805995464325
-144 0 0 0.198128998279572 1.7233099937439
-143 0 0 0.207601994276047 1.78856003284454
-142 0 0 0.214076995849609 1.83315002918243
-141 0 0 0.220550000667572 1.87774002552032
-140 0 0 0.227023005485535 1.92232000827789
-139 0 0 0.233495995402336 1.96691000461578
-138 0 0 0.239967003464699 2.01148009300232
-137 0 0 0.2464379966259 2.05606007575989
-136 0 0 0.252907991409302 2.10063004493713
-135 0 0 0.259377002716064 2.14520001411438
-134 0 0 0.265843987464905 2.1897599697113
-133 0 0 0.272309988737106 2.23431992530823
-132 0 0 0.278775006532669 2.27887988090515
-131 0 0 0.285237014293671 2.32343006134033
-130 0 0 0.291698008775711 2.36798000335693
-129 0 0 0.29815798997879 2.41252994537354
-128 0 0 0.304614990949631 2.45707011222839
-127 0 0 0.311069011688232 2.50161004066467
-126 0 0 0.317521989345551 2.54614996910095
-125 0 0 0.32397198677063 2.59067988395691
-124 0 0 0.33041900396347 2.63521003723145
-123 0 0 0.33686301112175 2.67972993850708
-122 0 0 0.343304991722107 2.72425007820129
-121 0 0 0.349743008613586 2.76875996589661
-120 0 0 0.356177985668182 2.8132700920105
-119 0 0 0.362608999013901 2.85777997970581
-118 0 0 0.369037002325058 2.90228009223938
-117 0 0 0.375459998846054 2.94676995277405
-116 0 0 0.381879985332489 2.99126005172729
-115 0 0 0.388296008110046 3.03574991226196
-114 0 0 0.39470699429512 3.08022999763489
-113 0 0 0.401113003492355 3.12470006942749
-112 0 0 0.407514989376068 3.16916990280151
-111 0 0 0.413911998271942 3.21362996101379
-110 0 0 0.420302987098694 3.25809001922607
-109 0 0 0.426690012216568 3.30254006385803
-108 0 0 0.433070003986359 3.34698009490967
-107 0 0 0.439444988965988 3.39141011238098
-106 0 0 0.44581401348114 3.43583989143372
-105 0 0 0.452176004648209 3.48026990890503
-104 0 0 0.458532005548477 3.5246798992157
-103 0 0 0.464881986379623 3.56908988952637
-102 0 0 0.471224009990692 3.61349010467529
-101 0 0 0.477559000253677 3.65788006782532
-100 25 4 0.483886986970901 3.70226001739502
-99 0 0 0.490207999944687 3.7466299533844
-98 0 0 0.49652099609375 3.79099011421204
-97 0 0 0.502825021743774 3.83535003662109
-96 0 0 0.509122014045715 3.87968993186951
-95 0 0 0.515408992767334 3.9240300655365
-94 0 0 0.521687984466553 3.96834993362427
-93 0 0 0.527958989143372 4.01266002655029
-92 0 0 0.534219026565552 4.056960105896
-91 0 0 0.540471017360687 4.10125017166138
-90 0 0 0.546711981296539 4.14553022384644
-89 0 0 0.552944004535675 4.18979978561401
-88 0 0 0.559165000915527 4.23404979705811
-87 0 0 0.565375983715057 4.27828979492188
-86 0 0 0.571575999259949 4.32251977920532
-85 0 0 0.577763974666595 4.36673021316528
-84 0 0 0.583941996097565 4.41093015670776
-83 0 0 0.590107977390289 4.45512008666992
-82 0 0 0.596261978149414 4.49928998947144
-81 0 0 0.602403998374939 4.5434398651123
-80 0 0 0.608533978462219 4.58758020401001
-79 0 0 0.614651024341583 4.63170003890991
-78 0 0 0.620755016803741 4.67579984664917
-77 0 0 0.626846015453339 4.71989011764526
-76 0 0 0.632923007011414 4.76395988464355
-75 0 0 0.638987004756927 4.80801010131836
-74 0 0 0.645035982131958 4.85203981399536
-73 0 0 0.651072025299072 4.89604997634888
-72 0 0 0.657092988491058 4.94004011154175
-71 0 0 0.663097977638245 4.9840202331543
-70 0 0 0.669089019298553 5.02796983718872
-69 0 0 0.675064980983734 5.07189989089966
-68 0 0 0.681024014949799 5.11580991744995
-67 0 0 0.68696802854538 5.15968990325928
-66 0 0 0.692896008491516 5.20355987548828
-65 0 0 0.698807001113892 5.24739980697632
-64 0 0 0.704701006412506 5.29121017456055
-63 0 0 0.71057802438736 5.33500003814697
-62 0 0 0.716437995433807 5.37876987457275
-61 0 0 0.722280025482178 5.42251014709473
-60 0 0 0.728103995323181 5.46621990203857
-59 0 0 0.733910024166107 5.50991010665894
-58 0 0 0.739697992801666 5.55356979370117
-57 0 0 0.745467007160187 5.5971999168396
-56 0 0 0.751217007637024 5.64081001281738
-55 0 0 0.756947994232178 5.6843900680542
-54 0 0 0.762659013271332 5.72793006896973
-53 0 0 0.768351018428802 5.77145004272461
-52 0 0 0.774021983146667 5.8149299621582
-51 0 0 0.779672980308533 5.85838985443115
-50 24 4 0.785304009914398 5.90181016921997
-49 0 0 0.790913999080658 5.94520998001099
-48 0 0 0.796503007411957 5.98856019973755
-47 0 0 0.802070021629333 6.03188991546631
-46 0 0 0.807615995407104 6.07518005371094
-45 0 0 0.813140988349915 6.1184401512146
-44 0 0 0.818642973899841 6.16167020797729
-43 0 0 0.824123024940491 6.20485019683838
-42 0 0 0.829580008983612 6.24801015853882
-41 0 0 0.83501398563385 6.29112005233765
-40 0 0 0.840426027774811 6.33419990539551
-39 0 0 0.845813989639282 6.37725019454956
-38 0 0 0.851179003715515 6.42024993896484
-37 0 0 0.856521010398865 6.46322011947632
-36 0 0 0.861837983131409 6.50614976882935
-35 0 0 0.867130994796753 6.54902982711792
-34 0 0 0.872399985790253 6.59187984466553
-33 0 0 0.877645015716553 6.63468980789185
-32 0 0 0.882865011692047 6.67746019363403
-31 0 0 0.888059020042419 6.72019004821777
-30 0 0 0.893229007720947 6.76287984848022
-29 0 0 0.898374021053314 6.80552005767822
-28 0 0 0.903492987155914 6.84813022613525
-27 0 0 0.908586025238037 6.89068984985352
-26 0 0 0.913653016090393 6.93319988250732
-25 0 0 0.918694972991943 6.97567987442017
-24 0 0 0.923709988594055 7.0181097984314
-23 0 0 0.928699016571045 7.06049013137817
-22 0 0 0.933660984039307 7.10283994674683
-21 0 0 0.938597023487091 7.1451301574707
-20 0 0 0.943506002426147 7.18738985061646
-19 0 0 0.948387026786804 7.22958993911743
-18 0 0 0.953242003917694 7.27174997329712
-17 0 0 0.958069026470184 7.31386995315552
-16 0 0 0.962868988513947 7.3559398651123
-15 0 0 0.96764200925827 7.39796018600464
-14 0 0 0.972386002540588 7.4399299621582
-13 0 0 0.977102994918823 7.48186016082764
-12 0 0 0.981791973114014 7.5237398147583
-11 0 0 0.986452996730804 7.56557989120483
-10 0 0 0.991086006164551 7.60735988616943
-9 0 0 0.994158983230591 7.6351900100708
-8 0 0 0.996200978755951 7.65373992919922
-7 0 0 0.997559010982513 7.66609001159668
-6 0 0 0.998462975025177 7.67433023452759
-5 0 0 0.999064981937408 7.67982006072998
-4 0 0 0.999466001987457 7.68346977233887
-3 0 0 0.999732971191406 7.68591022491455
-2 0 0 0.999866008758545 7.68712997436523
1 0 0 1 7.68835020065308
1 0 0 1 7.68835020065308
-2 0 0 1.0001300573349 7.68956995010376
-3 0 0 1.00027000904083 7.6907901763916
-4 0 0 1.00053000450134 7.69323015213013
-5 0 0 1.00092995166779 7.69688987731934
-6 0 0 1.00153005123138 7.70237016677856
-7 0 0 1.0024299621582 7.71059989929199
-8 0 0 1.00378000736237 7.72292995452881
-9 0 0 1.00578999519348 7.74142980575562
-10 0 0 1.00881004333496 7.76915979385376
-11 0 0 1.0132999420166 7.81070995330811
-12 0 0 1.01777005195618 7.85221004486084
-13 0 0 1.02219998836517 7.89366006851196
-14 0 0 1.02661001682281 7.9350700378418
-15 0 0 1.03099000453949 7.9764199256897
-16 0 0 1.0353399515152 8.01772022247314
-17 0 0 1.03965997695923 8.05897998809814
-18 0 0 1.04394996166229 8.10019016265869
-19 0 0 1.04821002483368 8.1413402557373
-20 0 0 1.05244994163513 8.18245029449463
-21 0 0 1.05665004253387 8.22350978851318
-22 0 0 1.06081998348236 8.26451969146729
-23 0 0 1.06497001647949 8.30547046661377
-24 0 0 1.06909000873566 8.34638023376465
-25 0 0 1.07316994667053 8.38724040985107
-26 0 0 1.07722997665405 8.42805004119873
-27 0 0 1.08125996589661 8.46881008148193
-28 0 0 1.08525002002716 8.50953006744385
-29 0 0 1.08922004699707 8.55018997192383
-30 0 0 1.09316003322601 8.59080028533936
-31 0 0 1.09706997871399 8.63136005401611
-32 0 0 1.10095000267029 8.67187976837158
-33 0 0 1.10479998588562 8.71234035491943
-34 0 0 1.10862004756927 8.75275993347168
-35 0 0 1.11240994930267 8.79312992095947
-36 0 0 1.11617994308472 8.83345031738281
-37 0 0 1.11991000175476 8.87372016906738
-38 0 0 1.12361001968384 8.9139404296875
-39 0 0 1.12727999687195 8.95411014556885
-40 0 0 1.13092994689941 8.99423980712891
-41 0 0 1.13453996181488 9.03431987762451
-42 0 0 1.1381299495697 9.07435035705566
-43 0 0 1.14168000221252 9.11433029174805
-44 0 0 1.1452100276947 9.15425968170166
-45 0 0 1.14871001243591 9.1941499710083
-46 0 0 1.15216994285583 9.23400020599365
-47 0 0 1.1556099653244 9.27379035949707
-48 0 0 1.159019947052 9.3135404586792
-49 0 0 1.16240000724792 9.35324001312256
-50 2 4 1.16575002670288 9.39290046691895
-51 0 0 1.16908001899719 9.43251037597656
-52 0 0 1.17236995697021 9.47208023071289
-53 0 0 1.17562997341156 9.51159954071045
-54 0 0 1.17886996269226 9.55107021331787
-55 0 0 1.18207001686096 9.59051036834717
-56 0 0 1.18525004386902 9.62989044189453
-57 0 0 1.18840003013611 9.66923999786377
-58 0 0 1.19151997566223 9.70853996276855
-59 0 0 1.19604003429413 9.76597023010254
-60 0 0 1.20048999786377 9.8233003616333
-61 0 0 1.20487999916077 9.88055038452148
-62 0 0 1.20921003818512 9.93770027160645
-63 0 0 1.21349000930786 9.99477005004883
-64 0 0 1.21770000457764 10.0517997741699
-65 0 0 1.22185003757477 10.1085996627808
-66 0 0 1.22593998908997 10.1654996871948
-67 0 0 1.22997999191284 10.2222003936768
-68 0 0 1.23395001888275 10.2788000106812
-69 0 0 1.23786997795105 10.3353996276855
-70 0 0 1.24171996116638 10.391900062561
-71 0 0 1.24551999568939 10.4483003616333
-72 0 0 1.24925994873047 10.504599571228
-73 0 0 1.25294995307922 10.5608997344971
-74 0 0 1.25657999515533 10.6170997619629
-75 0 0 1.26014995574951 10.6731996536255
-76 0 0 1.26365995407104 10.7292003631592
-77 0 0 1.26712000370026 10.7852001190186
-78 0 0 1.27051997184753 10.8410997390747
-79 0 0 1.27385997772217 10.896900177002
-80 0 0 1.27715003490448 10.9526996612549
-81 0 0 1.28039002418518 11.0083999633789
-82 0 0 1.28357005119324 11.0640001296997
-83 0 0 1.28670001029968 11.1196002960205
-84 0 0 1.28977000713348 11.1751003265381
-85 0 0 1.29279005527496 11.2305002212524
-86 0 0 1.29575002193451 11.2859001159668
-87 0 0 1.29867005348206 11.3413000106812
-88 0 0 1.30153000354767 11.3965997695923
-89 0 0 1.30432999134064 11.4518003463745
-90 0 0 1.30709004402161 11.5069999694824
-91 0 0 1.30979001522064 11.5621004104614
-92 0 0 1.31244003772736 11.6171998977661
-93 0 0 1.31505000591278 11.6722002029419
-94 0 0 1.31760001182556 11.7271995544434
-95 0 0 1.32009994983673 11.7821998596191
-96 0 0 1.32255005836487 11.8371000289917
-97 0 0 1.3249499797821 11.891900062561
-98 0 0 1.32729995250702 11.9468002319336
-99 0 0 1.32959997653961 12.0016002655029
-100 3 4 1.33185994625092 12.056300163269
-101 0 0 1.3340699672699 12.1110000610352
-102 0 0 1.33622002601624 12.1656999588013
-103 0 0 1.33833003044128 12.2203998565674
-104 0 0 1.34039998054504 12.2749996185303
-105 0 0 1.34241998195648 12.3296003341675
-106 0 0 1.3443900346756 12.3840999603271
-107 0 0 1.3463100194931 12.43869972229
-108 0 0 1.34818994998932 12.493200302124
-109 0 0 1.3500200510025 12.5476999282837
-110 0 0 1.35180997848511 12.6021995544434
-111 0 0 1.35354995727539 12.6565999984741
-112 0 0 1.35525000095367 12.7110004425049
-113 0 0 1.35689997673035 12.7653999328613
-114 0 0 1.35851001739502 12.8198003768921
-115 0 0 1.3600800037384 12.8741998672485
-116 0 0 1.36160004138947 12.9286003112793
-117 0 0 1.36308002471924 12.9829998016357
-118 0 0 1.36451995372772 13.0373001098633
-119 0 0 1.36591994762421 13.0916004180908
-120 0 0 1.36726999282837 13.1459999084473
-121 0 0 1.36857998371124 13.2003002166748
-122 0 0 1.36986005306244 13.254599571228
-123 0 0 1.37109005451202 13.3090000152588
-124 0 0 1.37228000164032 13.3633003234863
-125 0 0 1.37343001365662 13.4175996780396
-126 0 0 1.37453997135162 13.4718999862671
-127 0 0 1.37560999393463 13.5262002944946
-128 0 0 1.37663996219635 13.5805997848511
-129 0 0 1.37762999534607 13.6349000930786
-130 0 0 1.3785799741745 13.6892004013062
-131 0 0 1.37950003147125 13.7435998916626
-132 0 0 1.38037002086639 13.7980003356934
-133 0 0 1.38120996952057 13.8522996902466
-134 0 0 1.38200998306274 13.9067001342773
-135 0 0 1.38277995586395 13.9610996246338
-136 0 0 1.38350999355316 14.0155000686646
-137 0 0 1.38419997692108 14.0699996948242
-138 0 0 1.384850025177 14.124400138855
-139 0 0 1.38547003269196 14.1788997650146
-140 0 0 1.38605999946594 14.2334003448486
-141 0 0 1.38660001754761 14.2878999710083
-142 0 0 1.38712000846863 14.342399597168
-143 0 0 1.38759994506836 14.3970003128052
-144 0 0 1.38803994655609 14.4514999389648
-145 0 0 1.38845002651215 14.5060997009277
-146 0 0 1.38882994651794 14.5607995986938
-147 0 0 1.38917005062103 14.6154003143311
-148 0 0 1.38947999477386 14.6701002120972
-149 0 0 1.38976001739502 14.7249002456665
-150 4 4 1.38999998569489 14.7796001434326
-151 0 0 1.39021003246307 14.834400177002
-152 0 0 1.3903900384903 14.8893003463745
-153 0 0 1.39054000377655 14.9441003799438
-154 0 0 1.39066004753113 14.9989995956421
-155 0 0 1.39074003696442 15.0539999008179
-156 0 0 1.39079999923706 15.1090002059937
-157 0 0 1.39082002639771 15.1639995574951
158 5 2 1.39082002639771 15.1795997619629
159 0 0 1.39081001281738 15.2347002029419
160 0 0 1.39075994491577 15.2897996902466
161 0 0 1.39068996906281 15.3450002670288
162 0 0 1.39058005809784 15.4001998901367
163 0 0 1.39045000076294 15.4554996490479
164 0 0 1.39029002189636 15.5108003616333
165 0 0 1.39010000228882 15.5662002563477
166 0 0 1.38987994194031 15.621600151062
167 0 0 1.38962996006012 15.6770000457764
168 0 0 1.38935005664825 15.7326002120972
169 0 0 1.38905000686646 15.7881002426147
170 0 0 1.38872003555298 15.8437995910645
171 0 0 1.38837003707886 15.8994998931885
172 0 0 1.38797998428345 15.9552001953125
173 0 0 1.38757002353668 16.0109996795654
174 0 0 1.38714003562927 16.0669002532959
175 0 0 1.3866800069809 16.1228008270264
176 0 0 1.38619005680084 16.1788005828857
177 0 0 1.38567996025085 16.2348003387451
178 0 0 1.38513994216919 16.2908992767334
179 0 0 1.38458001613617 16.3470993041992
180 0 0 1.38399004936218 16.403299331665
181 0 0 1.38338005542755 16.4596004486084
182 0 0 1.38275003433228 16.5160007476807
183 0 0 1.38208997249603 16.5723991394043
184 0 0 1.38141000270844 16.6289005279541
185 0 0 1.38069999217987 16.6854991912842
186 0 0 1.37997996807098 16.7422008514404
187 0 0 1.37923002243042 16.798900604248
188 0 0 1.37845003604889 16.8556995391846
189 0 0 1.37766003608704 16.9125003814697
190 0 0 1.37683999538422 16.9694995880127
191 0 0 1.37600004673004 17.0265007019043
192 0 0 1.37513995170593 17.0835990905762
193 0 0 1.37425994873047 17.1406993865967
194 0 0 1.37336003780365 17.1979999542236
195 0 0 1.3724399805069 17.2553005218506
196 0 0 1.37150001525879 17.3127002716064
197 0 0 1.37053000926971 17.3701992034912
198 0 0 1.36954998970032 17.4277000427246
199 0 0 1.36854994297028 17.4853992462158
200 6 4 1.36752998828888 17.5431003570557
201 0 0 1.36649000644684 17.6009006500244
202 0 0 1.36542999744415 17.6588001251221
203 0 0 1.36435997486115 17.7168006896973
204 0 0 1.36326003074646 17.7747993469238
205 0 0 1.36214995384216 17.8330001831055
206 0 0 1.36101996898651 17.8911991119385
207 0 0 1.35986995697021 17.949499130249
208 0 0 1.35870003700256 18.0079002380371
209 0 0 1.3575199842453 18.0664005279541
210 0 0 1.35632002353668 18.125
211 0 0 1.35511004924774 18.1835994720459
212 0 0 1.35387003421783 18.2423992156982
213 0 0 1.35263001918793 18.3012008666992
214 0 0 1.35135996341705 18.3600997924805
215 0 0 1.35009002685547 18.4192008972168
216 0 0 1.34879004955292 18.4783000946045
217 0 0 1.34748005867004 18.5375003814697
218 0 0 1.34616005420685 18.5967998504639
219 0 0 1.34482002258301 18.6562004089355
220 0 0 1.34346997737885 18.7157001495361
221 0 0 1.34210002422333 18.7751998901367
222 0 0 1.34072995185852 18.8348999023438
223 0 0 1.33932995796204 18.8946990966797
224 0 0 1.33792996406555 18.9545001983643
225 0 0 1.33650994300842 19.0144996643066
226 0 0 1.33508002758026 19.0746002197266
227 0 0 1.33362996578217 19.1347007751465
228 0 0 1.33218002319336 19.1949005126953
229 0 0 1.33071005344391 19.2553005218506
230 0 0 1.32922995090485 19.3157005310059
231 0 0 1.32773995399475 19.3763008117676
232 0 0 1.32623994350433 19.4368991851807
233 0 0 1.32472002506256 19.4976005554199
234 0 0 1.3231999874115 19.5583992004395
235 0 0 1.3216700553894 19.6194000244141
236 0 0 1.32011997699738 19.6804008483887
237 0 0 1.31857001781464 19.7415008544922
238 0 0 1.31700003147125 19.8027000427246
239 0 0 1.31543004512787 19.8640003204346
240 0 0 1.31385004520416 19.925500869751
241 0 0 1.31226003170013 19.9869995117188
242 0 0 1.31066000461578 20.0485992431641
243 0 0 1.30904996395111 20.1103000640869
244 0 0 1.30743002891541 20.1721000671387
245 0 0 1.30579996109009 20.2339992523193
246 0 0 1.30417001247406 20.2959995269775
247 0 0 1.30253005027771 20.3581008911133
248 0 0 1.30087995529175 20.4202995300293
249 0 0 1.29922997951508 20.4827003479004
250 7 4 1.29756999015808 20.5450992584229
251 0 0 1.29589998722076 20.6075992584229
252 0 0 1.29421997070313 20.6702003479004
253 0 0 1.29253995418549 20.7329006195068
254 0 0 1.29085004329681 20.7957000732422
255 0 0 1.28916001319885 20.8586006164551
256 0 0 1.28745996952057 20.9216003417969
257 0 0 1.28576004505157 20.9846992492676
258 0 0 1.28404998779297 21.0478992462158
259 0 0 1.28234004974365 21.1112003326416
260 0 0 1.28061997890472 21.1746006011963
261 0 0 1.27889001369476 21.2381000518799
262 0 0 1.27716994285583 21.301700592041
263 0 0 1.27543997764587 21.3654003143311
264 0 0 1.27369999885559 21.42919921875
265 0 0 1.27196002006531 21.4930992126465
266 0 0 1.27022004127502 21.5571002960205
267 0 0 1.26847994327545 21.6212005615234
268 0 0 1.26672995090485 21.6854000091553
269 0 0 1.26497995853424 21.7495994567871
270 0 0 1.26322996616364 21.8139991760254
271 0 0 1.26146996021271 21.8784999847412
272 0 0 1.2597199678421 21.9430999755859
273 0 0 1.25795996189117 22.0076999664307
274 0 0 1.25619995594025 22.0725002288818
275 0 0 1.25443994998932 22.1373996734619
276 0 0 1.25267004966736 22.202299118042
277 0 0 1.25091004371643 22.2674007415771
278 0 0 1.24914002418518 22.3325004577637
279 0 0 1.24738001823425 22.3978004455566
280 0 0 1.245609998703 22.4631004333496
281 0 0 1.24384999275208 22.528600692749
282 0 0 1.24207997322083 22.5941009521484
283 0 0 1.24030995368958 22.6597003936768
284 0 0 1.23854994773865 22.7254009246826
285 0 0 1.23678004741669 22.7912006378174
286 0 0 1.23501002788544 22.8570995330811
287 0 0 1.23325002193451 22.9230995178223
288 0 0 1.23149001598358 22.989200592041
289 0 0 1.22971999645233 23.0552997589111
290 0 0 1.2279599905014 23.1215991973877
291 0 0 1.22619998455048 23.1879997253418
292 0 0 1.22444999217987 23.2544002532959
293 0 0 1.22268998622894 23.3208999633789
294 0 0 1.22093999385834 23.3875999450684
295 0 0 1.21917998790741 23.4542999267578
296 0 0 1.2174299955368 23.5210990905762
297 0 0 1.21569001674652 23.5879993438721
298 0 0 1.21394002437592 23.654899597168
299 0 0 1.21220004558563 23.7220001220703
300 8 4 1.21045994758606 23.7891998291016
301 0 0 1.2087299823761 23.8563995361328
302 0 0 1.20699000358582 23.9237003326416
303 0 0 1.20527005195618 23.9911003112793
304 0 0 1.20353996753693 24.0585994720459
305 0 0 1.20182001590729 24.12619972229
306 0 0 1.20009994506836 24.1938991546631
307 0 0 1.19839000701904 24.2616004943848
308 0 0 1.19667994976044 24.3295001983643
309 0 0 1.19497001171112 24.3973999023438
310 0 0 1.19326996803284 24.4654006958008
311 0 0 1.19157004356384 24.5335006713867
312 0 0 1.18988001346588 24.6016006469727
313 0 0 1.18819999694824 24.669900894165
314 0 0 1.18650996685028 24.7381992340088
315 0 0 1.18483996391296 24.8066005706787
316 0 0 1.18315994739532 24.8750991821289
317 0 0 1.18149995803833 24.9437007904053
318 0 0 1.17983996868134 25.012300491333
319 0 0 1.17817997932434 25.0811004638672
320 0 0 1.17653000354767 25.1499004364014
321 0 0 1.17489004135132 25.2187995910645
322 0 0 1.17324995994568 25.2877006530762
323 0 0 1.17160999774933 25.3568000793457
324 0 0 1.16998994350433 25.4258995056152
325 0 0 1.16837000846863 25.4951000213623
326 0 0 1.16674995422363 25.5643997192383
327 0 0 1.16515004634857 25.6336994171143
328 0 0 1.1635400056839 25.7031993865967
329 0 0 1.16194999217987 25.7726993560791
330 0 0 1.16035997867584 25.8423004150391
331 0 0 1.15877997875214 25.9118995666504
332 0 0 1.15720999240875 25.9815998077393
333 0 0 1.15564000606537 26.0515003204346
334 0 0 1.15408003330231 26.1212997436523
335 0 0 1.15251994132996 26.1912994384766
336 0 0 1.15097999572754 26.2612991333008
337 0 0 1.14944005012512 26.3313999176025
338 0 0 1.14790999889374 26.4015998840332
339 0 0 1.14637994766235 26.4719009399414
340 0 0 1.1448700428009 26.542200088501
341 0 0 1.14336001873016 26.6126003265381
342 0 0 1.14186000823975 26.6830005645752
343 0 0 1.14035999774933 26.7535991668701
344 0 0 1.13888001441956 26.8241996765137
345 0 0 1.13740003108978 26.8948993682861
346 0 0 1.13592994213104 26.9655990600586
347 0 0 1.13446998596191 27.0363998413086
348 0 0 1.13301002979279 27.1072998046875
349 0 0 1.13156998157501 27.1783008575439
350 9 4 1.13013005256653 27.2493000030518
351 0 0 1.12870001792908 27.3204002380371
352 0 0 1.12727999687195 27.3915996551514
353 0 0 1.12585997581482 27.4627990722656
354 0 0 1.12445998191833 27.534200668335
355 0 0 1.12305998802185 27.6054992675781
356 0 0 1.12168002128601 27.6770000457764
357 0 0 1.12030005455017 27.7485008239746
358 0 0 1.11892998218536 27.8201007843018
359 0 0 1.11756002902985 27.8917007446289
360 0 0 1.11620998382568 27.9634990692139
361 0 0 1.11486995220184 28.0352001190186
362 0 0 1.11353003978729 28.1070995330811
363 0 0 1.11220002174377 28.1790008544922
364 0 0 1.1108900308609 28.2509994506836
365 0 0 1.10958003997803 28.3230991363525
366 0 0 1.10827994346619 28.3952007293701
367 0 0 1.10698997974396 28.467399597168
368 0 0 1.10570001602173 28.5396995544434
369 0 0 1.10442996025085 28.6119995117188
370 0 0 1.10317003726959 28.6844005584717
371 0 0 1.10190999507904 28.756799697876
372 0 0 1.10066998004913 28.8293991088867
373 0 0 1.09942996501923 28.9020004272461
374 0 0 1.09819996356964 28.9745998382568
375 0 0 1.09697997570038 29.0473003387451
376 0 0 1.09577000141144 29.1201000213623
377 0 0 1.09457004070282 29.193000793457
378 0 0 1.09337997436523 29.2658996582031
379 0 0 1.09220004081726 29.3388996124268
380 0 0 1.09103000164032 29.4120006561279
381 0 0 1.0898699760437 29.4850997924805
382 0 0 1.0887199640274 29.5583000183105
383 0 0 1.08756995201111 29.6315002441406
384 0 0 1.08643996715546 29.7047996520996
385 0 0 1.0853099822998 29.7782001495361
386 0 0 1.0842000246048 29.8516998291016
387 0 0 1.0830899477005 29.925199508667
388 0 0 1.08199000358582 29.99880027771
389 0 0 1.08090996742249 30.0723991394043
390 0 0 1.07983005046844 30.1460990905762
391 0 0 1.07876002788544 30.2199001312256
392 0 0 1.07770001888275 30.2938003540039
393 0 0 1.07665002346039 30.3677005767822
394 0 0 1.07561004161835 30.4416999816895
395 0 0 1.07457995414734 30.5156993865967
396 0 0 1.07355999946594 30.5897998809814
397 0 0 1.07255005836487 30.6639995574951
398 0 0 1.07155001163483 30.7381992340088
399 0 0 1.07055997848511 30.8125
400 10 4 1.06957995891571 30.8868999481201
401 0 0 1.06860995292664 30.9612998962402
402 0 0 1.06763994693756 31.0358009338379
403 0 0 1.06668996810913 31.1103992462158
404 0 0 1.06575000286102 31.1849994659424
405 0 0 1.06481003761292 31.2597999572754
406 0 0 1.06388998031616 31.3344993591309
407 0 0 1.0629700422287 31.4094009399414
408 0 0 1.06207001209259 31.4843006134033
409 0 0 1.06116998195648 31.5592002868652
410 0 0 1.06028997898102 31.6343002319336
411 0 0 1.05940997600555 31.709400177002
412 0 0 1.05853998661041 31.7845001220703
413 0 0 1.05768001079559 31.8598003387451
414 0 0 1.05683994293213 31.9351005554199
415 0 0 1.05599999427795 32.0105018615723
416 0 0 1.0551700592041 32.0858993530273
417 0 0 1.05435001850128 32.1613998413086
418 0 0 1.05353999137878 32.2369995117188
419 0 0 1.05273997783661 32.3125991821289
420 0 0 1.05194997787476 32.3883018493652
421 0 0 1.05116999149323 32.4640998840332
422 0 0 1.05040001869202 32.5399017333984
423 0 0 1.04964005947113 32.6158981323242
424 0 0 1.04888999462128 32.6917991638184
425 0 0 1.04814004898071 32.7678985595703
426 0 0 1.0474100112915 32.8440017700195
427 0 0 1.04668998718262 32.9202003479004
428 0 0 1.04597997665405 32.9963989257813
429 0 0 1.04526996612549 33.0727996826172
430 0 0 1.04457998275757 33.1492004394531
431 0 0 1.04388999938965 33.2256011962891
432 0 0 1.04322004318237 33.3021011352539
433 0 0 1.04254996776581 33.3787002563477
434 0 0 1.04189002513885 33.4553985595703
435 0 0 1.04124999046326 33.5321998596191
436 0 0 1.04060995578766 33.609001159668
437 0 0 1.03998005390167 33.6857986450195
438 0 0 1.03936004638672 33.7627983093262
439 0 0 1.03875005245209 33.8398017883301
440 0 0 1.03814995288849 33.9169006347656
441 0 0 1.0375599861145 33.9939994812012
442 0 0 1.03698003292084 34.0713005065918
443 0 0 1.03640997409821 34.1486015319824
444 0 0 1.03584003448486 34.2258987426758
445 0 0 1.03529000282288 34.3033981323242
446 0 0 1.03474998474121 34.3809013366699
447 0 0 1.03420996665955 34.4584999084473
448 0 0 1.03368997573853 34.5360984802246
449 0 0 1.0331699848175 34.613899230957
450 11 4 1.03267002105713 34.6916999816895
451 0 0 1.03217005729675 34.7695007324219
452 0 0 1.03167998790741 34.8474998474121
453 0 0 1.03120005130768 34.9254989624023
454 0 0 1.03073000907898 35.0036010742188
455 0 0 1.0302699804306 35.0816993713379
456 0 0 1.02981996536255 35.1599006652832
457 0 0 1.02937996387482 35.2382011413574
458 0 0 1.02894997596741 35.3166007995605
459 0 0 1.02851998806 35.3950996398926
460 0 0 1.02811002731323 35.4735984802246
461 0 0 1.02769994735718 35.5522003173828
462 0 0 1.02731001377106 35.6307983398438
463 0 0 1.02691996097565 35.7095985412598
464 0 0 1.02654004096985 35.7883987426758
465 0 0 1.02618002891541 35.8672981262207
466 0 0 1.02582001686096 35.9462013244629
467 0 0 1.02547001838684 36.0252990722656
468 0 0 1.02512001991272 36.1044006347656
469 0 0 1.02479004859924 36.1836013793945
470 0 0 1.0244699716568 36.2627983093262
471 0 0 1.02415001392365 36.342098236084
472 0 0 1.02384996414185 36.421501159668
473 0 0 1.02355003356934 36.5009994506836
474 0 0 1.02327001094818 36.5806007385254
475 0 0 1.02298998832703 36.6601982116699
476 0 0 1.02271997928619 36.7398986816406
477 0 0 1.02245998382568 36.8196983337402
478 0 0 1.0222100019455 36.8995018005371
479 0 0 1.02196002006531 36.9794006347656
480 0 0 1.02172994613647 37.059398651123
481 0 0 1.02151000499725 37.1394996643066
482 0 0 1.02128994464874 37.2196998596191
483 0 0 1.02108001708984 37.2999000549316
484 0 0 1.02087998390198 37.380199432373
485 0 0 1.02069997787476 37.4606018066406
486 0 0 1.02050995826721 37.5410003662109
487 0 0 1.02033996582031 37.6214981079102
488 0 0 1.02017998695374 37.7020988464355
489 0 0 1.02003002166748 37.7827987670898
490 0 0 1.01988005638123 37.8636016845703
491 0 0 1.019739985466 37.9444007873535
492 0 0 1.01961004734039 38.0252990722656
493 0 0 1.01949000358582 38.1063003540039
494 0 0 1.01937997341156 38.1873016357422
495 0 0 1.01927995681763 38.2685012817383
496 0 0 1.01918995380402 38.3497009277344
497 0 0 1.01909995079041 38.4309997558594
498 0 0 1.01902997493744 38.5122985839844
499 0 0 1.01895999908447 38.5937995910645
500 12 4 1.01890003681183 38.6753005981445
501 0 0 1.01884996891022 38.7569007873535
502 0 0 1.01881003379822 38.8386001586914
503 0 0 1.01876997947693 38.9202995300293
504 0 0 1.01874995231628 39.0021018981934
505 0 0 1.01873004436493 39.0839996337891
506 0 0 1.01872003078461 39.1660003662109
507 13 2 1.01872003078461 39.2027015686035
-508 0 0 1.01873004436493 39.2848014831543
-509 0 0 1.01874005794525 39.367000579834
-510 0 0 1.01875996589661 39.4491996765137
-511 0 0 1.01879000663757 39.5315017700195
-512 0 0 1.01882994174957 39.613899230957
-513 0 0 1.01888000965118 39.6963996887207
-514 0 0 1.01892995834351 39.7789001464844
-515 0 0 1.01899003982544 39.861499786377
-516 0 0 1.01906001567841 39.9441986083984
-517 0 0 1.01914000511169 40.0270004272461
-518 0 0 1.01923000812531 40.1099014282227
-519 0 0 1.01933002471924 40.192798614502
-520 0 0 1.01943004131317 40.2757987976074
-521 0 0 1.01954996585846 40.3588981628418
-522 0 0 1.01967000961304 40.4420013427734
-523 0 0 1.01979994773865 40.5252990722656
-524 0 0 1.01993000507355 40.6086006164551
-525 0 0 1.0200799703598 40.6920013427734
-526 0 0 1.02023005485535 40.7753982543945
-527 0 0 1.02039003372192 40.859001159668
-528 0 0 1.02056002616882 40.9426002502441
-529 0 0 1.02074003219604 41.0262985229492
-530 0 0 1.02093005180359 41.1100006103516
-531 0 0 1.02111995220184 41.1939010620117
-532 0 0 1.02132999897003 41.2778015136719
-533 0 0 1.02154004573822 41.3618011474609
-534 0 0 1.02174997329712 41.44580078125
-535 0 0 1.02198004722595 41.5299987792969
-536 0 0 1.02222001552582 41.614200592041
-537 0 0 1.02245998382568 41.6985015869141
-538 0 0 1.02270996570587 41.782901763916
-539 0 0 1.02296996116638 41.8672981262207
-540 0 0 1.02322995662689 41.9519004821777
-541 0 0 1.02350997924805 42.0364990234375
-542 0 0 1.0237900018692 42.1211013793945
-543 0 0 1.02408003807068 42.2058982849121
-544 0 0 1.02437996864319 42.290699005127
-545 0 0 1.02469003200531 42.3755989074707
-546 0 0 1.02499997615814 42.4606018066406
-547 0 0 1.02532005310059 42.5456008911133
-548 0 0 1.02565002441406 42.6306991577148
-549 0 0 1.02599000930786 42.7159004211426
-550 14 4 1.02632999420166 42.8012008666992
-551 0 0 1.0266900062561 42.8866004943848
-552 0 0 1.02705001831055 42.9720001220703
-553 0 0 1.02741003036499 43.0574989318848
-554 0 0 1.02778995037079 43.1430015563965
-555 0 0 1.02816998958588 43.2286987304688
-556 0 0 1.02857005596161 43.3143997192383
-557 0 0 1.02897000312805 43.4001998901367
-558 0 0 1.02936995029449 43.4860000610352
-559 0 0 1.02979004383087 43.5719985961914
-560 0 0 1.03021001815796 43.6580009460449
-561 0 0 1.03064000606537 43.7440986633301
-562 0 0 1.0310800075531 43.8302001953125
-563 0 0 1.03152000904083 43.9164009094238
-564 0 0 1.03197002410889 44.0027008056641
-565 0 0 1.03243005275726 44.0890998840332
-566 0 0 1.03289997577667 44.1754989624023
-567 0 0 1.03337001800537 44.2621002197266
-568 0 0 1.03385996818542 44.3485984802246
-569 0 0 1.03435003757477 44.4352989196777
-570 0 0 1.03483998775482 44.5219993591309
-571 0 0 1.03534996509552 44.6087989807129
-572 0 0 1.03585994243622 44.6957015991211
-573 0 0 1.03638005256653 44.782600402832
-574 0 0 1.03691005706787 44.8695983886719
-575 0 0 1.03743994235992 44.9566993713379
-576 0 0 1.03797996044159 45.0438995361328
-577 0 0 1.03852999210358 45.1310997009277
-578 0 0 1.03909003734589 45.2183990478516
-579 0 0 1.03964996337891 45.3056983947754
-580 0 0 1.04022002220154 45.3931007385254
-581 0 0 1.0407999753952 45.480598449707
-582 0 0 1.04138994216919 45.5681991577148
-583 0 0 1.04198002815247 45.6557998657227
-584 0 0 1.04258000850677 45.7434997558594
-585 0 0 1.04319000244141 45.831298828125
-586 0 0 1.04379999637604 45.9191017150879
-587 0 0 1.04442000389099 46.0069999694824
-588 0 0 1.04505002498627 46.0950012207031
-589 0 0 1.04568994045258 46.1829986572266
-590 0 0 1.04632997512817 46.2711982727051
-591 0 0 1.04698002338409 46.3592987060547
-592 0 0 1.04763996601105 46.4476013183594
-593 0 0 1.04830002784729 46.5359001159668
-594 0 0 1.04896998405457 46.6241989135742
-595 0 0 1.04964995384216 46.7126998901367
-596 0 0 1.05034005641937 46.8012008666992
-597 0 0 1.05103003978729 46.8897018432617
-598 0 0 1.05173003673553 46.978401184082
-599 0 0 1.05243003368378 47.0671005249023
-600 15 4 1.05315005779266 47.1557998657227
-601 0 0 1.05386996269226 47.2445983886719
-602 0 0 1.05458998680115 47.3334999084473
-603 0 0 1.05533003807068 47.4225006103516
-604 0 0 1.05606997013092 47.5115013122559
-605 0 0 1.05682003498077 47.6006011962891
-606 0 0 1.05756998062134 47.6897010803223
-607 0 0 1.05833005905151 47.7789001464844
-608 0 0 1.05910003185272 47.8681983947754
-609 0 0 1.05987000465393 47.9575004577637
-610 0 0 1.06066000461578 48.0469017028809
-611 0 0 1.06143999099731 48.1363983154297
-612 0 0 1.06224000453949 48.2258987426758
-613 0 0 1.06304001808167 48.3153991699219
-614 0 0 1.06385004520416 48.405101776123
-615 0 0 1.06466996669769 48.494800567627
-616 0 0 1.06549000740051 48.5844993591309
-617 0 0 1.06631994247437 48.6743011474609
-618 0 0 1.06714999675751 48.7641983032227
-619 0 0 1.06798994541168 48.8540992736816
-620 0 0 1.06884002685547 48.9440994262695
-621 0 0 1.06970000267029 49.0341987609863
-622 0 0 1.07055997848511 49.1242980957031
-623 0 0 1.07142996788025 49.2145004272461
-624 0 0 1.07229995727539 49.3046989440918
-625 0 0 1.07317996025085 49.3950004577637
-626 0 0 1.07406997680664 49.4852981567383
-627 0 0 1.07497000694275 49.5756988525391
-628 0 0 1.07587003707886 49.6661987304688
-629 0 0 1.076779961586 49.7566986083984
-630 0 0 1.07769000530243 49.8471984863281
-631 0 0 1.07860994338989 49.9379005432129
-632 0 0 1.07954001426697 50.0284996032715
-633 0 0 1.08046996593475 50.1193008422852
-634 0 0 1.08141005039215 50.2099990844727
-635 0 0 1.08235001564026 50.3008995056152
-636 0 0 1.08331000804901 50.3917999267578
-637 0 0 1.08427000045776 50.4827003479004
-638 0 0 1.08522999286652 50.5736999511719
-639 0 0 1.08619999885559 50.6647987365723
-640 0 0 1.08718001842499 50.7559013366699
-641 0 0 1.08816003799438 50.8470993041992
-642 0 0 1.08914995193481 50.9383010864258
-643 0 0 1.09014999866486 51.0294990539551
-644 0 0 1.0911500453949 51.1208992004395
-645 0 0 1.09215998649597 51.2122001647949
-646 0 0 1.09317004680634 51.3036003112793
-647 0 0 1.09420001506805 51.3950996398926
-648 0 0 1.09521996974945 51.4865989685059
-649 0 0 1.09625995159149 51.5782012939453
-650 16 4 1.09730005264282 51.6697998046875
-651 0 0 1.09834003448486 51.7615013122559
-652 0 0 1.09939002990723 51.853199005127
-653 0 0 1.10045003890991 51.9449996948242
-654 0 0 1.1015100479126 52.0368003845215
-655 0 0 1.10257995128632 52.1287002563477
-656 0 0 1.10365998744965 52.2206001281738
-657 0 0 1.10474002361298 52.3125991821289
-658 0 0 1.10582995414734 52.404598236084
-659 0 0 1.10692000389099 52.4967002868652
-660 0 0 1.10801994800568 52.5887985229492
-661 0 0 1.10913002490997 52.6809005737305
-662 0 0 1.11023998260498 52.7731018066406
-663 0 0 1.11135995388031 52.8653984069824
-664 0 0 1.11248004436493 52.9576988220215
-665 0 0 1.11361002922058 53.0499992370605
-666 0 0 1.11475002765656 53.1423988342285
-667 0 0 1.11589002609253 53.2347984313965
-668 0 0 1.1170300245285 53.3273010253906
-669 0 0 1.11819005012512 53.4197998046875
-670 0 0 1.11933994293213 53.5124015808105
-671 0 0 1.12050998210907 53.6049995422363
-672 0 0 1.12168002128601 53.6976013183594
-673 0 0 1.12284994125366 53.7902984619141
-674 0 0 1.12404000759125 53.882999420166
-675 0 0 1.12521994113922 53.9757995605469
-676 0 0 1.12642002105713 54.0685997009277
-677 0 0 1.12760996818542 54.1614990234375
-678 0 0 1.12881994247437 54.2543983459473
-679 0 0 1.1300300359726 54.3473014831543
-680 0 0 1.13124001026154 54.440299987793
-681 0 0 1.13247001171112 54.5334014892578
-682 0 0 1.13368999958038 54.6263999938965
-683 0 0 1.13493001461029 54.7195014953613
-684 0 0 1.13616001605988 54.8126983642578
-685 0 0 1.1374100446701 54.9058990478516
-686 0 0 1.13865995407104 54.9990997314453
-687 0 0 1.13990998268127 55.092399597168
-688 0 0 1.14117002487183 55.1856994628906
-689 0 0 1.14243996143341 55.2789993286133
-690 0 0 1.14371001720428 55.3723983764648
-691 0 0 1.14497995376587 55.4658012390137
-692 0 0 1.14627003669739 55.5592994689941
-693 0 0 1.14754998683929 55.6528015136719
-694 0 0 1.14884996414185 55.7462997436523
-695 0 0 1.1501499414444 55.839900970459
-696 0 0 1.15145003795624 55.9334983825684
-697 0 0 1.15276002883911 56.027099609375
-698 0 0 1.15407001972198 56.1208000183105
-699 0 0 1.15539002418518 56.2145004272461
-700 17 4 1.1567200422287 56.3082008361816
-701 0 0 1.15804994106293 56.4020004272461
-702 0 0 1.15938997268677 56.4958992004395
-703 0 0 1.16073000431061 56.5896987915039
-704 0 0 1.16208004951477 56.6836013793945
-705 0 0 1.16342997550964 56.7775001525879
-706 0 0 1.16478002071381 56.8714981079102
-707 0 0 1.16614997386932 56.9654998779297
-708 0 0 1.16752004623413 57.0595016479492
-709 0 0 1.16888999938965 57.1534996032715
-710 0 0 1.17026996612549 57.2476005554199
-711 0 0 1.17165005207062 57.3418006896973
-712 0 0 1.17304003238678 57.4359016418457
-713 0 0 1.17443001270294 57.530101776123
-714 0 0 1.17583000659943 57.6242980957031
-715 0 0 1.17724001407623 57.7186012268066
-716 0 0 1.17865002155304 57.8129005432129
-717 0 0 1.18006002902985 57.9071998596191
-718 0 0 1.18148005008698 58.0014991760254
-719 0 0 1.18289995193481 58.0959014892578
-720 0 0 1.18432998657227 58.190299987793
-721 0 0 1.18577003479004 58.2846984863281
-722 0 0 1.18720996379852 58.3791999816895
-723 0 0 1.1886500120163 58.4737014770508
-724 0 0 1.1900999546051 58.5681991577148
-725 0 0 1.19156002998352 58.6627998352051
-726 0 0 1.19301998615265 58.7573013305664
-727 0 0 1.19447994232178 58.8520011901855
-728 0 0 1.19595003128052 58.9466018676758
-729 0 0 1.19743001461029 59.0413017272949
-730 0 0 1.19890999794006 59.1360015869141
-731 0 0 1.20038998126984 59.2307014465332
-732 0 0 1.20187997817993 59.3254013061523
-733 0 0 1.20337998867035 59.4202003479004
-734 0 0 1.20487999916077 59.5149993896484
-735 0 0 1.20638000965118 59.6097984313965
-736 0 0 1.20789003372192 59.7047004699707
-737 0 0 1.2094099521637 59.7995986938477
-738 0 0 1.21091997623444 59.8945007324219
-739 0 0 1.21245002746582 59.9893989562988
-740 0 0 1.21397995948792 60.084400177002
-741 0 0 1.2155100107193 60.1794013977051
-742 0 0 1.21704995632172 60.2743988037109
-743 0 0 1.21859002113342 60.3694000244141
-744 0 0 1.22013998031616 60.4645004272461
-745 0 0 1.22169005870819 60.5596008300781
-746 0 0 1.22325003147125 60.6547012329102
-747 0 0 1.22481000423431 60.7498016357422
-748 0 0 1.2263799905777 60.8450012207031
-749 0 0 1.22794997692108 60.9402008056641
-750 18 4 1.22952997684479 61.035400390625
-751 0 0 1.23110997676849 61.1305999755859
-752 0 0 1.23269999027252 61.2258987426758
-753 0 0 1.23429000377655 61.3210983276367
-754 0 0 1.23588001728058 61.4164009094238
-755 0 0 1.23748004436493 61.5117988586426
-756 0 0 1.23908996582031 61.6071014404297
-757 0 0 1.24070000648499 61.7024993896484
-758 0 0 1.24231004714966 61.7977981567383
-759 0 0 1.24392998218536 61.8932991027832
-760 0 0 1.24555003643036 61.9887008666992
-761 0 0 1.24717998504639 62.084098815918
-762 0 0 1.2488100528717 62.1795997619629
-763 0 0 1.25045001506805 62.2751007080078
-764 0 0 1.2520899772644 62.3706016540527
-765 0 0 1.25373995304108 62.4660987854004
-766 0 0 1.25539004802704 62.5616989135742
-767 0 0 1.25704002380371 62.657299041748
-768 0 0 1.25870001316071 62.7528991699219
-769 0 0 1.26037001609802 62.8484992980957
-770 0 0 1.26203000545502 62.9440994262695
-771 0 0 1.26371002197266 63.0397987365723
-772 0 0 1.2653900384903 63.1353988647461
-773 0 0 1.26707005500793 63.2310981750488
-774 0 0 1.26874995231628 63.3269004821777
-775 0 0 1.27044999599457 63.4225997924805
-776 0 0 1.27214002609253 63.5182991027832
-777 0 0 1.27383995056152 63.6141014099121
-778 0 0 1.27555000782013 63.7098999023438
-779 0 0 1.27725005149841 63.8056983947754
-780 0 0 1.27897000312805 63.9015007019043
-781 0 0 1.28068995475769 63.9972991943359
-782 0 0 1.28241002559662 64.0932006835938
-783 0 0 1.28412997722626 64.1891021728516
-784 0 0 1.28586995601654 64.2850036621094
-785 0 0 1.28760004043579 64.3808975219727
-786 0 0 1.28934001922607 64.4767990112305
-787 0 0 1.29107999801636 64.5727005004883
-788 0 0 1.29282999038696 64.668701171875
-789 0 0 1.29458999633789 64.7647018432617
-790 0 0 1.2963399887085 64.8606033325195
-791 0 0 1.29809999465942 64.9565963745117
-792 0 0 1.29987001419067 65.0526962280273
-793 0 0 1.30164003372192 65.1486968994141
-794 0 0 1.30341005325317 65.2447967529297
-795 0 0 1.30518996715546 65.3407974243164
-796 0 0 1.30698001384735 65.436897277832
-797 0 0 1.30876004695892 65.5329971313477
-798 0 0 1.31054997444153 65.6290969848633
-799 0 0 1.31235003471375 65.7251968383789
-800 19 4 1.31414997577667 65.821403503418
-801 0 0 1.31595003604889 65.9175033569336
-802 0 0 1.31775999069214 66.0137023925781
-803 0 0 1.31956994533539 66.1099014282227
-804 0 0 1.32139003276825 66.2061004638672
-805 0 0 1.32321000099182 66.3022994995117
-806 0 0 1.32503998279572 66.3984985351563
-807 0 0 1.32686996459961 66.4947967529297
-808 0 0 1.3286999464035 66.5910034179688
-809 0 0 1.33053994178772 66.6873016357422
-810 0 0 1.33238005638123 66.7835998535156
-811 0 0 1.33422994613647 66.8798980712891
-812 0 0 1.33607995510101 66.9761962890625
-813 0 0 1.33792996406555 67.0725021362305
-814 0 0 1.33978998661041 67.1688003540039
-815 0 0 1.34165000915527 67.2651977539063
-816 0 0 1.34352004528046 67.3615036010742
-817 0 0 1.34538996219635 67.4579010009766
-818 0 0 1.34725999832153 67.5542984008789
-819 0 0 1.34914004802704 67.6507034301758
-820 0 0 1.35102999210358 67.7471008300781
-821 0 0 1.35291004180908 67.8434982299805
-822 0 0 1.35480999946594 67.9399032592773
-823 0 0 1.35669994354248 68.0363998413086
-824 0 0 1.35860002040863 68.1327972412109
-825 0 0 1.36049997806549 68.2293014526367
-826 0 0 1.36240994930267 68.3256988525391
-827 0 0 1.36432003974915 68.4222030639648
-828 0 0 1.36624002456665 68.5186996459961
-829 0 0 1.36816000938416 68.6151962280273
-830 0 0 1.37007999420166 68.7117004394531
-831 0 0 1.37200999259949 68.8082962036133
-832 0 0 1.37393999099731 68.9048004150391
-833 0 0 1.37588000297546 69.0014038085938
-834 0 0 1.37782001495361 69.097900390625
-835 0 0 1.37976002693176 69.1945037841797
-836 0 0 1.38171005249023 69.2910995483398
-837 0 0 1.38365995883942 69.3876037597656
-838 0 0 1.38561999797821 69.4841995239258
-839 0 0 1.387580037117 69.5809020996094
-840 0 0 1.38953995704651 69.6774978637695
-841 0 0 1.39151000976563 69.7741012573242
-842 0 0 1.39347994327545 69.8706970214844
-843 0 0 1.39546000957489 69.967399597168
-844 0 0 1.39743995666504 70.0640029907227
-845 0 0 1.39942002296448 70.1606979370117
-846 0 0 1.40140998363495 70.2574005126953
-847 0 0 1.40339994430542 70.3539962768555
-848 0 0 1.40539002418518 70.4506988525391
-849 0 0 1.40738999843597 70.5474014282227
-850 20 4 1.40939998626709 70.6440963745117
-851 0 0 1.41139996051788 70.7407989501953
-852 0 0 1.413409948349 70.8376007080078
-853 0 0 1.41542994976044 70.9343032836914
-854 0 0 1.41744995117188 71.0309982299805
-855 0 0 1.41946995258331 71.127799987793
-856 0 0 1.42149996757507 71.2245025634766
-857 0 0 1.42352998256683 71.3212966918945
-858 0 0 1.42555999755859 71.418098449707
-859 0 0 1.42760002613068 71.5148010253906
-860 0 0 1.42964005470276 71.6116027832031
-861 0 0 1.43168997764587 71.7083969116211
-862 0 0 1.43374001979828 71.8051986694336
-863 0 0 1.43578994274139 71.9020004272461
-864 0 0 1.43784999847412 71.9988021850586
-865 0 0 1.43991005420685 72.095703125
-866 0 0 1.44198000431061 72.192497253418
-867 0 0 1.44404995441437 72.2892990112305
-868 0 0 1.44612002372742 72.3861999511719
-869 0 0 1.4481999874115 72.4830017089844
-870 0 0 1.45027995109558 72.5799026489258
-871 0 0 1.45236003398895 72.6766967773438
-872 0 0 1.45445001125336 72.7735977172852
-873 0 0 1.45653998851776 72.8704986572266
-874 0 0 1.45863997936249 72.967399597168
-875 0 0 1.46073997020721 73.0642013549805
-876 0 0 1.46283996105194 73.1611022949219
-877 0 0 1.46494996547699 73.2580032348633
-878 0 0 1.46705996990204 73.3548965454102
-879 0 0 1.46916997432709 73.4517974853516
-880 0 0 1.47128999233246 73.5487976074219
-881 0 0 1.47341001033783 73.6456985473633
-882 0 0 1.47554004192352 73.7425994873047
-883 0 0 1.47766995429993 73.8395004272461
-884 0 0 1.47979998588562 73.9365005493164
-885 0 0 1.48194003105164 74.0334014892578
-886 0 0 1.48407995700836 74.1304016113281
-887 0 0 1.4862300157547 74.2273025512695
-888 0 0 1.48837995529175 74.3243026733398
-889 0 0 1.49053001403809 74.4213027954102
-890 0 0 1.49267995357513 74.5182037353516
-891 0 0 1.49484002590179 74.6151962280273
-892 0 0 1.49700999259949 74.7121963500977
-893 0 0 1.49917995929718 74.809196472168
-894 0 0 1.50135004520416 74.9061965942383
-895 0 0 1.50352001190186 75.0030975341797
-896 0 0 1.50569999217987 75.10009765625
-897 0 0 1.50787997245789 75.1970977783203
-898 0 0 1.51006996631622 75.2941970825195
-899 0 0 1.51225996017456 75.3911972045898
-900 21 4 1.5144499540329 75.4881973266602
-901 0 0 1.51664996147156 75.5851974487305
-902 0 0 1.51884996891022 75.6821975708008
-903 0 0 1.52104997634888 75.779296875
-904 0 0 1.52325999736786 75.8762969970703
-905 0 0 1.52548003196716 75.9732971191406
-906 0 0 1.52769005298615 76.0703964233398
-907 0 0 1.52990996837616 76.1673965454102
-908 0 0 1.53213000297546 76.2645034790039
-909 0 0 1.53436005115509 76.3615036010742
-910 0 0 1.53658998012543 76.4586029052734
-911 0 0 1.53883004188538 76.5556030273438
-912 0 0 1.54105997085571 76.652702331543
-913 0 0 1.54330003261566 76.7497024536133
-914 0 0 1.54554998874664 76.8468017578125
-915 0 0 1.54779994487762 76.9439010620117
-916 0 0 1.5500500202179 77.0410003662109
-917 0 0 1.5523099899292 77.1380004882813
-918 0 0 1.5545699596405 77.2350997924805
-919 0 0 1.5568300485611 77.3321990966797
-920 0 0 1.55910003185272 77.4292984008789
-921 0 0 1.56137001514435 77.5263977050781
-922 0 0 1.56363999843597 77.6234970092773
-923 0 0 1.56591999530792 77.7205963134766
-924 0 0 1.56821000576019 77.8177032470703
-925 0 0 1.57049000263214 77.9148025512695
-926 0 0 1.57278001308441 78.0119018554688
-927 0 0 1.57507002353668 78.109001159668
-928 0 0 1.57737004756927 78.2061004638672
-929 0 0 1.57966995239258 78.3031997680664
-930 0 0 1.58196997642517 78.4002990722656
-931 0 0 1.58428001403809 78.4973983764648
-932 0 0 1.586590051651 78.594596862793
-933 0 0 1.58890998363495 78.6917037963867
-934 0 0 1.59123003482819 78.7888031005859
-935 0 0 1.59354996681213 78.8859024047852
-936 0 0 1.59587001800537 78.9831008911133
-937 0 0 1.59819996356964 79.0802001953125
-938 0 0 1.60054004192352 79.1772994995117
-939 0 0 1.60286998748779 79.2744979858398
-940 0 0 1.60520994663239 79.3715972900391
-941 0 0 1.60756003856659 79.4686965942383
-942 0 0 1.60989999771118 79.5659027099609
-943 0 0 1.61225998401642 79.6630020141602
-944 0 0 1.61460995674133 79.7602005004883
-945 0 0 1.61696994304657 79.8572998046875
-946 0 0 1.6193300485611 79.9544982910156
-947 0 0 1.62170004844666 80.0515975952148
-948 0 0 1.62407004833221 80.1488037109375
-949 0 0 1.62644004821777 80.2459030151367
-950 22 4 1.62881004810333 80.3431015014648
-951 0 0 1.63119995594025 80.4402008056641
-952 0 0 1.63357996940613 80.5373992919922
-953 0 0 1.63596999645233 80.6344985961914
-954 0 0 1.63836002349854 80.7316970825195
-955 0 0 1.64075005054474 80.8287963867188
-956 0 0 1.64314997196198 80.9260025024414
-957 0 0 1.6455500125885 81.0232009887695
-958 0 0 1.64795994758606 81.1203002929688
-959 0 0 1.65037000179291 81.2174987792969
-960 0 0 1.65278005599976 81.314697265625
-961 0 0 1.65520000457764 81.4117965698242
-962 0 0 1.65761995315552 81.5090026855469
-963 0 0 1.66004002094269 81.606201171875
-964 0 0 1.66246998310089 81.7033004760742
-965 0 0 1.66489994525909 81.8004989624023
-966 0 0 1.66733002662659 81.8976974487305
-967 0 0 1.66977000236511 81.9947967529297
-968 0 0 1.67220997810364 82.0920028686523
-969 0 0 1.67465996742249 82.1892013549805
-970 0 0 1.67709994316101 82.2863998413086
-971 0 0 1.67955994606018 82.3834991455078
-972 0 0 1.68201005458832 82.4806976318359
-973 0 0 1.68447005748749 82.5779037475586
-974 0 0 1.68692994117737 82.6751022338867
-975 0 0 1.68939995765686 82.7722015380859
-976 0 0 1.69186997413635 82.8694000244141
-977 0 0 1.69435000419617 82.9665985107422
-978 0 0 1.69682002067566 83.0637969970703
-979 0 0 1.69930005073547 83.1608963012695
-980 0 0 1.70178997516632 83.2581024169922
-981 0 0 1.70428001880646 83.3553009033203
-982 0 0 1.7067699432373 83.4524993896484
-983 0 0 1.70927000045776 83.5495986938477
-984 0 0 1.7117600440979 83.6467971801758
-985 0 0 1.71426999568939 83.7440032958984
-986 0 0 1.71677005290985 83.8412017822266
-987 0 0 1.71928000450134 83.9383010864258
-988 0 0 1.72179996967316 84.0354995727539
-989 0 0 1.72431004047394 84.132698059082
-990 0 0 1.72684001922607 84.2298965454102
-991 0 0 1.72935998439789 84.3270034790039
-992 0 0 1.73188996315002 84.424201965332
-993 0 0 1.73441994190216 84.5214004516602
-994 0 0 1.73695003986359 84.6185989379883
-995 0 0 1.73949003219604 84.7156982421875
-996 0 0 1.74204003810883 84.8128967285156
-997 0 0 1.74458003044128 84.9101028442383
-998 0 0 1.74713003635406 85.0073013305664
-999 0 0 1.74968004226685 85.1044006347656
-1000 23 9 1.75223994255066 85.2015991210938
