-1000 43 9 -5.78568983078003 -14.9607000350952
-999 0 0 -5.77985000610352 -14.9586000442505
-998 0 0 -5.77400016784668 -14.9563999176025
-997 0 0 -5.76814985275269 -14.9542999267578
-996 0 0 -5.76230001449585 -14.9520998001099
-995 0 0 -5.75645017623901 -14.9499998092651
-994 0 0 -5.7505898475647 -14.9477996826172
-993 0 0 -5.74474000930786 -14.9455995559692
-992 0 0 -5.73889017105103 -14.9434003829956
-991 0 0 -5.73302984237671 -14.9413003921509
-990 0 0 -5.72716999053955 -14.9391002655029
-989 0 0 -5.72132015228271 -14.936900138855
-988 0 0 -5.7154598236084 -14.934700012207
-987 0 0 -5.70959997177124 -14.9324998855591
-986 0 0 -5.70374011993408 -14.9302997589111
-985 0 0 -5.69786977767944 -14.9280996322632
-984 0 0 -5.69200992584229 -14.9258003234863
-983 0 0 -5.68615007400513 -14.9236001968384
-982 0 0 -5.68028020858765 -14.9214000701904
-981 0 0 -5.67440986633301 -14.9191999435425
-980 0 0 -5.66855001449585 -14.9168996810913
-979 0 0 -5.66268014907837 -14.9146995544434
-978 0 0 -5.65680980682373 -14.9124002456665
-977 0 0 -5.65093994140625 -14.9102001190186
-976 0 0 -5.64506006240845 -14.9078998565674
-975 0 0 -5.63919019699097 -14.9056997299194
-974 0 0 -5.63331985473633 -14.9034004211426
-973 0 0 -5.62743997573853 -14.9011001586914
-972 0 0 -5.62156009674072 -14.8987998962402
-971 0 0 -5.61569023132324 -14.8964996337891
-970 0 0 -5.60980987548828 -14.8943004608154
-969 0 0 -5.60392999649048 -14.8920001983643
-968 0 0 -5.59805011749268 -14.8896999359131
-967 0 0 -5.59216976165771 -14.8872995376587
-966 0 0 -5.58627986907959 -14.8850002288818
-965 0 0 -5.58039999008179 -14.8826999664307
-964 0 0 -5.57451009750366 -14.8803997039795
-963 0 0 -5.56863021850586 -14.8781003952026
-962 0 0 -5.56273984909058 -14.8756999969482
-961 0 0 -5.55684995651245 -14.8733997344971
-960 0 0 -5.55096006393433 -14.871000289917
-959 0 0 -5.5450701713562 -14.8687000274658
-958 0 0 -5.53917980194092 -14.8662996292114
-957 0 0 -5.53327989578247 -14.8640003204346
-956 0 0 -5.52739000320435 -14.8615999221802
-955 0 0 -5.5214900970459 -14.8591995239258
-954 0 0 -5.51560020446777 -14.8569002151489
-953 0 0 -5.50969982147217 -14.8544998168945
-952 0 0 -5.50379991531372 -14.8521003723145
-951 0 0 -5.49790000915527 -14.8496999740601
-950 42 4 -5.49200010299683 -14.8472995758057
-949 0 0 -5.48610019683838 -14.8449001312256
-948 0 0 -5.48018980026245 -14.8424997329712
-947 0 0 -5.474289894104 -14.8400001525879
-946 0 0 -5.46837997436523 -14.8375997543335
-945 0 0 -5.46248006820679 -14.8352003097534
-944 0 0 -5.45657014846802 -14.832799911499
-943 0 0 -5.45066022872925 -14.8303003311157
-942 0 0 -5.44474983215332 -14.8278999328613
-941 0 0 -5.43883991241455 -14.825400352478
-940 0 0 -5.43292999267578 -14.8228998184204
-939 0 0 -5.42701005935669 -14.8205003738403
-938 0 0 -5.42110013961792 -14.8179998397827
-937 0 0 -5.41518020629883 -14.8155002593994
-936 0 0 -5.4092698097229 -14.8129997253418
-935 0 0 -5.40334987640381 -14.8106002807617
-934 0 0 -5.39742994308472 -14.8080997467041
-933 0 0 -5.39151000976563 -14.8056001663208
-932 0 0 -5.38559007644653 -14.8030996322632
-931 0 0 -5.37967014312744 -14.8004999160767
-930 0 0 -5.37374019622803 -14.7980003356934
-929 0 0 -5.36781978607178 -14.7954998016357
-928 0 0 -5.36188983917236 -14.7930002212524
-927 0 0 -5.35595989227295 -14.7903995513916
-926 0 0 -5.35002994537354 -14.7878999710083
-925 0 0 -5.34411001205444 -14.7853002548218
-924 0 0 -5.33817005157471 -14.7827997207642
-923 0 0 -5.33224010467529 -14.7802000045776
-922 0 0 -5.32631015777588 -14.7776002883911
-921 0 0 -5.32038021087646 -14.7749996185303
-920 0 0 -5.31443977355957 -14.772500038147
-919 0 0 -5.30849981307983 -14.7699003219604
-918 0 0 -5.30256986618042 -14.7672996520996
-917 0 0 -5.29662990570068 -14.7646999359131
-916 0 0 -5.29068994522095 -14.7621002197266
-915 0 0 -5.28474998474121 -14.7594003677368
-914 0 0 -5.27880001068115 -14.756799697876
-913 0 0 -5.27286005020142 -14.7541999816895
-912 0 0 -5.26692008972168 -14.7516002655029
-911 0 0 -5.26097011566162 -14.7489004135132
-910 0 0 -5.25502014160156 -14.7462997436523
-909 0 0 -5.24908018112183 -14.7435998916626
-908 0 0 -5.24313020706177 -14.7409000396729
-907 0 0 -5.23718023300171 -14.7383003234863
-906 0 0 -5.23121976852417 -14.7356004714966
-905 0 0 -5.22526979446411 -14.7328996658325
-904 0 0 -5.21931982040405 -14.7301998138428
-903 0 0 -5.21335983276367 -14.727499961853
-902 0 0 -5.20740985870361 -14.7248001098633
-901 0 0 -5.20144987106323 -14.7221002578735
-900 41 4 -5.19548988342285 -14.7194004058838
-899 0 0 -5.18952989578247 -14.7166996002197
-898 0 0 -5.18356990814209 -14.7138996124268
-897 0 0 -5.17760992050171 -14.711199760437
-896 0 0 -5.17163991928101 -14.7084999084473
-895 0 0 -5.16567993164063 -14.7056999206543
-894 0 0 -5.15970993041992 -14.7028999328613
-893 0 0 -5.15373992919922 -14.7002000808716
-892 0 0 -5.14777994155884 -14.6974000930786
-891 0 0 -5.14180994033813 -14.6946001052856
-890 0 0 -5.13583993911743 -14.6918001174927
-889 0 0 -5.12985992431641 -14.6890001296997
-888 0 0 -5.1238899230957 -14.6862001419067
-887 0 0 -5.117919921875 -14.6834001541138
-886 0 0 -5.11193990707397 -14.6806001663208
-885 0 0 -5.10595989227295 -14.6778001785278
-884 0 0 -5.09998989105225 -14.6750001907349
-883 0 0 -5.09400987625122 -14.6721000671387
-882 0 0 -5.0880298614502 -14.6693000793457
-881 0 0 -5.08204984664917 -14.6663999557495
-880 0 0 -5.07605981826782 -14.6635999679565
-879 0 0 -5.0700798034668 -14.6606998443604
-878 0 0 -5.06408977508545 -14.6577997207642
-877 0 0 -5.05811023712158 -14.654899597168
-876 0 0 -5.05212020874023 -14.6520004272461
-875 0 0 -5.04613018035889 -14.6491003036499
-874 0 0 -5.04014015197754 -14.6462001800537
-873 0 0 -5.03415012359619 -14.6433000564575
-872 0 0 -5.02816009521484 -14.6403999328613
-871 0 0 -5.02216005325317 -14.6374998092651
-870 0 0 -5.01617002487183 -14.6344995498657
-869 0 0 -5.01016998291016 -14.6316003799438
-868 0 0 -5.00417995452881 -14.6286001205444
-867 0 0 -4.99817991256714 -14.6256999969482
-866 0 0 -4.99217987060547 -14.6226997375488
-865 0 0 -4.9861798286438 -14.6197004318237
-864 0 0 -4.98016977310181 -14.6167001724243
-863 0 0 -4.97417020797729 -14.6136999130249
-862 0 0 -4.96817016601563 -14.6106996536255
-861 0 0 -4.96216011047363 -14.6077003479004
-860 0 0 -4.95615005493164 -14.604700088501
-859 0 0 -4.95013999938965 -14.6016998291016
-858 0 0 -4.94412994384766 -14.5986995697021
-857 0 0 -4.93811988830566 -14.5956001281738
-856 0 0 -4.93210983276367 -14.5925998687744
-855 0 0 -4.92609977722168 -14.5895004272461
-854 0 0 -4.92008018493652 -14.5864000320435
-853 0 0 -4.91407012939453 -14.583399772644
-852 0 0 -4.90805006027222 -14.5803003311157
-851 0 0 -4.9020299911499 -14.5771999359131
-850 40 4 -4.89600992202759 -14.5740995407104
-849 0 0 -4.88998985290527 -14.5710000991821
-848 0 0 -4.88396978378296 -14.5678997039795
-847 0 0 -4.87794017791748 -14.5647001266479
-846 0 0 -4.87192010879517 -14.5615997314453
-845 0 0 -4.86589002609253 -14.558500289917
-844 0 0 -4.85985994338989 -14.5552997589111
-843 0 0 -4.85383987426758 -14.5522003173828
-842 0 0 -4.84780979156494 -14.548999786377
-841 0 0 -4.84178018569946 -14.5458002090454
-840 0 0 -4.8357400894165 -14.5425996780396
-839 0 0 -4.82971000671387 -14.539400100708
-838 0 0 -4.82366991043091 -14.5361995697021
-837 0 0 -4.81763982772827 -14.5329999923706
-836 0 0 -4.81160020828247 -14.5298004150391
-835 0 0 -4.80556011199951 -14.5265998840332
-834 0 0 -4.79952001571655 -14.5233001708984
-833 0 0 -4.79347991943359 -14.5200996398926
-832 0 0 -4.78743982315063 -14.5167999267578
-831 0 0 -4.78139019012451 -14.5136003494263
-830 0 0 -4.77535009384155 -14.5102996826172
-829 0 0 -4.76929998397827 -14.5069999694824
-828 0 0 -4.76324987411499 -14.5037002563477
-827 0 0 -4.75719976425171 -14.5003995895386
-826 0 0 -4.75115013122559 -14.4970998764038
-825 0 0 -4.7451000213623 -14.493800163269
-824 0 0 -4.73904991149902 -14.4904003143311
-823 0 0 -4.73298978805542 -14.487099647522
-822 0 0 -4.7269401550293 -14.483699798584
-821 0 0 -4.72088003158569 -14.4804000854492
-820 0 0 -4.71481990814209 -14.4770002365112
-819 0 0 -4.70875978469849 -14.4736003875732
-818 0 0 -4.70270013809204 -14.4701995849609
-817 0 0 -4.69664001464844 -14.4667997360229
-816 0 0 -4.69056987762451 -14.463399887085
-815 0 0 -4.68451023101807 -14.460000038147
-814 0 0 -4.67844009399414 -14.456600189209
-813 0 0 -4.67237997055054 -14.453200340271
-812 0 0 -4.66630983352661 -14.4497003555298
-811 0 0 -4.66024017333984 -14.4462003707886
-810 0 0 -4.6541600227356 -14.4427995681763
-809 0 0 -4.64808988571167 -14.4392995834351
-808 0 0 -4.6420202255249 -14.4357995986938
-807 0 0 -4.63594007492065 -14.4322996139526
-806 0 0 -4.62985992431641 -14.4287996292114
-805 0 0 -4.62378978729248 -14.4252996444702
-804 0 0 -4.61771011352539 -14.421799659729
-803 0 0 -4.61162996292114 -14.4181995391846
-802 0 0 -4.60553979873657 -14.4146995544434
-801 0 0 -4.59946012496948 -14.4111003875732
-800 39 4 -4.59336996078491 -14.407600402832
-799 0 0 -4.58728981018066 -14.4040002822876
-798 0 0 -4.58120012283325 -14.4004001617432
-797 0 0 -4.57510995864868 -14.3968000411987
-796 0 0 -4.56901979446411 -14.3931999206543
-795 0 0 -4.5629301071167 -14.3894996643066
-794 0 0 -4.55683994293213 -14.3858995437622
-793 0 0 -4.55073976516724 -14.3823003768921
-792 0 0 -4.5446400642395 -14.3786001205444
-791 0 0 -4.53854990005493 -14.375
-790 0 0 -4.5324501991272 -14.3712997436523
-789 0 0 -4.5263500213623 -14.367600440979
-788 0 0 -4.52024984359741 -14.3639001846313
-787 0 0 -4.51414012908936 -14.3601999282837
-786 0 0 -4.50803995132446 -14.356499671936
-785 0 0 -4.50193023681641 -14.3527002334595
-784 0 0 -4.49583005905151 -14.3489999771118
-783 0 0 -4.4897198677063 -14.3451995849609
-782 0 0 -4.48361015319824 -14.3415002822876
-781 0 0 -4.47749996185303 -14.3376998901367
-780 0 0 -4.47138023376465 -14.3339004516602
-779 0 0 -4.46527004241943 -14.3301000595093
-778 0 0 -4.4591498374939 -14.3262996673584
-777 0 0 -4.45304012298584 -14.3225002288818
-776 0 0 -4.4469199180603 -14.3185997009277
-775 0 0 -4.44080018997192 -14.3148002624512
-774 0 0 -4.43467998504639 -14.3108997344971
-773 0 0 -4.42855978012085 -14.3071002960205
-772 0 0 -4.42243003845215 -14.3031997680664
-771 0 0 -4.41630983352661 -14.2993001937866
-770 0 0 -4.41018009185791 -14.2953996658325
-769 0 0 -4.40404987335205 -14.2915000915527
-768 0 0 -4.39792013168335 -14.2875995635986
-767 0 0 -4.39178991317749 -14.2835998535156
-766 0 0 -4.38566017150879 -14.2797002792358
-765 0 0 -4.37951993942261 -14.2756996154785
-764 0 0 -4.37339019775391 -14.2716999053955
-763 0 0 -4.36724996566772 -14.2677001953125
-762 0 0 -4.3611102104187 -14.2636995315552
-761 0 0 -4.35496997833252 -14.2596998214722
-760 0 0 -4.3488302230835 -14.2557001113892
-759 0 0 -4.34268999099731 -14.2516002655029
-758 0 0 -4.33655023574829 -14.2475996017456
-757 0 0 -4.33039999008179 -14.2434997558594
-756 0 0 -4.32425022125244 -14.2395000457764
-755 0 0 -4.31809997558594 -14.2354001998901
-754 0 0 -4.31195020675659 -14.2313003540039
-753 0 0 -4.30579996109009 -14.2271003723145
-752 0 0 -4.29965019226074 -14.2229995727539
-751 0 0 -4.29349994659424 -14.2188997268677
-750 38 4 -4.28734016418457 -14.2146997451782
-749 0 0 -4.28117990493774 -14.210599899292
-748 0 0 -4.27502012252808 -14.2063999176025
-747 0 0 -4.26885986328125 -14.2021999359131
-746 0 0 -4.26270008087158 -14.1979999542236
-745 0 0 -4.25653982162476 -14.1937999725342
-744 0 0 -4.25037002563477 -14.1894998550415
-743 0 0 -4.24420976638794 -14.1852998733521
-742 0 0 -4.23803997039795 -14.1809997558594
-741 0 0 -4.23187017440796 -14.1766996383667
-740 0 0 -4.22569990158081 -14.1724004745483
-739 0 0 -4.21953010559082 -14.1681003570557
-738 0 0 -4.21334981918335 -14.163800239563
-737 0 0 -4.20718002319336 -14.1595001220703
-736 0 0 -4.20100021362305 -14.1552000045776
-735 0 0 -4.19481992721558 -14.1507997512817
-734 0 0 -4.18864011764526 -14.1464004516602
-733 0 0 -4.18245983123779 -14.1420001983643
-732 0 0 -4.17628002166748 -14.1375999450684
-731 0 0 -4.17009019851685 -14.1331996917725
-730 0 0 -4.16390991210938 -14.1288003921509
-729 0 0 -4.15772008895874 -14.1243000030518
-728 0 0 -4.15152978897095 -14.1198997497559
-727 0 0 -4.14533996582031 -14.1154003143311
-726 0 0 -4.13915014266968 -14.1108999252319
-725 0 0 -4.13294982910156 -14.1063995361328
-724 0 0 -4.12676000595093 -14.101900100708
-723 0 0 -4.12056016921997 -14.0973997116089
-722 0 0 -4.11435985565186 -14.0928001403809
-721 0 0 -4.1081600189209 -14.0882997512817
-720 0 0 -4.10196018218994 -14.0837001800537
-719 0 0 -4.09575986862183 -14.0790996551514
-718 0 0 -4.08955001831055 -14.0745000839233
-717 0 0 -4.08334016799927 -14.069899559021
-716 0 0 -4.07713985443115 -14.0651998519897
-715 0 0 -4.07093000411987 -14.0606002807617
-714 0 0 -4.06472015380859 -14.0558996200562
-713 0 0 -4.05849981307983 -14.0511999130249
-712 0 0 -4.05228996276855 -14.0465002059937
-711 0 0 -4.04607009887695 -14.0417995452881
-710 0 0 -4.03985023498535 -14.0370998382568
-709 0 0 -4.03363990783691 -14.0322999954224
-708 0 0 -4.02741003036499 -14.0275001525879
-707 0 0 -4.02119016647339 -14.0228004455566
-706 0 0 -4.01496982574463 -14.0179996490479
-705 0 0 -4.00873994827271 -14.0130996704102
-704 0 0 -4.00251007080078 -14.0082998275757
-703 0 0 -3.9962899684906 -14.0034999847412
-702 0 0 -3.99005007743835 -13.9986000061035
-701 0 0 -3.98381996154785 -13.9937000274658
-700 37 4 -3.97759008407593 -13.9888000488281
-699 0 0 -3.9713499546051 -13.9839000701904
-698 0 0 -3.96512007713318 -13.9790000915527
-697 0 0 -3.95887994766235 -13.9739999771118
-696 0 0 -3.95264005661011 -13.9690999984741
-695 0 0 -3.94638991355896 -13.9640998840332
-694 0 0 -3.94015002250671 -13.9590997695923
-693 0 0 -3.93390011787415 -13.9540996551514
-692 0 0 -3.92765998840332 -13.9490003585815
-691 0 0 -3.92141008377075 -13.9440002441406
-690 0 0 -3.9151599407196 -13.9388999938965
-689 0 0 -3.90890002250671 -13.9337997436523
-688 0 0 -3.90265011787415 -13.9287004470825
-687 0 0 -3.89638996124268 -13.9236001968384
-686 0 0 -3.89014005661011 -13.9184999465942
-685 0 0 -3.88387989997864 -13.9132995605469
-684 0 0 -3.87761998176575 -13.9081001281738
-683 0 0 -3.87135004997253 -13.9028997421265
-682 0 0 -3.86508989334106 -13.8977003097534
-681 0 0 -3.85881996154785 -13.8924999237061
-680 0 0 -3.85255002975464 -13.8872003555298
-679 0 0 -3.84629011154175 -13.8819999694824
-678 0 0 -3.84000992774963 -13.8767004013062
-677 0 0 -3.83373999595642 -13.8713998794556
-676 0 0 -3.82747006416321 -13.8660001754761
-675 0 0 -3.82119011878967 -13.8606996536255
-674 0 0 -3.81490993499756 -13.855299949646
-673 0 0 -3.80862998962402 -13.8499002456665
-672 0 0 -3.80235004425049 -13.8444995880127
-671 0 0 -3.79606008529663 -13.8390998840332
-670 0 0 -3.78977990150452 -13.8337001800537
-669 0 0 -3.78348994255066 -13.828200340271
-668 0 0 -3.7771999835968 -13.822699546814
-667 0 0 -3.77091002464294 -13.8171997070313
-666 0 0 -3.76462006568909 -13.8116998672485
-665 0 0 -3.75833010673523 -13.8062000274658
-664 0 0 -3.75202989578247 -13.8006000518799
-663 0 0 -3.74572992324829 -13.7950000762939
-662 0 0 -3.73942995071411 -13.789400100708
-661 0 0 -3.73312997817993 -13.7838001251221
-660 0 0 -3.72683000564575 -13.7782001495361
-659 0 0 -3.72052001953125 -13.772500038147
-658 0 0 -3.71421003341675 -13.7667999267578
-657 0 0 -3.70790004730225 -13.7610998153687
-656 0 0 -3.70159006118774 -13.7553997039795
-655 0 0 -3.69528007507324 -13.7496004104614
-654 0 0 -3.68897008895874 -13.743800163269
-653 0 0 -3.68265008926392 -13.7379999160767
-652 0 0 -3.67633008956909 -13.7321996688843
-651 0 0 -3.67001008987427 -13.7264003753662
-650 36 4 -3.66369009017944 -13.7204999923706
-649 0 0 -3.6573600769043 -13.7146997451782
-648 0 0 -3.65104007720947 -13.7088003158569
-647 0 0 -3.64471006393433 -13.7027997970581
-646 0 0 -3.63838005065918 -13.6969003677368
-645 0 0 -3.63205003738403 -13.690899848938
-644 0 0 -3.62571001052856 -13.6849002838135
-643 0 0 -3.61937999725342 -13.6788997650146
-642 0 0 -3.61303997039795 -13.6729001998901
-641 0 0 -3.60669994354248 -13.6667995452881
-640 0 0 -3.60035991668701 -13.6606998443604
-639 0 0 -3.59401988983154 -13.6546001434326
-638 0 0 -3.58767008781433 -13.6485004425049
-637 0 0 -3.58132004737854 -13.6422996520996
-636 0 0 -3.57498002052307 -13.6360998153687
-635 0 0 -3.56861996650696 -13.6298999786377
-634 0 0 -3.56226992607117 -13.6237001419067
-633 0 0 -3.55591988563538 -13.6175003051758
-632 0 0 -3.54956007003784 -13.6112003326416
-631 0 0 -3.54320001602173 -13.6049003601074
-630 0 0 -3.53683996200562 -13.5986003875732
-629 0 0 -3.53046989440918 -13.5922002792358
-628 0 0 -3.52411007881165 -13.5858001708984
-627 0 0 -3.51774001121521 -13.579400062561
-626 0 0 -3.51136994361877 -13.5729999542236
-625 0 0 -3.50500011444092 -13.5665998458862
-624 0 0 -3.49863004684448 -13.5600996017456
-623 0 0 -3.49224996566772 -13.5536003112793
-622 0 0 -3.48587989807129 -13.5471000671387
-621 0 0 -3.47950005531311 -13.5404996871948
-620 0 0 -3.47310996055603 -13.5339002609253
-619 0 0 -3.46673011779785 -13.5272998809814
-618 0 0 -3.46034002304077 -13.5207004547119
-617 0 0 -3.45395994186401 -13.5139999389648
-616 0 0 -3.44757008552551 -13.5073003768921
-615 0 0 -3.44116997718811 -13.500599861145
-614 0 0 -3.43477988243103 -13.4939002990723
-613 0 0 -3.42838001251221 -13.487099647522
-612 0 0 -3.42198991775513 -13.480299949646
-611 0 0 -3.41558003425598 -13.47350025177
-610 0 0 -3.40917992591858 -13.4666996002197
-609 0 0 -3.40278005599976 -13.4597997665405
-608 0 0 -3.39636993408203 -13.4528999328613
-607 0 0 -3.38996005058289 -13.4460000991821
-606 0 0 -3.38354992866516 -13.4390001296997
-605 0 0 -3.37714004516602 -13.4320001602173
-604 0 0 -3.37071990966797 -13.4250001907349
-603 0 0 -3.3643000125885 -13.4179000854492
-602 0 0 -3.35788011550903 -13.4109001159668
-601 0 0 -3.35145998001099 -13.4038000106812
-600 35 4 -3.3450300693512 -13.3965997695923
-599 0 0 -3.33860993385315 -13.3894996643066
-598 0 0 -3.33218002319336 -13.3823003768921
-597 0 0 -3.32575011253357 -13.375
-596 0 0 -3.31930994987488 -13.3677997589111
-595 0 0 -3.31288003921509 -13.3605003356934
-594 0 0 -3.30644011497498 -13.3531999588013
-593 0 0 -3.29999995231628 -13.3458003997803
-592 0 0 -3.29355001449585 -13.3385000228882
-591 0 0 -3.28711009025574 -13.331000328064
-590 0 0 -3.28065991401672 -13.3235998153687
-589 0 0 -3.27420997619629 -13.3161001205444
-588 0 0 -3.26776003837585 -13.3086004257202
-587 0 0 -3.26131010055542 -13.3010997772217
-586 0 0 -3.25484991073608 -13.2934999465942
-585 0 0 -3.24838995933533 -13.2859001159668
-584 0 0 -3.24193000793457 -13.2783002853394
-583 0 0 -3.23546004295349 -13.2706003189087
-582 0 0 -3.22900009155273 -13.262900352478
-581 0 0 -3.22252988815308 -13.2552003860474
-580 0 0 -3.216059923172 -13.2474002838135
-579 0 0 -3.2095799446106 -13.2396001815796
-578 0 0 -3.20310997962952 -13.2318000793457
-577 0 0 -3.19663000106812 -13.2238998413086
-576 0 0 -3.19015002250671 -13.2159996032715
-575 0 0 -3.18367004394531 -13.2081003189087
-574 0 0 -3.17718005180359 -13.2000999450684
-573 0 0 -3.17069005966187 -13.192099571228
-572 0 0 -3.16420006752014 -13.184100151062
-571 0 0 -3.15771007537842 -13.1759996414185
-570 0 0 -3.15121006965637 -13.1679000854492
-569 0 0 -3.14471006393433 -13.1597003936768
-568 0 0 -3.13821005821228 -13.1515998840332
-567 0 0 -3.13171005249023 -13.1433000564575
-566 0 0 -3.12520003318787 -13.1351003646851
-565 0 0 -3.1186900138855 -13.1267995834351
-564 0 0 -3.11217999458313 -13.1183996200562
-563 0 0 -3.10566997528076 -13.1100997924805
-562 0 0 -3.09914994239807 -13.1016998291016
-561 0 0 -3.09262990951538 -13.0931997299194
-560 0 0 -3.08611011505127 -13.0846996307373
-559 0 0 -3.07959008216858 -13.0761995315552
-558 0 0 -3.07306003570557 -13.0677003860474
-557 0 0 -3.06652998924255 -13.059100151062
-556 0 0 -3.05999994277954 -13.0503997802734
-555 0 0 -3.05346989631653 -13.0417003631592
-554 0 0 -3.04693007469177 -13.0329999923706
-553 0 0 -3.04039001464844 -13.024299621582
-552 0 0 -3.03383994102478 -13.0155000686646
-551 0 0 -3.02729988098145 -13.0066003799438
-550 34 4 -3.02075004577637 -12.9977998733521
-549 0 0 -3.01419997215271 -12.9888000488281
-548 0 0 -3.00764989852905 -12.9799003601074
-547 0 0 -3.00109004974365 -12.9708995819092
-546 0 0 -2.99452996253967 -12.961799621582
-545 0 0 -2.98797011375427 -12.9526996612549
-544 0 0 -2.98140001296997 -12.9435997009277
-543 0 0 -2.97482991218567 -12.9343996047974
-542 0 0 -2.96826004981995 -12.9252004623413
-541 0 0 -2.96168994903564 -12.9160003662109
-540 0 0 -2.9551100730896 -12.9065999984741
-539 0 0 -2.94852995872498 -12.8972997665405
-538 0 0 -2.94195008277893 -12.887900352478
-537 0 0 -2.93536996841431 -12.8784999847412
-536 0 0 -2.92878007888794 -12.8690004348755
-535 0 0 -2.92218995094299 -12.8594999313354
-534 0 0 -2.9155900478363 -12.8499002456665
-533 0 0 -2.90898990631104 -12.8402996063232
-532 0 0 -2.90239000320435 -12.8305997848511
-531 0 0 -2.89579010009766 -12.8208999633789
-530 0 0 -2.88918995857239 -12.8111000061035
-529 0 0 -2.88258004188538 -12.8013000488281
-528 0 0 -2.87596011161804 -12.7915000915527
-527 0 0 -2.86934995651245 -12.7815999984741
-526 0 0 -2.86273002624512 -12.7715997695923
-525 0 0 -2.85611009597778 -12.7615995407104
-524 0 0 -2.84947991371155 -12.7515001296997
-523 0 0 -2.84285998344421 -12.7413997650146
-522 0 0 -2.83623003959656 -12.7313003540039
-521 0 0 -2.82959008216858 -12.7210998535156
-520 0 0 -2.82294988632202 -12.7108001708984
-519 0 0 -2.81630992889404 -12.7004995346069
-518 0 0 -2.80966997146606 -12.6901998519897
-517 0 0 -2.80302000045776 -12.6798000335693
-516 0 0 -2.79637002944946 -12.6693000793457
-515 0 0 -2.78972005844116 -12.6588001251221
-514 0 0 -2.78306007385254 -12.6483001708984
-513 0 0 -2.77640008926392 -12.6375999450684
-512 0 0 -2.76974010467529 -12.6269998550415
-511 0 0 -2.76307010650635 -12.6162004470825
-510 0 0 -2.7564001083374 -12.6055002212524
-509 0 0 -2.74973011016846 -12.5945997238159
-508 0 0 -2.74305009841919 -12.5837001800537
-507 0 0 -2.73637008666992 -12.5727996826172
-506 0 0 -2.72969007492065 -12.5618000030518
-505 0 0 -2.72300004959106 -12.5507001876831
-504 0 0 -2.71631002426147 -12.5396003723145
-503 0 0 -2.70961999893188 -12.5284996032715
-502 0 0 -2.70291996002197 -12.5172004699707
-501 0 0 -2.69621992111206 -12.5059003829956
-500 33 4 -2.68951010704041 -12.4946002960205
-499 0 0 -2.68280005455017 -12.4832000732422
-498 0 0 -2.67609000205994 -12.4716997146606
-497 0 0 -2.6693799495697 -12.4602003097534
-496 0 0 -2.66265988349915 -12.4485998153687
-495 0 0 -2.65594005584717 -12.436900138855
-494 0 0 -2.64920997619629 -12.4252004623413
-493 0 0 -2.64247989654541 -12.4134998321533
-492 0 0 -2.63574004173279 -12.4015998840332
-491 0 0 -2.62900996208191 -12.3896999359131
-490 0 0 -2.62227010726929 -12.377799987793
-489 0 0 -2.61552000045776 -12.3656997680664
-488 0 0 -2.60876989364624 -12.3535995483398
-487 0 0 -2.6020200252533 -12.3415002822876
-486 0 0 -2.59525990486145 -12.3292999267578
-485 0 0 -2.58850002288818 -12.3170003890991
-484 0 0 -2.58173990249634 -12.3045997619629
-483 0 0 -2.57497000694275 -12.292200088501
-482 0 0 -2.56820011138916 -12.2797002792358
-481 0 0 -2.56141996383667 -12.2671003341675
-480 0 0 -2.55464005470276 -12.2545003890991
-479 0 0 -2.54784989356995 -12.2418003082275
-478 0 0 -2.54106998443604 -12.2290000915527
-477 0 0 -2.53427004814148 -12.2161998748779
-476 0 0 -2.52747988700867 -12.2033004760742
-475 0 0 -2.52067995071411 -12.190299987793
-474 0 0 -2.51387000083923 -12.1772003173828
-473 0 0 -2.50706005096436 -12.1640996932983
-472 0 0 -2.50025010108948 -12.150899887085
-471 0 0 -2.4934298992157 -12.1375999450684
-470 0 0 -2.4866099357605 -12.1243000030518
-469 0 0 -2.47977995872498 -12.1108999252319
-468 0 0 -2.47294998168945 -12.0973997116089
-467 0 0 -2.46612000465393 -12.0838003158569
-466 0 0 -2.45928001403809 -12.0700998306274
-465 0 0 -2.45243000984192 -12.0564002990723
-464 0 0 -2.44559001922607 -12.0425996780396
-463 0 0 -2.43873000144958 -12.0286998748779
-462 0 0 -2.43187999725342 -12.0146999359131
-461 0 0 -2.42501997947693 -12.000599861145
-460 0 0 -2.41814994812012 -11.986499786377
-459 0 0 -2.41127991676331 -11.9722995758057
-458 0 0 -2.40440011024475 -11.9580001831055
-457 0 0 -2.39752006530762 -11.9435997009277
-456 0 0 -2.39064002037048 -11.9291000366211
-455 0 0 -2.38374996185303 -11.9146003723145
-454 0 0 -2.37684988975525 -11.8999004364014
-453 0 0 -2.36996006965637 -11.885199546814
-452 0 0 -2.36304998397827 -11.870400428772
-451 0 0 -2.35613989830017 -11.8555002212524
-450 32 4 -2.34923005104065 -11.8404998779297
-449 0 0 -2.34230995178223 -11.825400352478
-448 0 0 -2.33539009094238 -11.8102998733521
-447 0 0 -2.32845997810364 -11.7950000762939
-446 0 0 -2.32153010368347 -11.7796001434326
-445 0 0 -2.3145899772644 -11.7642002105713
-444 0 0 -2.30764007568359 -11.7486000061035
-443 0 0 -2.30069994926453 -11.7329998016357
-442 0 0 -2.29374003410339 -11.7173004150391
-441 0 0 -2.28678011894226 -11.7014999389648
-440 0 0 -2.27981996536255 -11.6855001449585
-439 0 0 -2.27285003662109 -11.6695003509521
-438 0 0 -2.26587009429932 -11.6534004211426
-437 0 0 -2.25888991355896 -11.6372003555298
-436 0 0 -2.25190997123718 -11.6209001541138
-435 0 0 -2.24492001533508 -11.6043996810913
-434 0 0 -2.23792004585266 -11.5879001617432
-433 0 0 -2.23092007637024 -11.5712995529175
-432 0 0 -2.2239100933075 -11.5545997619629
-431 0 0 -2.21690011024475 -11.5376996994019
-430 0 0 -2.20988011360168 -11.5207996368408
-429 0 0 -2.2028501033783 -11.5037002563477
-428 0 0 -2.19582009315491 -11.4865999221802
-427 0 0 -2.18879008293152 -11.4693002700806
-426 0 0 -2.18175005912781 -11.4518995285034
-425 0 0 -2.17470002174377 -11.4344997406006
-424 0 0 -2.16763997077942 -11.4168996810913
-423 0 0 -2.16057991981506 -11.3992004394531
-422 0 0 -2.15352010726929 -11.3812999725342
-421 0 0 -2.14645004272461 -11.3634004592896
-420 0 0 -2.13936996459961 -11.3452997207642
-419 0 0 -2.13228988647461 -11.3271999359131
-418 0 0 -2.12520003318787 -11.3088998794556
-417 0 0 -2.11809992790222 -11.2904996871948
-416 0 0 -2.11100006103516 -11.271900177002
-415 0 0 -2.10388994216919 -11.2532997131348
-414 0 0 -2.09677004814148 -11.2344999313354
-413 0 0 -2.08964991569519 -11.2156000137329
-412 0 0 -2.08252000808716 -11.1965999603271
-411 0 0 -2.07539010047913 -11.1773996353149
-410 0 0 -2.06824994087219 -11.1582002639771
-409 0 0 -2.06110000610352 -11.1386995315552
-408 0 0 -2.05395007133484 -11.1191997528076
-407 0 0 -2.04678988456726 -11.0994997024536
-406 0 0 -2.03961992263794 -11.0797004699707
-405 0 0 -2.0324399471283 -11.0598001480103
-404 0 0 -2.02525997161865 -11.0396995544434
-403 0 0 -2.01806998252869 -11.0194997787476
-402 0 0 -2.01087999343872 -10.9991998672485
-401 0 0 -2.00366997718811 -10.9786996841431
-400 31 4 -1.9964599609375 -10.9581003189087
-399 0 0 -1.98924994468689 -10.9372997283936
-398 0 0 -1.98202002048492 -10.9163999557495
-397 0 0 -1.97478997707367 -10.8954000473022
-396 0 0 -1.96755003929138 -10.8741998672485
-395 0 0 -1.9603099822998 -10.8528995513916
-394 0 0 -1.95305001735687 -10.8313999176025
-393 0 0 -1.94579005241394 -10.809700012207
-392 0 0 -1.9385199546814 -10.7878999710083
-391 0 0 -1.93124997615814 -10.7659997940063
-390 0 0 -1.92395997047424 -10.7439002990723
-389 0 0 -1.91666996479034 -10.7215995788574
-388 0 0 -1.90936994552612 -10.6991996765137
-387 0 0 -1.90206003189087 -10.6766996383667
-386 0 0 -1.89474999904633 -10.6539001464844
-385 0 0 -1.88742995262146 -10.6309995651245
-384 0 0 -1.88008999824524 -10.6079998016357
-383 0 0 -1.87275004386902 -10.5847997665405
-382 0 0 -1.86540997028351 -10.5614004135132
-381 0 0 -1.85804998874664 -10.5377998352051
-380 0 0 -1.85069000720978 -10.5141000747681
-379 0 0 -1.84330999851227 -10.4902000427246
-378 0 0 -1.83592998981476 -10.4661998748779
-377 0 0 -1.82853996753693 -10.4419002532959
-376 0 0 -1.82114005088806 -10.4174995422363
-375 0 0 -1.81373000144958 -10.3929004669189
-374 0 0 -1.80631995201111 -10.3681001663208
-373 0 0 -1.79888999462128 -10.3431997299194
-372 0 0 -1.79146003723145 -10.3179998397827
-371 0 0 -1.784019947052 -10.2926998138428
-370 0 0 -1.77656996250153 -10.2672004699707
-369 0 0 -1.76909995079041 -10.2414999008179
-368 0 0 -1.76163005828857 -10.2156000137329
-367 0 0 -1.75416004657745 -10.1894998550415
-366 0 0 -1.74667000770569 -10.163200378418
-365 0 0 -1.7391699552536 -10.1367998123169
-364 0 0 -1.73166000843048 -10.1100997924805
-363 0 0 -1.72414004802704 -10.0832004547119
-362 0 0 -1.71661996841431 -10.0562000274658
-361 0 0 -1.70907998085022 -10.0289001464844
-360 0 0 -1.70152997970581 -10.0013999938965
-359 0 0 -1.6939799785614 -9.97371006011963
-358 0 0 -1.68640995025635 -9.94581031799316
-357 0 0 -1.67884004116058 -9.91769981384277
-356 0 0 -1.67124998569489 -9.88936996459961
-355 0 0 -1.66365003585815 -9.86083984375
-354 0 0 -1.65604996681213 -9.83207988739014
-353 0 0 -1.64842998981476 -9.80309963226318
-352 0 0 -1.64079999923706 -9.77390956878662
-351 0 0 -1.63315999507904 -9.74448013305664
-350 30 4 -1.62551999092102 -9.71483993530273
-349 0 0 -1.61785995960236 -9.68496036529541
-348 0 0 -1.61019003391266 -9.65485954284668
-347 0 0 -1.60250997543335 -9.62452030181885
-346 0 0 -1.59482002258301 -9.59395027160645
-345 0 0 -1.58711004257202 -9.56315040588379
-344 0 0 -1.57939994335175 -9.53209972381592
-343 0 0 -1.57167994976044 -9.50082015991211
-342 0 0 -1.56394004821777 -9.46928977966309
-341 0 0 -1.55620002746582 -9.43752002716064
-340 0 0 -1.54843997955322 -9.4055004119873
-339 0 0 -1.54067003726959 -9.37322998046875
-338 0 0 -1.53288996219635 -9.3407096862793
-337 0 0 -1.52509999275208 -9.30793952941895
-336 0 0 -1.51728999614716 -9.27492046356201
-335 0 0 -1.50947999954224 -9.2416296005249
-334 0 0 -1.50164997577667 -9.20808982849121
-333 0 0 -1.49381005764008 -9.17428016662598
-332 0 0 -1.48596000671387 -9.14021015167236
-331 0 0 -1.47809994220734 -9.10587024688721
-330 0 0 -1.47021996974945 -9.07126998901367
-329 0 0 -1.46233999729156 -9.03639030456543
-328 0 0 -1.45443999767303 -9.00125026702881
-327 0 0 -1.44652998447418 -8.9658203125
-326 0 0 -1.43859994411469 -8.93012046813965
-325 0 0 -1.43067002296448 -8.89414978027344
-324 0 0 -1.42271995544434 -8.85789012908936
-323 0 0 -1.41475999355316 -8.82135009765625
-322 0 0 -1.40678000450134 -8.78452014923096
-321 0 0 -1.39880001544952 -8.74740982055664
-320 0 0 -1.39079999923706 -8.71000003814697
-319 0 0 -1.38278996944427 -8.67230987548828
-318 0 0 -1.37477004528046 -8.63432025909424
-317 0 0 -1.3667299747467 -8.59603977203369
-316 0 0 -1.35868000984192 -8.55745983123779
-315 0 0 -1.35062003135681 -8.51858997344971
-314 0 0 -1.34254002571106 -8.47941017150879
-313 0 0 -1.33446002006531 -8.4399299621582
-312 0 0 -1.32635998725891 -8.40015029907227
-311 0 0 -1.31824004650116 -8.36005973815918
-310 0 0 -1.3101099729538 -8.31966018676758
-309 0 0 -1.30198001861572 -8.27896022796631
-308 0 0 -1.29382002353668 -8.23793983459473
-307 0 0 -1.28566002845764 -8.19661045074463
-306 0 0 -1.27748000621796 -8.15497016906738
-305 0 0 -1.26927995681763 -8.11301040649414
-304 0 0 -1.26108002662659 -8.07073974609375
-303 0 0 -1.25285995006561 -8.02814960479736
-302 0 0 -1.24462997913361 -7.98523998260498
-301 0 0 -1.23637998104095 -7.94200992584229
-300 29 4 -1.2281299829483 -7.89845991134644
-299 0 0 -1.21985995769501 -7.85457992553711
-298 0 0 -1.21157002449036 -7.81037998199463
-297 0 0 -1.20326995849609 -7.76586008071899
-296 0 0 -1.1949599981308 -7.72102022171021
-295 0 0 -1.18664002418518 -7.67583990097046
-294 0 0 -1.17830002307892 -7.63034009933472
-293 0 0 -1.16995000839233 -7.58451986312866
-292 0 0 -1.16158998012543 -7.53837013244629
-291 0 0 -1.15322005748749 -7.49187994003296
-290 0 0 -1.14482998847961 -7.4450798034668
-289 0 0 -1.13643002510071 -7.39794015884399
-288 0 0 -1.12801003456116 -7.35047006607056
-287 0 0 -1.11959004402161 -7.30268001556396
-286 0 0 -1.11115002632141 -7.2545599937439
-285 0 0 -1.10268998146057 -7.20611000061035
-284 0 0 -1.09423005580902 -7.15733003616333
-283 0 0 -1.08574998378754 -7.10822010040283
-282 0 0 -1.07726001739502 -7.05879020690918
-281 0 0 -1.06876003742218 -7.00902986526489
-280 0 0 -1.06025004386902 -6.95895004272461
-279 0 0 -1.05172002315521 -6.90853977203369
-278 0 0 -1.04317998886108 -6.85781002044678
-277 0 0 -1.03462994098663 -6.80675983428955
-276 0 0 -1.02606999874115 -6.75538015365601
-275 0 0 -1.01749002933502 -6.70369005203247
-274 0 0 -1.0089099407196 -6.65167999267578
-273 0 0 -1.00030994415283 -6.59934997558594
-272 0 0 -0.991702973842621 -6.54671001434326
-271 0 0 -0.98308402299881 -6.49375009536743
-270 0 0 -0.974452972412109 -6.44048023223877
-269 0 0 -0.965811014175415 -6.38690996170044
-268 0 0 -0.957158029079437 -6.33303022384644
-267 0 0 -0.948494017124176 -6.27884006500244
-266 0 0 -0.939819991588593 -6.22434997558594
-265 0 0 -0.93113499879837 -6.16956996917725
-264 0 0 -0.922439992427826 -6.11448001861572
-263 0 0 -0.913734972476959 -6.05911016464233
-262 0 0 -0.905018985271454 -6.00343990325928
-261 0 0 -0.896293997764587 -5.94748020172119
-260 0 0 -0.887558996677399 -5.89124011993408
-259 0 0 -0.878813982009888 -5.83472013473511
-258 0 0 -0.87006002664566 -5.77792978286743
-257 0 0 -0.861297011375427 -5.72084999084473
-256 0 0 -0.852523982524872 -5.66350984573364
-255 0 0 -0.843743026256561 -5.60589981079102
-254 0 0 -0.834953010082245 -5.54802989959717
-253 0 0 -0.826153993606567 -5.48989009857178
-252 0 0 -0.817345976829529 -5.43149995803833
-251 0 0 -0.80852997303009 -5.37285995483398
-250 28 4 -0.799705982208252 -5.31398010253906
-249 0 0 -0.790874004364014 -5.25483989715576
-248 0 0 -0.782033979892731 -5.19546985626221
-247 0 0 -0.773186028003693 -5.1358699798584
-246 0 0 -0.76433002948761 -5.07602977752686
-245 0 0 -0.755466997623444 -5.01597023010254
-244 0 0 -0.746596992015839 -4.95568990707397
-243 0 0 -0.737718999385834 -4.89518976211548
-242 0 0 -0.728833973407745 -4.83446979522705
-241 0 0 -0.719942986965179 -4.77355003356934
-240 0 0 -0.711044013500214 -4.71243000030518
-239 0 0 -0.702139019966125 -4.65110015869141
-238 0 0 -0.693226993083954 -4.58958005905151
-237 0 0 -0.684309005737305 -4.52788019180298
-236 0 0 -0.675384998321533 -4.465980052948
-235 0 0 -0.666454017162323 -4.4039101600647
-234 0 0 -0.65751701593399 -4.3416600227356
-233 0 0 -0.648575007915497 -4.27924013137817
-232 0 0 -0.639626026153564 -4.21665000915527
-231 0 0 -0.630671977996826 -4.15390014648438
-230 0 0 -0.621712028980255 -4.09099006652832
-229 0 0 -0.612746000289917 -4.02792978286743
-228 0 0 -0.603775024414063 -3.96473002433777
-227 0 0 -0.594798028469086 -3.90138006210327
-226 0 0 -0.585816025733948 -3.83788990974426
-225 0 0 -0.576828002929688 -3.7742600440979
-224 0 0 -0.567835986614227 -3.71050000190735
-223 0 0 -0.55883800983429 -3.64662003517151
-222 0 0 -0.549835026264191 -3.5826199054718
-221 0 0 -0.540826976299286 -3.51850008964539
-220 0 0 -0.531813979148865 -3.4542601108551
-219 0 0 -0.522795975208282 -3.3899199962616
-218 0 0 -0.513773024082184 -3.32546997070313
-217 0 0 -0.504745006561279 -3.26092004776001
-216 0 0 -0.495712012052536 -3.19626998901367
-215 0 0 -0.48667499423027 -3.13153004646301
-214 0 0 -0.477632999420166 -3.06669998168945
-213 0 0 -0.468585014343262 -3.00179004669189
-212 0 0 -0.459533005952835 -2.93678998947144
-211 0 0 -0.450477004051208 -2.8717200756073
-210 0 0 -0.441415011882782 -2.80657005310059
-209 0 0 -0.432348996400833 -2.74133992195129
-208 0 0 -0.423278003931046 -2.67604994773865
-207 0 0 -0.414202004671097 -2.61069989204407
-206 0 0 -0.405122011899948 -2.54527997970581
-205 0 0 -0.396037012338638 -2.47980999946594
-204 0 0 -0.386947005987167 -2.41427993774414
-203 0 0 -0.377851992845535 -2.34870004653931
-202 0 0 -0.368752986192703 -2.28306007385254
-201 0 0 -0.359647989273071 -2.21738004684448
-200 27 4 -0.350538998842239 -2.15165996551514
-199 0 0 -0.341426014900208 -2.08590006828308
-198 0 0 -0.332307010889053 -2.02009010314941
-197 0 0 -0.323183000087738 -1.95424997806549
-196 0 0 -0.314054995775223 -1.88838005065918
-195 0 0 -0.304922014474869 -1.82246994972229
-194 0 0 -0.295783996582031 -1.75653994083405
-193 0 0 -0.286639988422394 -1.69058001041412
-192 0 0 -0.277491986751556 -1.62459003925323
-191 0 0 -0.26833900809288 -1.5585800409317
-190 0 0 -0.259180992841721 -1.49255001544952
-189 0 0 -0.250019013881683 -1.4264999628067
-188 0 0 -0.240850999951363 -1.36043000221252
-187 0 0 -0.231677994132042 -1.2943400144577
-186 0 0 -0.222499996423721 -1.22824001312256
-185 0 0 -0.213317006826401 -1.16212999820709
-184 0 0 -0.204128995537758 -1.0960099697113
-183 0 0 -0.194936007261276 -1.02987003326416
-182 0 0 -0.185736998915672 -0.963730990886688
-181 0 0 -0.176533997058868 -0.897581994533539
-180 0 0 -0.167326003313065 -0.831426024436951
-179 0 0 -0.1581120043993 -0.765266001224518
-178 0 0 -0.148893997073174 -0.699101984500885
-177 0 0 -0.139669999480247 -0.632936000823975
-176 0 0 -0.13044199347496 -0.566766977310181
-175 0 0 -0.121207997202873 -0.500598013401031
-174 0 0 -0.111969999969006 -0.434428989887238
-173 0 0 -0.102725997567177 -0.368259996175766
-172 0 0 -0.0934778973460197 -0.302092999219894
-171 0 0 -0.0842244997620583 -0.235927999019623
-170 0 0 -0.0749662965536118 -0.169765993952751
-169 0 0 -0.0657031983137131 -0.103606998920441
-168 0 0 -0.0564352981746197 -0.0374526008963585
-167 0 0 -0.0471627004444599 0.0286976005882025
-166 0 0 -0.0378854013979435 0.0948427990078926
-165 0 0 -0.0286034997552633 0.160982996225357
-164 0 0 -0.0193169992417097 0.227117002010345
-163 0 0 -0.0100261000916362 0.293244987726212
-162 0 0 -0.000730820989701897 0.3593670129776
-161 0 0 0.00856877025216818 0.425482004880905
-160 0 0 0.0178725998848677 0.49159100651741
-159 0 0 0.0271803997457027 0.557693004608154
-158 0 0 0.0364922992885113 0.623786985874176
-157 0 0 0.0458080992102623 0.68987500667572
-156 0 0 0.0551275014877319 0.75595498085022
-155 0 0 0.064450703561306 0.822027981281281
-154 0 0 0.0737771987915039 0.888092994689941
-153 0 0 0.0831070989370346 0.95415198802948
-152 0 0 0.092440202832222 1.02020001411438
-151 0 0 0.101775996387005 1.08624994754791
-150 26 4 0.111115001142025 1.15227997303009
-149 0 0 0.120457001030445 1.21830999851227
-148 0 0 0.129801005125046 1.28433001041412
-147 0 0 0.139146998524666 1.35035002231598
-146 0 0 0.148495003581047 1.41636002063751
-145 0 0 0.157846003770828 1.48236000537872
-144 0 0 0.167197003960609 1.54835999011993
-143 0 0 0.176550999283791 1.61434996128082
-142 0 0 0.185904994606972 1.68033003807068
-141 0 0 0.195260003209114 1.74630999565125
-140 0 0 0.204615995287895 1.81228005886078
-139 0 0 0.213972002267838 1.87825000286102
-138 0 0 0.223327994346619 1.94421005249023
-137 0 0 0.232684001326561 2.01016998291016
-136 0 0 0.242038995027542 2.07611989974976
-135 0 0 0.251392990350723 2.14207005500793
-134 0 0 0.260746002197266 2.20801997184753
-133 0 0 0.270098000764847 2.27396011352539
-132 0 0 0.27648800611496 2.31902003288269
-131 0 0 0.282876998186111 2.36408996582031
-130 0 0 0.289265006780624 2.40914988517761
-129 0 0 0.295652002096176 2.45421004295349
-128 0 0 0.302037000656128 2.49926996231079
-127 0 0 0.308420985937119 2.54432010650635
-126 0 0 0.314803004264832 2.58938002586365
-125 0 0 0.321182996034622 2.63442993164063
-124 0 0 0.327562004327774 2.6794900894165
-123 0 0 0.333938002586365 2.72453999519348
-122 0 0 0.340312004089355 2.76958990097046
-121 0 0 0.346684008836746 2.81464004516602
-120 0 0 0.353053987026215 2.85968995094299
-119 0 0 0.359421014785767 2.90474009513855
-118 0 0 0.365785002708435 2.94979000091553
-117 0 0 0.372146010398865 2.9948399066925
-116 0 0 0.378504008054733 3.03988003730774
-115 0 0 0.384858012199402 3.08492994308472
-114 0 0 0.391209989786148 3.12998008728027
-113 0 0 0.397558003664017 3.17501997947693
-112 0 0 0.403901994228363 3.22006988525391
-111 0 0 0.410241991281509 3.26511001586914
-110 0 0 0.416577994823456 3.3101499080658
-109 0 0 0.422910004854202 3.35520005226135
-108 0 0 0.429237008094788 3.40023994445801
-107 0 0 0.435559988021851 3.44528007507324
-106 0 0 0.441877990961075 3.4903199672699
-105 0 0 0.448190987110138 3.53536009788513
-104 0 0 0.454499006271362 3.58039999008179
-103 0 0 0.460801988840103 3.62543988227844
-102 0 0 0.467099010944366 3.67048001289368
-101 0 0 0.473390012979507 3.71551990509033
-100 25 4 0.479674994945526 3.76056003570557
-99 0 0 0.485953986644745 3.80559992790222
-98 0 0 0.492226988077164 3.85064005851746
-97 0 0 0.498492985963821 3.89566993713379
-96 0 0 0.504752993583679 3.94071006774902
-95 0 0 0.511004984378815 3.98573994636536
-94 0 0 0.517251014709473 4.03077983856201
-93 0 0 0.523488998413086 4.07580995559692
-92 0 0 0.529718995094299 4.12084007263184
-91 0 0 0.535941004753113 4.16588020324707
-90 0 0 0.542155981063843 4.21090984344482
-89 0 0 0.548362016677856 4.25592994689941
-88 0 0 0.554558992385864 4.30096006393433
-87 0 0 0.560747981071472 4.34599018096924
-86 0 0 0.566928029060364 4.39100980758667
-85 0 0 0.573098003864288 4.43602991104126
-84 0 0 0.579259991645813 4.48105001449585
-83 0 0 0.585411012172699 4.52607011795044
-82 0 0 0.591552019119263 4.57109022140503
-81 0 0 0.597684025764465 4.61609983444214
-80 0 0 0.603803992271423 4.66111993789673
-79 0 0 0.609915018081665 4.70612001419067
-78 0 0 0.616014003753662 4.75113010406494
-77 0 0 0.622102022171021 4.79613018035889
-76 0 0 0.628179013729095 4.84112977981567
-75 0 0 0.634244024753571 4.88612985610962
-74 0 0 0.640296995639801 4.93111991882324
-73 0 0 0.64633697271347 4.97610998153687
-72 0 0 0.652365982532501 5.02110004425049
-71 0 0 0.65838098526001 5.06608009338379
-70 0 0 0.664384007453918 5.11106014251709
-69 0 0 0.670373022556305 5.15603017807007
-68 0 0 0.676348984241486 5.20100021362305
-67 0 0 0.68231201171875 5.2459602355957
-66 0 0 0.688260018825531 5.2909197807312
-65 0 0 0.69419401884079 5.33586978912354
-64 0 0 0.700112998485565 5.38080978393555
-63 0 0 0.706017017364502 5.42574977874756
-62 0 0 0.711907029151917 5.47068977355957
-61 0 0 0.717781007289886 5.5156102180481
-60 0 0 0.723639011383057 5.56053018569946
-59 0 0 0.729481995105743 5.60544013977051
-58 0 0 0.735307991504669 5.65035009384155
-57 0 0 0.741118013858795 5.69525003433228
-56 0 0 0.746910989284515 5.74012994766235
-55 0 0 0.752686977386475 5.78500986099243
-54 0 0 0.758445978164673 5.82988977432251
-53 0 0 0.764186978340149 5.8747501373291
-52 0 0 0.769910991191864 5.91960000991821
-51 0 0 0.775615990161896 5.964439868927
-50 24 4 0.781304001808167 6.00928020477295
-49 0 0 0.786971986293793 6.05410003662109
-48 0 0 0.792622029781342 6.09890985488892
-47 0 0 0.798252999782562 6.14371013641357
-46 0 0 0.803864002227783 6.18849992752075
-45 0 0 0.80945497751236 6.23328018188477
-44 0 0 0.815026998519897 6.2780499458313
-43 0 0 0.820578992366791 6.32280015945435
-42 0 0 0.826110005378723 6.36753988265991
-41 0 0 0.83161997795105 6.41227006912231
-40 0 0 0.83710902929306 6.45698022842407
-39 0 0 0.84257698059082 6.50167989730835
-38 0 0 0.848024010658264 6.54637002944946
-37 0 0 0.853448987007141 6.59104013442993
-36 0 0 0.858852028846741 6.63569021224976
-35 0 0 0.864233016967773 6.6803297996521
-34 0 0 0.869590997695923 6.72495985031128
-33 0 0 0.87492698431015 6.76956987380981
-32 0 0 0.880239009857178 6.81415987014771
-31 0 0 0.885528981685638 6.85873985290527
-30 0 0 0.890794992446899 6.90328979492188
-29 0 0 0.896036982536316 6.94784021377563
-28 0 0 0.901255011558533 6.99236011505127
-27 0 0 0.906449973583221 7.03685998916626
-26 0 0 0.911620020866394 7.08134984970093
-25 0 0 0.916764974594116 7.12582015991211
-24 0 0 0.921886026859283 7.17026996612549
-23 0 0 0.926980972290039 7.21470022201538
-22 0 0 0.932051002979279 7.25910997390747
-21 0 0 0.937095999717712 7.30350017547607
-20 0 0 0.942116022109985 7.34785985946655
-19 0 0 0.94710898399353 7.39221000671387
-18 0 0 0.952076017856598 7.43654012680054
-17 0 0 0.957017004489899 7.48084020614624
-16 0 0 0.961932003498077 7.52512979507446
-15 0 0 0.966820001602173 7.56938982009888
-14 0 0 0.971680998802185 7.61362981796265
-13 0 0 0.976514995098114 7.65783977508545
-12 0 0 0.98132199048996 7.70203018188477
-11 0 0 0.986100971698761 7.74620008468628
-10 0 0 0.990853011608124 7.79034996032715
-9 0 0 0.994005978107452 7.81975984573364
-8 0 0 0.996101021766663 7.83936977386475
-7 0 0 0.997493982315063 7.85243988037109
-6 0 0 0.998422026634216 7.86114978790283
-5 0 0 0.999040007591248 7.86695003509521
-4 0 0 0.999451994895935 7.87083005905151
-3 0 0 0.999725997447968 7.87341022491455
-2 0 0 0.999863028526306 7.87470006942749
1 0 0 1 7.87598991394043
1 0 0 1 7.87598991394043
-2 0 0 1.00013995170593 7.87728023529053
-3 0 0 1.00027000904083 7.87857007980347
-4 0 0 1.00055003166199 7.88114976882935
-5 0 0 1.00095999240875 7.88501977920532
-6 0 0 1.00156998634338 7.89082002639771
-7 0 0 1.00250005722046 7.89952993392944
-8 0 0 1.0038800239563 7.91258001327515
-9 0 0 1.00594997406006 7.93216991424561
-10 0 0 1.0090399980545 7.96153020858765
-11 0 0 1.01365995407104 8.00555992126465
-12 0 0 1.01823997497559 8.04955959320068
-13 0 0 1.02279996871948 8.09352970123291
-14 0 0 1.0273300409317 8.13747978210449
-15 0 0 1.03182995319366 8.18140983581543
-16 0 0 1.03629994392395 8.22529983520508
-17 0 0 1.04074001312256 8.26916980743408
-18 0 0 1.04516005516052 8.31301975250244
-19 0 0 1.0495400428772 8.35684013366699
-20 0 0 1.05390000343323 8.40062999725342
-21 0 0 1.05822002887726 8.44439029693604
-22 0 0 1.06251001358032 8.48812961578369
-23 0 0 1.06677997112274 8.53182983398438
-24 0 0 1.07100999355316 8.57551002502441
-25 0 0 1.07521998882294 8.61917018890381
-26 0 0 1.07939004898071 8.66279029846191
-27 0 0 1.08353996276855 8.70639038085938
-28 0 0 1.0876499414444 8.74995994567871
-29 0 0 1.09174001216888 8.79349994659424
-30 0 0 1.09579002857208 8.83701038360596
-31 0 0 1.09981000423431 8.88049030303955
-32 0 0 1.1038099527359 8.9239501953125
-33 0 0 1.10776996612549 8.96737003326416
-34 0 0 1.1117000579834 9.01076984405518
-35 0 0 1.11559998989105 9.05414009094238
-36 0 0 1.11947000026703 9.09747982025146
-37 0 0 1.12330996990204 9.14078998565674
-38 0 0 1.12712001800537 9.18406963348389
-39 0 0 1.13089001178741 9.22731971740723
-40 0 0 1.13463997840881 9.27054977416992
-41 0 0 1.13835000991821 9.31373977661133
-42 0 0 1.14204001426697 9.35690975189209
-43 0 0 1.14568996429443 9.40003967285156
-44 0 0 1.14930999279022 9.44314956665039
-45 0 0 1.15289998054504 9.48622989654541
-46 0 0 1.15646004676819 9.52927017211914
-47 0 0 1.15998995304108 9.57229042053223
-48 0 0 1.16349005699158 9.61528015136719
-49 0 0 1.16696000099182 9.6582498550415
-50 2 4 1.17039000988007 9.70118045806885
-51 0 0 1.17379999160767 9.74407958984375
-52 0 0 1.17717003822327 9.78695964813232
-53 0 0 1.1805100440979 9.82981014251709
-54 0 0 1.18382000923157 9.87263011932373
-55 0 0 1.18710005283356 9.91541957855225
-56 0 0 1.19035005569458 9.95818042755127
-57 0 0 1.19357001781464 10.0009002685547
-58 0 0 1.19676005840302 10.0436000823975
-59 0 0 1.19992005825043 10.0862998962402
-60 0 0 1.20304000377655 10.1288995742798
-61 0 0 1.20614004135132 10.1716003417969
-62 0 0 1.2092000246048 10.2142000198364
-63 0 0 1.21223998069763 10.2566995620728
-64 0 0 1.21524000167847 10.2993001937866
-65 0 0 1.21820998191833 10.3417997360229
-66 0 0 1.2224999666214 10.4039001464844
-67 0 0 1.22672998905182 10.4659996032715
-68 0 0 1.23090004920959 10.5281000137329
-69 0 0 1.23500001430511 10.5901002883911
-70 0 0 1.23903000354767 10.6520004272461
-71 0 0 1.24300003051758 10.7138996124268
-72 0 0 1.24689996242523 10.7756996154785
-73 0 0 1.25074994564056 10.8374996185303
-74 0 0 1.2545200586319 10.8992004394531
-75 0 0 1.25823998451233 10.9609003067017
-76 0 0 1.26189005374908 11.022500038147
-77 0 0 1.26548004150391 11.0840997695923
-78 0 0 1.26900005340576 11.1456003189087
-79 0 0 1.27246999740601 11.2070999145508
-80 0 0 1.27586996555328 11.268500328064
-81 0 0 1.27920997142792 11.3298997879028
-82 0 0 1.28249001502991 11.3912000656128
-83 0 0 1.28569996356964 11.4525003433228
-84 0 0 1.28885996341705 11.5137996673584
-85 0 0 1.2919499874115 11.5749998092651
-86 0 0 1.29498994350433 11.6361999511719
-87 0 0 1.29797005653381 11.6972999572754
-88 0 0 1.30087995529175 11.7583999633789
-89 0 0 1.30374002456665 11.8194999694824
-90 0 0 1.30654001235962 11.8804998397827
-91 0 0 1.30928003787994 11.941499710083
-92 0 0 1.31195998191833 12.0024003982544
-93 0 0 1.3145899772644 12.0634002685547
-94 0 0 1.31716001033783 12.1241998672485
-95 0 0 1.31966996192932 12.1850996017456
-96 0 0 1.32211995124817 12.2459001541138
-97 0 0 1.32451999187469 12.3066997528076
-98 0 0 1.32686996459961 12.3675003051758
-99 0 0 1.32915997505188 12.4281997680664
-100 3 4 1.33139002323151 12.4890003204346
-101 0 0 1.33357000350952 12.549599647522
-102 0 0 1.33569002151489 12.6103000640869
-103 0 0 1.33776998519897 12.6709995269775
-104 0 0 1.33977997303009 12.7315998077393
-105 0 0 1.34175002574921 12.792200088501
-106 0 0 1.34365999698639 12.8528003692627
-107 0 0 1.34552001953125 12.9133996963501
-108 0 0 1.3473299741745 12.9738998413086
-109 0 0 1.34908998012543 13.0345001220703
-110 0 0 1.35080003738403 13.0950002670288
-111 0 0 1.35246002674103 13.1555004119873
-112 0 0 1.35406994819641 13.2160997390747
-113 0 0 1.35563004016876 13.2765998840332
-114 0 0 1.35713994503021 13.3371000289917
-115 0 0 1.35860002040863 13.397500038147
-116 0 0 1.36001002788544 13.4580001831055
-117 0 0 1.36137998104095 13.518500328064
-118 0 0 1.36269998550415 13.5790004730225
-119 0 0 1.36397004127502 13.6393995285034
-120 0 0 1.36520004272461 13.6998996734619
-121 0 0 1.36636996269226 13.7603998184204
-122 0 0 1.36750996112823 13.8207998275757
-123 0 0 1.36860001087189 13.8812999725342
-124 0 0 1.36963999271393 13.9418001174927
-125 0 0 1.37064003944397 14.0022001266479
-126 0 0 1.37160003185272 14.0627002716064
-127 0 0 1.37250995635986 14.1232004165649
-128 0 0 1.373379945755 14.1836996078491
-129 0 0 1.37421000003815 14.2441997528076
-130 0 0 1.37498998641968 14.3046998977661
-131 0 0 1.37574005126953 14.3652000427246
-132 0 0 1.37644004821777 14.4258003234863
-133 0 0 1.37709999084473 14.4863004684448
-134 0 0 1.37771999835968 14.5468997955322
-135 0 0 1.37829995155334 14.6073999404907
-136 0 0 1.37883996963501 14.6680002212524
-137 0 0 1.37934005260468 14.7285995483398
-138 0 0 1.37980997562408 14.7892999649048
-139 0 0 1.38022994995117 14.8499002456665
-140 0 0 1.38062000274658 14.9105997085571
-141 0 0 1.3809700012207 14.9713001251221
-142 0 0 1.38127994537354 15.0319995880127
-143 0 0 1.38155996799469 15.0927000045776
-144 0 0 1.38180005550385 15.1534996032715
-145 0 0 1.38199996948242 15.2142000198364
-146 0 0 1.38216996192932 15.2749996185303
-147 0 0 1.38231003284454 15.3359003067017
-148 0 0 1.38241004943848 15.3966999053955
-149 0 0 1.38247001171112 15.4575996398926
-150 4 4 1.38250005245209 15.518500328064
151 5 2 1.38250994682312 15.5458002090454
152 0 0 1.38249003887177 15.6068000793457
153 0 0 1.38243997097015 15.667799949646
154 0 0 1.38235998153687 15.7287998199463
155 0 0 1.38224995136261 15.7898998260498
156 0 0 1.38209998607635 15.8508996963501
157 0 0 1.38191998004913 15.9120998382568
158 0 0 1.38171994686127 15.9731998443604
159 0 0 1.3814799785614 16.0344009399414
160 0 0 1.38120996952057 16.0956993103027
161 0 0 1.38092005252838 16.1569004058838
162 0 0 1.38058996200562 16.2182006835938
163 0 0 1.38023996353149 16.2796001434326
164 0 0 1.3798600435257 16.3409996032715
165 0 0 1.37944996356964 16.4023990631104
166 0 0 1.37900996208191 16.4638996124268
167 0 0 1.3785400390625 16.5254001617432
168 0 0 1.37804996967316 16.5869007110596
169 0 0 1.37752997875214 16.6485004425049
170 0 0 1.37698996067047 16.7101993560791
171 0 0 1.37642002105713 16.771900177002
172 0 0 1.37583005428314 16.8335990905762
173 0 0 1.37521004676819 16.8953990936279
174 0 0 1.37455999851227 16.9571990966797
175 0 0 1.37390005588531 17.0189990997314
176 0 0 1.37320005893707 17.0809993743896
177 0 0 1.37249004840851 17.1429004669189
178 0 0 1.37174999713898 17.2049007415771
179 0 0 1.37099003791809 17.2670001983643
180 0 0 1.37021005153656 17.3290996551514
181 0 0 1.36940002441406 17.3911991119385
182 0 0 1.36857998371124 17.4533996582031
183 0 0 1.36773002147675 17.5156993865967
184 0 0 1.36687004566193 17.5779991149902
185 0 0 1.36598002910614 17.6403999328613
186 0 0 1.36506998538971 17.7028007507324
187 0 0 1.36414003372192 17.7651996612549
188 0 0 1.36319994926453 17.8276996612549
189 0 0 1.36222994327545 17.8903007507324
190 0 0 1.36125004291534 17.9528999328613
191 0 0 1.3602499961853 18.0156002044678
192 0 0 1.35923004150391 18.0783004760742
193 0 0 1.35818994045258 18.1410999298096
194 0 0 1.35713994503021 18.2038993835449
195 0 0 1.35606002807617 18.2667999267578
196 0 0 1.35497999191284 18.3297996520996
197 0 0 1.35387003421783 18.3927993774414
198 0 0 1.35275995731354 18.4557991027832
199 0 0 1.35161995887756 18.5188999176025
200 6 4 1.35046994686127 18.5820999145508
201 0 0 1.34931004047394 18.645299911499
202 0 0 1.34812998771667 18.7085990905762
203 0 0 1.34693002700806 18.771900177002
204 0 0 1.34572994709015 18.8353004455566
205 0 0 1.34450995922089 18.8987007141113
206 0 0 1.3432799577713 18.9622001647949
207 0 0 1.34203004837036 19.0258007049561
208 0 0 1.34077000617981 19.0893993377686
209 0 0 1.33949995040894 19.1530990600586
210 0 0 1.33822000026703 19.2168006896973
211 0 0 1.3369300365448 19.2805995941162
212 0 0 1.33562004566193 19.3444004058838
213 0 0 1.33431005477905 19.4083003997803
214 0 0 1.33298003673553 19.4722995758057
215 0 0 1.33164000511169 19.5363006591797
216 0 0 1.33029997348785 19.6002998352051
217 0 0 1.32894003391266 19.6644992828369
218 0 0 1.32756996154785 19.7287006378174
219 0 0 1.32620000839233 19.7929000854492
220 0 0 1.32482004165649 19.8572006225586
221 0 0 1.32342994213104 19.9216003417969
222 0 0 1.32202994823456 19.9860000610352
223 0 0 1.32061994075775 20.0503997802734
224 0 0 1.31920003890991 20.1149997711182
225 0 0 1.31778001785278 20.179500579834
226 0 0 1.31634998321533 20.2441997528076
227 0 0 1.31491005420685 20.3089008331299
228 0 0 1.31347000598907 20.3736000061035
229 0 0 1.31201994419098 20.4384994506836
230 0 0 1.31057000160217 20.5032997131348
231 0 0 1.30910003185272 20.5683002471924
232 0 0 1.3076399564743 20.6331996917725
233 0 0 1.30616998672485 20.698299407959
234 0 0 1.30469000339508 20.7633991241455
235 0 0 1.30321002006531 20.8285007476807
236 0 0 1.30172002315521 20.8936996459961
237 0 0 1.30023002624512 20.9589996337891
238 0 0 1.29874002933502 21.024299621582
239 0 0 1.2972400188446 21.0897006988525
240 0 0 1.29574000835419 21.1550998687744
241 0 0 1.29423999786377 21.2206001281738
242 0 0 1.29272997379303 21.2861995697021
243 0 0 1.29121994972229 21.3518009185791
244 0 0 1.28971004486084 21.4174003601074
245 0 0 1.2882000207901 21.4831008911133
246 0 0 1.28667998313904 21.548900604248
247 0 0 1.28515994548798 21.6147003173828
248 0 0 1.2836400270462 21.6805992126465
249 0 0 1.28211998939514 21.7465000152588
250 7 4 1.28059995174408 21.8125
251 0 0 1.27907001972198 21.8785991668701
252 0 0 1.27754998207092 21.9447002410889
253 0 0 1.27602994441986 22.010799407959
254 0 0 1.27450001239777 22.0769996643066
255 0 0 1.2729799747467 22.1432991027832
256 0 0 1.27145004272461 22.2096004486084
257 0 0 1.26993000507355 22.2759990692139
258 0 0 1.26839995384216 22.342399597168
259 0 0 1.26688003540039 22.4088001251221
260 0 0 1.26535999774933 22.4754009246826
261 0 0 1.26383996009827 22.5419006347656
262 0 0 1.26232004165649 22.6086006164551
263 0 0 1.26080000400543 22.6753005981445
264 0 0 1.25927996635437 22.742000579834
265 0 0 1.2577600479126 22.8087997436523
266 0 0 1.25625002384186 22.8756008148193
267 0 0 1.25473999977112 22.9424991607666
268 0 0 1.25322997570038 23.00950050354
269 0 0 1.25171995162964 23.0764999389648
270 0 0 1.25021994113922 23.1434993743896
271 0 0 1.24872004985809 23.210599899292
272 0 0 1.24722003936768 23.2777996063232
273 0 0 1.24572002887726 23.3449993133545
274 0 0 1.24423003196716 23.4122009277344
275 0 0 1.24274003505707 23.4794998168945
276 0 0 1.24126005172729 23.5468997955322
277 0 0 1.2397700548172 23.6142997741699
278 0 0 1.23829996585846 23.6818008422852
279 0 0 1.23681998252869 23.7493000030518
280 0 0 1.23535001277924 23.8169002532959
281 0 0 1.23389005661011 23.88450050354
282 0 0 1.23241996765137 23.9521007537842
283 0 0 1.23097002506256 24.0198001861572
284 0 0 1.22950994968414 24.0876007080078
285 0 0 1.22807002067566 24.1553993225098
286 0 0 1.22661995887756 24.2233009338379
287 0 0 1.2251900434494 24.2912006378174
288 0 0 1.22374999523163 24.3591995239258
289 0 0 1.2223299741745 24.4272003173828
290 0 0 1.22090005874634 24.4953002929688
291 0 0 1.21949005126953 24.5634002685547
292 0 0 1.21808004379272 24.6315994262695
293 0 0 1.21667003631592 24.699800491333
294 0 0 1.21527004241943 24.7679996490479
295 0 0 1.21387994289398 24.8363990783691
296 0 0 1.21248996257782 24.9046993255615
297 0 0 1.21109998226166 24.9731006622314
298 0 0 1.20973002910614 25.0415992736816
299 0 0 1.20835995674133 25.1100997924805
300 8 4 1.20700001716614 25.1786994934082
301 0 0 1.20563995838165 25.2472991943359
302 0 0 1.20429003238678 25.3159999847412
303 0 0 1.20293998718262 25.3847007751465
304 0 0 1.2016099691391 25.4535007476807
305 0 0 1.20027995109558 25.5223007202148
306 0 0 1.19895005226135 25.5911998748779
307 0 0 1.19763994216919 25.6601009368896
308 0 0 1.19632995128632 25.7290000915527
309 0 0 1.19501996040344 25.7980995178223
310 0 0 1.19372999668121 25.8670997619629
311 0 0 1.19244003295898 25.93630027771
312 0 0 1.19115996360779 26.0053997039795
313 0 0 1.1898900270462 26.0746002197266
314 0 0 1.18861997127533 26.1438999176025
315 0 0 1.18736004829407 26.2131996154785
316 0 0 1.18611001968384 26.282600402832
317 0 0 1.18487000465393 26.3519992828369
318 0 0 1.18362998962402 26.4214992523193
319 0 0 1.18239998817444 26.4909992218018
320 0 0 1.18118000030518 26.5606002807617
321 0 0 1.17997002601624 26.630199432373
322 0 0 1.17876994609833 26.6998996734619
323 0 0 1.17756998538971 26.7695999145508
324 0 0 1.17638003826141 26.8393993377686
325 0 0 1.17519998550415 26.9092998504639
326 0 0 1.17402994632721 26.9790992736816
327 0 0 1.17287003993988 27.0491008758545
328 0 0 1.17171001434326 27.1191005706787
329 0 0 1.17056000232697 27.1891002655029
330 0 0 1.16942000389099 27.2591991424561
331 0 0 1.16829001903534 27.3292999267578
332 0 0 1.16717004776001 27.3994998931885
333 0 0 1.16605997085571 27.4698009490967
334 0 0 1.16495001316071 27.5401000976563
335 0 0 1.16384994983673 27.6105003356934
336 0 0 1.16277003288269 27.6809005737305
337 0 0 1.16168999671936 27.7513008117676
338 0 0 1.16061997413635 27.8218994140625
339 0 0 1.15954995155334 27.8924007415771
340 0 0 1.15849995613098 27.9629993438721
341 0 0 1.15744996070862 28.0337009429932
342 0 0 1.1564199924469 28.1044998168945
343 0 0 1.15539002418518 28.1753005981445
344 0 0 1.15436995029449 28.2460994720459
345 0 0 1.15336000919342 28.3169994354248
346 0 0 1.15235996246338 28.3880004882813
347 0 0 1.15137004852295 28.4589996337891
348 0 0 1.15039002895355 28.5300006866455
349 0 0 1.14941000938416 28.6011009216309
350 9 4 1.1484500169754 28.6723003387451
351 0 0 1.14749002456665 28.7436008453369
352 0 0 1.14654004573822 28.8148002624512
353 0 0 1.14560997486115 28.8861999511719
354 0 0 1.14468002319336 28.9575996398926
355 0 0 1.14375996589661 29.0291004180908
356 0 0 1.14285004138947 29.1005992889404
357 0 0 1.14195001125336 29.1721992492676
358 0 0 1.14104998111725 29.2437992095947
359 0 0 1.14016997814178 29.3155002593994
360 0 0 1.13929998874664 29.3871994018555
361 0 0 1.1384299993515 29.4589996337891
362 0 0 1.137580037117 29.5308990478516
363 0 0 1.13672995567322 29.6028003692627
364 0 0 1.13589000701904 29.6748008728027
365 0 0 1.1350599527359 29.7469005584717
366 0 0 1.13425004482269 29.8190002441406
367 0 0 1.1334400177002 29.8911991119385
368 0 0 1.13264000415802 29.963399887085
369 0 0 1.13185000419617 30.0356998443604
370 0 0 1.13106000423431 30.1079998016357
371 0 0 1.13029003143311 30.1804008483887
372 0 0 1.12952995300293 30.2528991699219
373 0 0 1.12878000736237 30.3253993988037
374 0 0 1.12802994251251 30.3980007171631
375 0 0 1.12730002403259 30.4706993103027
376 0 0 1.12656998634338 30.543399810791
377 0 0 1.12585997581482 30.6161994934082
378 0 0 1.12514996528625 30.6891002655029
379 0 0 1.12444996833801 30.761999130249
380 0 0 1.12375998497009 30.8349990844727
381 0 0 1.12309002876282 30.9080009460449
382 0 0 1.12241995334625 30.9811000823975
383 0 0 1.1217600107193 31.0543003082275
384 0 0 1.12110996246338 31.1275005340576
385 0 0 1.12047004699707 31.2007999420166
386 0 0 1.11983001232147 31.2742004394531
387 0 0 1.11921000480652 31.3476009368896
388 0 0 1.11860001087189 31.4211006164551
389 0 0 1.11800003051758 31.4946994781494
390 0 0 1.11740005016327 31.5683002471924
391 0 0 1.11681997776031 31.6420001983643
392 0 0 1.11624002456665 31.715799331665
393 0 0 1.11567997932434 31.7896003723145
394 0 0 1.11512005329132 31.8635005950928
395 0 0 1.11458003520966 31.9375
396 0 0 1.11404001712799 32.0115013122559
397 0 0 1.11351001262665 32.0856018066406
398 0 0 1.11299002170563 32.1598014831543
399 0 0 1.11248004436493 32.234001159668
400 10 4 1.11197996139526 32.3083000183105
401 0 0 1.11149001121521 32.3827018737793
402 0 0 1.11100995540619 32.4571990966797
403 0 0 1.11054003238678 32.5317001342773
404 0 0 1.1100800037384 32.6063003540039
405 0 0 1.10962998867035 32.6809005737305
406 0 0 1.10918998718262 32.7556991577148
407 0 0 1.10874998569489 32.8305015563965
408 0 0 1.1083300113678 32.9053001403809
409 0 0 1.10791003704071 32.9803009033203
410 0 0 1.10750997066498 33.0553016662598
411 0 0 1.10711002349854 33.1304016113281
412 0 0 1.10672998428345 33.2056007385254
413 0 0 1.10634994506836 33.2807998657227
414 0 0 1.10598003864288 33.3560981750488
415 0 0 1.10562002658844 33.4314994812012
416 0 0 1.10527002811432 33.5069999694824
417 0 0 1.10494005680084 33.5825004577637
418 0 0 1.10460996627808 33.6581001281738
419 0 0 1.1042799949646 33.7337989807129
420 0 0 1.10397005081177 33.8096008300781
421 0 0 1.10367000102997 33.8853988647461
422 0 0 1.10337996482849 33.9612998962402
423 0 0 1.10309994220734 34.0373001098633
424 0 0 1.10282003879547 34.1133003234863
425 0 0 1.10256004333496 34.1894989013672
426 0 0 1.10230004787445 34.2657012939453
427 0 0 1.1020599603653 34.3419990539551
428 0 0 1.10181999206543 34.4183006286621
429 0 0 1.10159003734589 34.494800567627
430 0 0 1.1013799905777 34.5713005065918
431 0 0 1.10116994380951 34.6478996276855
432 0 0 1.10097002983093 34.7246017456055
433 0 0 1.10078001022339 34.8013000488281
434 0 0 1.10060000419617 34.878101348877
435 0 0 1.10043001174927 34.9550018310547
436 0 0 1.10026001930237 35.0320014953613
437 0 0 1.10011005401611 35.1091003417969
438 0 0 1.09996998310089 35.1861991882324
439 0 0 1.09983003139496 35.263500213623
440 0 0 1.09970998764038 35.3408012390137
441 0 0 1.0995899438858 35.418098449707
442 0 0 1.09949004650116 35.4956016540527
443 0 0 1.09939002990723 35.5731010437012
444 0 0 1.09930002689362 35.6507987976074
445 0 0 1.09922003746033 35.7285003662109
446 0 0 1.09914994239807 35.8061981201172
447 0 0 1.09908998012543 35.8841018676758
448 0 0 1.09904003143311 35.9620018005371
449 0 0 1.09899997711182 36.0401000976563
450 11 4 1.09897005558014 36.1181983947754
451 0 0 1.09894001483917 36.1963005065918
452 0 0 1.09893000125885 36.274600982666
453 0 0 1.09893000125885 36.3530006408691
-454 12 2 1.09893000125885 36.3571014404297
-455 0 0 1.09893000125885 36.4355010986328
-456 0 0 1.09894001483917 36.5139999389648
-457 0 0 1.09897005558014 36.592601776123
-458 0 0 1.09899997711182 36.6712989807129
-459 0 0 1.09904003143311 36.7500991821289
-460 0 0 1.09908998012543 36.8288993835449
-461 0 0 1.09914994239807 36.9077987670898
-462 0 0 1.09922003746033 36.9868011474609
-463 0 0 1.09930002689362 37.0658988952637
-464 0 0 1.0993800163269 37.1450996398926
-465 0 0 1.09948003292084 37.2243995666504
-466 0 0 1.09958004951477 37.3036994934082
-467 0 0 1.09969997406006 37.3830986022949
-468 0 0 1.09982001781464 37.4626007080078
-469 0 0 1.09994995594025 37.5421981811523
-470 0 0 1.10009002685547 37.621898651123
-471 0 0 1.10023999214172 37.7015991210938
-472 0 0 1.1003999710083 37.7815017700195
-473 0 0 1.1005699634552 37.861400604248
-474 0 0 1.10074996948242 37.9413986206055
-475 0 0 1.10092997550964 38.0214996337891
-476 0 0 1.10113000869751 38.1016998291016
-477 0 0 1.10133004188538 38.1819000244141
-478 0 0 1.1015499830246 38.2622985839844
-479 0 0 1.10177004337311 38.342700958252
-480 0 0 1.10199999809265 38.4231986999512
-481 0 0 1.10223996639252 38.5037994384766
-482 0 0 1.10248994827271 38.5844993591309
-483 0 0 1.10274994373322 38.6651992797852
-484 0 0 1.10301005840302 38.7461013793945
-485 0 0 1.10328996181488 38.8269996643066
-486 0 0 1.10356998443604 38.9080009460449
-487 0 0 1.10387003421783 38.9891014099121
-488 0 0 1.10416996479034 39.0703010559082
-489 0 0 1.10448002815247 39.1515998840332
-490 0 0 1.10479998588562 39.2328987121582
-491 0 0 1.1051299571991 39.3143997192383
-492 0 0 1.1054699420929 39.3959007263184
-493 0 0 1.10581994056702 39.4775009155273
-494 0 0 1.10617005825043 39.5592002868652
-495 0 0 1.1065399646759 39.640998840332
-496 0 0 1.10690999031067 39.7228012084961
-497 0 0 1.10729002952576 39.8047981262207
-498 0 0 1.10767996311188 39.8867988586426
-499 0 0 1.10808002948761 39.9688987731934
-500 13 4 1.10848999023438 40.0511016845703
-501 0 0 1.10890996456146 40.1333999633789
-502 0 0 1.10933005809784 40.2156982421875
-503 0 0 1.10977005958557 40.2981986999512
-504 0 0 1.11020994186401 40.3806991577148
-505 0 0 1.11065995693207 40.4632987976074
-506 0 0 1.11112999916077 40.5460014343262
-507 0 0 1.11159002780914 40.6287994384766
-508 0 0 1.11206996440887 40.7117004394531
-509 0 0 1.11256003379822 40.7946014404297
-510 0 0 1.11305999755859 40.8776016235352
-511 0 0 1.11355996131897 40.9607009887695
-512 0 0 1.11407005786896 41.0438995361328
-513 0 0 1.11459004878998 41.1272010803223
-514 0 0 1.11512005329132 41.2106018066406
-515 0 0 1.1156599521637 41.2939987182617
-516 0 0 1.11620998382568 41.3776016235352
-517 0 0 1.11677002906799 41.4612007141113
-518 0 0 1.11732995510101 41.5448989868164
-519 0 0 1.11791002750397 41.6286010742188
-520 0 0 1.11848998069763 41.7125015258789
-521 0 0 1.11907994747162 41.7963981628418
-522 0 0 1.11968004703522 41.880500793457
-523 0 0 1.12028002738953 41.964599609375
-524 0 0 1.12090003490448 42.0488014221191
-525 0 0 1.12152004241943 42.132999420166
-526 0 0 1.12215995788574 42.217399597168
-527 0 0 1.12279999256134 42.3017997741699
-528 0 0 1.12345004081726 42.3862991333008
-529 0 0 1.12410998344421 42.4709014892578
-530 0 0 1.12477004528046 42.5555992126465
-531 0 0 1.12545001506805 42.6403007507324
-532 0 0 1.12612998485565 42.7252006530762
-533 0 0 1.12681996822357 42.8101005554199
-534 0 0 1.12751996517181 42.8950996398926
-535 0 0 1.12822997570038 42.9802017211914
-536 0 0 1.12894999980927 43.065299987793
-537 0 0 1.12968003749847 43.1506004333496
-538 0 0 1.13040995597839 43.2359008789063
-539 0 0 1.13115000724792 43.3213005065918
-540 0 0 1.13189995288849 43.4067001342773
-541 0 0 1.13266003131866 43.4922981262207
-542 0 0 1.13343000411987 43.5778999328613
-543 0 0 1.1342099905014 43.6636009216309
-544 0 0 1.13498997688293 43.7494010925293
-545 0 0 1.13577997684479 43.8353004455566
-546 0 0 1.13657999038696 43.921199798584
-547 0 0 1.13739001750946 44.0071983337402
-548 0 0 1.13821005821228 44.0932998657227
-549 0 0 1.13902997970581 44.179500579834
-550 14 4 1.13987004756927 44.2657012939453
-551 0 0 1.14070999622345 44.3520011901855
-552 0 0 1.14155995845795 44.4384002685547
-553 0 0 1.14241003990173 44.5248985290527
-554 0 0 1.14328002929688 44.611499786377
-555 0 0 1.14415001869202 44.6981010437012
-556 0 0 1.1450400352478 44.7848014831543
-557 0 0 1.14593005180359 44.8716011047363
-558 0 0 1.14682996273041 44.9584007263184
-559 0 0 1.14772999286652 45.0452995300293
-560 0 0 1.14865005016327 45.1323013305664
-561 0 0 1.14956998825073 45.2193984985352
-562 0 0 1.15050005912781 45.3065986633301
-563 0 0 1.15144002437592 45.393798828125
-564 0 0 1.15239000320435 45.4810981750488
-565 0 0 1.15333998203278 45.5684013366699
-566 0 0 1.15429997444153 45.6558990478516
-567 0 0 1.1552699804306 45.7434005737305
-568 0 0 1.15625 45.8310012817383
-569 0 0 1.15724003314972 45.9185981750488
-570 0 0 1.15822994709015 46.0063018798828
-571 0 0 1.15924000740051 46.0941009521484
-572 0 0 1.16024994850159 46.181999206543
-573 0 0 1.16127002239227 46.2699012756348
-574 0 0 1.16228997707367 46.3578987121582
-575 0 0 1.16332995891571 46.4459991455078
-576 0 0 1.16436994075775 46.5340995788574
-577 0 0 1.1654200553894 46.6222991943359
-578 0 0 1.1664799451828 46.7106018066406
-579 0 0 1.16753995418549 46.798999786377
-580 0 0 1.16860997676849 46.8874015808105
-581 0 0 1.16970002651215 46.9758987426758
-582 0 0 1.17077994346619 47.0643997192383
-583 0 0 1.17188000679016 47.1529998779297
-584 0 0 1.17298996448517 47.24169921875
-585 0 0 1.17410004138947 47.3305015563965
-586 0 0 1.17522001266479 47.4193000793457
-587 0 0 1.17633998394012 47.5082015991211
-588 0 0 1.1774799823761 47.5970993041992
-589 0 0 1.17861998081207 47.6861000061035
-590 0 0 1.17976999282837 47.7751998901367
-591 0 0 1.18093001842499 47.8642997741699
-592 0 0 1.18210005760193 47.953498840332
-593 0 0 1.18326997756958 48.0428009033203
-594 0 0 1.18445003032684 48.1320991516113
-595 0 0 1.18563997745514 48.2215003967285
-596 0 0 1.18684005737305 48.3110008239746
-597 0 0 1.18804001808167 48.4005012512207
-598 0 0 1.18924999237061 48.4901008605957
-599 0 0 1.19046998023987 48.5797004699707
-600 15 4 1.19168996810913 48.6693992614746
-601 0 0 1.19292998313904 48.7592010498047
-602 0 0 1.19416999816895 48.8489990234375
-603 0 0 1.19542002677917 48.9388999938965
-604 0 0 1.1966700553894 49.0289001464844
-605 0 0 1.19793999195099 49.1189002990723
-606 0 0 1.19921004772186 49.2089004516602
-607 0 0 1.20048999786377 49.2990989685059
-608 0 0 1.20176994800568 49.3891983032227
-609 0 0 1.20307004451752 49.4794998168945
-610 0 0 1.20437002182007 49.5698013305664
-611 0 0 1.20566999912262 49.660099029541
-612 0 0 1.20699000358582 49.7504997253418
-613 0 0 1.20831000804901 49.8409996032715
-614 0 0 1.20964002609253 49.9314994812012
-615 0 0 1.21098005771637 50.0220985412598
-616 0 0 1.21231997013092 50.1128005981445
-617 0 0 1.21367001533508 50.2033996582031
-618 0 0 1.21502995491028 50.2942008972168
-619 0 0 1.21640002727509 50.3849983215332
-620 0 0 1.2177699804306 50.4757995605469
-621 0 0 1.21914994716644 50.5667991638184
-622 0 0 1.22054004669189 50.6576995849609
-623 0 0 1.22193002700806 50.7486991882324
-624 0 0 1.22334003448486 50.8398017883301
-625 0 0 1.22474002838135 50.9309005737305
-626 0 0 1.22616004943848 51.0220985412598
-627 0 0 1.22757995128632 51.1133003234863
-628 0 0 1.22900998592377 51.2046012878418
-629 0 0 1.23045003414154 51.2958984375
-630 0 0 1.23189997673035 51.3872985839844
-631 0 0 1.23335003852844 51.4786987304688
-632 0 0 1.23480999469757 51.5702018737793
-633 0 0 1.2362699508667 51.6617012023926
-634 0 0 1.23774003982544 51.7532997131348
-635 0 0 1.23922002315521 51.844898223877
-636 0 0 1.24071002006531 51.9365997314453
-637 0 0 1.2422000169754 52.0283012390137
-638 0 0 1.24370002746582 52.1200981140137
-639 0 0 1.24521005153656 52.2118988037109
-640 0 0 1.24671995639801 52.3037986755371
-641 0 0 1.24825000762939 52.3956985473633
-642 0 0 1.24977004528046 52.4875984191895
-643 0 0 1.25130999088287 52.5796012878418
-644 0 0 1.25285005569458 52.6716995239258
-645 0 0 1.25440001487732 52.763801574707
-646 0 0 1.25594997406006 52.855899810791
-647 0 0 1.25751996040344 52.9481010437012
-648 0 0 1.25908994674683 53.0402984619141
-649 0 0 1.2606600522995 53.1325988769531
-650 16 4 1.26224005222321 53.2248992919922
-651 0 0 1.26382994651794 53.3172988891602
-652 0 0 1.26542997360229 53.4096984863281
-653 0 0 1.26703000068665 53.5021018981934
-654 0 0 1.26864004135132 53.5946006774902
-655 0 0 1.27025997638702 53.687198638916
-656 0 0 1.27188003063202 53.7797012329102
-657 0 0 1.27350997924805 53.8722991943359
-658 0 0 1.2751499414444 53.9650001525879
-659 0 0 1.27679002285004 54.0577011108398
-660 0 0 1.27843999862671 54.1503982543945
-661 0 0 1.28008997440338 54.2431983947754
-662 0 0 1.2817599773407 54.3359985351563
-663 0 0 1.28342998027802 54.4289016723633
-664 0 0 1.28509998321533 54.521800994873
-665 0 0 1.28677999973297 54.6147003173828
-666 0 0 1.28847002983093 54.7076988220215
-667 0 0 1.29016995429993 54.8007011413574
-668 0 0 1.29186999797821 54.8936996459961
-669 0 0 1.29358005523682 54.9868011474609
-670 0 0 1.29528999328613 55.0798988342285
-671 0 0 1.29701995849609 55.1730995178223
-672 0 0 1.29874002933502 55.266300201416
-673 0 0 1.30048000812531 55.3595008850098
-674 0 0 1.30221998691559 55.4528007507324
-675 0 0 1.30396997928619 55.5461006164551
-676 0 0 1.3057199716568 55.6394004821777
-677 0 0 1.30747997760773 55.7327995300293
-678 0 0 1.30924999713898 55.8261985778809
-679 0 0 1.31102001667023 55.9196014404297
-680 0 0 1.3128000497818 56.0130996704102
-681 0 0 1.31457996368408 56.1066017150879
-682 0 0 1.31637001037598 56.2001991271973
-683 0 0 1.3181699514389 56.293701171875
-684 0 0 1.31998002529144 56.3874015808105
-685 0 0 1.32178997993469 56.4809989929199
-686 0 0 1.32360005378723 56.5746994018555
-687 0 0 1.32543003559113 56.668399810791
-688 0 0 1.32726001739502 56.7621002197266
-689 0 0 1.32908999919891 56.855899810791
-690 0 0 1.33094000816345 56.9496994018555
-691 0 0 1.33278000354767 57.0434989929199
-692 0 0 1.33464002609253 57.1374015808105
-693 0 0 1.33650004863739 57.2313003540039
-694 0 0 1.33836996555328 57.3251991271973
-695 0 0 1.34024000167847 57.4191017150879
-696 0 0 1.34212005138397 57.5130996704102
-697 0 0 1.34399998188019 57.6071014404297
-698 0 0 1.34589004516602 57.7011985778809
-699 0 0 1.34779000282288 57.7952003479004
-700 17 4 1.34969997406006 57.8893013000488
-701 0 0 1.35160994529724 57.9833984375
-702 0 0 1.35352003574371 58.0775985717773
-703 0 0 1.35544002056122 58.1717987060547
-704 0 0 1.35737001895905 58.265998840332
-705 0 0 1.35931003093719 58.3601989746094
-706 0 0 1.36125004291534 58.4544982910156
-707 0 0 1.36319005489349 58.5488014221191
-708 0 0 1.36513996124268 58.6431007385254
-709 0 0 1.36710000038147 58.7374000549316
-710 0 0 1.36907005310059 58.8317985534668
-711 0 0 1.37103998661041 58.9262008666992
-712 0 0 1.37301003932953 59.0205993652344
-713 0 0 1.375 59.1150016784668
-714 0 0 1.37697994709015 59.2094993591309
-715 0 0 1.37898004055023 59.3040008544922
-716 0 0 1.38098001480103 59.3984985351563
-717 0 0 1.38297998905182 59.4930000305176
-718 0 0 1.38499999046326 59.5876007080078
-719 0 0 1.38700997829437 59.682201385498
-720 0 0 1.38903999328613 59.776798248291
-721 0 0 1.39107000827789 59.8713989257813
-722 0 0 1.39310002326965 59.9660987854004
-723 0 0 1.39514005184174 60.0606994628906
-724 0 0 1.39718997478485 60.1553993225098
-725 0 0 1.39924001693726 60.2501983642578
-726 0 0 1.40129995346069 60.344898223877
-727 0 0 1.40337002277374 60.4397010803223
-728 0 0 1.4054399728775 60.5344009399414
-729 0 0 1.40751004219055 60.6291999816895
-730 0 0 1.40960001945496 60.7240982055664
-731 0 0 1.41167998313904 60.8189010620117
-732 0 0 1.41377997398376 60.9137992858887
-733 0 0 1.41587996482849 61.0087013244629
-734 0 0 1.41797995567322 61.1035995483398
-735 0 0 1.42008996009827 61.1985015869141
-736 0 0 1.42220997810364 61.2934989929199
-737 0 0 1.42432999610901 61.3884010314941
-738 0 0 1.4264600276947 61.4833984375
-739 0 0 1.4285900592804 61.5783996582031
-740 0 0 1.43072998523712 61.6734008789063
-741 0 0 1.43288004398346 61.7685012817383
-742 0 0 1.43502998352051 61.8634986877441
-743 0 0 1.43719005584717 61.9585990905762
-744 0 0 1.43935000896454 62.0536994934082
-745 0 0 1.44151997566223 62.1487998962402
-746 0 0 1.44368994235992 62.2439994812012
-747 0 0 1.44587004184723 62.3390998840332
-748 0 0 1.44805002212524 62.4342994689941
-749 0 0 1.45024001598358 62.5294990539551
-750 18 4 1.45244002342224 62.624698638916
-751 0 0 1.4546400308609 62.719898223877
-752 0 0 1.45685005187988 62.8151016235352
-753 0 0 1.45905995368958 62.9103012084961
-754 0 0 1.46127998828888 63.0055999755859
-755 0 0 1.46350002288818 63.1008987426758
-756 0 0 1.46572995185852 63.1962013244629
-757 0 0 1.46797001361847 63.2915000915527
-758 0 0 1.47020995616913 63.3867988586426
-759 0 0 1.4724600315094 63.4822006225586
-760 0 0 1.47470998764038 63.5774993896484
-761 0 0 1.47696995735168 63.6729011535645
-762 0 0 1.47923004627228 63.7682991027832
-763 0 0 1.4815000295639 63.8637008666992
-764 0 0 1.48377001285553 63.959098815918
-765 0 0 1.48605000972748 64.0544967651367
-766 0 0 1.48834002017975 64.1500015258789
-767 0 0 1.49063003063202 64.2453994750977
-768 0 0 1.49292004108429 64.3408966064453
-769 0 0 1.49521994590759 64.4364013671875
-770 0 0 1.49752998352051 64.5317993164063
-771 0 0 1.49984002113342 64.6274032592773
-772 0 0 1.50215995311737 64.722900390625
-773 0 0 1.50448000431061 64.8183975219727
-774 0 0 1.50680994987488 64.9140014648438
-775 0 0 1.50915002822876 65.0094985961914
-776 0 0 1.51148998737335 65.1051025390625
-777 0 0 1.51382994651794 65.2006988525391
-778 0 0 1.51618003845215 65.2963027954102
-779 0 0 1.51854002475739 65.3918991088867
-780 0 0 1.52090001106262 65.4875030517578
-781 0 0 1.52327001094818 65.5830993652344
-782 0 0 1.52564001083374 65.6787033081055
-783 0 0 1.52802002429962 65.7743988037109
-784 0 0 1.5304000377655 65.870002746582
-785 0 0 1.53278994560242 65.9656982421875
-786 0 0 1.53517997264862 66.0614013671875
-787 0 0 1.53758001327515 66.157096862793
-788 0 0 1.53998005390167 66.252799987793
-789 0 0 1.54238998889923 66.348503112793
-790 0 0 1.5448100566864 66.4441986083984
-791 0 0 1.54723000526428 66.5400009155273
-792 0 0 1.54965996742249 66.6356964111328
-793 0 0 1.55209004878998 66.7314987182617
-794 0 0 1.55452001094818 66.8272018432617
-795 0 0 1.55697000026703 66.9229965209961
-796 0 0 1.55940997600555 67.018798828125
-797 0 0 1.5618599653244 67.114501953125
-798 0 0 1.56431996822357 67.2102966308594
-799 0 0 1.56678998470306 67.3061981201172
-800 19 4 1.56924998760223 67.4020004272461
-801 0 0 1.57173001766205 67.497802734375
-802 0 0 1.57421004772186 67.5935974121094
-803 0 0 1.57668995857239 67.6894989013672
-804 0 0 1.57918000221252 67.7853012084961
-805 0 0 1.58168005943298 67.8812026977539
-806 0 0 1.58417999744415 67.9769973754883
-807 0 0 1.58668005466461 68.0728988647461
-808 0 0 1.5891900062561 68.1688003540039
-809 0 0 1.59170997142792 68.2647018432617
-810 0 0 1.59423005580902 68.3604965209961
-811 0 0 1.59676003456116 68.4563980102539
-812 0 0 1.59929001331329 68.5523986816406
-813 0 0 1.60183000564575 68.6483001708984
-814 0 0 1.60436999797821 68.7442016601563
-815 0 0 1.60692000389099 68.8401031494141
-816 0 0 1.60947000980377 68.9359970092773
-817 0 0 1.61203002929688 69.0319976806641
-818 0 0 1.61459004878998 69.1278991699219
-819 0 0 1.61715996265411 69.2238998413086
-820 0 0 1.61972999572754 69.3198013305664
-821 0 0 1.62231004238129 69.4158020019531
-822 0 0 1.62488996982574 69.5118026733398
-823 0 0 1.62748003005981 69.6078033447266
-824 0 0 1.63007998466492 69.7036972045898
-825 0 0 1.63268005847931 69.7996978759766
-826 0 0 1.63528001308441 69.8956985473633
-827 0 0 1.63788998126984 69.99169921875
-828 0 0 1.64050996303558 70.0876998901367
-829 0 0 1.64312994480133 70.1837005615234
-830 0 0 1.64576005935669 70.2797012329102
-831 0 0 1.64839005470276 70.3758010864258
-832 0 0 1.65102005004883 70.4718017578125
-833 0 0 1.65366005897522 70.5678024291992
-834 0 0 1.65630996227264 70.6638031005859
-835 0 0 1.65895998477936 70.7599029541016
-836 0 0 1.66162002086639 70.8559036254883
-837 0 0 1.66428005695343 70.9520034790039
-838 0 0 1.6669499874115 71.0479965209961
-839 0 0 1.66962003707886 71.1440963745117
-840 0 0 1.67229998111725 71.2400970458984
-841 0 0 1.67498004436493 71.3361968994141
-842 0 0 1.67767000198364 71.4322967529297
-843 0 0 1.68035995960236 71.5282974243164
-844 0 0 1.68306005001068 71.624397277832
-845 0 0 1.68577003479004 71.7204971313477
-846 0 0 1.6884800195694 71.8164978027344
-847 0 0 1.69119000434875 71.91259765625
-848 0 0 1.69391000270844 72.0086975097656
-849 0 0 1.69663000106812 72.1047973632813
-850 20 4 1.69936001300812 72.2008972167969
-851 0 0 1.70210003852844 72.2969970703125
-852 0 0 1.70483994483948 72.3930969238281
-853 0 0 1.7075799703598 72.4891967773438
-854 0 0 1.71033000946045 72.5852966308594
-855 0 0 1.71308994293213 72.681396484375
-856 0 0 1.7158499956131 72.7774963378906
-857 0 0 1.71861004829407 72.8735961914063
-858 0 0 1.72137999534607 72.9697036743164
-859 0 0 1.72415995597839 73.065803527832
-860 0 0 1.72694003582001 73.1620025634766
-861 0 0 1.72973001003265 73.2581024169922
-862 0 0 1.7325199842453 73.3542022705078
-863 0 0 1.73530995845795 73.4503021240234
-864 0 0 1.73810994625092 73.546501159668
-865 0 0 1.74091994762421 73.6426010131836
-866 0 0 1.7437299489975 73.7387008666992
-867 0 0 1.74654996395111 73.8348007202148
-868 0 0 1.74936997890472 73.9309997558594
-869 0 0 1.75220000743866 74.027099609375
-870 0 0 1.7550300359726 74.1231994628906
-871 0 0 1.75786995887756 74.2193984985352
-872 0 0 1.76071000099182 74.3154983520508
-873 0 0 1.7635600566864 74.4115982055664
-874 0 0 1.76640999317169 74.5077972412109
-875 0 0 1.7692699432373 74.6038970947266
-876 0 0 1.77213001251221 74.7001037597656
-877 0 0 1.77499997615814 74.7962036132813
-878 0 0 1.7778799533844 74.8923034667969
-879 0 0 1.78075003623962 74.9885025024414
-880 0 0 1.7836400270462 75.084602355957
-881 0 0 1.78653001785278 75.1808013916016
-882 0 0 1.78942000865936 75.2769012451172
-883 0 0 1.79232001304626 75.3731002807617
-884 0 0 1.79522001743317 75.4692001342773
-885 0 0 1.79813003540039 75.565299987793
-886 0 0 1.80104994773865 75.6614990234375
-887 0 0 1.80396997928619 75.7575988769531
-888 0 0 1.80689001083374 75.8537979125977
-889 0 0 1.80982005596161 75.9498977661133
-890 0 0 1.81275999546051 76.0460968017578
-891 0 0 1.8157000541687 76.1421966552734
-892 0 0 1.8186399936676 76.2384033203125
-893 0 0 1.82158994674683 76.3345031738281
-894 0 0 1.82455003261566 76.4306030273438
-895 0 0 1.82750999927521 76.5268020629883
-896 0 0 1.83047997951508 76.6229019165039
-897 0 0 1.83344995975494 76.7191009521484
-898 0 0 1.8364200592041 76.8152008056641
-899 0 0 1.83940994739532 76.9113006591797
-900 21 4 1.84238994121552 77.0074996948242
-901 0 0 1.84537994861603 77.1035995483398
-902 0 0 1.84837996959686 77.1997985839844
-903 0 0 1.8513799905777 77.2958984375
-904 0 0 1.85439002513885 77.3919982910156
-905 0 0 1.85739994049072 77.4881973266602
-906 0 0 1.8604199886322 77.5842971801758
-907 0 0 1.86344003677368 77.6803970336914
-908 0 0 1.86646997928619 77.7766036987305
-909 0 0 1.869500041008 77.8727035522461
-910 0 0 1.87253999710083 77.9688034057617
-911 0 0 1.87557995319366 78.0649032592773
-912 0 0 1.87863004207611 78.1611022949219
-913 0 0 1.88169002532959 78.2572021484375
-914 0 0 1.88473999500275 78.3533020019531
-915 0 0 1.88780999183655 78.4494018554688
-916 0 0 1.89087998867035 78.5455017089844
-917 0 0 1.89394998550415 78.6416015625
-918 0 0 1.89702999591827 78.7378005981445
-919 0 0 1.90012001991272 78.8339004516602
-920 0 0 1.90321004390717 78.9300003051758
-921 0 0 1.90629994869232 79.0261001586914
-922 0 0 1.90939998626709 79.122200012207
-923 0 0 1.91251003742218 79.2182998657227
-924 0 0 1.91561996936798 79.3143997192383
-925 0 0 1.91873002052307 79.4104995727539
-926 0 0 1.92184996604919 79.5065994262695
-927 0 0 1.92498004436493 79.6026992797852
-928 0 0 1.92811000347137 79.6987991333008
-929 0 0 1.93124997615814 79.7947998046875
-930 0 0 1.93438994884491 79.8908996582031
-931 0 0 1.93754005432129 79.9869995117188
-932 0 0 1.94069004058838 80.0830993652344
-933 0 0 1.94384002685547 80.17919921875
-934 0 0 1.9470100402832 80.2751998901367
-935 0 0 1.95017004013062 80.3712997436523
-936 0 0 1.95334994792938 80.467399597168
-937 0 0 1.95652997493744 80.5634002685547
-938 0 0 1.9597100019455 80.6595001220703
-939 0 0 1.96290004253387 80.7555999755859
-940 0 0 1.96608996391296 80.8516006469727
-941 0 0 1.96929001808167 80.9477005004883
-942 0 0 1.97248995304108 81.043701171875
-943 0 0 1.9757000207901 81.1398010253906
-944 0 0 1.97891998291016 81.2358016967773
-945 0 0 1.98213994503021 81.3318023681641
-946 0 0 1.98536002635956 81.4279022216797
-947 0 0 1.98859000205994 81.5239028930664
-948 0 0 1.99182999134064 81.6199035644531
-949 0 0 1.99506998062134 81.7160034179688
-950 22 4 1.99831998348236 81.8119964599609
-951 0 0 2.00156998634338 81.9079971313477
-952 0 0 2.00482988357544 82.0039978027344
-953 0 0 2.00809001922607 82.0999984741211
-954 0 0 2.01134991645813 82.1959991455078
-955 0 0 2.01463007926941 82.2919998168945
-956 0 0 2.01789999008179 82.3880004882813
-957 0 0 2.02118992805481 82.484001159668
-958 0 0 2.02448010444641 82.5800018310547
-959 0 0 2.02777004241943 82.6760025024414
-960 0 0 2.03106999397278 82.7720031738281
-961 0 0 2.03436994552612 82.8678970336914
-962 0 0 2.03767991065979 82.9638977050781
-963 0 0 2.04099988937378 83.0598983764648
-964 0 0 2.04432010650635 83.1557998657227
-965 0 0 2.04764008522034 83.2518005371094
-966 0 0 2.05097007751465 83.3478012084961
-967 0 0 2.05431008338928 83.4437026977539
-968 0 0 2.05765008926392 83.5397033691406
-969 0 0 2.06100010871887 83.6355972290039
-970 0 0 2.06434988975525 83.7314987182617
-971 0 0 2.06770992279053 83.8274993896484
-972 0 0 2.07106995582581 83.9234008789063
-973 0 0 2.07444000244141 84.0193023681641
-974 0 0 2.07781004905701 84.1151962280273
-975 0 0 2.08119010925293 84.2110977172852
-976 0 0 2.08456993103027 84.3070983886719
-977 0 0 2.08796000480652 84.4029998779297
-978 0 0 2.09135007858276 84.4989013671875
-979 0 0 2.09474992752075 84.5947036743164
-980 0 0 2.09816002845764 84.6905975341797
-981 0 0 2.10156989097595 84.7864990234375
-982 0 0 2.10499000549316 84.8824005126953
-983 0 0 2.1084098815918 84.9783020019531
-984 0 0 2.11184000968933 85.0740966796875
-985 0 0 2.11526989936829 85.1699981689453
-986 0 0 2.11870002746582 85.2658004760742
-987 0 0 2.12214994430542 85.361701965332
-988 0 0 2.1256000995636 85.4574966430664
-989 0 0 2.1290500164032 85.5533981323242
-990 0 0 2.13250994682312 85.6492004394531
-991 0 0 2.13597011566162 85.745002746582
-992 0 0 2.13944005966187 85.8408966064453
-993 0 0 2.14292001724243 85.9366989135742
-994 0 0 2.146399974823 86.0325012207031
-995 0 0 2.14988994598389 86.128303527832
-996 0 0 2.15337991714478 86.2240982055664
-997 0 0 2.15686988830566 86.3199005126953
-998 0 0 2.1603798866272 86.4157028198242
-999 0 0 2.16388988494873 86.5114974975586
-1000 23 9 2.16739988327026 86.6072006225586
