-1000 43 9 -5.30441999435425 -15.1300001144409
-999 0 0 -5.29906988143921 -15.1280002593994
-998 0 0 -5.29371023178101 -15.1260004043579
-997 0 0 -5.28835010528564 -15.1240997314453
-996 0 0 -5.28298997879028 -15.1220998764038
-995 0 0 -5.27763986587524 -15.1201000213623
-994 0 0 -5.27228021621704 -15.1181001663208
-993 0 0 -5.26692008972168 -15.1161003112793
-992 0 0 -5.26155996322632 -15.1141996383667
-991 0 0 -5.25619983673096 -15.1121997833252
-990 0 0 -5.25083017349243 -15.1101999282837
-989 0 0 -5.24547004699707 -15.1082000732422
-988 0 0 -5.24010992050171 -15.1061000823975
-987 0 0 -5.23473978042603 -15.104100227356
-986 0 0 -5.22938013076782 -15.1021003723145
-985 0 0 -5.22400999069214 -15.1000995635986
-984 0 0 -5.21863985061646 -15.0980997085571
-983 0 0 -5.21328020095825 -15.0959997177124
-982 0 0 -5.20791006088257 -15.0939998626709
-981 0 0 -5.20253992080688 -15.0918998718262
-980 0 0 -5.1971697807312 -15.0899000167847
-979 0 0 -5.19180011749268 -15.0879001617432
-978 0 0 -5.18642997741699 -15.0858001708984
-977 0 0 -5.18105983734131 -15.0837001800537
-976 0 0 -5.17568016052246 -15.0817003250122
-975 0 0 -5.17031002044678 -15.0796003341675
-974 0 0 -5.16493988037109 -15.0775003433228
-973 0 0 -5.15956020355225 -15.075400352478
-972 0 0 -5.15418004989624 -15.0733995437622
-971 0 0 -5.14880990982056 -15.0712995529175
-970 0 0 -5.14343023300171 -15.0691995620728
-969 0 0 -5.1380500793457 -15.067099571228
-968 0 0 -5.1326699256897 -15.0649995803833
-967 0 0 -5.12728977203369 -15.0628995895386
-966 0 0 -5.12191009521484 -15.0607995986938
-965 0 0 -5.11652994155884 -15.0586004257202
-964 0 0 -5.11114978790283 -15.0565004348755
-963 0 0 -5.10577011108398 -15.0544004440308
-962 0 0 -5.10037994384766 -15.052300453186
-961 0 0 -5.09499979019165 -15.0501003265381
-960 0 0 -5.08961009979248 -15.0480003356934
-959 0 0 -5.08422994613647 -15.0458002090454
-958 0 0 -5.07883977890015 -15.0437002182007
-957 0 0 -5.07345008850098 -15.0415000915527
-956 0 0 -5.06805992126465 -15.039400100708
-955 0 0 -5.06267976760864 -15.0371999740601
-954 0 0 -5.05729007720947 -15.0349998474121
-953 0 0 -5.05189990997314 -15.0327997207642
-952 0 0 -5.04650020599365 -15.0306997299194
-951 0 0 -5.04111003875732 -15.0284996032715
-950 42 4 -5.035719871521 -15.0263004302979
-949 0 0 -5.0303201675415 -15.0241003036499
-948 0 0 -5.02493000030518 -15.021900177002
-947 0 0 -5.01952981948853 -15.019700050354
-946 0 0 -5.01414012908936 -15.0174999237061
-945 0 0 -5.00873994827271 -15.0151996612549
-944 0 0 -5.00333976745605 -15.0129995346069
-943 0 0 -4.99795007705688 -15.0108003616333
-942 0 0 -4.99254989624023 -15.0085000991821
-941 0 0 -4.98715019226074 -15.0062999725342
-940 0 0 -4.98173999786377 -15.0040998458862
-939 0 0 -4.97633981704712 -15.0017995834351
-938 0 0 -4.97094011306763 -14.9996004104614
-937 0 0 -4.96553993225098 -14.9973001480103
-936 0 0 -4.96013021469116 -14.9949998855591
-935 0 0 -4.95473003387451 -14.9927997589111
-934 0 0 -4.94931983947754 -14.9905004501343
-933 0 0 -4.94392013549805 -14.9882001876831
-932 0 0 -4.93850994110107 -14.9858999252319
-931 0 0 -4.93310022354126 -14.9835996627808
-930 0 0 -4.92769002914429 -14.9813003540039
-929 0 0 -4.92227983474731 -14.9790000915527
-928 0 0 -4.9168701171875 -14.9766998291016
-927 0 0 -4.91145992279053 -14.9743995666504
-926 0 0 -4.90605020523071 -14.9721002578735
-925 0 0 -4.90062999725342 -14.9696998596191
-924 0 0 -4.89521980285645 -14.967399597168
-923 0 0 -4.88981008529663 -14.9651002883911
-922 0 0 -4.88438987731934 -14.9626998901367
-921 0 0 -4.8789701461792 -14.9603996276855
-920 0 0 -4.87355995178223 -14.9580001831055
-919 0 0 -4.86814022064209 -14.9556999206543
-918 0 0 -4.86272001266479 -14.9533004760742
-917 0 0 -4.8572998046875 -14.9509000778198
-916 0 0 -4.85188007354736 -14.9484996795654
-915 0 0 -4.84645986557007 -14.9461002349854
-914 0 0 -4.84104013442993 -14.9437999725342
-913 0 0 -4.83560991287231 -14.9413995742798
-912 0 0 -4.83019018173218 -14.9390001296997
-911 0 0 -4.82476997375488 -14.9365997314453
-910 0 0 -4.81934022903442 -14.934100151062
-909 0 0 -4.81392002105713 -14.9316997528076
-908 0 0 -4.80848979949951 -14.9293003082275
-907 0 0 -4.80306005477905 -14.9268999099731
-906 0 0 -4.79762983322144 -14.9244003295898
-905 0 0 -4.79220008850098 -14.9219999313354
-904 0 0 -4.78676986694336 -14.9195003509521
-903 0 0 -4.7813401222229 -14.9170999526978
-902 0 0 -4.77590990066528 -14.9146003723145
-901 0 0 -4.77048015594482 -14.9120998382568
-900 41 4 -4.76503992080688 -14.9097003936768
-899 0 0 -4.75961017608643 -14.9071998596191
-898 0 0 -4.75416994094849 -14.9047002792358
-897 0 0 -4.74874019622803 -14.9021997451782
-896 0 0 -4.74329996109009 -14.8997001647949
-895 0 0 -4.73786020278931 -14.8971996307373
-894 0 0 -4.73241996765137 -14.894700050354
-893 0 0 -4.72699022293091 -14.8922004699707
-892 0 0 -4.72154998779297 -14.8895998001099
-891 0 0 -4.71610021591187 -14.8871002197266
-890 0 0 -4.71065998077393 -14.8845996856689
-889 0 0 -4.70522022247314 -14.8819999694824
-888 0 0 -4.69977998733521 -14.8795003890991
-887 0 0 -4.6943302154541 -14.8768997192383
-886 0 0 -4.68888998031616 -14.874400138855
-885 0 0 -4.68344020843506 -14.8718004226685
-884 0 0 -4.6779899597168 -14.8691997528076
-883 0 0 -4.67255020141602 -14.8666000366211
-882 0 0 -4.66709995269775 -14.8640003204346
-881 0 0 -4.66165018081665 -14.8613996505737
-880 0 0 -4.65619993209839 -14.8587999343872
-879 0 0 -4.65075016021729 -14.8562002182007
-878 0 0 -4.6452898979187 -14.8535995483398
-877 0 0 -4.6398401260376 -14.8509998321533
-876 0 0 -4.63438987731934 -14.8484001159668
-875 0 0 -4.62893009185791 -14.8457002639771
-874 0 0 -4.62347984313965 -14.8430995941162
-873 0 0 -4.61802005767822 -14.8403997421265
-872 0 0 -4.61255979537964 -14.8378000259399
-871 0 0 -4.60710000991821 -14.8351001739502
-870 0 0 -4.60165023803711 -14.8324003219604
-869 0 0 -4.59618997573853 -14.8297996520996
-868 0 0 -4.59072017669678 -14.8270998001099
-867 0 0 -4.58525991439819 -14.8243999481201
-866 0 0 -4.57980012893677 -14.8217000961304
-865 0 0 -4.57433986663818 -14.8190002441406
-864 0 0 -4.56887006759644 -14.8163003921509
-863 0 0 -4.56340980529785 -14.8135995864868
-862 0 0 -4.5579400062561 -14.8107995986938
-861 0 0 -4.55248022079468 -14.8080997467041
-860 0 0 -4.54700994491577 -14.8053998947144
-859 0 0 -4.54154014587402 -14.8025999069214
-858 0 0 -4.53606986999512 -14.7997999191284
-857 0 0 -4.53060007095337 -14.7971000671387
-856 0 0 -4.52512979507446 -14.7943000793457
-855 0 0 -4.51965999603271 -14.7915000915527
-854 0 0 -4.51418018341064 -14.788800239563
-853 0 0 -4.50870990753174 -14.78600025177
-852 0 0 -4.50323009490967 -14.7832002639771
-851 0 0 -4.49775981903076 -14.7804002761841
-850 40 4 -4.49228000640869 -14.7775001525879
-849 0 0 -4.48680019378662 -14.7747001647949
-848 0 0 -4.48132991790771 -14.771900177002
-847 0 0 -4.47585010528564 -14.7690000534058
-846 0 0 -4.47036981582642 -14.7662000656128
-845 0 0 -4.46489000320435 -14.7634000778198
-844 0 0 -4.45940017700195 -14.7604999542236
-843 0 0 -4.45391988754272 -14.7575998306274
-842 0 0 -4.44844007492065 -14.7546997070313
-841 0 0 -4.4429497718811 -14.7518997192383
-840 0 0 -4.43746995925903 -14.7489995956421
-839 0 0 -4.43198013305664 -14.7461004257202
-838 0 0 -4.42648983001709 -14.743200302124
-837 0 0 -4.4210000038147 -14.7403001785278
-836 0 0 -4.41552019119263 -14.7372999191284
-835 0 0 -4.41002988815308 -14.7343997955322
-834 0 0 -4.40453004837036 -14.731499671936
-833 0 0 -4.39904022216797 -14.7285003662109
-832 0 0 -4.39354991912842 -14.7256002426147
-831 0 0 -4.38806009292603 -14.7225999832153
-830 0 0 -4.38255977630615 -14.7195997238159
-829 0 0 -4.37706995010376 -14.7166004180908
-828 0 0 -4.37157011032104 -14.7137002944946
-827 0 0 -4.36606979370117 -14.7107000350952
-826 0 0 -4.36056995391846 -14.7076997756958
-825 0 0 -4.35507011413574 -14.7047004699707
-824 0 0 -4.34956979751587 -14.7016000747681
-823 0 0 -4.34406995773315 -14.6985998153687
-822 0 0 -4.33857011795044 -14.6955995559692
-821 0 0 -4.33306980133057 -14.6925001144409
-820 0 0 -4.32755994796753 -14.6894998550415
-819 0 0 -4.32206010818481 -14.6864004135132
-818 0 0 -4.31654977798462 -14.6833000183105
-817 0 0 -4.3110499382019 -14.6802997589111
-816 0 0 -4.30554008483887 -14.6772003173828
-815 0 0 -4.30003023147583 -14.6740999221802
-814 0 0 -4.29451990127563 -14.6709995269775
-813 0 0 -4.2890100479126 -14.6679000854492
-812 0 0 -4.28350019454956 -14.6646995544434
-811 0 0 -4.27798986434937 -14.661600112915
-810 0 0 -4.27246999740601 -14.6584997177124
-809 0 0 -4.26696014404297 -14.6553001403809
-808 0 0 -4.26143980026245 -14.6521997451782
-807 0 0 -4.25592994689941 -14.6490001678467
-806 0 0 -4.25041007995605 -14.6457996368408
-805 0 0 -4.2448902130127 -14.6426000595093
-804 0 0 -4.23936986923218 -14.6393995285034
-803 0 0 -4.23385000228882 -14.6361999511719
-802 0 0 -4.22833013534546 -14.6330003738403
-801 0 0 -4.22280979156494 -14.6297998428345
-800 39 4 -4.21728992462158 -14.6266002655029
-799 0 0 -4.21177005767822 -14.6232995986938
-798 0 0 -4.20624017715454 -14.6201000213623
-797 0 0 -4.2007098197937 -14.6168003082275
-796 0 0 -4.19518995285034 -14.6134996414185
-795 0 0 -4.18966007232666 -14.6103000640869
-794 0 0 -4.18413019180298 -14.6070003509521
-793 0 0 -4.17859983444214 -14.6036996841431
-792 0 0 -4.17306995391846 -14.6003999710083
-791 0 0 -4.16754007339478 -14.5971002578735
-790 0 0 -4.16201019287109 -14.5937004089355
-789 0 0 -4.15646982192993 -14.5903997421265
-788 0 0 -4.15093994140625 -14.5871000289917
-787 0 0 -4.14540004730225 -14.5837001800537
-786 0 0 -4.13987016677856 -14.5803003311157
-785 0 0 -4.1343297958374 -14.5769996643066
-784 0 0 -4.1287899017334 -14.5735998153687
-783 0 0 -4.12325000762939 -14.5701999664307
-782 0 0 -4.11771011352539 -14.5668001174927
-781 0 0 -4.11217021942139 -14.5634002685547
-780 0 0 -4.10662984848022 -14.5600004196167
-779 0 0 -4.1010799407959 -14.5565004348755
-778 0 0 -4.09554004669189 -14.5530996322632
-777 0 0 -4.08999013900757 -14.549599647522
-776 0 0 -4.08444976806641 -14.546199798584
-775 0 0 -4.07889986038208 -14.5426998138428
-774 0 0 -4.07334995269775 -14.5391998291016
-773 0 0 -4.06780004501343 -14.5356998443604
-772 0 0 -4.0622501373291 -14.5321998596191
-771 0 0 -4.05670022964478 -14.5286998748779
-770 0 0 -4.05114984512329 -14.5251998901367
-769 0 0 -4.04558992385864 -14.5215997695923
-768 0 0 -4.04004001617432 -14.5180997848511
-767 0 0 -4.03448009490967 -14.5144996643066
-766 0 0 -4.02893018722534 -14.5109996795654
-765 0 0 -4.02336978912354 -14.507399559021
-764 0 0 -4.01780986785889 -14.5038003921509
-763 0 0 -4.01224994659424 -14.5002002716064
-762 0 0 -4.00669002532959 -14.496600151062
-761 0 0 -4.00113010406494 -14.4930000305176
-760 0 0 -3.99556994438171 -14.4892997741699
-759 0 0 -3.99000000953674 -14.4856996536255
-758 0 0 -3.98444008827209 -14.4820003509521
-757 0 0 -3.97886991500854 -14.4784002304077
-756 0 0 -3.97329998016357 -14.4746999740601
-755 0 0 -3.96774005889893 -14.4709997177124
-754 0 0 -3.96216988563538 -14.4673004150391
-753 0 0 -3.95659995079041 -14.4636001586914
-752 0 0 -3.95103001594543 -14.4597997665405
-751 0 0 -3.94545006752014 -14.4561004638672
-750 38 4 -3.93987989425659 -14.4524002075195
-749 0 0 -3.93430995941162 -14.4485998153687
-748 0 0 -3.92873001098633 -14.4448003768921
-747 0 0 -3.92315006256104 -14.4411001205444
-746 0 0 -3.91757988929749 -14.4372997283936
-745 0 0 -3.91199994087219 -14.433500289917
-744 0 0 -3.9064199924469 -14.4295997619629
-743 0 0 -3.90084004402161 -14.4258003234863
-742 0 0 -3.89525008201599 -14.4219999313354
-741 0 0 -3.88966989517212 -14.4181003570557
-740 0 0 -3.88408994674683 -14.4142999649048
-739 0 0 -3.87849998474121 -14.410400390625
-738 0 0 -3.87292003631592 -14.4064998626709
-737 0 0 -3.8673300743103 -14.4026002883911
-736 0 0 -3.86174011230469 -14.398699760437
-735 0 0 -3.85614991188049 -14.3948001861572
-734 0 0 -3.85055994987488 -14.3908004760742
-733 0 0 -3.84496998786926 -14.3868999481201
-732 0 0 -3.83938002586365 -14.3829002380371
-731 0 0 -3.83378005027771 -14.3788995742798
-730 0 0 -3.82819008827209 -14.3748998641968
-729 0 0 -3.82259011268616 -14.3709001541138
-728 0 0 -3.81698989868164 -14.3669004440308
-727 0 0 -3.8113899230957 -14.3628997802734
-726 0 0 -3.80579996109009 -14.3589000701904
-725 0 0 -3.80018997192383 -14.3548002243042
-724 0 0 -3.79458999633789 -14.350700378418
-723 0 0 -3.78899002075195 -14.3466997146606
-722 0 0 -3.78339004516602 -14.3425998687744
-721 0 0 -3.77778005599976 -14.3385000228882
-720 0 0 -3.7721700668335 -14.334400177002
-719 0 0 -3.76657009124756 -14.3302001953125
-718 0 0 -3.7609601020813 -14.3261003494263
-717 0 0 -3.75535011291504 -14.3219003677368
-716 0 0 -3.7497398853302 -14.3177995681763
-715 0 0 -3.74412989616394 -14.3135995864868
-714 0 0 -3.73850989341736 -14.3093996047974
-713 0 0 -3.7328999042511 -14.3051996231079
-712 0 0 -3.72727990150452 -14.3009004592896
-711 0 0 -3.72166991233826 -14.2966995239258
-710 0 0 -3.71604990959167 -14.2924003601074
-709 0 0 -3.71042990684509 -14.288200378418
-708 0 0 -3.70480990409851 -14.2839002609253
-707 0 0 -3.69918990135193 -14.2796001434326
-706 0 0 -3.69356989860535 -14.2753000259399
-705 0 0 -3.68793988227844 -14.2709999084473
-704 0 0 -3.68232011795044 -14.2665996551514
-703 0 0 -3.67669010162354 -14.2622995376587
-702 0 0 -3.67106008529663 -14.2579002380371
-701 0 0 -3.66544008255005 -14.2534999847412
-700 37 4 -3.65981006622314 -14.2490997314453
-699 0 0 -3.65418004989624 -14.2447004318237
-698 0 0 -3.64854001998901 -14.2403001785278
-697 0 0 -3.64291000366211 -14.2357997894287
-696 0 0 -3.63727998733521 -14.2313995361328
-695 0 0 -3.63163995742798 -14.226900100708
-694 0 0 -3.62599992752075 -14.2223997116089
-693 0 0 -3.62036991119385 -14.2179002761841
-692 0 0 -3.61472988128662 -14.213399887085
-691 0 0 -3.60909008979797 -14.2089004516602
-690 0 0 -3.60345005989075 -14.2042999267578
-689 0 0 -3.5978000164032 -14.1997995376587
-688 0 0 -3.59215998649597 -14.1951999664307
-687 0 0 -3.58650994300842 -14.1906003952026
-686 0 0 -3.5808699131012 -14.1859998703003
-685 0 0 -3.57522010803223 -14.181300163269
-684 0 0 -3.56957006454468 -14.1766996383667
-683 0 0 -3.56392002105713 -14.1719999313354
-682 0 0 -3.55826997756958 -14.1674003601074
-681 0 0 -3.55260992050171 -14.1626996994019
-680 0 0 -3.54696011543274 -14.1579999923706
-679 0 0 -3.54131007194519 -14.1533002853394
-678 0 0 -3.53565001487732 -14.1485004425049
-677 0 0 -3.52998995780945 -14.1437997817993
-676 0 0 -3.52432990074158 -14.1389999389648
-675 0 0 -3.51867008209229 -14.1342000961304
-674 0 0 -3.51301002502441 -14.1294002532959
-673 0 0 -3.50734996795654 -14.1246004104614
-672 0 0 -3.50167989730835 -14.1197004318237
-671 0 0 -3.49602007865906 -14.1148996353149
-670 0 0 -3.49035000801086 -14.1099996566772
-669 0 0 -3.48467993736267 -14.1050996780396
-668 0 0 -3.47901010513306 -14.1001996994019
-667 0 0 -3.47334003448486 -14.0952997207642
-666 0 0 -3.46766996383667 -14.0902996063232
-665 0 0 -3.46199989318848 -14.0853996276855
-664 0 0 -3.45632004737854 -14.0804004669189
-663 0 0 -3.45064997673035 -14.075400352478
-662 0 0 -3.44496989250183 -14.0704002380371
-661 0 0 -3.43929004669189 -14.0654001235962
-660 0 0 -3.43360996246338 -14.0602998733521
-659 0 0 -3.42793011665344 -14.0551996231079
-658 0 0 -3.42225003242493 -14.0502004623413
-657 0 0 -3.41655993461609 -14.0451002120972
-656 0 0 -3.41088008880615 -14.0398998260498
-655 0 0 -3.40518999099731 -14.0347995758057
-654 0 0 -3.39949989318848 -14.0296001434326
-653 0 0 -3.39381003379822 -14.0244998931885
-652 0 0 -3.38811993598938 -14.0193004608154
-651 0 0 -3.38243007659912 -14.0139999389648
-650 36 4 -3.37673997879028 -14.0087995529175
-649 0 0 -3.3710401058197 -14.0036001205444
-648 0 0 -3.36533999443054 -13.9982995986938
-647 0 0 -3.3596498966217 -13.9930000305176
-646 0 0 -3.35395002365112 -13.9877004623413
-645 0 0 -3.34824991226196 -13.9822998046875
-644 0 0 -3.34254002571106 -13.9770002365112
-643 0 0 -3.3368399143219 -13.9715995788574
-642 0 0 -3.33114004135132 -13.9661998748779
-641 0 0 -3.32542991638184 -13.9608001708984
-640 0 0 -3.31972002983093 -13.9554004669189
-639 0 0 -3.31400990486145 -13.9498996734619
-638 0 0 -3.30830001831055 -13.9444999694824
-637 0 0 -3.30258989334106 -13.9390001296997
-636 0 0 -3.29688000679016 -13.933500289917
-635 0 0 -3.29116010665894 -13.9279003143311
-634 0 0 -3.28544998168945 -13.9224004745483
-633 0 0 -3.27973008155823 -13.9167995452881
-632 0 0 -3.27400994300842 -13.9111995697021
-631 0 0 -3.2682900428772 -13.9055995941162
-630 0 0 -3.26256990432739 -13.8999004364014
-629 0 0 -3.25683999061584 -13.8943004608154
-628 0 0 -3.25112009048462 -13.8886003494263
-627 0 0 -3.24538993835449 -13.8829002380371
-626 0 0 -3.23966002464294 -13.8772001266479
-625 0 0 -3.2339301109314 -13.8713998794556
-624 0 0 -3.22819995880127 -13.8655996322632
-623 0 0 -3.22247004508972 -13.8598003387451
-622 0 0 -3.21673989295959 -13.8540000915527
-621 0 0 -3.21099996566772 -13.8481998443604
-620 0 0 -3.20526003837585 -13.8423004150391
-619 0 0 -3.19952988624573 -13.8365001678467
-618 0 0 -3.19378995895386 -13.8305997848511
-617 0 0 -3.18804001808167 -13.8246002197266
-616 0 0 -3.18230009078979 -13.818699836731
-615 0 0 -3.17655992507935 -13.8127002716064
-614 0 0 -3.17080998420715 -13.8066997528076
-613 0 0 -3.16506004333496 -13.8007001876831
-612 0 0 -3.15931010246277 -13.7945995330811
-611 0 0 -3.153559923172 -13.7885999679565
-610 0 0 -3.1478099822998 -13.7825002670288
-609 0 0 -3.14205002784729 -13.7763996124268
-608 0 0 -3.1363000869751 -13.7701997756958
-607 0 0 -3.130539894104 -13.7639999389648
-606 0 0 -3.12477993965149 -13.7579002380371
-605 0 0 -3.11901998519897 -13.7516002655029
-604 0 0 -3.11326003074646 -13.745400428772
-603 0 0 -3.10750007629395 -13.7391004562378
-602 0 0 -3.10173010826111 -13.7328996658325
-601 0 0 -3.09595990180969 -13.7264995574951
-600 35 4 -3.09018993377686 -13.7201995849609
-599 0 0 -3.08441996574402 -13.7138004302979
-598 0 0 -3.07864999771118 -13.7074003219604
-597 0 0 -3.07288002967834 -13.701000213623
-596 0 0 -3.06710004806519 -13.6946001052856
-595 0 0 -3.06133008003235 -13.688099861145
-594 0 0 -3.05555009841919 -13.6815996170044
-593 0 0 -3.04977011680603 -13.6751003265381
-592 0 0 -3.04397988319397 -13.6684999465942
-591 0 0 -3.03819990158081 -13.6619997024536
-590 0 0 -3.03240990638733 -13.6554002761841
-589 0 0 -3.02662992477417 -13.648699760437
-588 0 0 -3.02083992958069 -13.6421003341675
-587 0 0 -3.01504993438721 -13.6353998184204
-586 0 0 -3.00925993919373 -13.6287002563477
-585 0 0 -3.00345993041992 -13.6218996047974
-584 0 0 -2.99765992164612 -13.6152000427246
-583 0 0 -2.99186992645264 -13.6084003448486
-582 0 0 -2.98606991767883 -13.6014995574951
-581 0 0 -2.98026990890503 -13.5946998596191
-580 0 0 -2.9744598865509 -13.5878000259399
-579 0 0 -2.96866011619568 -13.5809001922607
-578 0 0 -2.96285009384155 -13.5739002227783
-577 0 0 -2.95704007148743 -13.5670003890991
-576 0 0 -2.9512300491333 -13.5600004196167
-575 0 0 -2.94542002677917 -13.5529003143311
-574 0 0 -2.93961000442505 -13.5459003448486
-573 0 0 -2.9337899684906 -13.538800239563
-572 0 0 -2.92796993255615 -13.5317001342773
-571 0 0 -2.9221498966217 -13.5244998931885
-570 0 0 -2.91633009910583 -13.5172996520996
-569 0 0 -2.91051006317139 -13.5101003646851
-568 0 0 -2.90468001365662 -13.5029001235962
-567 0 0 -2.89885997772217 -13.4955997467041
-566 0 0 -2.8930299282074 -13.4883003234863
-565 0 0 -2.88720011711121 -13.4809999465942
-564 0 0 -2.88136005401611 -13.4736003875732
-563 0 0 -2.87553000450134 -13.4661998748779
-562 0 0 -2.86968994140625 -13.4588003158569
-561 0 0 -2.86385989189148 -13.4512996673584
-560 0 0 -2.85801005363464 -13.4437999725342
-559 0 0 -2.85216999053955 -13.43630027771
-558 0 0 -2.84632992744446 -13.4287004470825
-557 0 0 -2.84048008918762 -13.4210996627808
-556 0 0 -2.83463001251221 -13.4134998321533
-555 0 0 -2.82877993583679 -13.4057998657227
-554 0 0 -2.82293009757996 -13.398099899292
-553 0 0 -2.81708002090454 -13.3903999328613
-552 0 0 -2.8112199306488 -13.3825998306274
-551 0 0 -2.80536007881165 -13.3747997283936
-550 34 4 -2.79949998855591 -13.3669004440308
-549 0 0 -2.79363989830017 -13.3591003417969
-548 0 0 -2.78777003288269 -13.3512001037598
-547 0 0 -2.78190994262695 -13.3431997299194
-546 0 0 -2.77604007720947 -13.3352003097534
-545 0 0 -2.77016997337341 -13.3271999359131
-544 0 0 -2.76429009437561 -13.3191995620728
-543 0 0 -2.75841999053955 -13.3111000061035
-542 0 0 -2.75254011154175 -13.3029003143311
-541 0 0 -2.74665999412537 -13.2947998046875
-540 0 0 -2.74078011512756 -13.286600112915
-539 0 0 -2.73489999771118 -13.2783002853394
-538 0 0 -2.72901010513306 -13.2700996398926
-537 0 0 -2.72311997413635 -13.2616996765137
-536 0 0 -2.71723008155823 -13.253399848938
-535 0 0 -2.71133995056152 -13.2449998855591
-534 0 0 -2.7054500579834 -13.236499786377
-533 0 0 -2.69954991340637 -13.228099822998
-532 0 0 -2.69365000724792 -13.2195997238159
-531 0 0 -2.68775010108948 -13.2110004425049
-530 0 0 -2.68183994293213 -13.2024002075195
-529 0 0 -2.67594003677368 -13.1937999725342
-528 0 0 -2.67003011703491 -13.1850996017456
-527 0 0 -2.66411995887756 -13.1764001846313
-526 0 0 -2.65821003913879 -13.1675996780396
-525 0 0 -2.6522901058197 -13.1588001251221
-524 0 0 -2.64636993408203 -13.1499996185303
-523 0 0 -2.64046001434326 -13.1410999298096
-522 0 0 -2.63453006744385 -13.1322002410889
-521 0 0 -2.62860989570618 -13.1232004165649
-520 0 0 -2.62267994880676 -13.1141996383667
-519 0 0 -2.61675000190735 -13.1050996780396
-518 0 0 -2.61082005500793 -13.0959997177124
-517 0 0 -2.60489010810852 -13.0868997573853
-516 0 0 -2.59894990921021 -13.0776996612549
-515 0 0 -2.59300994873047 -13.0684995651245
-514 0 0 -2.58706998825073 -13.0592002868652
-513 0 0 -2.58112001419067 -13.0499000549316
-512 0 0 -2.57518005371094 -13.0404996871948
-511 0 0 -2.56923007965088 -13.0311002731323
-510 0 0 -2.56328010559082 -13.0215997695923
-509 0 0 -2.55732011795044 -13.0121002197266
-508 0 0 -2.5513699054718 -13.0025997161865
-507 0 0 -2.54540991783142 -12.9930000305176
-506 0 0 -2.53944993019104 -12.9833002090454
-505 0 0 -2.53347992897034 -12.9736003875732
-504 0 0 -2.52750992774963 -12.9638996124268
-503 0 0 -2.52153992652893 -12.9540996551514
-502 0 0 -2.51556992530823 -12.9441995620728
-501 0 0 -2.50959992408752 -12.9343004226685
-500 33 4 -2.5036199092865 -12.9244003295898
-499 0 0 -2.49763989448547 -12.914400100708
-498 0 0 -2.49166011810303 -12.9042997360229
-497 0 0 -2.48567008972168 -12.8942003250122
-496 0 0 -2.47968006134033 -12.8840999603271
-495 0 0 -2.47369003295898 -12.8739004135132
-494 0 0 -2.46768999099731 -12.8635997772217
-493 0 0 -2.46169996261597 -12.8533000946045
-492 0 0 -2.4556999206543 -12.8430004119873
-491 0 0 -2.44970011711121 -12.8325004577637
-490 0 0 -2.44369006156921 -12.8220996856689
-489 0 0 -2.43768000602722 -12.8114995956421
-488 0 0 -2.43166995048523 -12.8009996414185
-487 0 0 -2.42565989494324 -12.7903003692627
-486 0 0 -2.4196400642395 -12.7796001434326
-485 0 0 -2.41361999511719 -12.7688999176025
-484 0 0 -2.40759992599487 -12.7580995559692
-483 0 0 -2.40157008171082 -12.747200012207
-482 0 0 -2.39553999900818 -12.7363004684448
-481 0 0 -2.38950991630554 -12.7252998352051
-480 0 0 -2.38347005844116 -12.7143001556396
-479 0 0 -2.37743997573853 -12.703200340271
-478 0 0 -2.37140011787415 -12.6920003890991
-477 0 0 -2.36535000801086 -12.6808004379272
-476 0 0 -2.35929989814758 -12.6695995330811
-475 0 0 -2.35325002670288 -12.6582002639771
-474 0 0 -2.3471999168396 -12.6468000411987
-473 0 0 -2.34114003181458 -12.6353998184204
-472 0 0 -2.33507990837097 -12.62380027771
-471 0 0 -2.32902002334595 -12.6122999191284
-470 0 0 -2.32294988632202 -12.6006002426147
-469 0 0 -2.31687998771667 -12.5888996124268
-468 0 0 -2.31081008911133 -12.5770998001099
-467 0 0 -2.30472993850708 -12.565299987793
-466 0 0 -2.29865002632141 -12.5534000396729
-465 0 0 -2.29257011413574 -12.5413999557495
-464 0 0 -2.28647994995117 -12.5293998718262
-463 0 0 -2.28039002418518 -12.5172004699707
-462 0 0 -2.27430009841919 -12.5051002502441
-461 0 0 -2.2681999206543 -12.4927997589111
-460 0 0 -2.26209998130798 -12.4805002212524
-459 0 0 -2.25600004196167 -12.4680995941162
-458 0 0 -2.24989008903503 -12.4556999206543
-457 0 0 -2.24377989768982 -12.4430999755859
-456 0 0 -2.23766994476318 -12.4305000305176
-455 0 0 -2.23154997825623 -12.4179000854492
-454 0 0 -2.22543001174927 -12.4050998687744
-453 0 0 -2.21930003166199 -12.3922996520996
-452 0 0 -2.21317005157471 -12.3794002532959
-451 0 0 -2.20704007148743 -12.3664999008179
-450 32 4 -2.20091009140015 -12.3534002304077
-449 0 0 -2.19476008415222 -12.3402996063232
-448 0 0 -2.18862009048462 -12.3270998001099
-447 0 0 -2.18247008323669 -12.3138999938965
-446 0 0 -2.17632007598877 -12.3004999160767
-445 0 0 -2.17017006874084 -12.2870998382568
-444 0 0 -2.1640100479126 -12.2735996246338
-443 0 0 -2.15784001350403 -12.2600002288818
-442 0 0 -2.15167999267578 -12.2462997436523
-441 0 0 -2.14549994468689 -12.2326002120972
-440 0 0 -2.13932991027832 -12.2187995910645
-439 0 0 -2.13315010070801 -12.2047996520996
-438 0 0 -2.12697005271912 -12.1907997131348
-437 0 0 -2.1207799911499 -12.1767997741699
-436 0 0 -2.11458992958069 -12.1625995635986
-435 0 0 -2.10839009284973 -12.1484003067017
-434 0 0 -2.1021900177002 -12.1339998245239
-433 0 0 -2.09598994255066 -12.1196002960205
-432 0 0 -2.08978009223938 -12.1050996780396
-431 0 0 -2.0835599899292 -12.0904998779297
-430 0 0 -2.07734990119934 -12.0757999420166
-429 0 0 -2.07112002372742 -12.0609998703003
-428 0 0 -2.06489992141724 -12.0460996627808
-427 0 0 -2.05867004394531 -12.0312004089355
-426 0 0 -2.05242991447449 -12.0160999298096
-425 0 0 -2.04619002342224 -12.0009002685547
-424 0 0 -2.03994989395142 -11.9856996536255
-423 0 0 -2.03369998931885 -11.9702997207642
-422 0 0 -2.02745008468628 -11.9548997879028
-421 0 0 -2.02118992805481 -11.9393997192383
-420 0 0 -2.0149199962616 -11.9237003326416
-419 0 0 -2.00866007804871 -11.9079999923706
-418 0 0 -2.00237989425659 -11.8921003341675
-417 0 0 -1.99610996246338 -11.87619972229
-416 0 0 -1.98982000350952 -11.8601999282837
-415 0 0 -1.98354005813599 -11.8439998626709
-414 0 0 -1.97724997997284 -11.8277997970581
-413 0 0 -1.97095000743866 -11.8114004135132
-412 0 0 -1.96465003490448 -11.7948999404907
-411 0 0 -1.95834004878998 -11.7784004211426
-410 0 0 -1.95202994346619 -11.7616996765137
-409 0 0 -1.94570994377136 -11.7448997497559
-408 0 0 -1.93938994407654 -11.7279996871948
-407 0 0 -1.93306005001068 -11.7110004425049
-406 0 0 -1.92672002315521 -11.6939001083374
-405 0 0 -1.92039000988007 -11.6766004562378
-404 0 0 -1.91403996944427 -11.6592998504639
-403 0 0 -1.90769004821777 -11.6417999267578
-402 0 0 -1.90134000778198 -11.6241998672485
-401 0 0 -1.89497995376587 -11.606499671936
-400 31 4 -1.88861000537872 -11.5887002944946
-399 0 0 -1.88224005699158 -11.5707998275757
-398 0 0 -1.87585997581482 -11.5527000427246
-397 0 0 -1.86948001384735 -11.5345001220703
-396 0 0 -1.86309003829956 -11.5162000656128
-395 0 0 -1.85669004917145 -11.4977998733521
-394 0 0 -1.85028994083405 -11.4792003631592
-393 0 0 -1.84388995170593 -11.4604997634888
-392 0 0 -1.83747005462646 -11.4416999816895
-391 0 0 -1.83106005191803 -11.4226999282837
-390 0 0 -1.82463002204895 -11.4035997390747
-389 0 0 -1.81819999217987 -11.3844003677368
-388 0 0 -1.81175994873047 -11.3649997711182
-387 0 0 -1.80532002449036 -11.3456001281738
-386 0 0 -1.79886996746063 -11.3259000778198
-385 0 0 -1.79241001605988 -11.3062000274658
-384 0 0 -1.78594994544983 -11.2861995697021
-383 0 0 -1.77947998046875 -11.2662000656128
-382 0 0 -1.77300000190735 -11.246000289917
-381 0 0 -1.76652002334595 -11.225700378418
-380 0 0 -1.76003003120422 -11.2052001953125
-379 0 0 -1.7535400390625 -11.1844997406006
-378 0 0 -1.74703001976013 -11.163800239563
-377 0 0 -1.74052000045776 -11.1428003311157
-376 0 0 -1.7340099811554 -11.1217002868652
-375 0 0 -1.72748005390167 -11.1005001068115
-374 0 0 -1.72095000743866 -11.0790996551514
-373 0 0 -1.71441996097565 -11.0574998855591
-372 0 0 -1.70787000656128 -11.0357999801636
-371 0 0 -1.70132005214691 -11.0138998031616
-370 0 0 -1.69475996494293 -10.9919004440308
-369 0 0 -1.68818998336792 -10.9696998596191
-368 0 0 -1.68162000179291 -10.9472999572754
-367 0 0 -1.67504000663757 -10.9247999191284
-366 0 0 -1.66844999790192 -10.902099609375
-365 0 0 -1.66184997558594 -10.8791999816895
-364 0 0 -1.65524005889893 -10.8562002182007
-363 0 0 -1.64863002300262 -10.8329000473022
-362 0 0 -1.642009973526 -10.8094997406006
-361 0 0 -1.63538002967834 -10.7859001159668
-360 0 0 -1.62873995304108 -10.7622003555298
-359 0 0 -1.6220999956131 -10.7382001876831
-358 0 0 -1.61544001102448 -10.7140998840332
-357 0 0 -1.60878002643585 -10.6898002624512
-356 0 0 -1.60211002826691 -10.6653003692627
-355 0 0 -1.59543001651764 -10.6406002044678
-354 0 0 -1.58875000476837 -10.6156997680664
-353 0 0 -1.58204996585846 -10.5906000137329
-352 0 0 -1.57535004615784 -10.565299987793
-351 0 0 -1.56862998008728 -10.5397996902466
-350 30 4 -1.56191003322601 -10.5142002105713
-349 0 0 -1.55517995357513 -10.4883003234863
-348 0 0 -1.54843997955322 -10.4622001647949
-347 0 0 -1.54168999195099 -10.4358997344971
-346 0 0 -1.53492999076843 -10.4093999862671
-345 0 0 -1.52815997600555 -10.3825998306274
-344 0 0 -1.52138996124268 -10.3556995391846
-343 0 0 -1.51460003852844 -10.3284997940063
-342 0 0 -1.5077999830246 -10.3011999130249
-341 0 0 -1.50100004673004 -10.2735996246338
-340 0 0 -1.49417996406555 -10.2456998825073
-339 0 0 -1.48736000061035 -10.2177000045776
-338 0 0 -1.48052000999451 -10.1893997192383
-337 0 0 -1.47367000579834 -10.1609001159668
-336 0 0 -1.46682000160217 -10.1322002410889
-335 0 0 -1.45994997024536 -10.1031999588013
-334 0 0 -1.45308005809784 -10.0739002227783
-333 0 0 -1.44618999958038 -10.0445003509521
-332 0 0 -1.43929004669189 -10.0148000717163
-331 0 0 -1.43237996101379 -9.98480987548828
-330 0 0 -1.42546999454498 -9.95460033416748
-329 0 0 -1.41854000091553 -9.92413997650146
-328 0 0 -1.41159999370575 -9.89342975616455
-327 0 0 -1.40463995933533 -9.86244964599609
-326 0 0 -1.39768004417419 -9.83121967315674
-325 0 0 -1.39070999622345 -9.79971981048584
-324 0 0 -1.38372004032135 -9.7679500579834
-323 0 0 -1.37672996520996 -9.73591995239258
-322 0 0 -1.36971998214722 -9.70361042022705
-321 0 0 -1.36269998550415 -9.67103004455566
-320 0 0 -1.35566997528076 -9.63817024230957
-319 0 0 -1.34862995147705 -9.60503005981445
-318 0 0 -1.34157001972198 -9.57159996032715
-317 0 0 -1.33449995517731 -9.53789043426514
-316 0 0 -1.3274199962616 -9.50389003753662
-315 0 0 -1.32033002376556 -9.46959018707275
-314 0 0 -1.31323003768921 -9.4350004196167
-313 0 0 -1.30611002445221 -9.40011024475098
-312 0 0 -1.29899001121521 -9.36491966247559
-311 0 0 -1.29183995723724 -9.32942962646484
-310 0 0 -1.28469002246857 -9.29362964630127
-309 0 0 -1.27751994132996 -9.2575101852417
-308 0 0 -1.27034997940063 -9.22109031677246
-307 0 0 -1.26314997673035 -9.18433952331543
-306 0 0 -1.25594997406006 -9.14727973937988
-305 0 0 -1.24872994422913 -9.10988998413086
-304 0 0 -1.24150002002716 -9.07217979431152
-303 0 0 -1.23424994945526 -9.03413963317871
-302 0 0 -1.22698998451233 -8.99577045440674
-301 0 0 -1.21972000598907 -8.95705986022949
-300 29 4 -1.2124400138855 -8.91802024841309
-299 0 0 -1.20513999462128 -8.87864017486572
-298 0 0 -1.19782996177673 -8.83891010284424
-297 0 0 -1.19050002098083 -8.79883003234863
-296 0 0 -1.18315994739532 -8.75841045379639
-295 0 0 -1.17579996585846 -8.71763038635254
-294 0 0 -1.16843998432159 -8.67650032043457
-293 0 0 -1.16104996204376 -8.635009765625
-292 0 0 -1.15366005897522 -8.59315967559814
-291 0 0 -1.14625000953674 -8.550950050354
-290 0 0 -1.13882005214691 -8.5083703994751
-289 0 0 -1.13137996196747 -8.46541976928711
-288 0 0 -1.12392997741699 -8.42210006713867
-287 0 0 -1.11645996570587 -8.37839984893799
-286 0 0 -1.10897994041443 -8.33432960510254
-285 0 0 -1.10148000717163 -8.28987979888916
-284 0 0 -1.09396994113922 -8.24505043029785
-283 0 0 -1.08643996715546 -8.19983959197998
-282 0 0 -1.07889997959137 -8.15423965454102
-281 0 0 -1.07134997844696 -8.10824966430664
-280 0 0 -1.06377995014191 -8.06188011169434
-279 0 0 -1.0561900138855 -8.01511001586914
-278 0 0 -1.04858994483948 -7.96794986724854
-277 0 0 -1.04097998142242 -7.92039012908936
-276 0 0 -1.03334999084473 -7.87242984771729
-275 0 0 -1.02570998668671 -7.82407999038696
-274 0 0 -1.01804995536804 -7.77533006668091
-273 0 0 -1.01038002967834 -7.72618007659912
-272 0 0 -1.00268995761871 -7.67662000656128
-271 0 0 -0.994988977909088 -7.62665987014771
-270 0 0 -0.987272977828979 -7.57630014419556
-269 0 0 -0.979542970657349 -7.5255298614502
-268 0 0 -0.97179901599884 -7.47434997558594
-267 0 0 -0.964039981365204 -7.42277002334595
-266 0 0 -0.95626699924469 -7.37079000473022
-265 0 0 -0.948480010032654 -7.31838989257813
-264 0 0 -0.940679013729095 -7.26559019088745
-263 0 0 -0.932865023612976 -7.21238994598389
-262 0 0 -0.925036013126373 -7.15878009796143
-261 0 0 -0.917194008827209 -7.10476016998291
-260 0 0 -0.909336984157562 -7.05033016204834
-259 0 0 -0.901467978954315 -6.99551010131836
-258 0 0 -0.893585026264191 -6.94027996063232
-257 0 0 -0.88568902015686 -6.88465023040771
-256 0 0 -0.877780020236969 -6.82861995697021
-255 0 0 -0.869857013225555 -6.77219009399414
-254 0 0 -0.861922025680542 -6.71536016464233
-253 0 0 -0.853974997997284 -6.65814018249512
-252 0 0 -0.846014976501465 -6.60052013397217
-251 0 0 -0.838042020797729 -6.54252004623413
-250 28 4 -0.830057978630066 -6.48412990570068
-249 0 0 -0.822061002254486 -6.42535018920898
-248 0 0 -0.814052999019623 -6.36618995666504
-247 0 0 -0.80603301525116 -6.30665016174316
-246 0 0 -0.798002004623413 -6.24673986434937
-245 0 0 -0.789960026741028 -6.18646001815796
-244 0 0 -0.781906008720398 -6.12581014633179
-243 0 0 -0.773841977119446 -6.06478977203369
-242 0 0 -0.765767991542816 -6.00341987609863
-241 0 0 -0.757682979106903 -5.94167995452881
-240 0 0 -0.749588012695313 -5.87960004806519
-239 0 0 -0.741482973098755 -5.81717014312744
-238 0 0 -0.73336797952652 -5.75440979003906
-237 0 0 -0.725243985652924 -5.69129991531372
-236 0 0 -0.717110991477966 -5.6278600692749
-235 0 0 -0.708968997001648 -5.56409978866577
-234 0 0 -0.700818002223969 -5.50001001358032
-233 0 0 -0.692659020423889 -5.43560981750488
-232 0 0 -0.684490978717804 -5.37090015411377
-231 0 0 -0.676315009593964 -5.30589008331299
-230 0 0 -0.668130993843079 -5.2405800819397
-229 0 0 -0.659940004348755 -5.17498016357422
-228 0 0 -0.651741027832031 -5.10908985137939
-227 0 0 -0.643535017967224 -5.04292011260986
-226 0 0 -0.635321021080017 -4.97648000717163
-225 0 0 -0.627101004123688 -4.90977001190186
-224 0 0 -0.618875026702881 -4.84280014038086
-223 0 0 -0.610641002655029 -4.77556991577148
-222 0 0 -0.602401971817017 -4.70809984207153
-221 0 0 -0.594156980514526 -4.64038991928101
-220 0 0 -0.585905015468597 -4.5724401473999
-219 0 0 -0.577647984027863 -4.50426006317139
-218 0 0 -0.569386005401611 -4.43586015701294
-217 0 0 -0.561118006706238 -4.3672399520874
-216 0 0 -0.552845001220703 -4.29841995239258
-215 0 0 -0.544565975666046 -4.22939014434814
-214 0 0 -0.536283016204834 -4.16016006469727
-213 0 0 -0.527994990348816 -4.09075021743774
-212 0 0 -0.519702017307281 -4.0211501121521
-211 0 0 -0.511404991149902 -3.95138001441956
-210 0 0 -0.503103017807007 -3.88142991065979
-209 0 0 -0.494796991348267 -3.81132006645203
-208 0 0 -0.486485987901688 -3.74105000495911
-207 0 0 -0.47817200422287 -3.67061996459961
-206 0 0 -0.469853013753891 -3.60004997253418
-205 0 0 -0.461531013250351 -3.52934002876282
-204 0 0 -0.45320400595665 -3.45848989486694
-203 0 0 -0.444873005151749 -3.38751006126404
-202 0 0 -0.436538994312286 -3.31641006469727
-201 0 0 -0.428200989961624 -3.24518990516663
-200 27 4 -0.419858992099762 -3.1738600730896
-199 0 0 -0.4115130007267 -3.10241007804871
-198 0 0 -0.403163999319077 -3.03086996078491
-197 0 0 -0.394811004400253 -2.95921993255615
-196 0 0 -0.386453986167908 -2.88748002052307
-195 0 0 -0.378093987703323 -2.81565999984741
-194 0 0 -0.369729995727539 -2.74374008178711
-193 0 0 -0.361362993717194 -2.67175006866455
-192 0 0 -0.352991998195648 -2.59968996047974
-191 0 0 -0.344617009162903 -2.52754998207092
-190 0 0 -0.336239010095596 -2.45533990859985
-189 0 0 -0.327856987714767 -2.38306999206543
-188 0 0 -0.319471001625061 -2.31073999404907
-187 0 0 -0.311080992221832 -2.2383599281311
-186 0 0 -0.302688002586365 -2.16592001914978
-185 0 0 -0.294290989637375 -2.09344005584717
-184 0 0 -0.285890012979507 -2.02091002464294
-183 0 0 -0.277485996484756 -1.9483300447464
-182 0 0 -0.269077003002167 -1.87572002410889
-181 0 0 -0.260664999485016 -1.80306994915009
-180 0 0 -0.252249002456665 -1.73038995265961
-179 0 0 -0.243827998638153 -1.65768003463745
-178 0 0 -0.235403999686241 -1.58492994308472
-177 0 0 -0.226976007223129 -1.51216995716095
-176 0 0 -0.218544006347656 -1.43938004970551
-175 0 0 -0.210106998682022 -1.3665599822998
-174 0 0 -0.201666995882988 -1.29373002052307
-173 0 0 -0.193222001194954 -1.22088003158569
-172 0 0 -0.184772998094559 -1.14802002906799
-171 0 0 -0.176320001482964 -1.07513999938965
-170 0 0 -0.167861998081207 -1.0022599697113
-169 0 0 -0.159400001168251 -0.929358005523682
-168 0 0 -0.150933995842934 -0.856451988220215
-167 0 0 -0.142463997006416 -0.783537983894348
-166 0 0 -0.133990004658699 -0.71061897277832
-165 0 0 -0.125511005520821 -0.637696027755737
-164 0 0 -0.117026999592781 -0.56476902961731
-163 0 0 -0.108539998531342 -0.491840004920959
-162 0 0 -0.100047998130322 -0.418909996747971
-161 0 0 -0.0915518999099731 -0.345979988574982
-160 0 0 -0.0830515027046204 -0.273050993680954
-159 0 0 -0.0745469033718109 -0.200123995542526
-158 0 0 -0.0660381019115448 -0.127197995781898
-157 0 0 -0.057525098323822 -0.0542761012911797
-156 0 0 -0.0490081012248993 0.0186425000429153
-155 0 0 -0.0404869988560677 0.091557003557682
-154 0 0 -0.0319619998335838 0.164467006921768
-153 0 0 -0.0234329998493195 0.237370997667313
-152 0 0 -0.0149002000689507 0.310270994901657
-151 0 0 -0.00636376021429896 0.38316398859024
-150 26 4 0.00217633997090161 0.456050992012024
-149 0 0 0.0107199000194669 0.528931021690369
-148 0 0 0.0192668996751308 0.601804971694946
-147 0 0 0.0278172008693218 0.674670994281769
-146 0 0 0.0363705009222031 0.747530996799469
-145 0 0 0.0449267998337746 0.820383012294769
-144 0 0 0.0534857995808125 0.893227994441986
-143 0 0 0.0620475001633167 0.966066002845764
-142 0 0 0.0706116035580635 1.03890001773834
-141 0 0 0.0791779011487961 1.11171996593475
-140 0 0 0.0877462029457092 1.18453001976013
-139 0 0 0.0963163003325462 1.25733995437622
-138 0 0 0.104887999594212 1.33013999462128
-137 0 0 0.113461002707481 1.40293002128601
-136 0 0 0.122034996747971 1.47571003437042
-135 0 0 0.130609005689621 1.54849004745483
-134 0 0 0.13918399810791 1.62126004695892
-133 0 0 0.147759005427361 1.69402003288269
-132 0 0 0.15633399784565 1.76677000522614
-131 0 0 0.1649090051651 1.83951997756958
-130 0 0 0.173482000827789 1.91225004196167
-129 0 0 0.182054996490479 1.98497998714447
-128 0 0 0.190624997019768 2.05769991874695
-127 0 0 0.199193999171257 2.13041996955872
-126 0 0 0.207760006189346 2.20311999320984
-125 0 0 0.216323003172874 2.27582001686096
-124 0 0 0.224883005023003 2.34851002693176
-123 0 0 0.23343899846077 2.42119002342224
-122 0 0 0.241990000009537 2.4938600063324
-121 0 0 0.250537008047104 2.56652998924255
-120 0 0 0.25907900929451 2.63917994499207
-119 0 0 0.267614006996155 2.71181988716125
-118 0 0 0.276143014431 2.78446006774902
-117 0 0 0.284666001796722 2.85707998275757
-116 0 0 0.293179988861084 2.92969989776611
-115 0 0 0.301687002182007 3.00230002403259
-114 0 0 0.310184985399246 3.07488989830017
-113 0 0 0.318673014640808 3.14746999740601
-112 0 0 0.327151000499725 3.22004008293152
-111 0 0 0.335619002580643 3.29258990287781
-110 0 0 0.344074994325638 3.36513996124268
-109 0 0 0.352519005537033 3.43765997886658
-108 0 0 0.360949993133545 3.51016998291016
-107 0 0 0.369367986917496 3.58265995979309
-106 0 0 0.377770990133286 3.6551399230957
-105 0 0 0.386159986257553 3.72760009765625
-104 0 0 0.39453199505806 3.80004000663757
-103 0 0 0.402888000011444 3.87245988845825
-102 0 0 0.411226004362106 3.94485998153687
-101 0 0 0.419546008110046 4.01723003387451
-100 25 4 0.427846997976303 4.08959007263184
-99 0 0 0.436127990484238 4.16192007064819
-98 0 0 0.444388002157211 4.23422002792358
-97 0 0 0.452627003192902 4.30648994445801
-96 0 0 0.460842996835709 4.37873983383179
-95 0 0 0.469034999608994 4.45095014572144
-94 0 0 0.477203994989395 4.52313995361328
-93 0 0 0.485347002744675 4.595290184021
-92 0 0 0.493463009595871 4.66739988327026
-91 0 0 0.501552999019623 4.73948001861572
-90 0 0 0.509615004062653 4.81152009963989
-89 0 0 0.517647981643677 4.88352012634277
-88 0 0 0.525650978088379 4.95548009872437
-87 0 0 0.533622980117798 5.02739000320435
-86 0 0 0.541562974452972 5.09925985336304
-85 0 0 0.549471020698547 5.17108011245728
-84 0 0 0.557344973087311 5.24285984039307
-83 0 0 0.565183997154236 5.31457996368408
-82 0 0 0.572987973690033 5.38625001907349
-81 0 0 0.580754995346069 5.45785999298096
-80 0 0 0.5884850025177 5.52940988540649
-79 0 0 0.596176981925964 5.60091018676758
-78 0 0 0.603829026222229 5.67234992980957
-77 0 0 0.611441016197205 5.74372005462646
-76 0 0 0.619011998176575 5.8150200843811
-75 0 0 0.626540005207062 5.88626003265381
-74 0 0 0.634025990962982 5.95742988586426
-73 0 0 0.641467988491058 6.02853012084961
-72 0 0 0.648864984512329 6.09954977035522
-71 0 0 0.656216979026794 6.17049980163574
-70 0 0 0.663522005081177 6.24137020111084
-69 0 0 0.670780003070831 6.3121600151062
-68 0 0 0.677990019321442 6.38287019729614
-67 0 0 0.685150980949402 6.45349979400635
-66 0 0 0.69226199388504 6.52404022216797
-65 0 0 0.699321985244751 6.59450006484985
-64 0 0 0.70633202791214 6.66485977172852
-63 0 0 0.713289022445679 6.73513984680176
-62 0 0 0.720193028450012 6.80531978607178
-61 0 0 0.727044999599457 6.87541007995605
-60 0 0 0.733842015266418 6.94540023803711
-59 0 0 0.740584015846252 7.01528978347778
-58 0 0 0.747271001338959 7.08508014678955
-57 0 0 0.753902018070221 7.15477991104126
-56 0 0 0.760475993156433 7.22437000274658
-55 0 0 0.76699298620224 7.29385995864868
-54 0 0 0.77345198392868 7.36323976516724
-53 0 0 0.779852986335754 7.43251991271973
-52 0 0 0.786195993423462 7.50168991088867
-51 0 0 0.792478978633881 7.57075023651123
-50 24 4 0.798702001571655 7.63970994949341
-49 0 0 0.804865002632141 7.70854997634888
-48 0 0 0.810967981815338 7.7772798538208
-47 0 0 0.81700998544693 7.84590005874634
-46 0 0 0.822991013526917 7.91441011428833
-45 0 0 0.828909993171692 7.98280000686646
-44 0 0 0.834766983985901 8.05107975006104
-43 0 0 0.840561985969543 8.11923980712891
-42 0 0 0.846293985843658 8.18729019165039
-41 0 0 0.851963996887207 8.25522994995117
-40 0 0 0.857571005821228 8.32304000854492
-39 0 0 0.863115012645721 8.39074993133545
-38 0 0 0.868595004081726 8.45833015441895
-37 0 0 0.874013006687164 8.52579975128174
-36 0 0 0.879365980625153 8.59315013885498
-35 0 0 0.884656012058258 8.66038990020752
-34 0 0 0.889882981777191 8.72751045227051
-33 0 0 0.895044982433319 8.79452037811279
-32 0 0 0.900143980979919 8.86141014099121
-31 0 0 0.905179023742676 8.92817974090576
-30 0 0 0.910149991512299 8.99483966827393
-29 0 0 0.915057003498077 9.0613899230957
-28 0 0 0.919900000095367 9.12782001495361
-27 0 0 0.92467999458313 9.19414043426514
-26 0 0 0.929395973682404 9.26033973693848
-25 0 0 0.934047996997833 9.32643032073975
-24 0 0 0.938637018203735 9.39241981506348
-23 0 0 0.943162977695465 9.45829010009766
-22 0 0 0.947624981403351 9.52404975891113
-21 0 0 0.952023983001709 9.5897102355957
-20 0 0 0.95635998249054 9.65524959564209
-19 0 0 0.960633993148804 9.72068977355957
-18 0 0 0.964843988418579 9.78602981567383
-17 0 0 0.968993008136749 9.8512601852417
-16 0 0 0.973079025745392 9.91639041900635
-15 0 0 0.977102994918823 9.98141956329346
-14 0 0 0.981065988540649 10.0462999343872
-13 0 0 0.984966993331909 10.1112003326416
-12 0 0 0.988807022571564 10.1759004592896
-11 0 0 0.992586016654968 10.2405004501343
-10 0 0 0.995133996009827 10.2846002578735
-9 0 0 0.996816992759705 10.3140001296997
-8 0 0 0.997932016849518 10.3336000442505
-7 0 0 0.998672008514404 10.3466997146606
-6 0 0 0.99916398525238 10.3554000854492
-5 0 0 0.999491989612579 10.3612003326416
-4 0 0 0.999710023403168 10.3649997711182
-3 0 0 0.999854981899261 10.367600440979
-2 0 0 0.99992698431015 10.3689002990723
1 0 0 1 10.3702001571655
1 0 0 1 10.3702001571655
-2 0 0 1.00006997585297 10.3715000152588
-3 0 0 1.00014996528625 10.3727998733521
-4 0 0 1.00029003620148 10.3753004074097
-5 0 0 1.0005099773407 10.3791999816895
-6 0 0 1.00083005428314 10.3850002288818
-7 0 0 1.0013200044632 10.3936996459961
-8 0 0 1.0020500421524 10.4067001342773
-9 0 0 1.00313997268677 10.4261999130249
-10 0 0 1.00476002693176 10.4554996490479
-11 0 0 1.00716996192932 10.4995002746582
-12 0 0 1.01065003871918 10.5635995864868
-13 0 0 1.0140700340271 10.6276998519897
-14 0 0 1.01742994785309 10.6916999816895
-15 0 0 1.02073001861572 10.7555999755859
-16 0 0 1.02397000789642 10.8193998336792
-17 0 0 1.02715003490448 10.8831996917725
-18 0 0 1.03027999401093 10.9469003677368
-19 0 0 1.03334999084473 11.0104999542236
-20 0 0 1.03637003898621 11.0740003585815
-21 0 0 1.03931999206543 11.1373996734619
-22 0 0 1.04221999645233 11.2007999420166
-23 0 0 1.04507005214691 11.2641000747681
-24 0 0 1.04786002635956 11.3273000717163
-25 0 0 1.05059003829956 11.3905000686646
-26 0 0 1.05326998233795 11.4535999298096
-27 0 0 1.05589997768402 11.5165996551514
-28 0 0 1.05847001075745 11.5796003341675
-29 0 0 1.06098997592926 11.6424999237061
-30 0 0 1.06345999240875 11.7054004669189
-31 0 0 1.0658700466156 11.7681999206543
-32 0 0 1.06823003292084 11.8309001922607
-33 0 0 1.07053995132446 11.8936004638672
-34 0 0 1.07280004024506 11.9562997817993
-35 0 0 1.07500994205475 12.0188999176025
-36 0 0 1.07716000080109 12.0813999176025
-37 0 0 1.07927000522614 12.1440000534058
-38 0 0 1.08132994174957 12.2063999176025
-39 0 0 1.08333003520966 12.2687997817993
-40 0 0 1.08528995513916 12.3311996459961
-41 0 0 1.08720004558563 12.3936004638672
-42 0 0 1.0890599489212 12.4559001922607
-43 0 0 1.09087002277374 12.5181999206543
-44 0 0 1.09264004230499 12.5804004669189
-45 0 0 1.09435999393463 12.6426000595093
-46 0 0 1.09602999687195 12.7047996520996
-47 0 0 1.09765994548798 12.7670001983643
-48 0 0 1.09923994541168 12.8290996551514
-49 0 0 1.10076999664307 12.891300201416
-50 2 4 1.10225999355316 12.9533004760742
-51 0 0 1.10370004177094 13.0153999328613
-52 0 0 1.10510003566742 13.0775003433228
-53 0 0 1.10645997524261 13.1394996643066
-54 0 0 1.10776996612549 13.2016000747681
-55 0 0 1.10904002189636 13.2636003494263
-56 0 0 1.11027002334595 13.3255996704102
-57 0 0 1.11145997047424 13.3875999450684
-58 0 0 1.11259996891022 13.4496002197266
-59 0 0 1.11370003223419 13.5115995407104
-60 0 0 1.11476004123688 13.5735998153687
-61 0 0 1.11577999591827 13.6356000900269
-62 0 0 1.11676001548767 13.6976003646851
-63 0 0 1.11769998073578 13.7595996856689
-64 0 0 1.11860001087189 13.8215999603271
-65 0 0 1.11945998668671 13.8836002349854
-66 0 0 1.12028002738953 13.9455995559692
-67 0 0 1.12107002735138 14.0075998306274
-68 0 0 1.12180995941162 14.0696001052856
-69 0 0 1.12251996994019 14.1316995620728
-70 0 0 1.12319004535675 14.193699836731
-71 0 0 1.12382996082306 14.2558002471924
-72 0 0 1.12442004680634 14.3178997039795
-73 0 0 1.12498998641968 14.3800001144409
-74 0 0 1.1255099773407 14.442099571228
-75 0 0 1.12600004673004 14.5043001174927
-76 0 0 1.12645995616913 14.5663995742798
-77 0 0 1.12688004970551 14.6286001205444
-78 0 0 1.1272599697113 14.690899848938
-79 0 0 1.12761998176575 14.7531003952026
-80 0 0 1.12793004512787 14.8154001235962
-81 0 0 1.12821996212006 14.8776998519897
-82 0 0 1.12846994400024 14.9399995803833
-83 0 0 1.12869000434875 15.0024003982544
-84 0 0 1.1288800239563 15.0648002624512
-85 0 0 1.12904000282288 15.1273002624512
-86 0 0 1.12916004657745 15.1898002624512
-87 0 0 1.1292599439621 15.2523002624512
-88 0 0 1.12932002544403 15.3149003982544
-89 0 0 1.12935996055603 15.3774995803833
-90 3 2 1.12935996055603 15.4160003662109
91 0 0 1.12934994697571 15.4786996841431
92 0 0 1.12929999828339 15.5413999557495
93 0 0 1.12923002243042 15.6042003631592
94 0 0 1.12913000583649 15.6669998168945
95 0 0 1.12899994850159 15.7299003601074
96 0 0 1.12883996963501 15.792799949646
97 0 0 1.12864995002747 15.8557996749878
98 0 0 1.12844002246857 15.9188003540039
99 0 0 1.1282000541687 15.9819002151489
100 4 4 1.12793004512787 16.0450000762939
101 0 0 1.12764000892639 16.1082000732422
102 0 0 1.12732005119324 16.1714000701904
103 0 0 1.12697994709015 16.2346992492676
104 0 0 1.12661004066467 16.2980995178223
105 0 0 1.12621998786926 16.361499786377
106 0 0 1.12580001354218 16.4249992370605
107 0 0 1.12534999847412 16.4885005950928
108 0 0 1.12488996982574 16.5520992279053
109 0 0 1.12440001964569 16.6158008575439
110 0 0 1.12388002872467 16.679500579834
111 0 0 1.12335002422333 16.7432994842529
112 0 0 1.12278997898102 16.8071994781494
113 0 0 1.12221002578735 16.8710994720459
114 0 0 1.12160003185272 16.9351005554199
115 0 0 1.12098002433777 16.9992008209229
116 0 0 1.12032997608185 17.0632991790771
117 0 0 1.1196700334549 17.1275005340576
118 0 0 1.11898005008698 17.1917991638184
119 0 0 1.11827003955841 17.2562007904053
120 0 0 1.11755001544952 17.3206005096436
121 0 0 1.11679995059967 17.3850994110107
122 0 0 1.11602997779846 17.4496994018555
123 0 0 1.11524999141693 17.5142993927002
124 0 0 1.11444997787476 17.5790996551514
125 0 0 1.1136200428009 17.6438999176025
126 0 0 1.11277997493744 17.7087001800537
127 0 0 1.11193001270294 17.7737007141113
128 0 0 1.11105000972748 17.8388004302979
129 0 0 1.11015999317169 17.9039001464844
130 0 0 1.10924994945526 17.9691009521484
131 0 0 1.1083300113678 18.0344009399414
132 0 0 1.10739004611969 18.0997009277344
133 0 0 1.10643005371094 18.1651992797852
134 0 0 1.10546004772186 18.2306995391846
135 0 0 1.10447001457214 18.2963008880615
136 0 0 1.1034699678421 18.3619995117188
137 0 0 1.10245001316071 18.4277000427246
138 0 0 1.10142004489899 18.4936008453369
139 0 0 1.10037004947662 18.5594997406006
140 0 0 1.09931004047394 18.6256008148193
141 0 0 1.09824001789093 18.6916999816895
142 0 0 1.0971599817276 18.7579002380371
143 0 0 1.09606003761292 18.8241996765137
144 0 0 1.09494996070862 18.8904991149902
145 0 0 1.09382998943329 18.9570007324219
146 0 0 1.09268999099731 19.0235004425049
147 0 0 1.09154999256134 19.0900993347168
148 0 0 1.09038996696472 19.1567993164063
149 0 0 1.08922004699707 19.2236003875732
150 5 4 1.08803999423981 19.2905006408691
151 0 0 1.08685004711151 19.3575000762939
152 0 0 1.0856499671936 19.4244995117188
153 0 0 1.08443999290466 19.49169921875
154 0 0 1.0832200050354 19.5589008331299
155 0 0 1.08199000358582 19.62619972229
156 0 0 1.08076000213623 19.6935997009277
157 0 0 1.079509973526 19.761100769043
158 0 0 1.07825994491577 19.8286991119385
159 0 0 1.07699000835419 19.8964004516602
160 0 0 1.07571995258331 19.9640998840332
161 0 0 1.07444000244141 20.0319995880127
162 0 0 1.0731600522995 20.0998992919922
163 0 0 1.07185995578766 20.1679000854492
164 0 0 1.07055997848511 20.2360000610352
165 0 0 1.06926000118256 20.30419921875
166 0 0 1.06793999671936 20.3724994659424
167 0 0 1.06663000583649 20.4409008026123
168 0 0 1.06529998779297 20.5093002319336
169 0 0 1.06396996974945 20.5778999328613
170 0 0 1.0626300573349 20.6464996337891
171 0 0 1.06129002571106 20.7152004241943
172 0 0 1.05994999408722 20.7840003967285
173 0 0 1.05859994888306 20.8528995513916
174 0 0 1.05724000930786 20.9218997955322
175 0 0 1.05587995052338 20.9909000396729
176 0 0 1.05452001094818 21.0601005554199
177 0 0 1.05315005779266 21.1292991638184
178 0 0 1.05177998542786 21.198600769043
179 0 0 1.05041003227234 21.2679996490479
180 0 0 1.04902994632721 21.3374996185303
181 0 0 1.04765999317169 21.4071006774902
182 0 0 1.04628002643585 21.4768009185791
183 0 0 1.04489004611969 21.5464992523193
184 0 0 1.04350996017456 21.6163005828857
185 0 0 1.0421199798584 21.6861991882324
186 0 0 1.04072999954224 21.7562007904053
187 0 0 1.03934001922607 21.8262996673584
188 0 0 1.03795003890991 21.8964996337891
189 0 0 1.03656005859375 21.9666996002197
190 0 0 1.03515994548798 22.0370006561279
191 0 0 1.03376996517181 22.1075000762939
192 0 0 1.03236997127533 22.1779003143311
193 0 0 1.03097999095917 22.2485008239746
194 0 0 1.02959001064301 22.3192005157471
195 0 0 1.02819001674652 22.3899002075195
196 0 0 1.02680003643036 22.4606990814209
197 0 0 1.02540004253387 22.5316009521484
198 0 0 1.02400994300842 22.6026000976563
199 0 0 1.02261996269226 22.6735992431641
200 6 4 1.0212299823761 22.744800567627
201 0 0 1.01984000205994 22.8159999847412
202 0 0 1.01845002174377 22.887300491333
203 0 0 1.01707005500793 22.9585990905762
204 0 0 1.01567995548248 23.0300998687744
205 0 0 1.01429998874664 23.1016006469727
206 0 0 1.0129200220108 23.1732006072998
207 0 0 1.011549949646 23.2448997497559
208 0 0 1.01016998291016 23.3166007995605
209 0 0 1.00880002975464 23.388500213623
210 0 0 1.00742995738983 23.4603996276855
211 0 0 1.00606000423431 23.5324001312256
212 0 0 1.00469994544983 23.6044006347656
213 0 0 1.00334000587463 23.6765995025635
214 0 0 1.00197994709015 23.74880027771
215 0 0 1.00063002109528 23.8209991455078
216 0 0 0.999282002449036 23.8934001922607
217 0 0 0.997936010360718 23.965799331665
218 0 0 0.996595025062561 24.0382995605469
219 0 0 0.995257973670959 24.1109008789063
220 0 0 0.993924975395203 24.1835994720459
221 0 0 0.992595970630646 24.2562999725342
222 0 0 0.99127197265625 24.3290996551514
223 0 0 0.989952981472015 24.4018993377686
224 0 0 0.988637983798981 24.4748992919922
225 0 0 0.987327992916107 24.5478992462158
226 0 0 0.986024022102356 24.6208992004395
227 0 0 0.98472398519516 24.6940994262695
228 0 0 0.98342901468277 24.7672996520996
229 0 0 0.982140004634857 24.8405990600586
230 0 0 0.980857014656067 24.9139995574951
231 0 0 0.979578971862793 24.9874000549316
232 0 0 0.978305995464325 25.0608997344971
233 0 0 0.977039992809296 25.13450050354
234 0 0 0.975778996944427 25.2080993652344
235 0 0 0.974524021148682 25.2817993164063
236 0 0 0.973275005817413 25.3556003570557
237 0 0 0.972032010555267 25.4293994903564
238 0 0 0.97079598903656 25.5032997131348
239 0 0 0.969565987586975 25.577299118042
240 0 0 0.968342006206512 25.6513004302979
241 0 0 0.967124998569489 25.7254009246826
242 0 0 0.965914011001587 25.7996006011963
243 0 0 0.964709997177124 25.8738994598389
244 0 0 0.963513016700745 25.9482002258301
245 0 0 0.962323009967804 26.0226001739502
246 0 0 0.961139023303986 26.0970001220703
247 0 0 0.959963023662567 26.1714992523193
248 0 0 0.958792984485626 26.2460994720459
249 0 0 0.95763099193573 26.3206996917725
250 7 4 0.956475973129272 26.3953990936279
251 0 0 0.955327987670898 26.4701995849609
252 0 0 0.954186975955963 26.5450992584229
253 0 0 0.953054010868073 26.6200008392334
254 0 0 0.951928019523621 26.6949005126953
255 0 0 0.950810015201569 26.7700004577637
256 0 0 0.949698984622955 26.845100402832
257 0 0 0.948596000671387 26.9202003479004
258 0 0 0.947499990463257 26.9955005645752
259 0 0 0.946412980556488 27.07080078125
260 0 0 0.945331990718842 27.1460990905762
261 0 0 0.944260001182556 27.2215003967285
262 0 0 0.943195998668671 27.2970008850098
263 0 0 0.942139029502869 27.3726005554199
264 0 0 0.941091001033783 27.4482002258301
265 0 0 0.940050005912781 27.5238990783691
266 0 0 0.93901801109314 27.5995998382568
267 0 0 0.937994003295898 27.6753997802734
268 0 0 0.936977028846741 27.7513008117676
269 0 0 0.935968995094299 27.827299118042
270 0 0 0.934969007968903 27.903299331665
271 0 0 0.933978021144867 27.9792995452881
272 0 0 0.93299400806427 28.0555000305176
273 0 0 0.932018995285034 28.1317005157471
274 0 0 0.931052029132843 28.2078990936279
275 0 0 0.930094003677368 28.2842998504639
276 0 0 0.929144024848938 28.3605995178223
277 0 0 0.928201973438263 28.4370994567871
278 0 0 0.927268981933594 28.513599395752
279 0 0 0.926344990730286 28.5902004241943
280 0 0 0.925428986549377 28.6667995452881
281 0 0 0.924521028995514 28.7436008453369
282 0 0 0.923622012138367 28.8202991485596
283 0 0 0.922730982303619 28.8971996307373
284 0 0 0.921850025653839 28.974100112915
285 0 0 0.920975983142853 29.0510005950928
286 0 0 0.920112013816833 29.1280994415283
287 0 0 0.919255971908569 29.2052001953125
288 0 0 0.91840797662735 29.2823009490967
289 0 0 0.917569994926453 29.3596000671387
290 0 0 0.916740000247955 29.4368991851807
291 0 0 0.915917992591858 29.5142002105713
292 0 0 0.915105998516083 29.5916996002197
293 0 0 0.914301991462708 29.6690998077393
294 0 0 0.913506984710693 29.7467002868652
295 0 0 0.91272097826004 29.8243007659912
296 0 0 0.911943972110748 29.9020004272461
297 0 0 0.911175012588501 29.9797992706299
298 0 0 0.91041499376297 30.0576000213623
299 0 0 0.9096639752388 30.1354999542236
300 8 4 0.908922016620636 30.213399887085
301 0 0 0.908187985420227 30.2914009094238
302 0 0 0.907464027404785 30.369499206543
303 0 0 0.906747996807098 30.4477005004883
304 0 0 0.906041026115417 30.525899887085
305 0 0 0.905342996120453 30.6040992736816
306 0 0 0.904654026031494 30.6825008392334
307 0 0 0.903973996639252 30.7609004974365
308 0 0 0.903302013874054 30.8393993377686
309 0 0 0.902639985084534 30.9179000854492
310 0 0 0.901986002922058 30.9965991973877
311 0 0 0.901341021060944 31.0751991271973
312 0 0 0.900704979896545 31.1539993286133
313 0 0 0.900077998638153 31.2327995300293
314 0 0 0.899459004402161 31.3117008209229
315 0 0 0.89885002374649 31.3906002044678
316 0 0 0.898248970508575 31.4696998596191
317 0 0 0.897657990455627 31.5487995147705
318 0 0 0.897074997425079 31.6278991699219
319 0 0 0.896501004695892 31.7070999145508
320 0 0 0.895936012268066 31.7863998413086
321 0 0 0.89537900686264 31.8658008575439
322 0 0 0.894832015037537 31.9451999664307
323 0 0 0.894293010234833 32.0247001647949
324 0 0 0.89376300573349 32.1043014526367
325 0 0 0.893242001533508 32.1839981079102
326 0 0 0.892729997634888 32.2636985778809
327 0 0 0.892226994037628 32.3434982299805
328 0 0 0.891731977462769 32.4233016967773
329 0 0 0.891246974468231 32.5032005310059
330 0 0 0.890770018100739 32.5831985473633
331 0 0 0.890302002429962 32.6632995605469
332 0 0 0.889842987060547 32.7434005737305
333 0 0 0.889392018318176 32.823600769043
334 0 0 0.888949990272522 32.9039001464844
335 0 0 0.888517022132874 32.9841995239258
336 0 0 0.888092994689941 33.0646018981934
337 0 0 0.887678027153015 33.1450996398926
338 0 0 0.887270987033844 33.225700378418
339 0 0 0.886873006820679 33.3063011169434
340 0 0 0.886484026908875 33.3870010375977
341 0 0 0.886102974414825 33.4678001403809
342 0 0 0.885730981826782 33.5485992431641
343 0 0 0.8853679895401 33.6295013427734
344 0 0 0.885013997554779 33.7104988098145
345 0 0 0.884667992591858 33.7915992736816
346 0 0 0.884330987930298 33.8726997375488
347 0 0 0.884001970291138 33.9538993835449
348 0 0 0.883682012557983 34.0351982116699
349 0 0 0.883370995521545 34.1166000366211
350 9 4 0.883068978786469 34.1980018615723
351 0 0 0.882775008678436 34.2794990539551
352 0 0 0.882489025592804 34.3610000610352
353 0 0 0.882211983203888 34.442699432373
354 0 0 0.881944000720978 34.5243988037109
355 0 0 0.881685018539429 34.606201171875
356 0 0 0.881433010101318 34.6880989074707
357 0 0 0.88119101524353 34.7700004577637
358 0 0 0.880957007408142 34.8520011901855
359 0 0 0.880730986595154 34.9341011047363
360 0 0 0.880514025688171 35.0162010192871
361 0 0 0.880306005477905 35.0984992980957
362 0 0 0.880105018615723 35.1808013916016
363 0 0 0.879913985729218 35.2631988525391
364 0 0 0.879730999469757 35.3456001281738
365 0 0 0.879556000232697 35.4281005859375
366 0 0 0.879388988018036 35.5107002258301
367 0 0 0.879230976104736 35.5933990478516
368 0 0 0.879082024097443 35.6762008666992
369 0 0 0.878940999507904 35.7589988708496
370 0 0 0.87880802154541 35.8418998718262
371 0 0 0.878682971000671 35.9249000549316
372 0 0 0.878566980361938 36.0079002380371
373 0 0 0.878458976745605 36.0910987854004
374 0 0 0.878359973430634 36.1743011474609
375 0 0 0.878269016742706 36.2574996948242
376 0 0 0.878185987472534 36.3409004211426
377 0 0 0.878111004829407 36.4243011474609
378 0 0 0.878044009208679 36.5078010559082
379 0 0 0.877986013889313 36.5914001464844
380 0 0 0.877936005592346 36.6750984191895
381 0 0 0.87789398431778 36.7588005065918
382 0 0 0.877861022949219 36.842601776123
383 0 0 0.877834975719452 36.9264984130859
384 0 0 0.877817988395691 37.0103988647461
385 0 0 0.87780898809433 37.0945014953613
-386 10 2 0.877807021141052 37.1473999023438
-387 0 0 0.877811014652252 37.2314987182617
-388 0 0 0.877822995185852 37.3157005310059
-389 0 0 0.877843976020813 37.4000015258789
-390 0 0 0.877871990203857 37.4844017028809
-391 0 0 0.877907991409302 37.5689010620117
-392 0 0 0.877952992916107 37.6534004211426
-393 0 0 0.878005027770996 37.7379989624023
-394 0 0 0.878066003322601 37.8227005004883
-395 0 0 0.87813401222229 37.9075012207031
-396 0 0 0.878210008144379 37.9922981262207
-397 0 0 0.878295004367828 38.0772018432617
-398 0 0 0.878386974334717 38.1622009277344
-399 0 0 0.87848699092865 38.247200012207
-400 11 4 0.878594994544983 38.3324012756348
-401 0 0 0.878710985183716 38.4175987243652
-402 0 0 0.878835022449493 38.5028991699219
-403 0 0 0.878966987133026 38.5881996154785
-404 0 0 0.879105985164642 38.6735992431641
-405 0 0 0.87925398349762 38.7592010498047
-406 0 0 0.87940901517868 38.8446998596191
-407 0 0 0.879571974277496 38.9304008483887
-408 0 0 0.879742980003357 39.0161018371582
-409 0 0 0.879921019077301 39.1018981933594
-410 0 0 0.880107998847961 39.187801361084
-411 0 0 0.880302011966705 39.2737998962402
-412 0 0 0.880502998828888 39.3597984313965
-413 0 0 0.880712985992432 39.4458999633789
-414 0 0 0.880930006504059 39.5321006774902
-415 0 0 0.881155014038086 39.6183013916016
-416 0 0 0.881386995315552 39.7047004699707
-417 0 0 0.881627023220062 39.7910995483398
-418 0 0 0.881874978542328 39.877498626709
-419 0 0 0.882130026817322 39.9640998840332
-420 0 0 0.882393002510071 40.0507011413574
-421 0 0 0.882663011550903 40.1374015808105
-422 0 0 0.882941007614136 40.2242012023926
-423 0 0 0.883225977420807 40.3110008239746
-424 0 0 0.883518993854523 40.3978996276855
-425 0 0 0.883819997310638 40.4849014282227
-426 0 0 0.884127020835876 40.5719985961914
-427 0 0 0.884442985057831 40.6590995788574
-428 0 0 0.884765028953552 40.7462997436523
-429 0 0 0.88509601354599 40.8335990905762
-430 0 0 0.88543301820755 40.9210014343262
-431 0 0 0.88577800989151 41.0083999633789
-432 0 0 0.88613098859787 41.0959014892578
-433 0 0 0.886489987373352 41.1833992004395
-434 0 0 0.886856973171234 41.2710990905762
-435 0 0 0.887232005596161 41.3587989807129
-436 0 0 0.887612998485565 41.4466018676758
-437 0 0 0.888001978397369 41.5344009399414
-438 0 0 0.888397991657257 41.6222991943359
-439 0 0 0.888801991939545 41.7103004455566
-440 0 0 0.889212012290955 41.7984008789063
-441 0 0 0.889630019664764 41.8865013122559
-442 0 0 0.890055000782013 41.9747009277344
-443 0 0 0.890487015247345 42.0629997253418
-444 0 0 0.890927016735077 42.1514015197754
-445 0 0 0.891372978687286 42.2397994995117
-446 0 0 0.891826987266541 42.3283004760742
-447 0 0 0.892288029193878 42.4168014526367
-448 0 0 0.89275598526001 42.5054016113281
-449 0 0 0.893230020999908 42.5941009521484
-450 12 4 0.893711984157562 42.6828994750977
-451 0 0 0.8942009806633 42.7717018127441
-452 0 0 0.89469701051712 42.8605995178223
-453 0 0 0.89520001411438 42.9495010375977
-454 0 0 0.895709991455078 43.0386009216309
-455 0 0 0.89622700214386 43.1277008056641
-456 0 0 0.89675098657608 43.2168006896973
-457 0 0 0.897282004356384 43.3060989379883
-458 0 0 0.897818982601166 43.3954010009766
-459 0 0 0.898364007472992 43.4846992492676
-460 0 0 0.898916006088257 43.5741004943848
-461 0 0 0.899474024772644 43.6636009216309
-462 0 0 0.90003901720047 43.7532005310059
-463 0 0 0.900610983371735 43.8428001403809
-464 0 0 0.901189982891083 43.9324989318848
-465 0 0 0.901775002479553 44.0223007202148
-466 0 0 0.902366995811462 44.1120986938477
-467 0 0 0.902966022491455 44.2019996643066
-468 0 0 0.903572022914886 44.2919006347656
-469 0 0 0.904184997081757 44.3819007873535
-470 0 0 0.904803991317749 44.4720001220703
-471 0 0 0.905430018901825 44.5620994567871
-472 0 0 0.906062006950378 44.6523017883301
-473 0 0 0.906701028347015 44.7425994873047
-474 0 0 0.907347023487091 44.8329010009766
-475 0 0 0.907998979091644 44.9233016967773
-476 0 0 0.908658027648926 45.0136985778809
-477 0 0 0.909323990345001 45.1043014526367
-478 0 0 0.909995973110199 45.1948013305664
-479 0 0 0.910673975944519 45.2854995727539
-480 0 0 0.911359012126923 45.3762016296387
-481 0 0 0.912051022052765 45.4668998718262
-482 0 0 0.912748992443085 45.5577011108398
-483 0 0 0.913452982902527 45.6486015319824
-484 0 0 0.914164006710052 45.7394981384277
-485 0 0 0.914880990982056 45.8305015563965
-486 0 0 0.915605008602142 45.9216003417969
-487 0 0 0.916334986686707 46.0126991271973
-488 0 0 0.917071998119354 46.1038017272949
-489 0 0 0.917814016342163 46.1950988769531
-490 0 0 0.918564021587372 46.2863006591797
-491 0 0 0.919318974018097 46.3777008056641
-492 0 0 0.92008101940155 46.4691009521484
-493 0 0 0.920849025249481 46.5605010986328
-494 0 0 0.92162299156189 46.6520004272461
-495 0 0 0.922403991222382 46.7435989379883
-496 0 0 0.923189997673035 46.8352012634277
-497 0 0 0.923982977867126 46.9268989562988
-498 0 0 0.924781978130341 47.0186004638672
-499 0 0 0.925586998462677 47.1104011535645
-500 13 4 0.926398992538452 47.2022018432617
-501 0 0 0.927215993404388 47.2941017150879
-502 0 0 0.928040027618408 47.386100769043
-503 0 0 0.928870022296906 47.478099822998
-504 0 0 0.92970597743988 47.5700988769531
-505 0 0 0.930548012256622 47.6622009277344
-506 0 0 0.931394994258881 47.7543983459473
-507 0 0 0.932249009609222 47.8465995788574
-508 0 0 0.933108985424042 47.9388999938965
-509 0 0 0.933974981307983 48.0312004089355
-510 0 0 0.934846997261047 48.1236000061035
-511 0 0 0.935724973678589 48.2159996032715
-512 0 0 0.936609029769897 48.3083992004395
-513 0 0 0.937498986721039 48.4010009765625
-514 0 0 0.938394010066986 48.4934997558594
-515 0 0 0.939296007156372 48.5861015319824
-516 0 0 0.940203011035919 48.6787986755371
-517 0 0 0.941115975379944 48.7714996337891
-518 0 0 0.942035019397736 48.8642997741699
-519 0 0 0.942960023880005 48.9570999145508
-520 0 0 0.943890988826752 49.0499992370605
-521 0 0 0.944827020168304 49.1428985595703
-522 0 0 0.945769011974335 49.2358016967773
-523 0 0 0.946717023849487 49.328800201416
-524 0 0 0.947670996189117 49.4219017028809
-525 0 0 0.948629975318909 49.5149993896484
-526 0 0 0.949594974517822 49.6081008911133
-527 0 0 0.950565993785858 49.701301574707
-528 0 0 0.951542019844055 49.7946014404297
-529 0 0 0.95252400636673 49.8877983093262
-530 0 0 0.953512012958527 49.981201171875
-531 0 0 0.954505026340485 50.0745010375977
-532 0 0 0.95550400018692 50.1679992675781
-533 0 0 0.956507980823517 50.2613983154297
-534 0 0 0.957517981529236 50.3549003601074
-535 0 0 0.958534002304077 50.4485015869141
-536 0 0 0.959554970264435 50.5420989990234
-537 0 0 0.960581004619598 50.6357002258301
-538 0 0 0.96161299943924 50.7294006347656
-539 0 0 0.962651014328003 50.8231010437012
-540 0 0 0.963693976402283 50.9168014526367
-541 0 0 0.964742004871368 51.0106010437012
-542 0 0 0.965795993804932 51.1044998168945
-543 0 0 0.966854989528656 51.1983985900879
-544 0 0 0.967920005321503 51.2923011779785
-545 0 0 0.96899002790451 51.3861999511719
-546 0 0 0.970064997673035 51.4803009033203
-547 0 0 0.971145987510681 51.5742988586426
-548 0 0 0.972231984138489 51.668399810791
-549 0 0 0.973322987556458 51.7625007629395
-550 14 4 0.974420011043549 51.8567008972168
-551 0 0 0.975521981716156 51.9509010314941
-552 0 0 0.976629018783569 52.0451011657715
-553 0 0 0.977741003036499 52.1394004821777
-554 0 0 0.978859007358551 52.233699798584
-555 0 0 0.979981005191803 52.3279991149902
-556 0 0 0.981109023094177 52.4224014282227
-557 0 0 0.982243001461029 52.5167999267578
-558 0 0 0.983380973339081 52.6113014221191
-559 0 0 0.984524011611938 52.7057991027832
-560 0 0 0.985673010349274 52.8003005981445
-561 0 0 0.98682701587677 52.8949012756348
-562 0 0 0.987986028194427 52.9894981384277
-563 0 0 0.989149987697601 53.084098815918
-564 0 0 0.990319013595581 53.1787986755371
-565 0 0 0.991492986679077 53.2734985351563
-566 0 0 0.992672026157379 53.3683013916016
-567 0 0 0.993856012821198 53.4630012512207
-568 0 0 0.995045006275177 53.5578002929688
-569 0 0 0.996239006519318 53.6526985168457
-570 0 0 0.997439026832581 53.7476005554199
-571 0 0 0.998642981052399 53.8424987792969
-572 0 0 0.999852001667023 53.9374008178711
-573 0 0 1.00107002258301 54.032398223877
-574 0 0 1.00227999687195 54.1273994445801
-575 0 0 1.00350999832153 54.2224006652832
-576 0 0 1.00473999977112 54.3175010681152
-577 0 0 1.0059700012207 54.4126014709473
-578 0 0 1.00721001625061 54.5077018737793
-579 0 0 1.00845003128052 54.6029014587402
-580 0 0 1.00969994068146 54.6981010437012
-581 0 0 1.01094996929169 54.7933006286621
-582 0 0 1.01221001148224 54.888500213623
-583 0 0 1.01347005367279 54.9837989807129
-584 0 0 1.01473999023438 55.0791015625
-585 0 0 1.01601004600525 55.1744995117188
-586 0 0 1.01728999614716 55.2697982788086
-587 0 0 1.01856994628906 55.3652000427246
-588 0 0 1.01986002922058 55.4607009887695
-589 0 0 1.02114999294281 55.5560989379883
-590 0 0 1.02244997024536 55.6515998840332
-591 0 0 1.02374994754791 55.7471008300781
-592 0 0 1.02505004405975 55.842601776123
-593 0 0 1.02636003494263 55.9382019042969
-594 0 0 1.02768003940582 56.0337982177734
-595 0 0 1.0289900302887 56.1293983459473
-596 0 0 1.03032004833221 56.2249984741211
-597 0 0 1.03164994716644 56.3207015991211
-598 0 0 1.03297996520996 56.4164009094238
-599 0 0 1.0343199968338 56.5121002197266
-600 15 4 1.03566002845764 56.6078987121582
-601 0 0 1.03700995445251 56.7036018371582
-602 0 0 1.03835999965668 56.7994003295898
-603 0 0 1.03971004486084 56.8951988220215
-604 0 0 1.04106998443604 56.9911003112793
-605 0 0 1.04244005680084 57.0868988037109
-606 0 0 1.04381000995636 57.1828002929688
-607 0 0 1.04517996311188 57.2788009643555
-608 0 0 1.04656004905701 57.374698638916
-609 0 0 1.04794001579285 57.4706993103027
-610 0 0 1.04932999610901 57.5666007995605
-611 0 0 1.05071997642517 57.6626014709473
-612 0 0 1.05211997032166 57.7587013244629
-613 0 0 1.05351996421814 57.8546981811523
-614 0 0 1.05491995811462 57.9508018493652
-615 0 0 1.05632996559143 58.0469017028809
-616 0 0 1.05773997306824 58.1430015563965
-617 0 0 1.05915999412537 58.239200592041
-618 0 0 1.0605800151825 58.3353004455566
-619 0 0 1.06201004981995 58.4314994812012
-620 0 0 1.06343996524811 58.5276985168457
-621 0 0 1.06488001346588 58.6239013671875
-622 0 0 1.06631994247437 58.7201995849609
-623 0 0 1.06775999069214 58.8165016174316
-624 0 0 1.06921005249023 58.9127006530762
-625 0 0 1.07065999507904 59.0089988708496
-626 0 0 1.07211995124817 59.1054000854492
-627 0 0 1.07358002662659 59.2016983032227
-628 0 0 1.07503998279572 59.2980995178223
-629 0 0 1.07650995254517 59.3945007324219
-630 0 0 1.07799005508423 59.4908981323242
-631 0 0 1.07946002483368 59.5872993469238
-632 0 0 1.08094000816345 59.6837005615234
-633 0 0 1.08243000507355 59.780200958252
-634 0 0 1.08392000198364 59.8767013549805
-635 0 0 1.08542001247406 59.973201751709
-636 0 0 1.08691000938416 60.0696983337402
-637 0 0 1.0884200334549 60.1661987304688
-638 0 0 1.08992004394531 60.2627983093262
-639 0 0 1.09142994880676 60.3592987060547
-640 0 0 1.09294998645782 60.4558982849121
-641 0 0 1.09447002410889 60.5525016784668
-642 0 0 1.09598994255066 60.6491012573242
-643 0 0 1.09751999378204 60.7458000183105
-644 0 0 1.09905004501343 60.842399597168
-645 0 0 1.10058999061584 60.9390983581543
-646 0 0 1.10213005542755 61.0358009338379
-647 0 0 1.10367000102997 61.1324996948242
-648 0 0 1.10521996021271 61.2291984558105
-649 0 0 1.10677003860474 61.3259010314941
-650 16 4 1.10831999778748 61.4226989746094
-651 0 0 1.10987997055054 61.519401550293
-652 0 0 1.11144995689392 61.6161994934082
-653 0 0 1.1130199432373 61.7130012512207
-654 0 0 1.11459004878998 61.8097991943359
-655 0 0 1.11616003513336 61.9066009521484
-656 0 0 1.11774003505707 62.0033988952637
-657 0 0 1.1193300485611 62.1002998352051
-658 0 0 1.1209100484848 62.1972007751465
-659 0 0 1.12249994277954 62.2939987182617
-660 0 0 1.12409996986389 62.3908996582031
-661 0 0 1.12569999694824 62.4878005981445
-662 0 0 1.12730002403259 62.5848007202148
-663 0 0 1.12890994548798 62.6817016601563
-664 0 0 1.13051998615265 62.7785987854004
-665 0 0 1.13213002681732 62.8755989074707
-666 0 0 1.13374996185303 62.972599029541
-667 0 0 1.13538002967834 63.0695991516113
-668 0 0 1.13699996471405 63.1665992736816
-669 0 0 1.13863003253937 63.263599395752
-670 0 0 1.14026999473572 63.3605995178223
-671 0 0 1.14189994335175 63.4575996398926
-672 0 0 1.14355003833771 63.5546989440918
-673 0 0 1.14519000053406 63.6516990661621
-674 0 0 1.14683997631073 63.7487983703613
-675 0 0 1.1484899520874 63.8459014892578
-676 0 0 1.1501499414444 63.943000793457
-677 0 0 1.15181005001068 64.0401000976563
-678 0 0 1.153480052948 64.1371994018555
-679 0 0 1.15515005588531 64.2343978881836
-680 0 0 1.15682005882263 64.3314971923828
-681 0 0 1.15848994255066 64.428596496582
-682 0 0 1.1601699590683 64.5258026123047
-683 0 0 1.16185998916626 64.6230010986328
-684 0 0 1.1635400056839 64.7201995849609
-685 0 0 1.16523003578186 64.8173980712891
-686 0 0 1.16692996025085 64.9145965576172
-687 0 0 1.16863000392914 65.0118026733398
-688 0 0 1.17033004760742 65.109001159668
-689 0 0 1.17202997207642 65.206298828125
-690 0 0 1.17374002933502 65.3034973144531
-691 0 0 1.17545998096466 65.4008026123047
-692 0 0 1.17717003822327 65.4980010986328
-693 0 0 1.17888998985291 65.5952987670898
-694 0 0 1.18061995506287 65.6925964355469
-695 0 0 1.18235003948212 65.7899017333984
-696 0 0 1.18408000469208 65.8871994018555
-697 0 0 1.18580996990204 65.9844970703125
-698 0 0 1.18754994869232 66.0818023681641
-699 0 0 1.18929004669189 66.1791000366211
-700 17 4 1.1910400390625 66.276496887207
-701 0 0 1.19279003143311 66.3738021850586
-702 0 0 1.19454002380371 66.4711990356445
-703 0 0 1.19630002975464 66.568603515625
-704 0 0 1.19806003570557 66.665901184082
-705 0 0 1.19982004165649 66.763298034668
-706 0 0 1.20158994197845 66.8607025146484
-707 0 0 1.2033599615097 66.9580993652344
-708 0 0 1.20513999462128 67.0554962158203
-709 0 0 1.20691001415253 67.1529006958008
-710 0 0 1.20869994163513 67.2503967285156
-711 0 0 1.2104799747467 67.3478012084961
-712 0 0 1.2122700214386 67.445198059082
-713 0 0 1.2140599489212 67.5427017211914
-714 0 0 1.21586000919342 67.6400985717773
-715 0 0 1.21765995025635 67.7376022338867
-716 0 0 1.21946001052856 67.8349990844727
-717 0 0 1.22126996517181 67.932502746582
-718 0 0 1.22308003902435 68.0299987792969
-719 0 0 1.2248899936676 68.1275024414063
-720 0 0 1.22670996189117 68.2249984741211
-721 0 0 1.22853004932404 68.3225021362305
-722 0 0 1.23036003112793 68.4199981689453
-723 0 0 1.2321799993515 68.5175018310547
-724 0 0 1.2340099811554 68.6149978637695
-725 0 0 1.23584997653961 68.7126007080078
-726 0 0 1.23768997192383 68.8100967407227
-727 0 0 1.23952996730804 68.907600402832
-728 0 0 1.24136996269226 69.0052032470703
-729 0 0 1.2432199716568 69.1027984619141
-730 0 0 1.24506998062134 69.2003021240234
-731 0 0 1.2469300031662 69.2978973388672
-732 0 0 1.24879002571106 69.3954010009766
-733 0 0 1.25065004825592 69.4929962158203
-734 0 0 1.25251996517181 69.5905990600586
-735 0 0 1.254390001297 69.6882019042969
-736 0 0 1.25626003742218 69.7857971191406
-737 0 0 1.2581399679184 69.8833999633789
-738 0 0 1.2600200176239 69.9810028076172
-739 0 0 1.26189994812012 70.0785980224609
-740 0 0 1.26379001140594 70.1762008666992
-741 0 0 1.26567995548248 70.2738037109375
-742 0 0 1.26757001876831 70.3714981079102
-743 0 0 1.26946997642517 70.4691009521484
-744 0 0 1.27137005329132 70.5667037963867
-745 0 0 1.27327001094818 70.6643981933594
-746 0 0 1.27517998218536 70.7620010375977
-747 0 0 1.27708995342255 70.8597030639648
-748 0 0 1.27900004386902 70.9572982788086
-749 0 0 1.28092002868652 71.0550003051758
-750 18 4 1.28284001350403 71.152702331543
-751 0 0 1.28475999832153 71.2502975463867
-752 0 0 1.28668999671936 71.3479995727539
-753 0 0 1.28861999511719 71.4457015991211
-754 0 0 1.29054999351501 71.5434036254883
-755 0 0 1.29249000549316 71.640998840332
-756 0 0 1.29443001747131 71.7387008666992
-757 0 0 1.29638004302979 71.8364028930664
-758 0 0 1.29832005500793 71.9340972900391
-759 0 0 1.30027997493744 72.0317993164063
-760 0 0 1.30223000049591 72.1295013427734
-761 0 0 1.3041900396347 72.2272033691406
-762 0 0 1.30614995956421 72.3249969482422
-763 0 0 1.308109998703 72.4226989746094
-764 0 0 1.31008005142212 72.5204010009766
-765 0 0 1.31204998493195 72.6181030273438
-766 0 0 1.31402003765106 72.7157974243164
-767 0 0 1.31599998474121 72.8135986328125
-768 0 0 1.31798005104065 72.9113006591797
-769 0 0 1.31997001171112 73.0090026855469
-770 0 0 1.32194995880127 73.1067962646484
-771 0 0 1.32395005226135 73.2044982910156
-772 0 0 1.32594001293182 73.3022994995117
-773 0 0 1.32793998718262 73.4000015258789
-774 0 0 1.32993996143341 73.497802734375
-775 0 0 1.33194005489349 73.5954971313477
-776 0 0 1.33395004272461 73.6932983398438
-777 0 0 1.33596003055573 73.7910995483398
-778 0 0 1.33797001838684 73.888801574707
-779 0 0 1.33999001979828 73.9866027832031
-780 0 0 1.34201002120972 74.0843963623047
-781 0 0 1.34403002262115 74.1820983886719
-782 0 0 1.34606003761292 74.279899597168
-783 0 0 1.34809005260468 74.3777008056641
-784 0 0 1.35012996196747 74.4755020141602
-785 0 0 1.35215997695923 74.5733032226563
-786 0 0 1.35420000553131 74.6709976196289
-787 0 0 1.35625004768372 74.768798828125
-788 0 0 1.35828995704651 74.8666000366211
-789 0 0 1.36033999919891 74.9644012451172
-790 0 0 1.36240005493164 75.0622024536133
-791 0 0 1.36444997787476 75.1600036621094
-792 0 0 1.36651003360748 75.2577972412109
-793 0 0 1.36857998371124 75.355598449707
-794 0 0 1.37064003944397 75.4533996582031
-795 0 0 1.37270998954773 75.5512008666992
-796 0 0 1.37478005886078 75.6490020751953
-797 0 0 1.37686002254486 75.7468032836914
-798 0 0 1.37893998622894 75.844596862793
-799 0 0 1.38101994991302 75.9423980712891
-800 19 4 1.38311004638672 76.0402984619141
-801 0 0 1.38520002365112 76.1380996704102
-802 0 0 1.38729000091553 76.2359008789063
-803 0 0 1.38938999176025 76.3337020874023
-804 0 0 1.39147996902466 76.4315032958984
-805 0 0 1.39358997344971 76.529296875
-806 0 0 1.39568996429443 76.627197265625
-807 0 0 1.39779996871948 76.7249984741211
-808 0 0 1.39990997314453 76.8227996826172
-809 0 0 1.4020299911499 76.9206008911133
-810 0 0 1.40415000915527 77.0185012817383
-811 0 0 1.40627002716064 77.1163024902344
-812 0 0 1.40839004516602 77.2141036987305
-813 0 0 1.41051995754242 77.3119964599609
-814 0 0 1.41264998912811 77.409797668457
-815 0 0 1.41478002071381 77.5075988769531
-816 0 0 1.41691994667053 77.6054992675781
-817 0 0 1.41905999183655 77.7033004760742
-818 0 0 1.42121005058289 77.8011016845703
-819 0 0 1.42334997653961 77.8990020751953
-820 0 0 1.42550003528595 77.9968032836914
-821 0 0 1.42765998840332 78.094596862793
-822 0 0 1.42981994152069 78.192497253418
-823 0 0 1.43198001384735 78.2902984619141
-824 0 0 1.43413996696472 78.3881988525391
-825 0 0 1.4363100528717 78.4860000610352
-826 0 0 1.4384800195694 78.5838012695313
-827 0 0 1.44064998626709 78.6817016601563
-828 0 0 1.44281995296478 78.7795028686523
-829 0 0 1.44500005245209 78.8774032592773
-830 0 0 1.44719004631042 78.9751968383789
-831 0 0 1.44937002658844 79.0730972290039
-832 0 0 1.45156002044678 79.1708984375
-833 0 0 1.45375001430511 79.268798828125
-834 0 0 1.45595002174377 79.3666000366211
-835 0 0 1.45815002918243 79.4645004272461
-836 0 0 1.46035003662109 79.5623016357422
-837 0 0 1.46255004405975 79.6601028442383
-838 0 0 1.46475994586945 79.7580032348633
-839 0 0 1.46696996688843 79.8557968139648
-840 0 0 1.46919000148773 79.9536972045898
-841 0 0 1.47141003608704 80.0514984130859
-842 0 0 1.47362995147705 80.1493988037109
-843 0 0 1.47584998607635 80.247200012207
-844 0 0 1.47808003425598 80.345100402832
-845 0 0 1.48030996322632 80.4429016113281
-846 0 0 1.48254001140594 80.5408020019531
-847 0 0 1.4847799539566 80.6386032104492
-848 0 0 1.48702001571655 80.7365036010742
-849 0 0 1.48925995826721 80.8342971801758
-850 20 4 1.49151003360748 80.9321975708008
-851 0 0 1.49375998973846 81.0299987792969
-852 0 0 1.49600994586945 81.1278991699219
-853 0 0 1.49827003479004 81.225700378418
-854 0 0 1.50053000450134 81.3235015869141
-855 0 0 1.50278997421265 81.4214019775391
-856 0 0 1.50505995750427 81.5192031860352
-857 0 0 1.5073299407959 81.6171035766602
-858 0 0 1.50960004329681 81.7148971557617
-859 0 0 1.51188004016876 81.8127975463867
-860 0 0 1.51415002346039 81.9105987548828
-861 0 0 1.51644003391266 82.0084991455078
-862 0 0 1.51872003078461 82.1063003540039
-863 0 0 1.52101004123688 82.2041015625
-864 0 0 1.52330005168915 82.302001953125
-865 0 0 1.52559995651245 82.3998031616211
-866 0 0 1.52788996696472 82.4977035522461
-867 0 0 1.53018999099731 82.5954971313477
-868 0 0 1.53250002861023 82.6932983398438
-869 0 0 1.53480994701385 82.7911987304688
-870 0 0 1.53711998462677 82.8889999389648
-871 0 0 1.53943002223969 82.9868011474609
-872 0 0 1.54174995422363 83.0847015380859
-873 0 0 1.54407000541687 83.182502746582
-874 0 0 1.54639005661011 83.2802963256836
-875 0 0 1.54872000217438 83.3781967163086
-876 0 0 1.55104994773865 83.4759979248047
-877 0 0 1.55338001251221 83.5737991333008
-878 0 0 1.5557199716568 83.6716995239258
-879 0 0 1.55806005001068 83.7695007324219
-880 0 0 1.56040000915527 83.867301940918
-881 0 0 1.56274998188019 83.965202331543
-882 0 0 1.56508994102478 84.0630035400391
-883 0 0 1.56745004653931 84.1607971191406
-884 0 0 1.56980001926422 84.2585983276367
-885 0 0 1.57216000556946 84.3563995361328
-886 0 0 1.57451999187469 84.4542999267578
-887 0 0 1.57688999176025 84.5521011352539
-888 0 0 1.57925999164581 84.64990234375
-889 0 0 1.58162999153137 84.7477035522461
-890 0 0 1.58399999141693 84.8454971313477
-891 0 0 1.58638000488281 84.9432983398438
-892 0 0 1.58876001834869 85.0411987304688
-893 0 0 1.5911500453949 85.1389999389648
-894 0 0 1.59353005886078 85.2368011474609
-895 0 0 1.59591996669769 85.334602355957
-896 0 0 1.59832000732422 85.4324035644531
-897 0 0 1.60072004795074 85.5301971435547
-898 0 0 1.60311996936798 85.6279983520508
-899 0 0 1.60552000999451 85.7257995605469
-900 21 4 1.60792994499207 85.823600769043
-901 0 0 1.61033999919891 85.9214019775391
-902 0 0 1.61275005340576 86.0192031860352
-903 0 0 1.61517000198364 86.1169967651367
-904 0 0 1.61758995056152 86.2147979736328
-905 0 0 1.62001001834869 86.3125991821289
-906 0 0 1.6224399805069 86.410400390625
-907 0 0 1.6248699426651 86.5082015991211
-908 0 0 1.62730002403259 86.6060028076172
-909 0 0 1.6297299861908 86.7037963867188
-910 0 0 1.63216996192932 86.8014984130859
-911 0 0 1.63461995124817 86.899299621582
-912 0 0 1.63706004619598 86.9971008300781
-913 0 0 1.63951003551483 87.0949020385742
-914 0 0 1.64196002483368 87.1927032470703
-915 0 0 1.64442002773285 87.290397644043
-916 0 0 1.64688003063202 87.3881988525391
-917 0 0 1.64934003353119 87.4860000610352
-918 0 0 1.65180003643036 87.5837020874023
-919 0 0 1.65427005290985 87.6815032958984
-920 0 0 1.65673995018005 87.779296875
-921 0 0 1.65921998023987 87.8769989013672
-922 0 0 1.66168999671936 87.9748001098633
-923 0 0 1.6641800403595 88.0726013183594
-924 0 0 1.66665995121002 88.1703033447266
-925 0 0 1.66914999485016 88.2680969238281
-926 0 0 1.6716400384903 88.3657989501953
-927 0 0 1.67412996292114 88.4636001586914
-928 0 0 1.6766300201416 88.5613021850586
-929 0 0 1.67912995815277 88.6591033935547
-930 0 0 1.68164002895355 88.7567977905273
-931 0 0 1.68413996696472 88.8545989990234
-932 0 0 1.6866500377655 88.9523010253906
-933 0 0 1.68917000293732 89.0501022338867
-934 0 0 1.69167995452881 89.1477966308594
-935 0 0 1.69421005249023 89.2454986572266
-936 0 0 1.69673001766205 89.3432998657227
-937 0 0 1.69925999641418 89.4410018920898
-938 0 0 1.70178997516632 89.5386962890625
-939 0 0 1.70431995391846 89.6363983154297
-940 0 0 1.70685994625092 89.7341995239258
-941 0 0 1.70940005779266 89.831901550293
-942 0 0 1.71194005012512 89.9296035766602
-943 0 0 1.7144900560379 90.0272979736328
-944 0 0 1.71703994274139 90.125
-945 0 0 1.71958994865417 90.2227020263672
-946 0 0 1.72213995456696 90.3203964233398
-947 0 0 1.72469997406006 90.418098449707
-948 0 0 1.72727000713348 90.5158004760742
-949 0 0 1.72983002662659 90.6135025024414
-950 22 4 1.73239994049072 90.7111968994141
-951 0 0 1.73497998714447 90.8088989257813
-952 0 0 1.7375500202179 90.9066009521484
-953 0 0 1.74012994766235 91.0043029785156
-954 0 0 1.7427099943161 91.1019973754883
-955 0 0 1.74530005455017 91.1996994018555
-956 0 0 1.74788999557495 91.2974014282227
-957 0 0 1.75048005580902 91.3951034545898
-958 0 0 1.75308001041412 91.4926986694336
-959 0 0 1.75567996501923 91.5904006958008
-960 0 0 1.75828003883362 91.688102722168
-961 0 0 1.76089000701904 91.7856979370117
-962 0 0 1.76349997520447 91.8833999633789
-963 0 0 1.76610994338989 91.9811019897461
-964 0 0 1.76872003078461 92.0786972045898
-965 0 0 1.77134001255035 92.176399230957
-966 0 0 1.77397000789642 92.2741012573242
-967 0 0 1.77658998966217 92.371696472168
-968 0 0 1.77921998500824 92.4693984985352
-969 0 0 1.78184998035431 92.5670013427734
-970 0 0 1.7844899892807 92.6645965576172
-971 0 0 1.78712999820709 92.7622985839844
-972 0 0 1.78977000713348 92.8599014282227
-973 0 0 1.7924200296402 92.9576034545898
-974 0 0 1.79507005214691 93.0551986694336
-975 0 0 1.79771995544434 93.1528015136719
-976 0 0 1.80036997795105 93.2503967285156
-977 0 0 1.80303001403809 93.3480987548828
-978 0 0 1.80569994449615 93.4457015991211
-979 0 0 1.80835998058319 93.5432968139648
-980 0 0 1.81103003025055 93.6408996582031
-981 0 0 1.81369996070862 93.7385025024414
-982 0 0 1.8163800239563 93.8360977172852
-983 0 0 1.81905996799469 93.9337005615234
-984 0 0 1.82174003124237 94.0313034057617
-985 0 0 1.82442998886108 94.1288986206055
-986 0 0 1.8271199464798 94.2265014648438
-987 0 0 1.8298100233078 94.3240966796875
-988 0 0 1.83250999450684 94.4216995239258
-989 0 0 1.83520996570587 94.5193023681641
-990 0 0 1.8379100561142 94.6168975830078
-991 0 0 1.84062004089355 94.7144012451172
-992 0 0 1.84333002567291 94.8119964599609
-993 0 0 1.84604001045227 94.9095993041992
-994 0 0 1.84876000881195 95.0072021484375
-995 0 0 1.85148000717163 95.1046981811523
-996 0 0 1.85420000553131 95.2023010253906
-997 0 0 1.85693001747131 95.2997970581055
-998 0 0 1.85966002941132 95.3973999023438
-999 0 0 1.86239004135132 95.495002746582
-1000 23 9 1.86512994766235 95.5924987792969
