-1000 43 9 -5.27577018737793 -15.1194000244141
-999 0 0 -5.27042007446289 -15.1174001693726
-998 0 0 -5.26505994796753 -15.1155004501343
-997 0 0 -5.25969982147217 -15.1134996414185
-996 0 0 -5.25433015823364 -15.111499786377
-995 0 0 -5.24897003173828 -15.1094999313354
-994 0 0 -5.24360990524292 -15.1075000762939
-993 0 0 -5.23824977874756 -15.1054000854492
-992 0 0 -5.23288011550903 -15.1034002304077
-991 0 0 -5.22751998901367 -15.1014003753662
-990 0 0 -5.22214984893799 -15.0993995666504
-989 0 0 -5.21679019927979 -15.0973997116089
-988 0 0 -5.2114200592041 -15.0952997207642
-987 0 0 -5.20604991912842 -15.0932998657227
-986 0 0 -5.20067977905273 -15.0911998748779
-985 0 0 -5.19531011581421 -15.0892000198364
-984 0 0 -5.18993997573853 -15.0871000289917
-983 0 0 -5.18456983566284 -15.0851001739502
-982 0 0 -5.17920017242432 -15.0830001831055
-981 0 0 -5.17383003234863 -15.081000328064
-980 0 0 -5.16845989227295 -15.0789003372192
-979 0 0 -5.1630802154541 -15.0768003463745
-978 0 0 -5.15771007537842 -15.0747003555298
-977 0 0 -5.15232992172241 -15.0726003646851
-976 0 0 -5.14695978164673 -15.0705995559692
-975 0 0 -5.14158010482788 -15.0684995651245
-974 0 0 -5.13619995117188 -15.0663995742798
-973 0 0 -5.13081979751587 -15.0642995834351
-972 0 0 -5.12544012069702 -15.0621004104614
-971 0 0 -5.12005996704102 -15.0600004196167
-970 0 0 -5.11467981338501 -15.057900428772
-969 0 0 -5.10930013656616 -15.0558004379272
-968 0 0 -5.10391998291016 -15.0537004470825
-967 0 0 -5.09853982925415 -15.0515003204346
-966 0 0 -5.09315013885498 -15.0494003295898
-965 0 0 -5.08776998519897 -15.0472002029419
-964 0 0 -5.08237981796265 -15.0451002120972
-963 0 0 -5.0770001411438 -15.0429000854492
-962 0 0 -5.07160997390747 -15.0408000946045
-961 0 0 -5.06621980667114 -15.0385999679565
-960 0 0 -5.06083011627197 -15.0363998413086
-959 0 0 -5.05543994903564 -15.0342998504639
-958 0 0 -5.05004978179932 -15.0320997238159
-957 0 0 -5.04466009140015 -15.029899597168
-956 0 0 -5.03926992416382 -15.0277004241943
-955 0 0 -5.03388023376465 -15.0255002975464
-954 0 0 -5.028480052948 -15.0233001708984
-953 0 0 -5.02308988571167 -15.0211000442505
-952 0 0 -5.0177001953125 -15.0188999176025
-951 0 0 -5.01230001449585 -15.0166997909546
-950 42 4 -5.0068998336792 -15.0144996643066
-949 0 0 -5.00151014328003 -15.0122995376587
-948 0 0 -4.99610996246338 -15.0100002288818
-947 0 0 -4.99070978164673 -15.0078001022339
-946 0 0 -4.98531007766724 -15.0054998397827
-945 0 0 -4.97990989685059 -15.0032997131348
-944 0 0 -4.97451019287109 -15.0010004043579
-943 0 0 -4.96911001205444 -14.99880027771
-942 0 0 -4.96369981765747 -14.9965000152588
-941 0 0 -4.95830011367798 -14.9942998886108
-940 0 0 -4.95289993286133 -14.9919996261597
-939 0 0 -4.94749021530151 -14.9897003173828
-938 0 0 -4.94208002090454 -14.9874000549316
-937 0 0 -4.93667984008789 -14.9850997924805
-936 0 0 -4.93127012252808 -14.9827995300293
-935 0 0 -4.9258599281311 -14.9805002212524
-934 0 0 -4.92045021057129 -14.9781999588013
-933 0 0 -4.91504001617432 -14.9758996963501
-932 0 0 -4.90962982177734 -14.9736003875732
-931 0 0 -4.90422010421753 -14.9713001251221
-930 0 0 -4.89880990982056 -14.9688997268677
-929 0 0 -4.89339017868042 -14.9666004180908
-928 0 0 -4.88797998428345 -14.9643001556396
-927 0 0 -4.88256978988647 -14.9618997573853
-926 0 0 -4.87715005874634 -14.9596004486084
-925 0 0 -4.87172985076904 -14.957200050354
-924 0 0 -4.86632013320923 -14.9548997879028
-923 0 0 -4.86089992523193 -14.9525003433228
-922 0 0 -4.8554801940918 -14.9500999450684
-921 0 0 -4.8500599861145 -14.947699546814
-920 0 0 -4.84463977813721 -14.9453001022339
-919 0 0 -4.83922004699707 -14.9429998397827
-918 0 0 -4.83379983901978 -14.9406003952026
-917 0 0 -4.82837009429932 -14.9381999969482
-916 0 0 -4.82294988632202 -14.9357004165649
-915 0 0 -4.81753015518188 -14.9333000183105
-914 0 0 -4.81209993362427 -14.9308996200562
-913 0 0 -4.80667018890381 -14.9285001754761
-912 0 0 -4.80124998092651 -14.9259996414185
-911 0 0 -4.79582023620605 -14.9236001968384
-910 0 0 -4.79039001464844 -14.921199798584
-909 0 0 -4.78495979309082 -14.9187002182007
-908 0 0 -4.77953004837036 -14.9162998199463
-907 0 0 -4.77409982681274 -14.913800239563
-906 0 0 -4.76867008209229 -14.9112997055054
-905 0 0 -4.76322984695435 -14.9088001251221
-904 0 0 -4.75780010223389 -14.9063997268677
-903 0 0 -4.75236988067627 -14.9039001464844
-902 0 0 -4.74693012237549 -14.9013996124268
-901 0 0 -4.74149990081787 -14.8989000320435
-900 41 4 -4.73606014251709 -14.8964004516602
-899 0 0 -4.73061990737915 -14.8938999176025
-898 0 0 -4.72518014907837 -14.891300201416
-897 0 0 -4.71973991394043 -14.8887996673584
-896 0 0 -4.71430015563965 -14.8863000869751
-895 0 0 -4.70885992050171 -14.8837003707886
-894 0 0 -4.70342016220093 -14.881199836731
-893 0 0 -4.69797992706299 -14.8786001205444
-892 0 0 -4.69253015518188 -14.8760995864868
-891 0 0 -4.68708992004395 -14.8734998703003
-890 0 0 -4.68164014816284 -14.8709001541138
-889 0 0 -4.6761999130249 -14.8683996200562
-888 0 0 -4.6707501411438 -14.8657999038696
-887 0 0 -4.66529989242554 -14.8632001876831
-886 0 0 -4.65985012054443 -14.8606004714966
-885 0 0 -4.65439987182617 -14.8579998016357
-884 0 0 -4.64895009994507 -14.8554000854492
-883 0 0 -4.64349985122681 -14.8528003692627
-882 0 0 -4.6380500793457 -14.8500995635986
-881 0 0 -4.63259983062744 -14.8474998474121
-880 0 0 -4.62714004516602 -14.8449001312256
-879 0 0 -4.62168979644775 -14.8422002792358
-878 0 0 -4.61623001098633 -14.839599609375
-877 0 0 -4.61077976226807 -14.8368997573853
-876 0 0 -4.60531997680664 -14.8341999053955
-875 0 0 -4.59986019134521 -14.831600189209
-874 0 0 -4.59439992904663 -14.8289003372192
-873 0 0 -4.58894014358521 -14.8261995315552
-872 0 0 -4.58347988128662 -14.8234996795654
-871 0 0 -4.5780200958252 -14.8207998275757
-870 0 0 -4.57255983352661 -14.8180999755859
-869 0 0 -4.56709003448486 -14.8154001235962
-868 0 0 -4.56162977218628 -14.8127002716064
-867 0 0 -4.55615997314453 -14.8099002838135
-866 0 0 -4.55070018768311 -14.8072004318237
-865 0 0 -4.5452299118042 -14.8044996261597
-864 0 0 -4.53976011276245 -14.8016996383667
-863 0 0 -4.53429985046387 -14.798999786377
-862 0 0 -4.52883005142212 -14.796199798584
-861 0 0 -4.52335977554321 -14.793399810791
-860 0 0 -4.51787996292114 -14.790599822998
-859 0 0 -4.51241016387939 -14.7878999710083
-858 0 0 -4.50693988800049 -14.7850999832153
-857 0 0 -4.50147008895874 -14.7822999954224
-856 0 0 -4.49598979949951 -14.7793998718262
-855 0 0 -4.49052000045776 -14.7765998840332
-854 0 0 -4.48504018783569 -14.7737998962402
-853 0 0 -4.47955989837646 -14.7709999084473
-852 0 0 -4.47408008575439 -14.7680997848511
-851 0 0 -4.46859979629517 -14.7652997970581
-850 40 4 -4.4631199836731 -14.7623996734619
-849 0 0 -4.45764017105103 -14.7595996856689
-848 0 0 -4.4521598815918 -14.7566995620728
-847 0 0 -4.44668006896973 -14.7538003921509
-846 0 0 -4.4411997795105 -14.7509002685547
-845 0 0 -4.43570995330811 -14.7480001449585
-844 0 0 -4.43023014068604 -14.7451000213623
-843 0 0 -4.42473983764648 -14.7421998977661
-842 0 0 -4.41925001144409 -14.7392997741699
-841 0 0 -4.4137601852417 -14.7363996505737
-840 0 0 -4.40827989578247 -14.7334995269775
-839 0 0 -4.40279006958008 -14.7305002212524
-838 0 0 -4.39729022979736 -14.7276000976563
-837 0 0 -4.39179992675781 -14.7245998382568
-836 0 0 -4.38631010055542 -14.7216997146606
-835 0 0 -4.38081979751587 -14.7187004089355
-834 0 0 -4.37531995773315 -14.7157001495361
-833 0 0 -4.36983013153076 -14.7126998901367
-832 0 0 -4.36432981491089 -14.7096996307373
-831 0 0 -4.35882997512817 -14.7067003250122
-830 0 0 -4.35334014892578 -14.7037000656128
-829 0 0 -4.34783983230591 -14.7006998062134
-828 0 0 -4.34233999252319 -14.6976003646851
-827 0 0 -4.33684015274048 -14.6946001052856
-826 0 0 -4.33132982254028 -14.6915998458862
-825 0 0 -4.32582998275757 -14.6885004043579
-824 0 0 -4.32033014297485 -14.6854000091553
-823 0 0 -4.31481981277466 -14.6823997497559
-822 0 0 -4.30931997299194 -14.6793003082275
-821 0 0 -4.30381011962891 -14.6761999130249
-820 0 0 -4.29829978942871 -14.6731004714966
-819 0 0 -4.292799949646 -14.6700000762939
-818 0 0 -4.28729009628296 -14.6668996810913
-817 0 0 -4.28177976608276 -14.663800239563
-816 0 0 -4.27626991271973 -14.6605997085571
-815 0 0 -4.27075004577637 -14.6575002670288
-814 0 0 -4.26524019241333 -14.6542997360229
-813 0 0 -4.25972986221313 -14.6512002944946
-812 0 0 -4.25420999526978 -14.6479997634888
-811 0 0 -4.24870014190674 -14.6448001861572
-810 0 0 -4.24317979812622 -14.6415996551514
-809 0 0 -4.23765993118286 -14.6384000778198
-808 0 0 -4.2321400642395 -14.635199546814
-807 0 0 -4.22662019729614 -14.6319999694824
-806 0 0 -4.22109985351563 -14.6288003921509
-805 0 0 -4.21557998657227 -14.625599861145
-804 0 0 -4.21006011962891 -14.6223001480103
-803 0 0 -4.20453977584839 -14.6190996170044
-802 0 0 -4.19900989532471 -14.6157999038696
-801 0 0 -4.19349002838135 -14.6125001907349
-800 39 4 -4.18796014785767 -14.609299659729
-799 0 0 -4.18242979049683 -14.6059999465942
-798 0 0 -4.17689990997314 -14.6027002334595
-797 0 0 -4.17137002944946 -14.5993995666504
-796 0 0 -4.16584014892578 -14.5960998535156
-795 0 0 -4.16030979156494 -14.5927000045776
-794 0 0 -4.15477991104126 -14.5894002914429
-793 0 0 -4.14925003051758 -14.5860004425049
-792 0 0 -4.14371013641357 -14.5826997756958
-791 0 0 -4.13817977905273 -14.5792999267578
-790 0 0 -4.13263988494873 -14.5759000778198
-789 0 0 -4.12711000442505 -14.5726003646851
-788 0 0 -4.12157011032104 -14.5691995620728
-787 0 0 -4.11603021621704 -14.5657997131348
-786 0 0 -4.11048984527588 -14.5622997283936
-785 0 0 -4.10494995117188 -14.5588998794556
-784 0 0 -4.09941005706787 -14.5555000305176
-783 0 0 -4.09386014938354 -14.5520000457764
-782 0 0 -4.08831977844238 -14.5486001968384
-781 0 0 -4.08276987075806 -14.5451002120972
-780 0 0 -4.07722997665405 -14.541600227356
-779 0 0 -4.07168006896973 -14.538200378418
-778 0 0 -4.0661301612854 -14.5347003936768
-777 0 0 -4.06057977676392 -14.5312004089355
-776 0 0 -4.05502986907959 -14.5276002883911
-775 0 0 -4.04947996139526 -14.5241003036499
-774 0 0 -4.04393005371094 -14.5206003189087
-773 0 0 -4.03838014602661 -14.5170001983643
-772 0 0 -4.03283023834229 -14.513500213623
-771 0 0 -4.02726984024048 -14.5099000930786
-770 0 0 -4.02170991897583 -14.5062999725342
-769 0 0 -4.0161600112915 -14.5026998519897
-768 0 0 -4.01060009002686 -14.4990997314453
-767 0 0 -4.00504016876221 -14.4954996109009
-766 0 0 -3.99948000907898 -14.4919004440308
-765 0 0 -3.99392008781433 -14.4882001876831
-764 0 0 -3.9883599281311 -14.4846000671387
-763 0 0 -3.98278999328613 -14.480899810791
-762 0 0 -3.97723007202148 -14.4772996902466
-761 0 0 -3.97165989875793 -14.4736003875732
-760 0 0 -3.96609997749329 -14.4699001312256
-759 0 0 -3.96053004264832 -14.4661998748779
-758 0 0 -3.95496010780334 -14.4624996185303
-757 0 0 -3.94938993453979 -14.4588003158569
-756 0 0 -3.94381999969482 -14.4549999237061
-755 0 0 -3.93825006484985 -14.4512996673584
-754 0 0 -3.9326798915863 -14.4475002288818
-753 0 0 -3.92709994316101 -14.443699836731
-752 0 0 -3.92153000831604 -14.4399995803833
-751 0 0 -3.91595005989075 -14.4362001419067
-750 38 4 -3.9103798866272 -14.4323997497559
-749 0 0 -3.9047999382019 -14.4285001754761
-748 0 0 -3.89921998977661 -14.4246997833252
-747 0 0 -3.89364004135132 -14.4209003448486
-746 0 0 -3.88806009292603 -14.4169998168945
-745 0 0 -3.88247990608215 -14.4131002426147
-744 0 0 -3.87688994407654 -14.4092998504639
-743 0 0 -3.87130999565125 -14.4054002761841
-742 0 0 -3.86572003364563 -14.40149974823
-741 0 0 -3.86014008522034 -14.3976001739502
-740 0 0 -3.85454988479614 -14.3936004638672
-739 0 0 -3.84895992279053 -14.3896999359131
-738 0 0 -3.84336996078491 -14.3857002258301
-737 0 0 -3.8377799987793 -14.381799697876
-736 0 0 -3.83219003677368 -14.377799987793
-735 0 0 -3.82660007476807 -14.37380027771
-734 0 0 -3.82100009918213 -14.3697996139526
-733 0 0 -3.81540989875793 -14.3657999038696
-732 0 0 -3.809809923172 -14.3618001937866
-731 0 0 -3.80420994758606 -14.3577003479004
-730 0 0 -3.79860997200012 -14.3536996841431
-729 0 0 -3.79300999641418 -14.3495998382568
-728 0 0 -3.78741002082825 -14.3454999923706
-727 0 0 -3.78181004524231 -14.3414001464844
-726 0 0 -3.77621006965637 -14.3373003005981
-725 0 0 -3.77061009407043 -14.3332004547119
-724 0 0 -3.76500010490417 -14.3290996551514
-723 0 0 -3.75939011573792 -14.3248996734619
-722 0 0 -3.7537899017334 -14.3207998275757
-721 0 0 -3.74817991256714 -14.3165998458862
-720 0 0 -3.74256992340088 -14.3123998641968
-719 0 0 -3.73695993423462 -14.3081998825073
-718 0 0 -3.73134994506836 -14.3039999008179
-717 0 0 -3.72572994232178 -14.2997999191284
-716 0 0 -3.72011995315552 -14.2954998016357
-715 0 0 -3.71449995040894 -14.2912998199463
-714 0 0 -3.70888996124268 -14.2869997024536
-713 0 0 -3.70326995849609 -14.2826995849609
-712 0 0 -3.69764995574951 -14.2784004211426
-711 0 0 -3.69202995300293 -14.2741003036499
-710 0 0 -3.68640995025635 -14.2698001861572
-709 0 0 -3.68078994750977 -14.2653999328613
-708 0 0 -3.67515993118286 -14.2610998153687
-707 0 0 -3.66953992843628 -14.2566995620728
-706 0 0 -3.66390991210938 -14.2523002624512
-705 0 0 -3.65827989578247 -14.2479000091553
-704 0 0 -3.65265989303589 -14.2434997558594
-703 0 0 -3.64703011512756 -14.2391004562378
-702 0 0 -3.64140009880066 -14.2346000671387
-701 0 0 -3.63576006889343 -14.2301998138428
-700 37 4 -3.63013005256653 -14.225700378418
-699 0 0 -3.62450003623962 -14.2211999893188
-698 0 0 -3.6188600063324 -14.2166996002197
-697 0 0 -3.61321997642517 -14.2122001647949
-696 0 0 -3.60758996009827 -14.2076997756958
-695 0 0 -3.60194993019104 -14.2031002044678
-694 0 0 -3.59630990028381 -14.1984996795654
-693 0 0 -3.59067010879517 -14.1940002441406
-692 0 0 -3.58502006530762 -14.1893997192383
-691 0 0 -3.57938003540039 -14.1848001480103
-690 0 0 -3.57372999191284 -14.180100440979
-689 0 0 -3.56808996200562 -14.1754999160767
-688 0 0 -3.56243991851807 -14.1708002090454
-687 0 0 -3.5567901134491 -14.1661996841431
-686 0 0 -3.55114006996155 -14.1614999771118
-685 0 0 -3.545490026474 -14.1568002700806
-684 0 0 -3.53983998298645 -14.1520004272461
-683 0 0 -3.53417992591858 -14.1472997665405
-682 0 0 -3.52852988243103 -14.1424999237061
-681 0 0 -3.52287006378174 -14.1378002166748
-680 0 0 -3.51722002029419 -14.1330003738403
-679 0 0 -3.51155996322632 -14.1281995773315
-678 0 0 -3.50589990615845 -14.1232995986938
-677 0 0 -3.50024008750916 -14.1184997558594
-676 0 0 -3.49457001686096 -14.1135997772217
-675 0 0 -3.48890995979309 -14.1087999343872
-674 0 0 -3.4832398891449 -14.1038999557495
-673 0 0 -3.47758007049561 -14.0989999771118
-672 0 0 -3.47190999984741 -14.0939998626709
-671 0 0 -3.46623992919922 -14.0890998840332
-670 0 0 -3.4605700969696 -14.0840997695923
-669 0 0 -3.45490002632141 -14.0791997909546
-668 0 0 -3.44922995567322 -14.0741996765137
-667 0 0 -3.44355010986328 -14.0691003799438
-666 0 0 -3.43788003921509 -14.0641002655029
-665 0 0 -3.43219995498657 -14.059100151062
-664 0 0 -3.42652010917664 -14.0539999008179
-663 0 0 -3.42084002494812 -14.0488996505737
-662 0 0 -3.4151599407196 -14.0438003540039
-661 0 0 -3.40948009490967 -14.0387001037598
-660 0 0 -3.40380001068115 -14.0334997177124
-659 0 0 -3.39810991287231 -14.0284004211426
-658 0 0 -3.39243006706238 -14.0232000350952
-657 0 0 -3.38673996925354 -14.0179996490479
-656 0 0 -3.38105010986328 -14.0128002166748
-655 0 0 -3.37536001205444 -14.0074996948242
-654 0 0 -3.36966991424561 -14.0023002624512
-653 0 0 -3.36398005485535 -13.9969997406006
-652 0 0 -3.35827994346619 -13.9917001724243
-651 0 0 -3.35259008407593 -13.9863996505737
-650 36 4 -3.34688997268677 -13.9811000823975
-649 0 0 -3.34119009971619 -13.975700378418
-648 0 0 -3.33548998832703 -13.9702997207642
-647 0 0 -3.32979011535645 -13.9649000167847
-646 0 0 -3.32409000396729 -13.9595003128052
-645 0 0 -3.31838011741638 -13.9540996551514
-644 0 0 -3.31268000602722 -13.9486999511719
-643 0 0 -3.30696988105774 -13.9432001113892
-642 0 0 -3.30125999450684 -13.9377002716064
-641 0 0 -3.29555010795593 -13.9322004318237
-640 0 0 -3.28983998298645 -13.9266004562378
-639 0 0 -3.28413009643555 -13.9210996627808
-638 0 0 -3.27841997146606 -13.9154996871948
-637 0 0 -3.27270007133484 -13.9098997116089
-636 0 0 -3.26697993278503 -13.9042997360229
-635 0 0 -3.26127004623413 -13.8985996246338
-634 0 0 -3.25554990768433 -13.8929996490479
-633 0 0 -3.2498300075531 -13.8872995376587
-632 0 0 -3.24410009384155 -13.8816003799438
-631 0 0 -3.23837995529175 -13.8759002685547
-630 0 0 -3.2326500415802 -13.8701000213623
-629 0 0 -3.2269299030304 -13.8643999099731
-628 0 0 -3.22119998931885 -13.8585996627808
-627 0 0 -3.2154700756073 -13.8527002334595
-626 0 0 -3.20973992347717 -13.8468999862671
-625 0 0 -3.2039999961853 -13.8409996032715
-624 0 0 -3.19827008247375 -13.8352003097534
-623 0 0 -3.19252991676331 -13.8292999267578
-622 0 0 -3.18680000305176 -13.8233003616333
-621 0 0 -3.18106007575989 -13.8173999786377
-620 0 0 -3.17531991004944 -13.8114004135132
-619 0 0 -3.16957998275757 -13.8053998947144
-618 0 0 -3.16383004188538 -13.7994003295898
-617 0 0 -3.15809011459351 -13.7932996749878
-616 0 0 -3.15233993530273 -13.7873001098633
-615 0 0 -3.14658999443054 -13.7812004089355
-614 0 0 -3.14084005355835 -13.7750997543335
-613 0 0 -3.13509011268616 -13.7688999176025
-612 0 0 -3.12933993339539 -13.7628002166748
-611 0 0 -3.12357997894287 -13.7566003799438
-610 0 0 -3.11783003807068 -13.7503995895386
-609 0 0 -3.11207008361816 -13.7440996170044
-608 0 0 -3.10630989074707 -13.7378997802734
-607 0 0 -3.10054993629456 -13.7315998077393
-606 0 0 -3.09478998184204 -13.7251996994019
-605 0 0 -3.08903002738953 -13.7188997268677
-604 0 0 -3.08326005935669 -13.7124996185303
-603 0 0 -3.07749009132385 -13.7061996459961
-602 0 0 -3.07171988487244 -13.6997003555298
-601 0 0 -3.0659499168396 -13.6933002471924
-600 35 4 -3.06017994880676 -13.6868000030518
-599 0 0 -3.05440998077393 -13.6802997589111
-598 0 0 -3.04862999916077 -13.6738004684448
-597 0 0 -3.04286003112793 -13.6673002243042
-596 0 0 -3.03708004951477 -13.6606998443604
-595 0 0 -3.03130006790161 -13.6541004180908
-594 0 0 -3.02551007270813 -13.6473999023438
-593 0 0 -3.01973009109497 -13.6408004760742
-592 0 0 -3.01395010948181 -13.6340999603271
-591 0 0 -3.00816011428833 -13.6274003982544
-590 0 0 -3.00237011909485 -13.6206998825073
-589 0 0 -2.99657988548279 -13.6139001846313
-588 0 0 -2.99078989028931 -13.6070995330811
-587 0 0 -2.9849898815155 -13.6002998352051
-586 0 0 -2.97919988632202 -13.5934000015259
-585 0 0 -2.9734001159668 -13.5865001678467
-584 0 0 -2.96760010719299 -13.5796003341675
-583 0 0 -2.96180009841919 -13.572699546814
-582 0 0 -2.95600008964539 -13.5656995773315
-581 0 0 -2.95019006729126 -13.5586996078491
-580 0 0 -2.94439005851746 -13.5516996383667
-579 0 0 -2.93858003616333 -13.5445995330811
-578 0 0 -2.9327700138092 -13.5375003814697
-577 0 0 -2.92695999145508 -13.5304002761841
-576 0 0 -2.92113995552063 -13.5233001708984
-575 0 0 -2.9153299331665 -13.5160999298096
-574 0 0 -2.90950989723206 -13.5088996887207
-573 0 0 -2.90369009971619 -13.5017004013062
-572 0 0 -2.89787006378174 -13.4944000244141
-571 0 0 -2.89205002784729 -13.487099647522
-570 0 0 -2.88621997833252 -13.479700088501
-569 0 0 -2.88039994239807 -13.4723997116089
-568 0 0 -2.8745698928833 -13.4650001525879
-567 0 0 -2.86874008178711 -13.4575004577637
-566 0 0 -2.86291003227234 -13.4500999450684
-565 0 0 -2.85706996917725 -13.4426002502441
-564 0 0 -2.85123991966248 -13.4350996017456
-563 0 0 -2.84540009498596 -13.4274997711182
-562 0 0 -2.83956003189087 -13.4198999404907
-561 0 0 -2.83371996879578 -13.4123001098633
-560 0 0 -2.82786989212036 -13.4046001434326
-559 0 0 -2.82203006744385 -13.396900177002
-558 0 0 -2.81617999076843 -13.3892002105713
-557 0 0 -2.81032991409302 -13.3814001083374
-556 0 0 -2.80448007583618 -13.3736000061035
-555 0 0 -2.79862999916077 -13.3657999038696
-554 0 0 -2.79276990890503 -13.3578996658325
-553 0 0 -2.78691005706787 -13.3500003814697
-552 0 0 -2.78105998039246 -13.3421001434326
-551 0 0 -2.77519011497498 -13.3340997695923
-550 34 4 -2.76933002471924 -13.3261003494263
-549 0 0 -2.76345992088318 -13.3179998397827
-548 0 0 -2.75760006904602 -13.3099002838135
-547 0 0 -2.75172996520996 -13.3017997741699
-546 0 0 -2.74586009979248 -13.2937002182007
-545 0 0 -2.7399799823761 -13.2854995727539
-544 0 0 -2.73411011695862 -13.2771997451782
-543 0 0 -2.72822999954224 -13.2688999176025
-542 0 0 -2.72234988212585 -13.2606000900269
-541 0 0 -2.71647000312805 -13.2523002624512
-540 0 0 -2.71058011054993 -13.2439002990723
-539 0 0 -2.70468997955322 -13.2355003356934
-538 0 0 -2.69881010055542 -13.2270002365112
-537 0 0 -2.69290995597839 -13.2185001373291
-536 0 0 -2.68702006340027 -13.210000038147
-535 0 0 -2.68112993240356 -13.2013998031616
-534 0 0 -2.67523002624512 -13.1927003860474
-533 0 0 -2.66932988166809 -13.184100151062
-532 0 0 -2.66342997550964 -13.1753997802734
-531 0 0 -2.65752005577087 -13.166600227356
-530 0 0 -2.65161991119385 -13.1577997207642
-529 0 0 -2.64570999145508 -13.1490001678467
-528 0 0 -2.63980007171631 -13.1400995254517
-527 0 0 -2.63387989997864 -13.131199836731
-526 0 0 -2.62796998023987 -13.122200012207
-525 0 0 -2.62205004692078 -13.1132001876831
-524 0 0 -2.61613011360168 -13.1042003631592
-523 0 0 -2.61020994186401 -13.095100402832
-522 0 0 -2.6042799949646 -13.0860004425049
-521 0 0 -2.59835004806519 -13.0768003463745
-520 0 0 -2.59242010116577 -13.0676002502441
-519 0 0 -2.58648991584778 -13.0583000183105
-518 0 0 -2.58055996894836 -13.048999786377
-517 0 0 -2.57462000846863 -13.0396003723145
-516 0 0 -2.56868004798889 -13.0302000045776
-515 0 0 -2.56274008750916 -13.0207996368408
-514 0 0 -2.5567901134491 -13.0113000869751
-513 0 0 -2.55084991455078 -13.0017004013062
-512 0 0 -2.54489994049072 -12.9920997619629
-511 0 0 -2.53894996643066 -12.9825000762939
-510 0 0 -2.53298997879028 -12.9728002548218
-509 0 0 -2.52704000473022 -12.9631004333496
-508 0 0 -2.52108001708984 -12.9533004760742
-507 0 0 -2.51511001586914 -12.9434995651245
-506 0 0 -2.50915002822876 -12.9336004257202
-505 0 0 -2.50318002700806 -12.9237003326416
-504 0 0 -2.49721002578735 -12.9137001037598
-503 0 0 -2.49124002456665 -12.9035997390747
-502 0 0 -2.48527002334595 -12.8936004638672
-501 0 0 -2.47929000854492 -12.8833999633789
-500 33 4 -2.4733099937439 -12.8732004165649
-499 0 0 -2.46732997894287 -12.8629999160767
-498 0 0 -2.46133995056152 -12.8527002334595
-497 0 0 -2.45534992218018 -12.842399597168
-496 0 0 -2.44935989379883 -12.8319997787476
-495 0 0 -2.44337010383606 -12.8214998245239
-494 0 0 -2.43737006187439 -12.8109998703003
-493 0 0 -2.43137001991272 -12.8003997802734
-492 0 0 -2.42536997795105 -12.7897996902466
-491 0 0 -2.41935992240906 -12.7791004180908
-490 0 0 -2.41335010528564 -12.7684001922607
-489 0 0 -2.40734004974365 -12.7575998306274
-488 0 0 -2.40132999420166 -12.7468004226685
-487 0 0 -2.39530992507935 -12.7358999252319
-486 0 0 -2.38929009437561 -12.7249002456665
-485 0 0 -2.3832700252533 -12.7138996124268
-484 0 0 -2.37724995613098 -12.7028999328613
-483 0 0 -2.37122011184692 -12.6916999816895
-482 0 0 -2.36519002914429 -12.6805000305176
-481 0 0 -2.35914993286133 -12.6693000793457
-480 0 0 -2.35312008857727 -12.6579999923706
-479 0 0 -2.34707999229431 -12.6465997695923
-478 0 0 -2.34102988243103 -12.635199546814
-477 0 0 -2.33499002456665 -12.6237001419067
-476 0 0 -2.32893991470337 -12.612099647522
-475 0 0 -2.32288002967834 -12.6005001068115
-474 0 0 -2.31682991981506 -12.5888004302979
-473 0 0 -2.31077003479004 -12.5769996643066
-472 0 0 -2.30470991134644 -12.5651998519897
-471 0 0 -2.29864001274109 -12.5532999038696
-470 0 0 -2.29257011413574 -12.5413999557495
-469 0 0 -2.28649997711182 -12.5293998718262
-468 0 0 -2.28043007850647 -12.5172996520996
-467 0 0 -2.27434992790222 -12.5052003860474
-466 0 0 -2.26827001571655 -12.4928998947144
-465 0 0 -2.26218008995056 -12.4806995391846
-464 0 0 -2.25608992576599 -12.4682998657227
-463 0 0 -2.25 -12.4559001922607
-462 0 0 -2.24391007423401 -12.4434003829956
-461 0 0 -2.23780989646912 -12.4308004379272
-460 0 0 -2.23169994354248 -12.4181995391846
-459 0 0 -2.22560000419617 -12.4055004119873
-458 0 0 -2.21949005126953 -12.3927001953125
-457 0 0 -2.2133800983429 -12.3798999786377
-456 0 0 -2.20725989341736 -12.3669004440308
-455 0 0 -2.2011399269104 -12.3538999557495
-454 0 0 -2.19501996040344 -12.3409004211426
-453 0 0 -2.18888998031616 -12.3276996612549
-452 0 0 -2.18276000022888 -12.3144998550415
-451 0 0 -2.1766300201416 -12.3011999130249
-450 32 4 -2.170490026474 -12.2877998352051
-449 0 0 -2.1643500328064 -12.274299621582
-448 0 0 -2.15820002555847 -12.2608003616333
-447 0 0 -2.15205001831055 -12.247200012207
-446 0 0 -2.14590001106262 -12.2334995269775
-445 0 0 -2.13973999023438 -12.2196998596191
-444 0 0 -2.13357996940613 -12.2058000564575
-443 0 0 -2.12740993499756 -12.1919002532959
-442 0 0 -2.12124991416931 -12.1778001785278
-441 0 0 -2.115070104599 -12.1637001037598
-440 0 0 -2.10890007019043 -12.1494998931885
-439 0 0 -2.10272002220154 -12.135199546814
-438 0 0 -2.09652996063232 -12.1209001541138
-437 0 0 -2.09033989906311 -12.1063995361328
-436 0 0 -2.08415007591248 -12.0918998718262
-435 0 0 -2.07795000076294 -12.0771999359131
-434 0 0 -2.0717499256134 -12.0625
-433 0 0 -2.06554007530212 -12.0476999282837
-432 0 0 -2.05932998657227 -12.0327997207642
-431 0 0 -2.05311989784241 -12.0178003311157
-430 0 0 -2.04690003395081 -12.0026998519897
-429 0 0 -2.04067993164063 -11.9875001907349
-428 0 0 -2.0344500541687 -11.9722003936768
-427 0 0 -2.0282199382782 -11.9568004608154
-426 0 0 -2.02198004722595 -11.9413003921509
-425 0 0 -2.01573991775513 -11.9258003234863
-424 0 0 -2.00950002670288 -11.9100999832153
-423 0 0 -2.00324988365173 -11.8943004608154
-422 0 0 -1.99698996543884 -11.8784999847412
-421 0 0 -1.99073004722595 -11.8625001907349
-420 0 0 -1.98447000980377 -11.8464002609253
-419 0 0 -1.97819995880127 -11.8302001953125
-418 0 0 -1.97193002700806 -11.8140001296997
-417 0 0 -1.96564996242523 -11.7975997924805
-416 0 0 -1.9593700170517 -11.7811002731323
-415 0 0 -1.95308005809784 -11.7644996643066
-414 0 0 -1.94678997993469 -11.7477998733521
-413 0 0 -1.94049000740051 -11.7309999465942
-412 0 0 -1.93419003486633 -11.71399974823
-411 0 0 -1.92788004875183 -11.6969995498657
-410 0 0 -1.92156994342804 -11.6799001693726
-409 0 0 -1.91524994373322 -11.6625995635986
-408 0 0 -1.90892994403839 -11.6451997756958
-407 0 0 -1.90260004997253 -11.6276998519897
-406 0 0 -1.89627003669739 -11.6100997924805
-405 0 0 -1.88993000984192 -11.592399597168
-404 0 0 -1.88357996940613 -11.5746002197266
-403 0 0 -1.87723004817963 -11.5565996170044
-402 0 0 -1.87088000774384 -11.5384998321533
-401 0 0 -1.86451995372772 -11.520299911499
-400 31 4 -1.85815000534058 -11.5019998550415
-399 0 0 -1.85178005695343 -11.4834995269775
-398 0 0 -1.84539997577667 -11.4649000167847
-397 0 0 -1.8390200138092 -11.4462003707886
-396 0 0 -1.83263003826141 -11.4273996353149
-395 0 0 -1.82623994350433 -11.4083995819092
-394 0 0 -1.81983995437622 -11.3893003463745
-393 0 0 -1.81342995166779 -11.3701000213623
-392 0 0 -1.80701994895935 -11.350700378418
-391 0 0 -1.80060005187988 -11.3311996459961
-390 0 0 -1.79418003559113 -11.3115997314453
-389 0 0 -1.78775000572205 -11.2917995452881
-388 0 0 -1.78130996227264 -11.271900177002
-387 0 0 -1.77487003803253 -11.2517995834351
-386 0 0 -1.76841998100281 -11.2315998077393
-385 0 0 -1.76197004318237 -11.2112998962402
-384 0 0 -1.755499958992 -11.1907997131348
-383 0 0 -1.74904000759125 -11.1702003479004
-382 0 0 -1.74256002902985 -11.1493997573853
-381 0 0 -1.73608005046844 -11.1284999847412
-380 0 0 -1.72959005832672 -11.1073999404907
-379 0 0 -1.72309994697571 -11.0860996246338
-378 0 0 -1.71659994125366 -11.0647001266479
-377 0 0 -1.71009004116058 -11.0431995391846
-376 0 0 -1.70358002185822 -11.0214996337891
-375 0 0 -1.6970499753952 -10.9996004104614
-374 0 0 -1.69052994251251 -10.9776000976563
-373 0 0 -1.68399000167847 -10.9554004669189
-372 0 0 -1.67744994163513 -10.9330997467041
-371 0 0 -1.67089998722076 -10.9105997085571
-370 0 0 -1.66434001922607 -10.887900352478
-369 0 0 -1.65778005123138 -10.8649997711182
-368 0 0 -1.65120995044708 -10.8420000076294
-367 0 0 -1.64462995529175 -10.8187999725342
-366 0 0 -1.63803994655609 -10.7953996658325
-365 0 0 -1.63145005702972 -10.771900177002
-364 0 0 -1.62484002113342 -10.7481002807617
-363 0 0 -1.61822998523712 -10.7242002487183
-362 0 0 -1.61161994934082 -10.7000999450684
-361 0 0 -1.60499000549316 -10.6759004592896
-360 0 0 -1.59835994243622 -10.6513996124268
-359 0 0 -1.59171998500824 -10.6267995834351
-358 0 0 -1.58507001399994 -10.601900100708
-357 0 0 -1.57841002941132 -10.5768995285034
-356 0 0 -1.57174003124237 -10.5516996383667
-355 0 0 -1.56507003307343 -10.5262002944946
-354 0 0 -1.55839002132416 -10.500599861145
-353 0 0 -1.55169999599457 -10.4748001098633
-352 0 0 -1.54499995708466 -10.4488000869751
-351 0 0 -1.53829002380371 -10.4224996566772
-350 30 4 -1.53156995773315 -10.3961000442505
-349 0 0 -1.52485001087189 -10.3695001602173
-348 0 0 -1.51811003684998 -10.3425998687744
-347 0 0 -1.51136994361877 -10.3155002593994
-346 0 0 -1.50460994243622 -10.2882995605469
-345 0 0 -1.49784994125366 -10.2607002258301
-344 0 0 -1.49108004570007 -10.2329998016357
-343 0 0 -1.48430001735687 -10.2051000595093
-342 0 0 -1.47750997543335 -10.1768999099731
-341 0 0 -1.47071003913879 -10.1485004425049
-340 0 0 -1.46389997005463 -10.1198997497559
-339 0 0 -1.45709002017975 -10.0909996032715
-338 0 0 -1.45026004314423 -10.061900138855
-337 0 0 -1.44342005252838 -10.032600402832
-336 0 0 -1.43657004833221 -10.0030002593994
-335 0 0 -1.42971003055573 -9.97317981719971
-334 0 0 -1.42285001277924 -9.94311046600342
-333 0 0 -1.4159699678421 -9.91279983520508
-332 0 0 -1.40908002853394 -9.88224029541016
-331 0 0 -1.40217995643616 -9.85142993927002
-330 0 0 -1.39526998996735 -9.82036018371582
-329 0 0 -1.38835000991821 -9.78903007507324
-328 0 0 -1.38142001628876 -9.75743961334229
-327 0 0 -1.37448000907898 -9.72558975219727
-326 0 0 -1.36752998828888 -9.6934700012207
-325 0 0 -1.36056995391846 -9.6610803604126
-324 0 0 -1.35359001159668 -9.62841987609863
-323 0 0 -1.34660995006561 -9.59549045562744
-322 0 0 -1.33960998058319 -9.56227970123291
-321 0 0 -1.33259999752045 -9.52879047393799
-320 0 0 -1.3255900144577 -9.49501991271973
-319 0 0 -1.31856000423431 -9.46096038818359
-318 0 0 -1.31150996685028 -9.42660999298096
-317 0 0 -1.30446004867554 -9.39196968078613
-316 0 0 -1.29739999771118 -9.35704040527344
-315 0 0 -1.29032003879547 -9.32180976867676
-314 0 0 -1.28322994709015 -9.28627967834473
-313 0 0 -1.27612996101379 -9.25045013427734
-312 0 0 -1.26901996135712 -9.21432018280029
-311 0 0 -1.26189005374908 -9.17786979675293
-310 0 0 -1.25475001335144 -9.14111995697021
-309 0 0 -1.24759995937347 -9.10404968261719
-308 0 0 -1.24044001102448 -9.06665992736816
-307 0 0 -1.23327004909515 -9.02894973754883
-306 0 0 -1.2260799407959 -8.99092960357666
-305 0 0 -1.2188800573349 -8.95256996154785
-304 0 0 -1.21167004108429 -8.91388988494873
-303 0 0 -1.20443999767303 -8.87487983703613
-302 0 0 -1.19720995426178 -8.83553028106689
-301 0 0 -1.18996000289917 -8.79584980010986
-300 29 4 -1.18269002437592 -8.75582981109619
-299 0 0 -1.17541003227234 -8.7154598236084
-298 0 0 -1.16812002658844 -8.67475986480713
-297 0 0 -1.16082000732422 -8.63370037078857
-296 0 0 -1.15349996089935 -8.59230041503906
-295 0 0 -1.14617002010345 -8.55053997039795
-294 0 0 -1.13882994651794 -8.50842952728271
-293 0 0 -1.13146996498108 -8.4659595489502
-292 0 0 -1.12409996986389 -8.42313003540039
-291 0 0 -1.11671996116638 -8.37994003295898
-290 0 0 -1.10932004451752 -8.33638000488281
-289 0 0 -1.10190999507904 -8.29246044158936
-288 0 0 -1.09449005126953 -8.24816036224365
-287 0 0 -1.08704996109009 -8.20349979400635
-286 0 0 -1.07959997653961 -8.15845966339111
-285 0 0 -1.07212996482849 -8.11305046081543
-284 0 0 -1.06465005874634 -8.06725978851318
-283 0 0 -1.05716001987457 -8.02108955383301
-282 0 0 -1.04964995384216 -7.97454023361206
-281 0 0 -1.04212999343872 -7.92760992050171
-280 0 0 -1.03460001945496 -7.88029003143311
-279 0 0 -1.02705001831055 -7.83259010314941
-278 0 0 -1.01949000358582 -7.78450012207031
-277 0 0 -1.01190996170044 -7.7360200881958
-276 0 0 -1.00432002544403 -7.68715000152588
-275 0 0 -0.996716976165771 -7.63789987564087
-274 0 0 -0.989099979400635 -7.58825016021729
-273 0 0 -0.981468975543976 -7.53820991516113
-272 0 0 -0.973824977874756 -7.48777008056641
-271 0 0 -0.966166973114014 -7.43694019317627
-270 0 0 -0.95849597454071 -7.38571977615356
-269 0 0 -0.95081102848053 -7.33410978317261
-268 0 0 -0.943113029003143 -7.28210020065308
-267 0 0 -0.935401976108551 -7.22969007492065
-266 0 0 -0.927676975727081 -7.17689990997314
-265 0 0 -0.919938981533051 -7.12371015548706
-264 0 0 -0.91218900680542 -7.07011985778809
-263 0 0 -0.904425024986267 -7.01614999771118
-262 0 0 -0.896647989749908 -6.96178007125854
-261 0 0 -0.88885897397995 -6.9070200920105
-260 0 0 -0.881057024002075 -6.85187005996704
-259 0 0 -0.873242974281311 -6.7963399887085
-258 0 0 -0.865415990352631 -6.74040985107422
-257 0 0 -0.85757702589035 -6.68411016464233
-256 0 0 -0.849726021289825 -6.62741994857788
-255 0 0 -0.841862976551056 -6.5703501701355
-254 0 0 -0.833988010883331 -6.51289987564087
-253 0 0 -0.826101005077362 -6.45508003234863
-252 0 0 -0.818202972412109 -6.39688014984131
-251 0 0 -0.810293018817902 -6.33831977844238
-250 28 4 -0.802372992038727 -6.27937984466553
-249 0 0 -0.794440984725952 -6.22008991241455
-248 0 0 -0.7864990234375 -6.16042995452881
-247 0 0 -0.778545022010803 -6.10040998458862
-246 0 0 -0.770582020282745 -6.04004001617432
-245 0 0 -0.762607991695404 -5.97932004928589
-244 0 0 -0.754622995853424 -5.91825008392334
-243 0 0 -0.746628999710083 -5.85685014724731
-242 0 0 -0.738626003265381 -5.79510021209717
-241 0 0 -0.730611979961395 -5.73302984237671
-240 0 0 -0.722590029239655 -5.67061996459961
-239 0 0 -0.714558005332947 -5.60789012908936
-238 0 0 -0.706516981124878 -5.54483985900879
-237 0 0 -0.698467016220093 -5.48148012161255
-236 0 0 -0.690409004688263 -5.41781997680664
-235 0 0 -0.682341992855072 -5.35383987426758
-234 0 0 -0.674268007278442 -5.28957986831665
-233 0 0 -0.666185021400452 -5.22500991821289
-232 0 0 -0.658093988895416 -5.16017007827759
-231 0 0 -0.649995982646942 -5.09503984451294
-230 0 0 -0.641889989376068 -5.02964019775391
-229 0 0 -0.633777022361755 -4.96396017074585
-228 0 0 -0.625657021999359 -4.89802980422974
-227 0 0 -0.617529988288879 -4.83184003829956
-226 0 0 -0.609396994113922 -4.76538991928101
-225 0 0 -0.601256012916565 -4.69869995117188
-224 0 0 -0.593110024929047 -4.63177013397217
-223 0 0 -0.584957003593445 -4.56461000442505
-222 0 0 -0.576798021793365 -4.497230052948
-221 0 0 -0.568633019924164 -4.42961978912354
-220 0 0 -0.56046199798584 -4.3617901802063
-219 0 0 -0.552286028862 -4.29375982284546
-218 0 0 -0.544103980064392 -4.22553014755249
-217 0 0 -0.535915970802307 -4.15710020065308
-216 0 0 -0.527724027633667 -4.08847999572754
-215 0 0 -0.51952600479126 -4.01967000961304
-214 0 0 -0.511322975158691 -3.95069003105164
-213 0 0 -0.503114998340607 -3.88153004646301
-212 0 0 -0.494902998209 -3.81221008300781
-211 0 0 -0.486685007810593 -3.74272990226746
-210 0 0 -0.478462994098663 -3.6730899810791
-209 0 0 -0.470236003398895 -3.60330009460449
-208 0 0 -0.462004989385605 -3.53337001800537
-207 0 0 -0.453768998384476 -3.46331000328064
-206 0 0 -0.445529013872147 -3.39311003684998
-205 0 0 -0.437285006046295 -3.32277989387512
-204 0 0 -0.429035991430283 -3.25233006477356
-203 0 0 -0.420783013105392 -3.18176007270813
-202 0 0 -0.41252601146698 -3.11108994483948
-201 0 0 -0.404264986515045 -3.04029989242554
-200 27 4 -0.395999014377594 -2.96940994262695
-199 0 0 -0.387728989124298 -2.89843010902405
-198 0 0 -0.379455000162125 -2.82734990119934
-197 0 0 -0.371176987886429 -2.75619006156921
-196 0 0 -0.362895011901855 -2.68494009971619
-195 0 0 -0.35460901260376 -2.61361002922058
-194 0 0 -0.346318989992142 -2.5422101020813
-193 0 0 -0.338025003671646 -2.47074007987976
-192 0 0 -0.329726010560989 -2.39919996261597
-191 0 0 -0.321424007415771 -2.3275899887085
-190 0 0 -0.313116997480392 -2.25592994689941
-189 0 0 -0.304807007312775 -2.18421006202698
-188 0 0 -0.296492010354996 -2.11243009567261
-187 0 0 -0.288172990083694 -2.04061007499695
-186 0 0 -0.279848992824554 -1.96873998641968
-185 0 0 -0.271521985530853 -1.89682996273041
-184 0 0 -0.263190001249313 -1.82488000392914
-183 0 0 -0.254853993654251 -1.75288999080658
-182 0 0 -0.24651400744915 -1.68087005615234
-181 0 0 -0.238169997930527 -1.60880994796753
-180 0 0 -0.229820996522903 -1.53673005104065
-179 0 0 -0.22146800160408 -1.46461999416351
-178 0 0 -0.213109999895096 -1.3924800157547
-177 0 0 -0.204749003052711 -1.32032001018524
-176 0 0 -0.196382001042366 -1.24814999103546
-175 0 0 -0.188012003898621 -1.175950050354
-174 0 0 -0.179636999964714 -1.10373997688293
-173 0 0 -0.171257004141808 -1.03150999546051
-172 0 0 -0.16287299990654 -0.959275007247925
-171 0 0 -0.154485002160072 -0.887026011943817
-170 0 0 -0.146091997623444 -0.814767003059387
-169 0 0 -0.137694999575615 -0.742501020431519
-168 0 0 -0.129293993115425 -0.670228004455566
-167 0 0 -0.120888002216816 -0.597949981689453
-166 0 0 -0.112476997077465 -0.525668978691101
-165 0 0 -0.104062996804714 -0.45338499546051
-164 0 0 -0.0956436023116112 -0.381098985671997
-163 0 0 -0.0872203037142754 -0.308813005685806
-162 0 0 -0.0787926986813545 -0.236526995897293
-161 0 0 -0.0703608989715576 -0.164242997765541
-160 0 0 -0.0619250014424324 -0.0919608026742935
-159 0 0 -0.0534849986433983 -0.0196816995739937
-158 0 0 -0.0450409986078739 0.0525936000049114
-157 0 0 -0.0365930013358593 0.124865002930164
-156 0 0 -0.02814120054245 0.197130993008614
-155 0 0 -0.0196857005357742 0.269391000270844
-154 0 0 -0.0112265003845096 0.341645002365112
-153 0 0 -0.00276374001987278 0.413893014192581
-152 0 0 0.00570240989327431 0.486133992671967
-151 0 0 0.0141719002276659 0.558367013931274
-150 26 4 0.0226444005966187 0.630593001842499
-149 0 0 0.0311200004070997 0.702809989452362
-148 0 0 0.0395984016358852 0.775018990039825
-147 0 0 0.048079501837492 0.847218990325928
-146 0 0 0.0565630011260509 0.919409990310669
-145 0 0 0.0650487989187241 0.991591989994049
-144 0 0 0.0735367015004158 1.06376004219055
-143 0 0 0.0820263996720314 1.13592994213104
-142 0 0 0.0905176997184753 1.20808005332947
-141 0 0 0.0990104004740715 1.28022003173828
-140 0 0 0.10750400274992 1.35236001014709
-139 0 0 0.11599899828434 1.42447996139526
-138 0 0 0.124494001269341 1.4965900182724
-137 0 0 0.132990002632141 1.56868994235992
-136 0 0 0.141485005617142 1.64077997207642
-135 0 0 0.149979993700981 1.71285998821259
-134 0 0 0.158474996685982 1.78492999076843
-133 0 0 0.166968002915382 1.85697996616364
-132 0 0 0.175459995865822 1.92902994155884
-131 0 0 0.183950006961823 2.00106000900269
-130 0 0 0.192438006401062 2.07308006286621
-129 0 0 0.20092299580574 2.14509010314941
-128 0 0 0.20940500497818 2.21708989143372
-127 0 0 0.217884004116058 2.28906989097595
-126 0 0 0.226357996463776 2.36104011535645
-125 0 0 0.234828993678093 2.43300008773804
-124 0 0 0.24329400062561 2.50495004653931
-123 0 0 0.251753985881805 2.57687997817993
-122 0 0 0.260208010673523 2.64878988265991
-121 0 0 0.268655985593796 2.72069001197815
-120 0 0 0.277096003293991 2.79257011413574
-119 0 0 0.285528987646103 2.86443996429443
-118 0 0 0.293954014778137 2.93629002571106
-117 0 0 0.302368998527527 3.00813007354736
-116 0 0 0.310775995254517 3.07995009422302
-115 0 0 0.319171994924545 3.15174007415771
-114 0 0 0.327558010816574 3.22352004051208
-113 0 0 0.335931986570358 3.29527997970581
-112 0 0 0.344294995069504 3.36701989173889
-111 0 0 0.352643996477127 3.43874001502991
-110 0 0 0.360980004072189 3.51043009757996
-109 0 0 0.369302004575729 3.58209991455078
-108 0 0 0.377609014511108 3.65373992919922
-107 0 0 0.385901004076004 3.72535991668701
-106 0 0 0.394176006317139 3.79696011543274
-105 0 0 0.40243399143219 3.8685200214386
-104 0 0 0.41067299246788 3.94005990028381
-103 0 0 0.418893992900848 4.01155996322632
-102 0 0 0.427096009254456 4.08303022384644
-101 0 0 0.435276985168457 4.15446996688843
-100 25 4 0.44343701004982 4.22588014602661
-99 0 0 0.451573997735977 4.29724979400635
-98 0 0 0.459688991308212 4.36857986450195
-97 0 0 0.467779994010925 4.43986988067627
-96 0 0 0.475845992565155 4.51112985610962
-95 0 0 0.483886986970901 4.58233976364136
-94 0 0 0.491901010274887 4.65350008010864
-93 0 0 0.499888002872467 4.72461986541748
-92 0 0 0.507845997810364 4.79570007324219
-91 0 0 0.5157750248909 4.86672019958496
-90 0 0 0.52367502450943 4.93768978118896
-89 0 0 0.531543016433716 5.00860977172852
-88 0 0 0.539380013942719 5.07948017120361
-87 0 0 0.547183990478516 5.1502799987793
-86 0 0 0.554953992366791 5.22103023529053
-85 0 0 0.562689006328583 5.29171991348267
-84 0 0 0.570388972759247 5.36234998703003
-83 0 0 0.578052997589111 5.43290996551514
-82 0 0 0.585678994655609 5.50340986251831
-81 0 0 0.593267023563385 5.57383012771606
-80 0 0 0.600816011428833 5.64418983459473
-79 0 0 0.608326017856598 5.71446990966797
-78 0 0 0.615794003009796 5.78467988967896
-77 0 0 0.623220980167389 5.85481023788452
-76 0 0 0.630604982376099 5.92486000061035
-75 0 0 0.637946009635925 5.99483013153076
-74 0 0 0.645241975784302 6.06472015380859
-73 0 0 0.652494013309479 6.13453006744385
-72 0 0 0.659699976444244 6.20423984527588
-71 0 0 0.666858971118927 6.27386999130249
-70 0 0 0.673970997333527 6.3434100151062
-69 0 0 0.681034028530121 6.41284990310669
-68 0 0 0.688049018383026 6.48220014572144
-67 0 0 0.695013999938965 6.55145978927612
-66 0 0 0.701928973197937 6.62061023712158
-65 0 0 0.708791971206665 6.68967008590698
-64 0 0 0.71560400724411 6.75861978530884
-63 0 0 0.722364008426666 6.82746982574463
-62 0 0 0.729071021080017 6.89622020721436
-61 0 0 0.735723972320557 6.96485996246338
-60 0 0 0.742322027683258 7.03339004516602
-59 0 0 0.748866975307465 7.10180997848511
-58 0 0 0.755355000495911 7.17011976242065
-57 0 0 0.761788010597229 7.23831987380981
-56 0 0 0.768164992332458 7.30640983581543
-55 0 0 0.774483978748322 7.37438011169434
-54 0 0 0.78074699640274 7.44223022460938
-53 0 0 0.786951005458832 7.50997018814087
-52 0 0 0.793097972869873 7.5775899887085
-51 0 0 0.799185991287231 7.64509010314941
-50 24 4 0.805215001106262 7.71247005462646
-49 0 0 0.811185002326965 7.77972984313965
-48 0 0 0.81709498167038 7.84686994552612
-47 0 0 0.82294499874115 7.91387987136841
-46 0 0 0.828734993934631 7.98078012466431
-45 0 0 0.834465026855469 8.04755020141602
-44 0 0 0.840134024620056 8.11419010162354
-43 0 0 0.845741987228394 8.18070983886719
-42 0 0 0.851288974285126 8.24711036682129
-41 0 0 0.856774985790253 8.31338024139404
-40 0 0 0.862200021743774 8.37952041625977
-39 0 0 0.867563009262085 8.44554042816162
-38 0 0 0.872864007949829 8.51144027709961
-37 0 0 0.878103971481323 8.57721042633057
-36 0 0 0.883282005786896 8.64284992218018
-35 0 0 0.888397991657257 8.70837020874023
-34 0 0 0.893451988697052 8.77375984191895
-33 0 0 0.898443996906281 8.83903026580811
-32 0 0 0.903375029563904 8.90417003631592
-31 0 0 0.908244013786316 8.96918964385986
-30 0 0 0.913051009178162 9.03409004211426
-29 0 0 0.917796015739441 9.0988597869873
-28 0 0 0.92247998714447 9.1635103225708
-27 0 0 0.927102029323578 9.22803020477295
-26 0 0 0.931662023067474 9.29244041442871
-25 0 0 0.936161994934082 9.35671997070313
-24 0 0 0.940599977970123 9.42088985443115
-23 0 0 0.944976985454559 9.48493003845215
-22 0 0 0.94929301738739 9.54885959625244
-21 0 0 0.953549027442932 9.61266040802002
-20 0 0 0.957744002342224 9.67634963989258
-19 0 0 0.961879014968872 9.73993015289307
-18 0 0 0.965954005718231 9.80338954925537
-17 0 0 0.969968974590302 9.86672973632813
-16 0 0 0.973923981189728 9.92996978759766
-15 0 0 0.977819979190826 9.99308967590332
-14 0 0 0.981657028198242 10.0560998916626
-13 0 0 0.985435009002686 10.1190004348755
-12 0 0 0.989153981208801 10.1817998886108
-11 0 0 0.992815017700195 10.2445001602173
-10 0 0 0.995284020900726 10.2873001098633
-9 0 0 0.996914982795715 10.3157997131348
-8 0 0 0.997995018959045 10.3346996307373
-7 0 0 0.99871301651001 10.3473997116089
-6 0 0 0.999189972877502 10.3557996749878
-5 0 0 0.999507009983063 10.3613996505737
-4 0 0 0.999719023704529 10.3652000427246
-3 0 0 0.999858975410461 10.3676996231079
-2 0 0 0.999930024147034 10.3689002990723
1 0 0 1 10.3702001571655
1 0 0 1 10.3702001571655
-2 0 0 1.00006997585297 10.3713998794556
-3 0 0 1.00013995170593 10.3726997375488
-4 0 0 1.00028002262115 10.3752002716064
-5 0 0 1.00048995018005 10.3788995742798
-6 0 0 1.0008100271225 10.3844995498657
-7 0 0 1.00127995014191 10.3929996490479
-8 0 0 1.00198996067047 10.4055995941162
-9 0 0 1.00303995609283 10.4245004653931
-10 0 0 1.00460994243622 10.4528999328613
-11 0 0 1.0069500207901 10.4954996109009
-12 0 0 1.01032996177673 10.5576000213623
-13 0 0 1.01364004611969 10.6197004318237
-14 0 0 1.01689994335175 10.6816997528076
-15 0 0 1.02011001110077 10.7434997558594
-16 0 0 1.02325999736786 10.8052997589111
-17 0 0 1.0263500213623 10.8669996261597
-18 0 0 1.02938997745514 10.9286003112793
-19 0 0 1.03237998485565 10.9900999069214
-20 0 0 1.03531002998352 11.0515003204346
-21 0 0 1.03817999362946 11.1128997802734
-22 0 0 1.04101002216339 11.1740999221802
-23 0 0 1.04377996921539 11.2353000640869
-24 0 0 1.04649996757507 11.2962999343872
-25 0 0 1.04916000366211 11.3572998046875
-26 0 0 1.05177998542786 11.4181995391846
-27 0 0 1.05434000492096 11.479100227356
-28 0 0 1.05684995651245 11.5397996902466
-29 0 0 1.05931997299194 11.6005001068115
-30 0 0 1.06173002719879 11.6611003875732
-31 0 0 1.06409001350403 11.7216997146606
-32 0 0 1.06640005111694 11.7820997238159
-33 0 0 1.06866002082825 11.8424997329712
-34 0 0 1.07088005542755 11.9028997421265
-35 0 0 1.07304000854492 11.9631004333496
-36 0 0 1.07516002655029 12.0233001708984
-37 0 0 1.07722997665405 12.0834999084473
-38 0 0 1.07925999164581 12.143500328064
-39 0 0 1.08123004436493 12.2034997940063
-40 0 0 1.08316004276276 12.263500213623
-41 0 0 1.08504998683929 12.3233995437622
-42 0 0 1.08688998222351 12.3831996917725
-43 0 0 1.08868002891541 12.4429998397827
-44 0 0 1.09043002128601 12.502799987793
-45 0 0 1.09213995933533 12.5625
-46 0 0 1.09379994869232 12.6220998764038
-47 0 0 1.09540998935699 12.6816997528076
-48 0 0 1.0969899892807 12.7412004470825
-49 0 0 1.09852004051208 12.8007001876831
-50 2 4 1.10001003742218 12.8601999282837
-51 0 0 1.10145998001099 12.9195995330811
-52 0 0 1.10285997390747 12.9790000915527
-53 0 0 1.10423004627228 13.0382995605469
-54 0 0 1.10555005073547 13.0975999832153
-55 0 0 1.10683000087738 13.1569004058838
-56 0 0 1.10808002948761 13.2160997390747
-57 0 0 1.10927999019623 13.2753000259399
-58 0 0 1.11044001579285 13.334400177002
-59 0 0 1.1115700006485 13.393500328064
-60 0 0 1.11265003681183 13.4525995254517
-61 0 0 1.11370003223419 13.5116996765137
-62 0 0 1.11470997333527 13.5707998275757
-63 0 0 1.11568999290466 13.6297998428345
-64 0 0 1.11661994457245 13.6887998580933
-65 0 0 1.11751997470856 13.7476997375488
-66 0 0 1.1183899641037 13.8066997528076
-67 0 0 1.11922001838684 13.8655996322632
-68 0 0 1.12001001834869 13.9245004653931
-69 0 0 1.12076997756958 13.9834003448486
-70 0 0 1.12149000167847 14.042200088501
-71 0 0 1.12217998504639 14.1010999679565
-72 0 0 1.12283003330231 14.1598997116089
-73 0 0 1.12345004081726 14.2187004089355
-74 0 0 1.12404000759125 14.2776002883911
-75 0 0 1.12459003925323 14.3364000320435
-76 0 0 1.12512004375458 14.3950996398926
-77 0 0 1.12560999393463 14.4539003372192
-78 0 0 1.12606000900269 14.5127000808716
-79 0 0 1.1264899969101 14.5713996887207
-80 0 0 1.12688994407654 14.6302003860474
-81 0 0 1.12724995613098 14.6888999938965
-82 0 0 1.12758994102478 14.7476997375488
-83 0 0 1.12788999080658 14.8064002990723
-84 0 0 1.12817001342773 14.8652000427246
-85 0 0 1.1284099817276 14.9238996505737
-86 0 0 1.12863004207611 14.9826002120972
-87 0 0 1.12881004810333 15.0413999557495
-88 0 0 1.12897002696991 15.1000995635986
-89 0 0 1.12910997867584 15.1589002609253
-90 0 0 1.12920999526978 15.2175998687744
-91 0 0 1.12928998470306 15.2763996124268
-92 0 0 1.12934005260468 15.3351001739502
-93 0 0 1.12935996055603 15.3938999176025
-94 3 2 1.12935996055603 15.4160003662109
95 0 0 1.12934994697571 15.4748001098633
96 0 0 1.12931001186371 15.5335998535156
97 0 0 1.12924003601074 15.592399597168
98 0 0 1.12916004657745 15.6511001586914
99 0 0 1.12904000282288 15.7098999023438
100 4 4 1.12890005111694 15.7687997817993
101 0 0 1.12873995304108 15.8275995254517
102 0 0 1.12855005264282 15.8864002227783
103 0 0 1.12834000587463 15.9451999664307
104 0 0 1.12811005115509 16.0041007995605
105 0 0 1.12785005569458 16.0629997253418
106 0 0 1.12757003307343 16.1219005584717
107 0 0 1.12726998329163 16.1807994842529
108 0 0 1.12695002555847 16.2397003173828
109 0 0 1.12661004066467 16.2985992431641
110 0 0 1.12624001502991 16.3575992584229
111 0 0 1.1258499622345 16.4165000915527
112 0 0 1.12545001506805 16.4755001068115
113 0 0 1.12502002716064 16.5345001220703
114 0 0 1.12457001209259 16.5935001373291
115 0 0 1.12409996986389 16.6525993347168
116 0 0 1.12362003326416 16.7115993499756
117 0 0 1.12311005592346 16.7707004547119
118 0 0 1.12258005142212 16.8297996520996
119 0 0 1.12204003334045 16.8889007568359
120 0 0 1.12147998809814 16.9480991363525
121 0 0 1.12090003490448 17.0072002410889
122 0 0 1.12030005455017 17.0664005279541
123 0 0 1.11968994140625 17.1256008148193
124 0 0 1.11906003952026 17.1849002838135
125 0 0 1.11840999126434 17.2441005706787
126 0 0 1.11774003505707 17.3034000396729
127 0 0 1.11705994606018 17.362699508667
128 0 0 1.11635994911194 17.4220008850098
129 0 0 1.11565005779266 17.4813995361328
130 0 0 1.11492002010345 17.5407009124756
131 0 0 1.11417996883392 17.6000995635986
132 0 0 1.11342000961304 17.6595993041992
133 0 0 1.11265003681183 17.7189998626709
134 0 0 1.11186003684998 17.7784996032715
135 0 0 1.1110600233078 17.8379993438721
136 0 0 1.1102499961853 17.8974990844727
137 0 0 1.10941994190216 17.9570999145508
138 0 0 1.10857999324799 18.0167007446289
139 0 0 1.10772001743317 18.0762996673584
140 0 0 1.10686004161835 18.1359004974365
141 0 0 1.10598003864288 18.1956005096436
142 0 0 1.1050900220871 18.2553005218506
143 0 0 1.10418999195099 18.3150005340576
144 0 0 1.10327005386353 18.3747005462646
145 0 0 1.10233998298645 18.4344997406006
146 0 0 1.10141003131866 18.4943008422852
147 0 0 1.10046005249023 18.5541000366211
148 0 0 1.09949994087219 18.6140003204346
149 0 0 1.09853005409241 18.6737995147705
150 5 4 1.09755003452301 18.733699798584
151 0 0 1.09657001495361 18.7936992645264
152 0 0 1.09556996822357 18.8535995483398
153 0 0 1.0945600271225 18.9136009216309
154 0 0 1.09353995323181 18.9736995697021
155 0 0 1.09251999855042 19.0337009429932
156 0 0 1.09148001670837 19.0937995910645
157 0 0 1.09044003486633 19.1539001464844
158 0 0 1.08939003944397 19.2140007019043
159 0 0 1.08833003044128 19.2742004394531
160 0 0 1.08726000785828 19.334400177002
161 0 0 1.08618998527527 19.3945999145508
162 0 0 1.08510994911194 19.4547996520996
163 0 0 1.08402001857758 19.515100479126
164 0 0 1.0829199552536 19.5753993988037
165 0 0 1.08182001113892 19.6357002258301
166 0 0 1.08071005344391 19.6961002349854
167 0 0 1.07959997653961 19.7565002441406
168 0 0 1.07848000526428 19.8169002532959
169 0 0 1.07735002040863 19.8773002624512
170 0 0 1.07622003555298 19.9377994537354
171 0 0 1.075080037117 19.9983005523682
172 0 0 1.07394003868103 20.0587997436523
173 0 0 1.07279002666473 20.1194000244141
174 0 0 1.07163000106812 20.1798992156982
175 0 0 1.07047998905182 20.2406005859375
176 0 0 1.0693199634552 20.3012008666992
177 0 0 1.06815004348755 20.3617992401123
178 0 0 1.06698000431061 20.4225006103516
179 0 0 1.06580996513367 20.4832000732422
180 0 0 1.06463003158569 20.5440006256104
181 0 0 1.06344997882843 20.6047992706299
182 0 0 1.06226003170013 20.6655006408691
183 0 0 1.06106996536255 20.7264003753662
184 0 0 1.05988001823425 20.7872009277344
185 0 0 1.05868995189667 20.8481006622314
186 0 0 1.05748999118805 20.9090003967285
187 0 0 1.05630004405975 20.9699001312256
188 0 0 1.05509996414185 21.0308990478516
189 0 0 1.05388998985291 21.0918998718262
190 0 0 1.05269002914429 21.1529006958008
191 0 0 1.05148005485535 21.2138996124268
192 0 0 1.05026996135712 21.2749996185303
193 0 0 1.04905998706818 21.3360004425049
194 0 0 1.04785001277924 21.3971996307373
195 0 0 1.0466400384903 21.4582996368408
196 0 0 1.04542994499207 21.5193996429443
197 0 0 1.0442099571228 21.5806007385254
198 0 0 1.04299998283386 21.6417999267578
199 0 0 1.0417799949646 21.7031002044678
200 6 4 1.04057002067566 21.7642993927002
201 0 0 1.0393500328064 21.8255996704102
202 0 0 1.03814005851746 21.8868999481201
203 0 0 1.0369199514389 21.948299407959
204 0 0 1.03569996356964 22.0097007751465
205 0 0 1.0344899892807 22.0709991455078
206 0 0 1.03327000141144 22.1324996948242
207 0 0 1.0320600271225 22.1938991546631
208 0 0 1.03084003925323 22.2553997039795
209 0 0 1.029629945755 22.3167991638184
210 0 0 1.02841997146606 22.3784008026123
211 0 0 1.02720999717712 22.4398994445801
212 0 0 1.02600002288818 22.5014991760254
213 0 0 1.02479004859924 22.5629997253418
214 0 0 1.02357995510101 22.6245994567871
215 0 0 1.02236998081207 22.68630027771
216 0 0 1.02117002010345 22.7479000091553
217 0 0 1.01997005939484 22.8096008300781
218 0 0 1.01875996589661 22.8712997436523
219 0 0 1.01756000518799 22.9330997467041
220 0 0 1.01637005805969 22.994800567627
221 0 0 1.01516997814178 23.0566005706787
222 0 0 1.01398003101349 23.1184005737305
223 0 0 1.0127899646759 23.1802005767822
224 0 0 1.01160001754761 23.2420997619629
225 0 0 1.01040995121002 23.3040008544922
226 0 0 1.00923001766205 23.3659000396729
227 0 0 1.00804996490479 23.4277992248535
228 0 0 1.00687003135681 23.4897994995117
229 0 0 1.00569999217987 23.551700592041
230 0 0 1.0045200586319 23.6137008666992
231 0 0 1.00335001945496 23.6758003234863
232 0 0 1.00218999385834 23.7378005981445
233 0 0 1.00102996826172 23.7999000549316
234 0 0 0.999866008758545 23.8619995117188
235 0 0 0.998709976673126 23.9241008758545
236 0 0 0.997556984424591 23.9862995147705
237 0 0 0.996407985687256 24.0484008789063
238 0 0 0.995262026786804 24.1105995178223
239 0 0 0.994120001792908 24.1728992462158
240 0 0 0.992981970310211 24.2350997924805
241 0 0 0.991846978664398 24.297399520874
242 0 0 0.990716993808746 24.3596992492676
243 0 0 0.989589989185333 24.4220008850098
244 0 0 0.98846697807312 24.4843997955322
245 0 0 0.987348020076752 24.5468006134033
246 0 0 0.9862340092659 24.6091995239258
247 0 0 0.985122978687286 24.6716003417969
248 0 0 0.984017014503479 24.7339992523193
249 0 0 0.982914984226227 24.7964992523193
250 7 4 0.981817007064819 24.8589992523193
251 0 0 0.980723977088928 24.9216003417969
252 0 0 0.979635000228882 24.9841003417969
253 0 0 0.978550970554352 25.0466995239258
254 0 0 0.977472007274628 25.1093006134033
255 0 0 0.976396024227142 25.1720008850098
256 0 0 0.975326001644135 25.2346000671387
257 0 0 0.974259972572327 25.2973003387451
258 0 0 0.973200023174286 25.3600006103516
259 0 0 0.972142994403839 25.4228000640869
260 0 0 0.971091985702515 25.4855995178223
261 0 0 0.970045983791351 25.5484008789063
262 0 0 0.969003975391388 25.6112003326416
263 0 0 0.967967987060547 25.6741008758545
264 0 0 0.966937005519867 25.7369995117188
265 0 0 0.965910017490387 25.7999000549316
266 0 0 0.964888989925385 25.8628005981445
267 0 0 0.963873028755188 25.9258003234863
268 0 0 0.962862014770508 25.9888000488281
269 0 0 0.961856007575989 26.0517997741699
270 0 0 0.960856020450592 26.1149005889893
271 0 0 0.959860980510712 26.17799949646
272 0 0 0.958871006965637 26.2411003112793
273 0 0 0.95788699388504 26.3043003082275
274 0 0 0.956907987594604 26.3675003051758
275 0 0 0.95593398809433 26.430700302124
276 0 0 0.954966008663177 26.4939002990723
277 0 0 0.954002976417542 26.5571994781494
278 0 0 0.953046023845673 26.6205005645752
279 0 0 0.95209401845932 26.6839008331299
280 0 0 0.951147973537445 26.747200012207
281 0 0 0.950206995010376 26.8106002807617
282 0 0 0.949271976947784 26.8740997314453
283 0 0 0.948342978954315 26.9375991821289
284 0 0 0.947418987751007 27.0011005401611
285 0 0 0.946501016616821 27.0645999908447
286 0 0 0.945589005947113 27.1282005310059
287 0 0 0.944682002067566 27.1917991638184
288 0 0 0.943781971931458 27.2553997039795
289 0 0 0.942887008190155 27.3190994262695
290 0 0 0.941996991634369 27.3827991485596
291 0 0 0.941114008426666 27.4465007781982
292 0 0 0.94023597240448 27.5102996826172
293 0 0 0.939364016056061 27.5741004943848
294 0 0 0.938498020172119 27.6380004882813
295 0 0 0.937637984752655 27.7019004821777
296 0 0 0.936784029006958 27.7658004760742
297 0 0 0.935935974121094 27.8297996520996
298 0 0 0.935093998908997 27.8938007354736
299 0 0 0.934256970882416 27.957799911499
300 8 4 0.933426976203918 28.021900177002
301 0 0 0.932601988315582 28.0860004425049
302 0 0 0.931783974170685 28.1501998901367
303 0 0 0.930971026420593 28.2143001556396
304 0 0 0.930164992809296 28.278600692749
305 0 0 0.92936497926712 28.3428001403809
306 0 0 0.928569972515106 28.4071998596191
307 0 0 0.927781999111176 28.4715003967285
308 0 0 0.926998972892761 28.5359001159668
309 0 0 0.92622298002243 28.6002998352051
310 0 0 0.925453007221222 28.6648006439209
311 0 0 0.924688994884491 28.7292995452881
312 0 0 0.923931002616882 28.7938995361328
313 0 0 0.923178970813751 28.8584995269775
314 0 0 0.922433018684387 28.9230995178223
315 0 0 0.921693027019501 28.9878005981445
316 0 0 0.920960009098053 29.0524997711182
317 0 0 0.920231997966766 29.1173000335693
318 0 0 0.919511020183563 29.1821002960205
319 0 0 0.918796002864838 29.2469997406006
320 0 0 0.918087005615234 29.3118991851807
321 0 0 0.917384028434753 29.3768005371094
322 0 0 0.91668701171875 29.4417991638184
323 0 0 0.915996015071869 29.506799697876
324 0 0 0.915311992168427 29.5718994140625
325 0 0 0.914633989334106 29.6371002197266
326 0 0 0.913962006568909 29.7021999359131
327 0 0 0.913295984268188 29.7674999237061
328 0 0 0.912635982036591 29.832799911499
329 0 0 0.911983013153076 29.898099899292
330 0 0 0.911334991455078 29.963399887085
331 0 0 0.910694003105164 30.0289001464844
332 0 0 0.910058975219727 30.0942993164063
333 0 0 0.909430980682373 30.1599006652832
334 0 0 0.908807992935181 30.2254009246826
335 0 0 0.908191978931427 30.2910003662109
336 0 0 0.907581984996796 30.3567008972168
337 0 0 0.906978011131287 30.422399520874
338 0 0 0.906379997730255 30.4881992340088
339 0 0 0.905789017677307 30.5540008544922
340 0 0 0.905203998088837 30.6198997497559
341 0 0 0.904624998569489 30.6858005523682
342 0 0 0.904052019119263 30.7518005371094
343 0 0 0.903485000133514 30.8178997039795
344 0 0 0.90292501449585 30.8840007781982
345 0 0 0.902370989322662 30.9500999450684
346 0 0 0.901822984218597 31.016300201416
347 0 0 0.901280999183655 31.0825004577637
348 0 0 0.900745987892151 31.1488990783691
349 0 0 0.900216996669769 31.2152004241943
350 9 4 0.89969402551651 31.2816009521484
351 0 0 0.899177014827728 31.3481006622314
352 0 0 0.898666024208069 31.4146995544434
353 0 0 0.898162007331848 31.4811992645264
354 0 0 0.89766401052475 31.5478992462158
355 0 0 0.897171974182129 31.6145992279053
356 0 0 0.896686017513275 31.6814002990723
357 0 0 0.896206974983215 31.7481994628906
358 0 0 0.895734012126923 31.8150997161865
359 0 0 0.895267009735107 31.8819999694824
360 0 0 0.894806027412415 31.9489994049072
361 0 0 0.894351005554199 32.0161018371582
362 0 0 0.893903017044067 32.0831985473633
363 0 0 0.893460988998413 32.1503982543945
364 0 0 0.893024981021881 32.217601776123
365 0 0 0.892594993114471 32.2849998474121
366 0 0 0.8921719789505 32.3522987365723
367 0 0 0.891753971576691 32.4197998046875
368 0 0 0.891342997550964 32.4873008728027
369 0 0 0.890937983989716 32.5547981262207
370 0 0 0.890538990497589 32.622501373291
371 0 0 0.890146970748901 32.6901016235352
372 0 0 0.88976001739502 32.7579002380371
373 0 0 0.889379978179932 32.8256988525391
374 0 0 0.889006018638611 32.8936004638672
375 0 0 0.888638973236084 32.9616012573242
376 0 0 0.888276994228363 33.029598236084
377 0 0 0.887921988964081 33.0976982116699
378 0 0 0.88757199048996 33.1657981872559
379 0 0 0.887229025363922 33.234001159668
380 0 0 0.886892020702362 33.3022994995117
381 0 0 0.886561989784241 33.3707008361816
382 0 0 0.886237025260925 33.4390983581543
383 0 0 0.885918974876404 33.5075988769531
384 0 0 0.885607004165649 33.576099395752
385 0 0 0.885300993919373 33.6447982788086
386 0 0 0.885001003742218 33.7135009765625
387 0 0 0.884706974029541 33.7821998596191
388 0 0 0.884419977664948 33.8511009216309
389 0 0 0.884137988090515 33.9199981689453
390 0 0 0.883862972259521 33.9889984130859
391 0 0 0.88359397649765 34.0579986572266
392 0 0 0.883331000804901 34.1272010803223
393 0 0 0.883074998855591 34.1963996887207
394 0 0 0.882824003696442 34.2655982971191
395 0 0 0.882579028606415 34.3349990844727
396 0 0 0.882341027259827 34.4043998718262
397 0 0 0.882108986377716 34.4738998413086
398 0 0 0.881883025169373 34.5434989929199
399 0 0 0.881663024425507 34.6130981445313
400 10 4 0.881448984146118 34.6828002929688
401 0 0 0.881241977214813 34.7526016235352
402 0 0 0.881039977073669 34.8224983215332
403 0 0 0.880845010280609 34.8923988342285
404 0 0 0.880654990673065 34.9625015258789
405 0 0 0.880472004413605 35.032600402832
406 0 0 0.880294978618622 35.1026992797852
407 0 0 0.880123972892761 35.1730003356934
408 0 0 0.879958987236023 35.2433013916016
409 0 0 0.879800021648407 35.3137016296387
410 0 0 0.879647970199585 35.3842010498047
411 0 0 0.879500985145569 35.4547996520996
412 0 0 0.879360973834991 35.5253982543945
413 0 0 0.87922602891922 35.5961990356445
414 0 0 0.879097998142242 35.6669998168945
415 0 0 0.878975987434387 35.7378005981445
416 0 0 0.878859996795654 35.8087997436523
417 0 0 0.878750026226044 35.8799018859863
418 0 0 0.878646016120911 35.951000213623
419 0 0 0.8785480260849 36.0222015380859
420 0 0 0.878455996513367 36.0934982299805
421 0 0 0.878371000289917 36.1649017333984
422 0 0 0.878291010856628 36.2363014221191
423 0 0 0.878217995166779 36.3078002929688
424 0 0 0.87814998626709 36.3795013427734
425 0 0 0.878089010715485 36.4511985778809
426 0 0 0.878032982349396 36.5229988098145
427 0 0 0.87798398733139 36.594799041748
428 0 0 0.877941012382507 36.6668014526367
429 0 0 0.877903997898102 36.7388000488281
430 0 0 0.877871990203857 36.8109016418457
431 0 0 0.877847015857697 36.8830986022949
432 0 0 0.877828001976013 36.9553985595703
433 0 0 0.877815008163452 37.0278015136719
434 0 0 0.877807974815369 37.1002998352051
-435 11 2 0.877807021141052 37.1473999023438
-436 0 0 0.877810001373291 37.2200012207031
-437 0 0 0.877819001674652 37.2927017211914
-438 0 0 0.877834022045135 37.3653984069824
-439 0 0 0.877855002880096 37.4383010864258
-440 0 0 0.877883017063141 37.5112991333008
-441 0 0 0.877915978431702 37.584300994873
-442 0 0 0.87795501947403 37.657398223877
-443 0 0 0.878000020980835 37.730598449707
-444 0 0 0.878050982952118 37.8039016723633
-445 0 0 0.878108978271484 37.8773002624512
-446 0 0 0.878171980381012 37.9508018493652
-447 0 0 0.878241002559662 38.0243988037109
-448 0 0 0.87831699848175 38.0979995727539
-449 0 0 0.878398001194 38.1717987060547
-450 12 4 0.878485023975372 38.2456016540527
-451 0 0 0.878578007221222 38.3194999694824
-452 0 0 0.878678023815155 38.3936004638672
-453 0 0 0.878782987594604 38.467700958252
-454 0 0 0.878893971443176 38.5419006347656
-455 0 0 0.879011988639832 38.6161994934082
-456 0 0 0.879135012626648 38.6904983520508
-457 0 0 0.879263997077942 38.7649993896484
-458 0 0 0.879399001598358 38.839599609375
-459 0 0 0.879540979862213 38.9141998291016
-460 0 0 0.879688024520874 38.988899230957
-461 0 0 0.879841029644012 39.0638008117676
-462 0 0 0.879999995231628 39.1386985778809
-463 0 0 0.880164980888367 39.2136993408203
-464 0 0 0.880335986614227 39.2887992858887
-465 0 0 0.88051301240921 39.3639984130859
-466 0 0 0.880695998668671 39.4393005371094
-467 0 0 0.880885004997253 39.5147018432617
-468 0 0 0.881079971790314 39.5901985168457
-469 0 0 0.881281018257141 39.6657981872559
-470 0 0 0.881488025188446 39.7414016723633
-471 0 0 0.881700992584229 39.8171997070313
-472 0 0 0.881919980049133 39.8930015563965
-473 0 0 0.882143974304199 39.9690017700195
-474 0 0 0.882375001907349 40.0449981689453
-475 0 0 0.882611989974976 40.1212005615234
-476 0 0 0.882853984832764 40.1973991394043
-477 0 0 0.883103013038635 40.2737007141113
-478 0 0 0.883356988430023 40.3501014709473
-479 0 0 0.883616983890533 40.4266014099121
-480 0 0 0.883884012699127 40.5032005310059
-481 0 0 0.884155988693237 40.5798988342285
-482 0 0 0.88443398475647 40.6567001342773
-483 0 0 0.884718000888824 40.7336006164551
-484 0 0 0.885007977485657 40.8106002807617
-485 0 0 0.885303974151611 40.8875999450684
-486 0 0 0.885604977607727 40.9648017883301
-487 0 0 0.885913014411926 41.0420989990234
-488 0 0 0.886227011680603 41.1194000244141
-489 0 0 0.886546015739441 41.1968994140625
-490 0 0 0.886870980262756 41.2743988037109
-491 0 0 0.887202978134155 41.3521003723145
-492 0 0 0.887539982795715 41.4297981262207
-493 0 0 0.887883007526398 41.5075988769531
-494 0 0 0.888231992721558 41.5856018066406
-495 0 0 0.888585984706879 41.6636009216309
-496 0 0 0.888947010040283 41.74169921875
-497 0 0 0.889313995838165 41.8199005126953
-498 0 0 0.889685988426208 41.8982009887695
-499 0 0 0.890064001083374 41.9766006469727
-500 13 4 0.890448987483978 42.0550994873047
-501 0 0 0.890838980674744 42.1337013244629
-502 0 0 0.89123398065567 42.2123985290527
-503 0 0 0.89163601398468 42.2911987304688
-504 0 0 0.892044007778168 42.3700981140137
-505 0 0 0.892457008361816 42.4490013122559
-506 0 0 0.892876029014587 42.5280990600586
-507 0 0 0.893301010131836 42.6072998046875
-508 0 0 0.893732011318207 42.6865005493164
-509 0 0 0.894168972969055 42.7658996582031
-510 0 0 0.894612014293671 42.8452987670898
-511 0 0 0.895060002803802 42.9249000549316
-512 0 0 0.895514011383057 43.0045013427734
-513 0 0 0.895973980426788 43.0842018127441
-514 0 0 0.896440029144287 43.1641006469727
-515 0 0 0.896911978721619 43.2439994812012
-516 0 0 0.897388994693756 43.3240013122559
-517 0 0 0.897872984409332 43.4040985107422
-518 0 0 0.89836198091507 43.4842987060547
-519 0 0 0.898856997489929 43.5646018981934
-520 0 0 0.89935702085495 43.6450004577637
-521 0 0 0.899864017963409 43.7254981994629
-522 0 0 0.90037602186203 43.8060989379883
-523 0 0 0.900893986225128 43.8867988586426
-524 0 0 0.901417016983032 43.967601776123
-525 0 0 0.901947021484375 44.0484008789063
-526 0 0 0.902481973171234 44.1293983459473
-527 0 0 0.90302300453186 44.2103996276855
-528 0 0 0.903569996356964 44.2915992736816
-529 0 0 0.904121994972229 44.3727989196777
-530 0 0 0.904681026935577 44.4542007446289
-531 0 0 0.905245006084442 44.5355987548828
-532 0 0 0.905813992023468 44.6170997619629
-533 0 0 0.906390011310577 44.6986999511719
-534 0 0 0.906970977783203 44.7803993225098
-535 0 0 0.907558023929596 44.8622016906738
-536 0 0 0.908150017261505 44.9440994262695
-537 0 0 0.908748984336853 45.0261001586914
-538 0 0 0.909353017807007 45.1082000732422
-539 0 0 0.909961998462677 45.190299987793
-540 0 0 0.910578012466431 45.2725982666016
-541 0 0 0.911198973655701 45.3549995422363
-542 0 0 0.911825001239777 45.4374008178711
-543 0 0 0.912458002567291 45.5199012756348
-544 0 0 0.913096010684967 45.6026000976563
-545 0 0 0.913739025592804 45.6852989196777
-546 0 0 0.91438901424408 45.7681007385254
-547 0 0 0.915044009685516 45.851001739502
-548 0 0 0.915704011917114 45.9339981079102
-549 0 0 0.916370987892151 46.0171012878418
-550 14 4 0.917042016983032 46.1002006530762
-551 0 0 0.917720019817352 46.1834983825684
-552 0 0 0.918403029441833 46.2667999267578
-553 0 0 0.919091999530792 46.3502998352051
-554 0 0 0.919785976409912 46.4337997436523
-555 0 0 0.920485973358154 46.5173988342285
-556 0 0 0.921191990375519 46.6011009216309
-557 0 0 0.921903014183044 46.6848983764648
-558 0 0 0.922618985176086 46.768798828125
-559 0 0 0.923341989517212 46.8527984619141
-560 0 0 0.924068987369537 46.9367980957031
-561 0 0 0.924803018569946 47.0209999084473
-562 0 0 0.925541996955872 47.1052017211914
-563 0 0 0.926285982131958 47.1894989013672
-564 0 0 0.927035987377167 47.2738990783691
-565 0 0 0.927792012691498 47.3583984375
-566 0 0 0.928552985191345 47.443000793457
-567 0 0 0.929319024085999 47.5275993347168
-568 0 0 0.930091023445129 47.6124000549316
-569 0 0 0.930868983268738 47.6972007751465
-570 0 0 0.931652009487152 47.7821998596191
-571 0 0 0.932439982891083 47.8671989440918
-572 0 0 0.933233976364136 47.9522018432617
-573 0 0 0.934033989906311 48.0373992919922
-574 0 0 0.934839010238647 48.1226997375488
-575 0 0 0.9356489777565 48.2080001831055
-576 0 0 0.93646502494812 48.293399810791
-577 0 0 0.937286972999573 48.3790016174316
-578 0 0 0.93811297416687 48.4645004272461
-579 0 0 0.93894499540329 48.5502014160156
-580 0 0 0.939782977104187 48.6360015869141
-581 0 0 0.94062602519989 48.7218017578125
-582 0 0 0.94147402048111 48.8077011108398
-583 0 0 0.942327976226807 48.8936996459961
-584 0 0 0.94318699836731 48.9798011779785
-585 0 0 0.94405198097229 49.0660018920898
-586 0 0 0.944921970367432 49.1521987915039
-587 0 0 0.945797026157379 49.2386016845703
-588 0 0 0.946677982807159 49.3250007629395
-589 0 0 0.947564005851746 49.4113998413086
-590 0 0 0.948454976081848 49.4980010986328
-591 0 0 0.949351012706757 49.5847015380859
-592 0 0 0.950253009796143 49.6713981628418
-593 0 0 0.951161026954651 49.7582015991211
-594 0 0 0.952072978019714 49.8450012207031
-595 0 0 0.952991008758545 49.931999206543
-596 0 0 0.953913986682892 50.0190010070801
-597 0 0 0.9548419713974 50.1060981750488
-598 0 0 0.95577597618103 50.1932983398438
-599 0 0 0.956714987754822 50.2806015014648
-600 15 4 0.957659006118774 50.3679008483887
-601 0 0 0.958608984947205 50.4552993774414
-602 0 0 0.959563016891479 50.5428009033203
-603 0 0 0.960523009300232 50.6304016113281
-604 0 0 0.961488008499146 50.7179985046387
-605 0 0 0.96245801448822 50.8056983947754
-606 0 0 0.963433980941772 50.8935012817383
-607 0 0 0.964415013790131 50.9813995361328
-608 0 0 0.965399980545044 51.0693016052246
-609 0 0 0.966391026973724 51.157299041748
-610 0 0 0.967387974262238 51.2453994750977
-611 0 0 0.968388974666595 51.3334999084473
-612 0 0 0.969394981861115 51.4216995239258
-613 0 0 0.970407009124756 51.5099983215332
-614 0 0 0.971423983573914 51.5984001159668
-615 0 0 0.972445011138916 51.6867980957031
-616 0 0 0.973471999168396 51.7752990722656
-617 0 0 0.974503993988037 51.863899230957
-618 0 0 0.975540995597839 51.9524993896484
-619 0 0 0.976583003997803 52.0413017272949
-620 0 0 0.977630972862244 52.1300010681152
-621 0 0 0.978682994842529 52.2188987731934
-622 0 0 0.979740023612976 52.3078002929688
-623 0 0 0.9808030128479 52.396800994873
-624 0 0 0.981869995594025 52.4858016967773
-625 0 0 0.98294198513031 52.5750007629395
-626 0 0 0.984019994735718 52.6641006469727
-627 0 0 0.985101997852325 52.7533988952637
-628 0 0 0.986189007759094 52.842700958252
-629 0 0 0.987281978130341 52.9320983886719
-630 0 0 0.988379001617432 53.0214996337891
-631 0 0 0.989480972290039 53.1110000610352
-632 0 0 0.990589022636414 53.2005996704102
-633 0 0 0.991701006889343 53.2902984619141
-634 0 0 0.992817997932434 53.3800010681152
-635 0 0 0.993939995765686 53.4696998596191
-636 0 0 0.995067000389099 53.5596008300781
-637 0 0 0.996199011802673 53.6493988037109
-638 0 0 0.997335016727448 53.7393989562988
-639 0 0 0.998476982116699 53.8293991088867
-640 0 0 0.999623000621796 53.9194984436035
-641 0 0 1.00076997280121 54.0096015930176
-642 0 0 1.00192999839783 54.0998001098633
-643 0 0 1.00309002399445 54.1901016235352
-644 0 0 1.0042599439621 54.2803993225098
-645 0 0 1.00542998313904 54.3708000183105
-646 0 0 1.00660002231598 54.4612007141113
-647 0 0 1.00777995586395 54.551700592041
-648 0 0 1.00897002220154 54.6422996520996
-649 0 0 1.01015996932983 54.7328987121582
-650 16 4 1.01135003566742 54.823600769043
-651 0 0 1.01254999637604 54.9142990112305
-652 0 0 1.01375997066498 55.0051002502441
-653 0 0 1.01496994495392 55.0959014892578
-654 0 0 1.01618003845215 55.1867980957031
-655 0 0 1.01740002632141 55.2778015136719
-656 0 0 1.01862001419067 55.3688011169434
-657 0 0 1.01985001564026 55.4598007202148
-658 0 0 1.02108001708984 55.5509986877441
-659 0 0 1.02232003211975 55.6421012878418
-660 0 0 1.02356004714966 55.7333984375
-661 0 0 1.0248099565506 55.8246002197266
-662 0 0 1.02605998516083 55.9160003662109
-663 0 0 1.02731001377106 56.0074005126953
-664 0 0 1.02857005596161 56.0988006591797
-665 0 0 1.02983999252319 56.190299987793
-666 0 0 1.03111004829407 56.2817993164063
-667 0 0 1.03237998485565 56.3734016418457
-668 0 0 1.03366005420685 56.4650993347168
-669 0 0 1.03494000434875 56.5568008422852
-670 0 0 1.03622996807098 56.6484985351563
-671 0 0 1.0375200510025 56.7402992248535
-672 0 0 1.03882002830505 56.8321990966797
-673 0 0 1.0401200056076 56.9240989685059
-674 0 0 1.04142999649048 57.015998840332
-675 0 0 1.04273998737335 57.1080017089844
-676 0 0 1.04404997825623 57.2000007629395
-677 0 0 1.04536998271942 57.2920989990234
-678 0 0 1.04670000076294 57.3843002319336
-679 0 0 1.04803001880646 57.4765014648438
-680 0 0 1.04936003684998 57.5686988830566
-681 0 0 1.05069994926453 57.6609992980957
-682 0 0 1.05203998088837 57.7532997131348
-683 0 0 1.05338001251221 57.8456993103027
-684 0 0 1.05473005771637 57.9380989074707
-685 0 0 1.05608999729156 58.0306015014648
-686 0 0 1.05745005607605 58.1231002807617
-687 0 0 1.05880999565125 58.2155990600586
-688 0 0 1.06017994880676 58.3082008361816
-689 0 0 1.06156003475189 58.4009017944336
-690 0 0 1.06292998790741 58.4934997558594
-691 0 0 1.06430995464325 58.5862998962402
-692 0 0 1.0657000541687 58.6790008544922
-693 0 0 1.06709003448486 58.771900177002
-694 0 0 1.06848001480103 58.8647003173828
-695 0 0 1.06988000869751 58.9575996398926
-696 0 0 1.07129001617432 59.0504989624023
-697 0 0 1.0726900100708 59.1435012817383
-698 0 0 1.07411003112793 59.2365989685059
-699 0 0 1.07552003860474 59.3296012878418
-700 17 4 1.07693994045258 59.4226989746094
-701 0 0 1.07836997509003 59.5158996582031
-702 0 0 1.07980000972748 59.609001159668
-703 0 0 1.08123004436493 59.7023010253906
-704 0 0 1.08266997337341 59.7955017089844
-705 0 0 1.08411002159119 59.888801574707
-706 0 0 1.08555996417999 59.9822006225586
-707 0 0 1.08701002597809 60.0755996704102
-708 0 0 1.08845996856689 60.1689987182617
-709 0 0 1.08992004394531 60.2624015808105
-710 0 0 1.09138000011444 60.355899810791
-711 0 0 1.09284996986389 60.4494018554688
-712 0 0 1.09432005882263 60.5429992675781
-713 0 0 1.09579002857208 60.6366004943848
-714 0 0 1.09727001190186 60.7302017211914
-715 0 0 1.09876000881195 60.8238983154297
-716 0 0 1.10025000572205 60.9175987243652
-717 0 0 1.10174000263214 61.0113983154297
-718 0 0 1.10322999954224 61.1052017211914
-719 0 0 1.10473001003265 61.1990013122559
-720 0 0 1.10624003410339 61.2928009033203
-721 0 0 1.10775005817413 61.3866996765137
-722 0 0 1.10925996303558 61.480598449707
-723 0 0 1.11076998710632 61.5746002197266
-724 0 0 1.11230003833771 61.6685981750488
-725 0 0 1.11381995677948 61.7625999450684
-726 0 0 1.11535000801086 61.8566017150879
-727 0 0 1.11688005924225 61.9506988525391
-728 0 0 1.11842000484467 62.0447998046875
-729 0 0 1.11995995044708 62.1389999389648
-730 0 0 1.12150001525879 62.2332000732422
-731 0 0 1.12304997444153 62.3274002075195
-732 0 0 1.12460994720459 62.4216003417969
-733 0 0 1.12616002559662 62.5158996582031
-734 0 0 1.12771999835968 62.6101989746094
-735 0 0 1.12928998470306 62.7044982910156
-736 0 0 1.13085997104645 62.798900604248
-737 0 0 1.13242995738983 62.8932991027832
-738 0 0 1.13400995731354 62.9877014160156
-739 0 0 1.13558995723724 63.0821990966797
-740 0 0 1.13716995716095 63.1766014099121
-741 0 0 1.13875997066498 63.2710990905762
-742 0 0 1.14034998416901 63.3656997680664
-743 0 0 1.14195001125336 63.4603004455566
-744 0 0 1.14355003833771 63.5549011230469
-745 0 0 1.14514994621277 63.6495018005371
-746 0 0 1.14675998687744 63.7440986633301
-747 0 0 1.14837002754211 63.8387985229492
-748 0 0 1.14998996257782 63.9334983825684
-749 0 0 1.15161001682281 64.0282974243164
-750 18 4 1.15322995185852 64.1230010986328
-751 0 0 1.15486001968384 64.2177963256836
-752 0 0 1.15648996829987 64.3125991821289
-753 0 0 1.15813004970551 64.4075012207031
-754 0 0 1.15977001190186 64.5022964477539
-755 0 0 1.16140997409821 64.5971984863281
-756 0 0 1.16305994987488 64.6921005249023
-757 0 0 1.16471004486084 64.7871017456055
-758 0 0 1.16636002063751 64.8820037841797
-759 0 0 1.16802000999451 64.9769973754883
-760 0 0 1.1696799993515 65.0719985961914
-761 0 0 1.17135000228882 65.1670989990234
-762 0 0 1.17302000522614 65.2621002197266
-763 0 0 1.17469000816345 65.3572006225586
-764 0 0 1.17637002468109 65.4523010253906
-765 0 0 1.17805004119873 65.5475006103516
-766 0 0 1.17973005771637 65.6426010131836
-767 0 0 1.18141996860504 65.7378005981445
-768 0 0 1.183109998703 65.8330001831055
-769 0 0 1.18481004238129 65.9282989501953
-770 0 0 1.18650996685028 66.0234985351563
-771 0 0 1.18821001052856 66.1187973022461
-772 0 0 1.18991994857788 66.2141036987305
-773 0 0 1.19163000583649 66.3094024658203
-774 0 0 1.1933399438858 66.4047012329102
-775 0 0 1.19506001472473 66.5000991821289
-776 0 0 1.19677996635437 66.5954971313477
-777 0 0 1.19851005077362 66.6909027099609
-778 0 0 1.20024001598358 66.7863006591797
-779 0 0 1.20196998119354 66.8816986083984
-780 0 0 1.20370995998383 66.9772033691406
-781 0 0 1.2054500579834 67.0727005004883
-782 0 0 1.20719003677368 67.1681976318359
-783 0 0 1.20894002914429 67.2637023925781
-784 0 0 1.21069002151489 67.3591995239258
-785 0 0 1.21245002746582 67.4548034667969
-786 0 0 1.21420001983643 67.5503997802734
-787 0 0 1.21597003936768 67.6460037231445
-788 0 0 1.2177300453186 67.7416000366211
-789 0 0 1.21949994564056 67.8371963500977
-790 0 0 1.22127997875214 67.9328994750977
-791 0 0 1.22304999828339 68.0285034179688
-792 0 0 1.22483003139496 68.1241989135742
-793 0 0 1.22661995887756 68.2200012207031
-794 0 0 1.22839999198914 68.3156967163086
-795 0 0 1.23019003868103 68.4113998413086
-796 0 0 1.23198997974396 68.5072021484375
-797 0 0 1.23379004001617 68.6029968261719
-798 0 0 1.2355899810791 68.6987991333008
-799 0 0 1.23739004135132 68.7946014404297
-800 19 4 1.23919999599457 68.8904037475586
-801 0 0 1.24101996421814 68.9862976074219
-802 0 0 1.24283003807068 69.0820999145508
-803 0 0 1.24465000629425 69.1780014038086
-804 0 0 1.24646997451782 69.2739028930664
-805 0 0 1.24829995632172 69.3697967529297
-806 0 0 1.2501300573349 69.4657974243164
-807 0 0 1.25196003913879 69.5616989135742
-808 0 0 1.25380003452301 69.6576995849609
-809 0 0 1.25564002990723 69.7536010742188
-810 0 0 1.25749003887177 69.8496017456055
-811 0 0 1.25933003425598 69.9456024169922
-812 0 0 1.26119005680084 70.0417022705078
-813 0 0 1.26303994655609 70.1377029418945
-814 0 0 1.26489996910095 70.2337036132813
-815 0 0 1.26675999164581 70.3298034667969
-816 0 0 1.268630027771 70.4259033203125
-817 0 0 1.27049005031586 70.5220031738281
-818 0 0 1.27236998081207 70.6181030273438
-819 0 0 1.27424001693726 70.7142028808594
-820 0 0 1.27611994743347 70.8104019165039
-821 0 0 1.27799999713898 70.9065017700195
-822 0 0 1.27988994121552 71.0027008056641
-823 0 0 1.28178000450134 71.0988998413086
-824 0 0 1.28366994857788 71.1949996948242
-825 0 0 1.28557002544403 71.2912979125977
-826 0 0 1.28746998310089 71.3874969482422
-827 0 0 1.28936994075775 71.4837036132813
-828 0 0 1.29128003120422 71.5799026489258
-829 0 0 1.29319000244141 71.6762008666992
-830 0 0 1.29509997367859 71.7724990844727
-831 0 0 1.29701995849609 71.8687973022461
-832 0 0 1.2989399433136 71.9649963378906
-833 0 0 1.30086994171143 72.0613021850586
-834 0 0 1.30279004573822 72.1576995849609
-835 0 0 1.30472004413605 72.2539978027344
-836 0 0 1.3066600561142 72.3503036499023
-837 0 0 1.30859994888306 72.4467010498047
-838 0 0 1.31053996086121 72.543098449707
-839 0 0 1.31247997283936 72.6393966674805
-840 0 0 1.31442999839783 72.7358016967773
-841 0 0 1.3163800239563 72.8321990966797
-842 0 0 1.31833004951477 72.928596496582
-843 0 0 1.32028996944427 73.0250015258789
-844 0 0 1.32225000858307 73.1214981079102
-845 0 0 1.3242199420929 73.217903137207
-846 0 0 1.32618999481201 73.3143997192383
-847 0 0 1.32816004753113 73.4107971191406
-848 0 0 1.33012998104095 73.5073013305664
-849 0 0 1.33211004734039 73.6037979125977
-850 20 4 1.33408999443054 73.7003021240234
-851 0 0 1.33607995510101 73.7967987060547
-852 0 0 1.33807003498077 73.8933029174805
-853 0 0 1.34005999565125 73.9897994995117
-854 0 0 1.34204995632172 74.0864028930664
-855 0 0 1.3440500497818 74.1828994750977
-856 0 0 1.34605002403259 74.2795028686523
-857 0 0 1.34806001186371 74.3759994506836
-858 0 0 1.35006999969482 74.4726028442383
-859 0 0 1.35207998752594 74.5691986083984
-860 0 0 1.35408997535706 74.6658020019531
-861 0 0 1.35610997676849 74.7623977661133
-862 0 0 1.35812997817993 74.859001159668
-863 0 0 1.36015999317169 74.9555969238281
-864 0 0 1.36219000816345 75.0522003173828
-865 0 0 1.36422002315521 75.1488037109375
-866 0 0 1.36625003814697 75.2454986572266
-867 0 0 1.36828994750977 75.3421020507813
-868 0 0 1.37032997608185 75.4387969970703
-869 0 0 1.37238001823425 75.5354995727539
-870 0 0 1.37442994117737 75.6321029663086
-871 0 0 1.37647998332977 75.7287979125977
-872 0 0 1.37853002548218 75.8255004882813
-873 0 0 1.38058996200562 75.9222030639648
-874 0 0 1.38265001773834 76.0188980102539
-875 0 0 1.3847199678421 76.1156005859375
-876 0 0 1.38679003715515 76.2123031616211
-877 0 0 1.38885998725891 76.3090972900391
-878 0 0 1.39093005657196 76.4057998657227
-879 0 0 1.39301002025604 76.5026016235352
-880 0 0 1.39508998394012 76.5992965698242
-881 0 0 1.39717996120453 76.6960983276367
-882 0 0 1.3992600440979 76.7928009033203
-883 0 0 1.40136003494263 76.8896026611328
-884 0 0 1.40345001220703 76.9863967895508
-885 0 0 1.40555000305176 77.0831985473633
-886 0 0 1.40764999389648 77.1800003051758
-887 0 0 1.40974998474121 77.2768020629883
-888 0 0 1.41185998916626 77.3735961914063
-889 0 0 1.41396999359131 77.4703979492188
-890 0 0 1.41609001159668 77.5671997070313
-891 0 0 1.41820001602173 77.6640014648438
-892 0 0 1.4203200340271 77.7609024047852
-893 0 0 1.4224499464035 77.8576965332031
-894 0 0 1.4245799779892 77.9544982910156
-895 0 0 1.42671000957489 78.051399230957
-896 0 0 1.42884004116058 78.1482009887695
-897 0 0 1.43097996711731 78.2451019287109
-898 0 0 1.43312001228333 78.3420028686523
-899 0 0 1.43526005744934 78.4387969970703
-900 21 4 1.43740999698639 78.5356979370117
-901 0 0 1.43956005573273 78.6325988769531
-902 0 0 1.44170999526978 78.7294998168945
-903 0 0 1.44386994838715 78.8264007568359
-904 0 0 1.44603002071381 78.9233016967773
-905 0 0 1.44818997383118 79.0202026367188
-906 0 0 1.45035994052887 79.1171035766602
-907 0 0 1.45253002643585 79.213996887207
-908 0 0 1.45469999313354 79.3108978271484
-909 0 0 1.45687997341156 79.4078979492188
-910 0 0 1.45905005931854 79.5047988891602
-911 0 0 1.46124005317688 79.6016998291016
-912 0 0 1.4634200334549 79.6986999511719
-913 0 0 1.46561002731323 79.7956008911133
-914 0 0 1.46781003475189 79.8926010131836
-915 0 0 1.47000002861023 79.989501953125
-916 0 0 1.47220003604889 80.0865020751953
-917 0 0 1.47440004348755 80.1834030151367
-918 0 0 1.47660994529724 80.280403137207
-919 0 0 1.47881996631622 80.3774032592773
-920 0 0 1.48102998733521 80.4744033813477
-921 0 0 1.48324000835419 80.5712966918945
-922 0 0 1.48546004295349 80.6682968139648
-923 0 0 1.48767995834351 80.7652969360352
-924 0 0 1.48991000652313 80.8622970581055
-925 0 0 1.49214005470276 80.9592971801758
-926 0 0 1.4943699836731 81.0562973022461
-927 0 0 1.49660003185272 81.1532974243164
-928 0 0 1.49883997440338 81.2502975463867
-929 0 0 1.50108003616333 81.347297668457
-930 0 0 1.50331997871399 81.4442977905273
-931 0 0 1.50557005405426 81.5413970947266
-932 0 0 1.50782001018524 81.6383972167969
-933 0 0 1.51007997989655 81.7353973388672
-934 0 0 1.51233005523682 81.8323974609375
-935 0 0 1.51459002494812 81.9294967651367
-936 0 0 1.51686000823975 82.026496887207
-937 0 0 1.51911997795105 82.1234970092773
-938 0 0 1.52138996124268 82.2205963134766
-939 0 0 1.52366995811462 82.3175964355469
-940 0 0 1.52593994140625 82.4147033691406
-941 0 0 1.52822005748749 82.5117034912109
-942 0 0 1.53050994873047 82.6088027954102
-943 0 0 1.53278994560242 82.7058029174805
-944 0 0 1.53507995605469 82.8029022216797
-945 0 0 1.53737998008728 82.9000015258789
-946 0 0 1.53966999053955 82.9970016479492
-947 0 0 1.54197001457214 83.0941009521484
-948 0 0 1.54427003860474 83.1912002563477
-949 0 0 1.54657995700836 83.2882995605469
-950 22 4 1.54888999462128 83.3852996826172
-951 0 0 1.55120003223419 83.4823989868164
-952 0 0 1.55351996421814 83.5794982910156
-953 0 0 1.55583000183105 83.6765975952148
-954 0 0 1.55815994739532 83.7736968994141
-955 0 0 1.56047999858856 83.8706970214844
-956 0 0 1.56280994415283 83.9677963256836
-957 0 0 1.56514000892639 84.0649032592773
-958 0 0 1.56747996807098 84.1620025634766
-959 0 0 1.56981003284454 84.2591018676758
-960 0 0 1.57216000556946 84.356201171875
-961 0 0 1.57449996471405 84.4533004760742
-962 0 0 1.57685005664825 84.5503997802734
-963 0 0 1.57920002937317 84.6474990844727
-964 0 0 1.58155000209808 84.7445983886719
-965 0 0 1.58390998840332 84.8416976928711
-966 0 0 1.58626997470856 84.9389038085938
-967 0 0 1.58863997459412 85.036003112793
-968 0 0 1.59099996089935 85.1331024169922
-969 0 0 1.59336996078491 85.2302017211914
-970 0 0 1.59574997425079 85.3273010253906
-971 0 0 1.59811997413635 85.4244003295898
-972 0 0 1.60049998760223 85.521598815918
-973 0 0 1.60289001464844 85.6186981201172
-974 0 0 1.60527002811432 85.7157974243164
-975 0 0 1.60766005516052 85.8128967285156
-976 0 0 1.61005997657776 85.9101028442383
-977 0 0 1.61245000362396 86.0072021484375
-978 0 0 1.61485004425049 86.1043014526367
-979 0 0 1.61725997924805 86.2014007568359
-980 0 0 1.61966001987457 86.2985992431641
-981 0 0 1.62206995487213 86.3956985473633
-982 0 0 1.62448000907898 86.4927978515625
-983 0 0 1.62689995765686 86.5899963378906
-984 0 0 1.62932002544403 86.6871032714844
-985 0 0 1.63173997402191 86.7842025756836
-986 0 0 1.6341700553894 86.8814010620117
-987 0 0 1.63660001754761 86.9785003662109
-988 0 0 1.63902997970581 87.0756988525391
-989 0 0 1.64145994186401 87.1727981567383
-990 0 0 1.64390003681183 87.2698974609375
-991 0 0 1.64634001255035 87.3671035766602
-992 0 0 1.6487900018692 87.4642028808594
-993 0 0 1.65123999118805 87.5614013671875
-994 0 0 1.6536899805069 87.6585006713867
-995 0 0 1.65613996982574 87.7555999755859
-996 0 0 1.65859997272491 87.8527984619141
-997 0 0 1.66105997562408 87.9498977661133
-998 0 0 1.66352999210358 88.0470962524414
-999 0 0 1.66600000858307 88.1442031860352
-1000 23 9 1.66847002506256 88.2414016723633
