-1000 43 9 -5.31818008422852 -15.1350002288818
-999 0 0 -5.31282997131348 -15.1330003738403
-998 0 0 -5.30746984481812 -15.1310997009277
-997 0 0 -5.30212020874023 -15.1290998458862
-996 0 0 -5.29676008224487 -15.1272001266479
-995 0 0 -5.29140996932983 -15.1252002716064
-994 0 0 -5.28604984283447 -15.1232004165649
-993 0 0 -5.28069019317627 -15.1211996078491
-992 0 0 -5.27533006668091 -15.1192998886108
-991 0 0 -5.26996994018555 -15.1173000335693
-990 0 0 -5.26460981369019 -15.1153001785278
-989 0 0 -5.25925016403198 -15.1133003234863
-988 0 0 -5.25389003753662 -15.1113004684448
-987 0 0 -5.24852991104126 -15.109299659729
-986 0 0 -5.2431697845459 -15.1072998046875
-985 0 0 -5.23780012130737 -15.105299949646
-984 0 0 -5.23243999481201 -15.1033000946045
-983 0 0 -5.22706985473633 -15.1012001037598
-982 0 0 -5.22171020507813 -15.0992002487183
-981 0 0 -5.21634006500244 -15.0972003936768
-980 0 0 -5.21096992492676 -15.0951995849609
-979 0 0 -5.2056097984314 -15.0930995941162
-978 0 0 -5.20024013519287 -15.0910997390747
-977 0 0 -5.19486999511719 -15.08899974823
-976 0 0 -5.1894998550415 -15.0869998931885
-975 0 0 -5.18412017822266 -15.0848999023438
-974 0 0 -5.17875003814697 -15.0829000473022
-973 0 0 -5.17337989807129 -15.0808000564575
-972 0 0 -5.16801023483276 -15.0787000656128
-971 0 0 -5.16263008117676 -15.0766000747681
-970 0 0 -5.15725994110107 -15.0746002197266
-969 0 0 -5.15187978744507 -15.0725002288818
-968 0 0 -5.14650011062622 -15.0704002380371
-967 0 0 -5.14112997055054 -15.0683002471924
-966 0 0 -5.13574981689453 -15.0662002563477
-965 0 0 -5.13037014007568 -15.0641002655029
-964 0 0 -5.12498998641968 -15.0620002746582
-963 0 0 -5.11960983276367 -15.0599002838135
-962 0 0 -5.11423015594482 -15.0577001571655
-961 0 0 -5.1088399887085 -15.0556001663208
-960 0 0 -5.10345983505249 -15.0535001754761
-959 0 0 -5.09808015823364 -15.0513000488281
-958 0 0 -5.09268999099731 -15.0492000579834
-957 0 0 -5.08730983734131 -15.0471000671387
-956 0 0 -5.08192014694214 -15.0448999404907
-955 0 0 -5.07653999328613 -15.042799949646
-954 0 0 -5.0711498260498 -15.040599822998
-953 0 0 -5.06576013565063 -15.0383996963501
-952 0 0 -5.06036996841431 -15.0362997055054
-951 0 0 -5.05497980117798 -15.0340995788574
-950 42 4 -5.04959011077881 -15.0319004058838
-949 0 0 -5.04419994354248 -15.0297002792358
-948 0 0 -5.03880977630615 -15.0275001525879
-947 0 0 -5.03341007232666 -15.0253000259399
-946 0 0 -5.02801990509033 -15.023099899292
-945 0 0 -5.02262020111084 -15.020899772644
-944 0 0 -5.01723003387451 -15.0186996459961
-943 0 0 -5.01182985305786 -15.0165004730225
-942 0 0 -5.00644016265869 -15.0143003463745
-941 0 0 -5.00103998184204 -15.0121002197266
-940 0 0 -4.99563980102539 -15.0097999572754
-939 0 0 -4.9902400970459 -15.0075998306274
-938 0 0 -4.98483991622925 -15.0053997039795
-937 0 0 -4.97944021224976 -15.0031003952026
-936 0 0 -4.97404003143311 -15.0009002685547
-935 0 0 -4.96862983703613 -14.9986000061035
-934 0 0 -4.96323013305664 -14.9962997436523
-933 0 0 -4.95782995223999 -14.9940996170044
-932 0 0 -4.95242023468018 -14.9918003082275
-931 0 0 -4.94702005386353 -14.9895000457764
-930 0 0 -4.94160985946655 -14.9871997833252
-929 0 0 -4.93620014190674 -14.9849004745483
-928 0 0 -4.93078994750977 -14.9826002120972
-927 0 0 -4.92538022994995 -14.980299949646
-926 0 0 -4.91997003555298 -14.9779996871948
-925 0 0 -4.91455984115601 -14.975700378418
-924 0 0 -4.90915012359619 -14.9734001159668
-923 0 0 -4.90373992919922 -14.9710998535156
-922 0 0 -4.8983302116394 -14.9687004089355
-921 0 0 -4.89291000366211 -14.9664001464844
-920 0 0 -4.88749980926514 -14.9640998840332
-919 0 0 -4.882080078125 -14.9617004394531
-918 0 0 -4.87666988372803 -14.959400177002
-917 0 0 -4.87125015258789 -14.9569997787476
-916 0 0 -4.8658299446106 -14.9546003341675
-915 0 0 -4.86041021347046 -14.9523000717163
-914 0 0 -4.85499000549316 -14.9498996734619
-913 0 0 -4.84956979751587 -14.9475002288818
-912 0 0 -4.84415006637573 -14.9450998306274
-911 0 0 -4.83872985839844 -14.9427003860474
-910 0 0 -4.8333101272583 -14.940299987793
-909 0 0 -4.82787990570068 -14.9378995895386
-908 0 0 -4.82246017456055 -14.9355001449585
-907 0 0 -4.81702995300293 -14.9330997467041
-906 0 0 -4.81161022186279 -14.930700302124
-905 0 0 -4.80618000030518 -14.9282999038696
-904 0 0 -4.80074977874756 -14.9258003234863
-903 0 0 -4.79533004760742 -14.9233999252319
-902 0 0 -4.7898998260498 -14.9209003448486
-901 0 0 -4.78447008132935 -14.9184999465942
-900 41 4 -4.77902984619141 -14.9160003662109
-899 0 0 -4.77360010147095 -14.9135999679565
-898 0 0 -4.76816987991333 -14.9111003875732
-897 0 0 -4.76274013519287 -14.9085998535156
-896 0 0 -4.75729990005493 -14.9061002731323
-895 0 0 -4.75187015533447 -14.9035997390747
-894 0 0 -4.74642992019653 -14.9011001586914
-893 0 0 -4.74099016189575 -14.8985996246338
-892 0 0 -4.73555994033813 -14.8961000442505
-891 0 0 -4.73012018203735 -14.8936004638672
-890 0 0 -4.72467994689941 -14.8910999298096
-889 0 0 -4.71924018859863 -14.8886003494263
-888 0 0 -4.71379995346069 -14.8859996795654
-887 0 0 -4.70836019515991 -14.8835000991821
-886 0 0 -4.70290994644165 -14.8809995651245
-885 0 0 -4.69747018814087 -14.878399848938
-884 0 0 -4.69201993942261 -14.8758001327515
-883 0 0 -4.68658018112183 -14.8732995986938
-882 0 0 -4.68112993240356 -14.8706998825073
-881 0 0 -4.67569017410278 -14.8681001663208
-880 0 0 -4.67023992538452 -14.8655004501343
-879 0 0 -4.66479015350342 -14.8628997802734
-878 0 0 -4.65933990478516 -14.8603000640869
-877 0 0 -4.65389013290405 -14.8577003479004
-876 0 0 -4.64843988418579 -14.8550996780396
-875 0 0 -4.64299011230469 -14.852499961853
-874 0 0 -4.6375298500061 -14.8499002456665
-873 0 0 -4.632080078125 -14.8472995758057
-872 0 0 -4.62662982940674 -14.8445997238159
-871 0 0 -4.62117004394531 -14.8420000076294
-870 0 0 -4.61570978164673 -14.8393001556396
-869 0 0 -4.61026000976563 -14.8367004394531
-868 0 0 -4.6048002243042 -14.8339996337891
-867 0 0 -4.59933996200562 -14.8312997817993
-866 0 0 -4.59388017654419 -14.8285999298096
-865 0 0 -4.58841991424561 -14.8259000778198
-864 0 0 -4.58296012878418 -14.8233003616333
-863 0 0 -4.57748985290527 -14.8205995559692
-862 0 0 -4.57203006744385 -14.8177995681763
-861 0 0 -4.56656980514526 -14.8150997161865
-860 0 0 -4.56110000610352 -14.8123998641968
-859 0 0 -4.55564022064209 -14.809700012207
-858 0 0 -4.55016994476318 -14.8069000244141
-857 0 0 -4.54470014572144 -14.8042001724243
-856 0 0 -4.53922986984253 -14.8014001846313
-855 0 0 -4.53376007080078 -14.7987003326416
-854 0 0 -4.52828979492188 -14.7959003448486
-853 0 0 -4.52281999588013 -14.7931003570557
-852 0 0 -4.51735019683838 -14.7903995513916
-851 0 0 -4.51187992095947 -14.7875995635986
-850 40 4 -4.5064001083374 -14.7847995758057
-849 0 0 -4.5009298324585 -14.7819995880127
-848 0 0 -4.49545001983643 -14.7791996002197
-847 0 0 -4.48998022079468 -14.7763996124268
-846 0 0 -4.48449993133545 -14.7735004425049
-845 0 0 -4.47902011871338 -14.7707004547119
-844 0 0 -4.47353982925415 -14.7679004669189
-843 0 0 -4.46806001663208 -14.7650003433228
-842 0 0 -4.46258020401001 -14.7622003555298
-841 0 0 -4.45709991455078 -14.7593002319336
-840 0 0 -4.45162010192871 -14.7564001083374
-839 0 0 -4.44612979888916 -14.7534999847412
-838 0 0 -4.44064998626709 -14.7506999969482
-837 0 0 -4.4351601600647 -14.7477998733521
-836 0 0 -4.42967987060547 -14.7448997497559
-835 0 0 -4.42419004440308 -14.7419004440308
-834 0 0 -4.41870021820068 -14.7390003204346
-833 0 0 -4.41320991516113 -14.7361001968384
-832 0 0 -4.40772008895874 -14.7332000732422
-831 0 0 -4.40222978591919 -14.7301998138428
-830 0 0 -4.3967399597168 -14.7272996902466
-829 0 0 -4.3912501335144 -14.7243003845215
-828 0 0 -4.38574981689453 -14.7214002609253
-827 0 0 -4.38025999069214 -14.7184000015259
-826 0 0 -4.37476015090942 -14.7153997421265
-825 0 0 -4.36926984786987 -14.7124004364014
-824 0 0 -4.36377000808716 -14.709400177002
-823 0 0 -4.35827016830444 -14.7063999176025
-822 0 0 -4.35276985168457 -14.7033996582031
-821 0 0 -4.34727001190186 -14.700400352478
-820 0 0 -4.34177017211914 -14.6972999572754
-819 0 0 -4.33626985549927 -14.694299697876
-818 0 0 -4.33077001571655 -14.6912002563477
-817 0 0 -4.32526016235352 -14.6881999969482
-816 0 0 -4.31975984573364 -14.6850996017456
-815 0 0 -4.31424999237061 -14.6820001602173
-814 0 0 -4.30875015258789 -14.6789999008179
-813 0 0 -4.3032398223877 -14.6759004592896
-812 0 0 -4.29772996902466 -14.6728000640869
-811 0 0 -4.29222011566162 -14.6696996688843
-810 0 0 -4.28670978546143 -14.6665000915527
-809 0 0 -4.28119993209839 -14.6633996963501
-808 0 0 -4.27569007873535 -14.6603002548218
-807 0 0 -4.27017021179199 -14.6570997238159
-806 0 0 -4.2646598815918 -14.6540002822876
-805 0 0 -4.25914001464844 -14.6507997512817
-804 0 0 -4.2536301612854 -14.6477003097534
-803 0 0 -4.24810981750488 -14.6444997787476
-802 0 0 -4.24258995056152 -14.641300201416
-801 0 0 -4.23708009719849 -14.6380996704102
-800 39 4 -4.23156023025513 -14.6349000930786
-799 0 0 -4.22602987289429 -14.6316995620728
-798 0 0 -4.22051000595093 -14.628399848938
-797 0 0 -4.21499013900757 -14.6252002716064
-796 0 0 -4.20946979522705 -14.6219997406006
-795 0 0 -4.20393991470337 -14.6187000274658
-794 0 0 -4.19842004776001 -14.6155004501343
-793 0 0 -4.19289016723633 -14.6121997833252
-792 0 0 -4.18735980987549 -14.6089000701904
-791 0 0 -4.18182992935181 -14.6056003570557
-790 0 0 -4.17630004882813 -14.6022996902466
-789 0 0 -4.17077016830444 -14.5989999771118
-788 0 0 -4.1652398109436 -14.5957002639771
-787 0 0 -4.15970993041992 -14.592399597168
-786 0 0 -4.15418004989624 -14.58899974823
-785 0 0 -4.14864015579224 -14.5857000350952
-784 0 0 -4.1431097984314 -14.5823001861572
-783 0 0 -4.13756990432739 -14.5790004730225
-782 0 0 -4.13203001022339 -14.5755996704102
-781 0 0 -4.12650012969971 -14.5721998214722
-780 0 0 -4.1209602355957 -14.5687999725342
-779 0 0 -4.11541986465454 -14.5654001235962
-778 0 0 -4.10986995697021 -14.5620002746582
-777 0 0 -4.10433006286621 -14.558500289917
-776 0 0 -4.09879016876221 -14.555100440979
-775 0 0 -4.09324979782104 -14.5516996383667
-774 0 0 -4.08769989013672 -14.5481996536255
-773 0 0 -4.08214998245239 -14.5446996688843
-772 0 0 -4.07661008834839 -14.5412998199463
-771 0 0 -4.07106018066406 -14.5377998352051
-770 0 0 -4.06550979614258 -14.5342998504639
-769 0 0 -4.05995988845825 -14.5307998657227
-768 0 0 -4.05440998077393 -14.5271997451782
-767 0 0 -4.0488600730896 -14.523699760437
-766 0 0 -4.04330015182495 -14.5201997756958
-765 0 0 -4.03774976730347 -14.5165996551514
-764 0 0 -4.03218984603882 -14.5130996704102
-763 0 0 -4.02663993835449 -14.5094995498657
-762 0 0 -4.02108001708984 -14.5059003829956
-761 0 0 -4.0155200958252 -14.5023002624512
-760 0 0 -4.00996017456055 -14.4987001419067
-759 0 0 -4.00439977645874 -14.4951000213623
-758 0 0 -3.99884009361267 -14.4914999008179
-757 0 0 -3.99327993392944 -14.4877996444702
-756 0 0 -3.98770999908447 -14.4841995239258
-755 0 0 -3.98215007781982 -14.4805002212524
-754 0 0 -3.97657990455627 -14.4767999649048
-753 0 0 -3.97101998329163 -14.4731998443604
-752 0 0 -3.96545004844666 -14.4694995880127
-751 0 0 -3.95988011360168 -14.4658002853394
-750 38 4 -3.95430994033813 -14.4619998931885
-749 0 0 -3.94874000549316 -14.4582996368408
-748 0 0 -3.94317007064819 -14.4546003341675
-747 0 0 -3.93758988380432 -14.4507999420166
-746 0 0 -3.93201994895935 -14.4470996856689
-745 0 0 -3.92644000053406 -14.4433002471924
-744 0 0 -3.92087006568909 -14.4394998550415
-743 0 0 -3.91529011726379 -14.4357004165649
-742 0 0 -3.90970993041992 -14.4319000244141
-741 0 0 -3.90412998199463 -14.4280996322632
-740 0 0 -3.89855003356934 -14.4242000579834
-739 0 0 -3.89297008514404 -14.4203996658325
-738 0 0 -3.88738989830017 -14.4165000915527
-737 0 0 -3.88179993629456 -14.4126996994019
-736 0 0 -3.87621998786926 -14.4088001251221
-735 0 0 -3.87063002586365 -14.404899597168
-734 0 0 -3.86505007743835 -14.4010000228882
-733 0 0 -3.85946011543274 -14.3971004486084
-732 0 0 -3.85386991500854 -14.3931999206543
-731 0 0 -3.84827995300293 -14.3892002105713
-730 0 0 -3.84268999099731 -14.3852996826172
-729 0 0 -3.83709001541138 -14.3812999725342
-728 0 0 -3.83150005340576 -14.3773002624512
-727 0 0 -3.82591009140015 -14.3732995986938
-726 0 0 -3.82031011581421 -14.3692998886108
-725 0 0 -3.81470990180969 -14.3653001785278
-724 0 0 -3.80911993980408 -14.3613004684448
-723 0 0 -3.80351996421814 -14.3571996688843
-722 0 0 -3.7979199886322 -14.3531999588013
-721 0 0 -3.79232001304626 -14.349100112915
-720 0 0 -3.78671002388 -14.3450002670288
-719 0 0 -3.78111004829407 -14.3409004211426
-718 0 0 -3.77550005912781 -14.336799621582
-717 0 0 -3.76990008354187 -14.3326997756958
-716 0 0 -3.76429009437561 -14.3284997940063
-715 0 0 -3.75868010520935 -14.3243999481201
-714 0 0 -3.75307011604309 -14.3201999664307
-713 0 0 -3.74745988845825 -14.3161001205444
-712 0 0 -3.74184989929199 -14.311900138855
-711 0 0 -3.73623991012573 -14.3077001571655
-710 0 0 -3.73062992095947 -14.3034000396729
-709 0 0 -3.72500991821289 -14.2992000579834
-708 0 0 -3.71938991546631 -14.2950000762939
-707 0 0 -3.71377992630005 -14.2906999588013
-706 0 0 -3.70815992355347 -14.2863998413086
-705 0 0 -3.70253992080688 -14.2821998596191
-704 0 0 -3.6969199180603 -14.2778997421265
-703 0 0 -3.69129991531372 -14.2735004425049
-702 0 0 -3.68566989898682 -14.2692003250122
-701 0 0 -3.68004989624023 -14.2649002075195
-700 37 4 -3.67442011833191 -14.2604999542236
-699 0 0 -3.66880011558533 -14.2560997009277
-698 0 0 -3.66317009925842 -14.2517004013062
-697 0 0 -3.65754008293152 -14.2473001480103
-696 0 0 -3.65191006660461 -14.2428998947144
-695 0 0 -3.64628005027771 -14.2384996414185
-694 0 0 -3.64065003395081 -14.2340002059937
-693 0 0 -3.63501000404358 -14.2295999526978
-692 0 0 -3.62937998771667 -14.2250995635986
-691 0 0 -3.62373995780945 -14.2206001281738
-690 0 0 -3.61809992790222 -14.2160997390747
-689 0 0 -3.612459897995 -14.2116003036499
-688 0 0 -3.60682988166809 -14.2069997787476
-687 0 0 -3.60118007659912 -14.2025003433228
-686 0 0 -3.59554004669189 -14.1978998184204
-685 0 0 -3.58990001678467 -14.1933002471924
-684 0 0 -3.58424997329712 -14.18869972229
-683 0 0 -3.57860994338989 -14.184100151062
-682 0 0 -3.57295989990234 -14.1794996261597
-681 0 0 -3.56731009483337 -14.1747999191284
-680 0 0 -3.56166005134583 -14.1702003479004
-679 0 0 -3.55601000785828 -14.1654996871948
-678 0 0 -3.55035996437073 -14.1607999801636
-677 0 0 -3.54470992088318 -14.1561002731323
-676 0 0 -3.53905010223389 -14.1513996124268
-675 0 0 -3.53339004516602 -14.1465997695923
-674 0 0 -3.52774000167847 -14.141900062561
-673 0 0 -3.5220799446106 -14.1371002197266
-672 0 0 -3.51641988754272 -14.1323003768921
-671 0 0 -3.51076006889343 -14.1274995803833
-670 0 0 -3.50510001182556 -14.1226997375488
-669 0 0 -3.49942994117737 -14.1177997589111
-668 0 0 -3.4937698841095 -14.1128997802734
-667 0 0 -3.48810005187988 -14.108099937439
-666 0 0 -3.48242998123169 -14.1031999588013
-665 0 0 -3.4767599105835 -14.0982999801636
-664 0 0 -3.47109007835388 -14.0932998657227
-663 0 0 -3.46542000770569 -14.088399887085
-662 0 0 -3.4597499370575 -14.083399772644
-661 0 0 -3.45408010482788 -14.0783996582031
-660 0 0 -3.44840002059937 -14.0733995437622
-659 0 0 -3.44271993637085 -14.0684003829956
-658 0 0 -3.43705010414124 -14.0634002685547
-657 0 0 -3.43137001991272 -14.0583000183105
-656 0 0 -3.4256899356842 -14.0531997680664
-655 0 0 -3.42001008987427 -14.0481004714966
-654 0 0 -3.41431999206543 -14.0430002212524
-653 0 0 -3.40863990783691 -14.0378999710083
-652 0 0 -3.40295004844666 -14.0327997207642
-651 0 0 -3.39725995063782 -14.0276002883911
-650 36 4 -3.39158010482788 -14.0223999023438
-649 0 0 -3.38589000701904 -14.0172004699707
-648 0 0 -3.38018989562988 -14.0120000839233
-647 0 0 -3.37450003623962 -14.0066995620728
-646 0 0 -3.36880993843079 -14.0015001296997
-645 0 0 -3.36311006546021 -13.9961996078491
-644 0 0 -3.35740995407104 -13.9909000396729
-643 0 0 -3.35172009468079 -13.9856004714966
-642 0 0 -3.34601998329163 -13.9801998138428
-641 0 0 -3.34032011032104 -13.9749002456665
-640 0 0 -3.33460998535156 -13.9694995880127
-639 0 0 -3.32891011238098 -13.9640998840332
-638 0 0 -3.3231999874115 -13.9587001800537
-637 0 0 -3.31750011444092 -13.9533004760742
-636 0 0 -3.31178998947144 -13.9477996826172
-635 0 0 -3.30608010292053 -13.9422998428345
-634 0 0 -3.30036997795105 -13.9368000030518
-633 0 0 -3.29466009140015 -13.931300163269
-632 0 0 -3.28893995285034 -13.9258003234863
-631 0 0 -3.28323006629944 -13.9202003479004
-630 0 0 -3.27750992774963 -13.9146003723145
-629 0 0 -3.27179002761841 -13.9090003967285
-628 0 0 -3.2660698890686 -13.9034004211426
-627 0 0 -3.26034998893738 -13.8977003097534
-626 0 0 -3.25463008880615 -13.8921003341675
-625 0 0 -3.24889993667603 -13.8864002227783
-624 0 0 -3.2431800365448 -13.8807001113892
-623 0 0 -3.23744988441467 -13.8748998641968
-622 0 0 -3.23171997070313 -13.8691997528076
-621 0 0 -3.22599005699158 -13.8634004592896
-620 0 0 -3.22025990486145 -13.8576002120972
-619 0 0 -3.2145299911499 -13.8517999649048
-618 0 0 -3.20879006385803 -13.8458995819092
-617 0 0 -3.20305991172791 -13.8401002883911
-616 0 0 -3.19731998443604 -13.8341999053955
-615 0 0 -3.19158005714417 -13.8283004760742
-614 0 0 -3.18583989143372 -13.8222999572754
-613 0 0 -3.18009996414185 -13.8163995742798
-612 0 0 -3.17435002326965 -13.8104000091553
-611 0 0 -3.16861009597778 -13.8044004440308
-610 0 0 -3.16285991668701 -13.7983999252319
-609 0 0 -3.15710997581482 -13.7923002243042
-608 0 0 -3.15136003494263 -13.7861995697021
-607 0 0 -3.14561009407043 -13.7800998687744
-606 0 0 -3.13985991477966 -13.7740001678467
-605 0 0 -3.13409996032715 -13.7679004669189
-604 0 0 -3.12835001945496 -13.7616996765137
-603 0 0 -3.12259006500244 -13.7554998397827
-602 0 0 -3.11683011054993 -13.7493000030518
-601 0 0 -3.11106991767883 -13.7430000305176
-600 35 4 -3.10530996322632 -13.7368001937866
-599 0 0 -3.09953999519348 -13.7305002212524
-598 0 0 -3.09378004074097 -13.724100112915
-597 0 0 -3.08801007270813 -13.7178001403809
-596 0 0 -3.08224010467529 -13.7114000320435
-595 0 0 -3.07646989822388 -13.7049999237061
-594 0 0 -3.07069993019104 -13.6985998153687
-593 0 0 -3.06491994857788 -13.692099571228
-592 0 0 -3.05914998054504 -13.6857004165649
-591 0 0 -3.05336999893188 -13.6792001724243
-590 0 0 -3.04759001731873 -13.6725997924805
-589 0 0 -3.04181003570557 -13.6660995483398
-588 0 0 -3.03603005409241 -13.6595001220703
-587 0 0 -3.03024005889893 -13.6528997421265
-586 0 0 -3.02446007728577 -13.6462001800537
-585 0 0 -3.01867008209229 -13.6395998001099
-584 0 0 -3.0128800868988 -13.6329002380371
-583 0 0 -3.00709009170532 -13.62619972229
-582 0 0 -3.00130009651184 -13.6194000244141
-581 0 0 -2.99550008773804 -13.6126003265381
-580 0 0 -2.98970007896423 -13.6057996749878
-579 0 0 -2.98391008377075 -13.5989999771118
-578 0 0 -2.97811007499695 -13.5921001434326
-577 0 0 -2.97231006622314 -13.5852003097534
-576 0 0 -2.96650004386902 -13.5783004760742
-575 0 0 -2.96070003509521 -13.5713996887207
-574 0 0 -2.95489001274109 -13.5643997192383
-573 0 0 -2.94907999038696 -13.5573997497559
-572 0 0 -2.94326996803284 -13.5502996444702
-571 0 0 -2.93745994567871 -13.5432996749878
-570 0 0 -2.93163990974426 -13.5361995697021
-569 0 0 -2.92582988739014 -13.5290002822876
-568 0 0 -2.92001008987427 -13.521900177002
-567 0 0 -2.91419005393982 -13.5146999359131
-566 0 0 -2.90837001800537 -13.5074996948242
-565 0 0 -2.9025399684906 -13.5002002716064
-564 0 0 -2.89671993255615 -13.4928998947144
-563 0 0 -2.89088988304138 -13.4856004714966
-562 0 0 -2.88506007194519 -13.4783000946045
-561 0 0 -2.87923002243042 -13.4708995819092
-560 0 0 -2.87339997291565 -13.4635000228882
-559 0 0 -2.86755990982056 -13.456000328064
-558 0 0 -2.86173009872437 -13.4485998153687
-557 0 0 -2.85589003562927 -13.4411001205444
-556 0 0 -2.85004997253418 -13.433500289917
-555 0 0 -2.84419989585876 -13.4259004592896
-554 0 0 -2.83836007118225 -13.4182996749878
-553 0 0 -2.83250999450684 -13.4106998443604
-552 0 0 -2.82666993141174 -13.4029998779297
-551 0 0 -2.82081007957458 -13.395299911499
-550 34 4 -2.81496000289917 -13.3875999450684
-549 0 0 -2.80910992622375 -13.3797998428345
-548 0 0 -2.8032500743866 -13.3719997406006
-547 0 0 -2.79738998413086 -13.3641004562378
-546 0 0 -2.79152989387512 -13.3562002182007
-545 0 0 -2.78567004203796 -13.3482999801636
-544 0 0 -2.7797999382019 -13.3403997421265
-543 0 0 -2.77394008636475 -13.3324003219604
-542 0 0 -2.76806998252869 -13.3242998123169
-541 0 0 -2.76220011711121 -13.3163003921509
-540 0 0 -2.75631999969482 -13.3081998825073
-539 0 0 -2.75044989585876 -13.3000001907349
-538 0 0 -2.74457001686096 -13.2918996810913
-537 0 0 -2.73868989944458 -13.2835998535156
-536 0 0 -2.73281002044678 -13.2754001617432
-535 0 0 -2.7269299030304 -13.2671003341675
-534 0 0 -2.72104001045227 -13.2587995529175
-533 0 0 -2.71515011787415 -13.2503995895386
-532 0 0 -2.70925998687744 -13.2419996261597
-531 0 0 -2.70337009429932 -13.2335996627808
-530 0 0 -2.69747996330261 -13.2250995635986
-529 0 0 -2.69158005714417 -13.2166004180908
-528 0 0 -2.68567991256714 -13.2080001831055
-527 0 0 -2.67978000640869 -13.1993999481201
-526 0 0 -2.67387008666992 -13.1907997131348
-525 0 0 -2.6679699420929 -13.1821002960205
-524 0 0 -2.66206002235413 -13.1732997894287
-523 0 0 -2.65615010261536 -13.1646003723145
-522 0 0 -2.65023994445801 -13.1557998657227
-521 0 0 -2.64432001113892 -13.146900177002
-520 0 0 -2.63840007781982 -13.1379995346069
-519 0 0 -2.63247990608215 -13.1290998458862
-518 0 0 -2.62655997276306 -13.1201000213623
-517 0 0 -2.62064003944397 -13.1111001968384
-516 0 0 -2.61471009254456 -13.1020002365112
-515 0 0 -2.60877990722656 -13.0929002761841
-514 0 0 -2.60284996032715 -13.0838003158569
-513 0 0 -2.59692001342773 -13.0746002197266
-512 0 0 -2.590980052948 -13.065299987793
-511 0 0 -2.58504009246826 -13.0559997558594
-510 0 0 -2.57909989356995 -13.0466995239258
-509 0 0 -2.57314991950989 -13.0373001098633
-508 0 0 -2.56720995903015 -13.0278997421265
-507 0 0 -2.56125998497009 -13.0184001922607
-506 0 0 -2.55531001091003 -13.0088996887207
-505 0 0 -2.54935002326965 -12.9993000030518
-504 0 0 -2.54340004920959 -12.9897003173828
-503 0 0 -2.53744006156921 -12.9800996780396
-502 0 0 -2.53148007392883 -12.9702997207642
-501 0 0 -2.52551007270813 -12.960599899292
-500 33 4 -2.51954007148743 -12.9507999420166
-499 0 0 -2.51358008384705 -12.940899848938
-498 0 0 -2.50760006904602 -12.9309997558594
-497 0 0 -2.50163006782532 -12.9210996627808
-496 0 0 -2.49565005302429 -12.9111003875732
-495 0 0 -2.48967003822327 -12.9010000228882
-494 0 0 -2.48369002342224 -12.8908996582031
-493 0 0 -2.47769999504089 -12.8807001113892
-492 0 0 -2.47170996665955 -12.8704996109009
-491 0 0 -2.4657199382782 -12.8601999282837
-490 0 0 -2.45972990989685 -12.8499002456665
-489 0 0 -2.45373010635376 -12.839599609375
-488 0 0 -2.44773006439209 -12.8290996551514
-487 0 0 -2.44173002243042 -12.8185997009277
-486 0 0 -2.43572998046875 -12.8080997467041
-485 0 0 -2.42971992492676 -12.7974996566772
-484 0 0 -2.42371010780334 -12.7868995666504
-483 0 0 -2.41769003868103 -12.7762002944946
-482 0 0 -2.41167998313904 -12.7653999328613
-481 0 0 -2.40565991401672 -12.754599571228
-480 0 0 -2.39963006973267 -12.7437000274658
-479 0 0 -2.39361000061035 -12.7327995300293
-478 0 0 -2.38757991790771 -12.7217998504639
-477 0 0 -2.38155007362366 -12.7108001708984
-476 0 0 -2.3755099773407 -12.6997003555298
-475 0 0 -2.36947989463806 -12.6885004043579
-474 0 0 -2.36344003677368 -12.677300453186
-473 0 0 -2.3573899269104 -12.6660003662109
-472 0 0 -2.35135006904602 -12.6546001434326
-471 0 0 -2.34529995918274 -12.6431999206543
-470 0 0 -2.33924007415771 -12.631799697876
-469 0 0 -2.33318996429443 -12.6202001571655
-468 0 0 -2.32713007926941 -12.6085996627808
-467 0 0 -2.32106995582581 -12.5970001220703
-466 0 0 -2.31500005722046 -12.5852003097534
-465 0 0 -2.30892992019653 -12.5734996795654
-464 0 0 -2.30286002159119 -12.5615997314453
-463 0 0 -2.29678010940552 -12.5496997833252
-462 0 0 -2.29069995880127 -12.5376996994019
-461 0 0 -2.2846200466156 -12.5256996154785
-460 0 0 -2.27852988243103 -12.513500213623
-459 0 0 -2.27244997024536 -12.5012998580933
-458 0 0 -2.26635003089905 -12.4891004562378
-457 0 0 -2.26026010513306 -12.4767999649048
-456 0 0 -2.25415992736816 -12.4644002914429
-455 0 0 -2.24805998802185 -12.4518995285034
-454 0 0 -2.24195003509521 -12.4393997192383
-453 0 0 -2.23584008216858 -12.4267997741699
-452 0 0 -2.22972989082336 -12.4140996932983
-451 0 0 -2.22360992431641 -12.4013004302979
-450 32 4 -2.21748995780945 -12.388500213623
-449 0 0 -2.21135997772217 -12.375599861145
-448 0 0 -2.20524001121521 -12.3626003265381
-447 0 0 -2.19910001754761 -12.3495998382568
-446 0 0 -2.19297003746033 -12.3365001678467
-445 0 0 -2.18683004379272 -12.3233003616333
-444 0 0 -2.18069005012512 -12.3100004196167
-443 0 0 -2.1745400428772 -12.2966003417969
-442 0 0 -2.16839003562927 -12.2832002639771
-441 0 0 -2.16223001480103 -12.269700050354
-440 0 0 -2.1560800075531 -12.2560997009277
-439 0 0 -2.14990997314453 -12.2424001693726
-438 0 0 -2.14374995231628 -12.2286996841431
-437 0 0 -2.13757991790771 -12.2147998809814
-436 0 0 -2.1314001083374 -12.2009000778198
-435 0 0 -2.12522006034851 -12.186900138855
-434 0 0 -2.11904001235962 -12.1728000640869
-433 0 0 -2.11285996437073 -12.1585998535156
-432 0 0 -2.10666990280151 -12.1443996429443
-431 0 0 -2.10047006607056 -12.1300001144409
-430 0 0 -2.09426999092102 -12.1155996322632
-429 0 0 -2.08806991577148 -12.1010999679565
-428 0 0 -2.08186006546021 -12.0865001678467
-427 0 0 -2.07564997673035 -12.0718002319336
-426 0 0 -2.06943011283875 -12.0570001602173
-425 0 0 -2.06321001052856 -12.0420999526978
-424 0 0 -2.05698990821838 -12.027099609375
-423 0 0 -2.05076003074646 -12.0120000839233
-422 0 0 -2.04452991485596 -11.9968996047974
-421 0 0 -2.03829002380371 -11.9815998077393
-420 0 0 -2.03204989433289 -11.9663000106812
-419 0 0 -2.02579998970032 -11.9507999420166
-418 0 0 -2.01955008506775 -11.9352998733521
-417 0 0 -2.01328992843628 -11.9195995330811
-416 0 0 -2.00703001022339 -11.9039001464844
-415 0 0 -2.00076007843018 -11.8879995346069
-414 0 0 -1.99449002742767 -11.8720998764038
-413 0 0 -1.98821997642517 -11.8559999465942
-412 0 0 -1.98194003105164 -11.8399000167847
-411 0 0 -1.97564995288849 -11.8235998153687
-410 0 0 -1.96935999393463 -11.8072996139526
-409 0 0 -1.96307003498077 -11.7908000946045
-408 0 0 -1.9567699432373 -11.7742004394531
-407 0 0 -1.9504599571228 -11.7574996948242
-406 0 0 -1.9441499710083 -11.7407999038696
-405 0 0 -1.93782997131348 -11.7238998413086
-404 0 0 -1.93150997161865 -11.7068004608154
-403 0 0 -1.92518997192383 -11.6897001266479
-402 0 0 -1.91885995864868 -11.6724996566772
-401 0 0 -1.9125200510025 -11.6550998687744
-400 31 4 -1.90618002414703 -11.6375999450684
-399 0 0 -1.89982998371124 -11.6201000213623
-398 0 0 -1.89347994327545 -11.6023998260498
-397 0 0 -1.88712000846863 -11.5845003128052
-396 0 0 -1.88075995445251 -11.5665998458862
-395 0 0 -1.87439000606537 -11.5485000610352
-394 0 0 -1.8680100440979 -11.5303001403809
-393 0 0 -1.86162996292114 -11.5120000839233
-392 0 0 -1.85525000095367 -11.4935998916626
-391 0 0 -1.84885001182556 -11.4750003814697
-390 0 0 -1.84246003627777 -11.4562997817993
-389 0 0 -1.83605003356934 -11.4375
-388 0 0 -1.8296400308609 -11.4184999465942
-387 0 0 -1.82323002815247 -11.3993997573853
-386 0 0 -1.81679999828339 -11.3802003860474
-385 0 0 -1.81037998199463 -11.3608999252319
-384 0 0 -1.80394005775452 -11.3414001464844
-383 0 0 -1.79750001430511 -11.3217000961304
-382 0 0 -1.79104995727539 -11.3020000457764
-381 0 0 -1.78460001945496 -11.2820997238159
-380 0 0 -1.77813994884491 -11.2620000839233
-379 0 0 -1.77167999744415 -11.2418003082275
-378 0 0 -1.76520001888275 -11.2215003967285
-377 0 0 -1.75872004032135 -11.201000213623
-376 0 0 -1.75223994255066 -11.1803998947144
-375 0 0 -1.74574995040894 -11.1596002578735
-374 0 0 -1.73924994468689 -11.1386995315552
-373 0 0 -1.73274004459381 -11.117600440979
-372 0 0 -1.72623002529144 -11.0964002609253
-371 0 0 -1.71970999240875 -11.0749998092651
-370 0 0 -1.71317994594574 -11.0534000396729
-369 0 0 -1.70665001869202 -11.0317001342773
-368 0 0 -1.70010995864868 -11.0099000930786
-367 0 0 -1.69356000423431 -10.9878997802734
-366 0 0 -1.68700003623962 -10.9657001495361
-365 0 0 -1.68043994903564 -10.9433002471924
-364 0 0 -1.67386996746063 -10.9208002090454
-363 0 0 -1.6672899723053 -10.898099899292
-362 0 0 -1.66070997714996 -10.8752002716064
-361 0 0 -1.65410995483398 -10.8521995544434
-360 0 0 -1.64751005172729 -10.8290004730225
-359 0 0 -1.64090001583099 -10.8056001663208
-358 0 0 -1.63428997993469 -10.7819995880127
-357 0 0 -1.62766003608704 -10.7582998275757
-356 0 0 -1.62102997303009 -10.7343997955322
-355 0 0 -1.61439001560211 -10.7103004455566
-354 0 0 -1.60774004459381 -10.6859998703003
-353 0 0 -1.6010799407959 -10.6614999771118
-352 0 0 -1.59441995620728 -10.6367998123169
-351 0 0 -1.58774995803833 -10.6119003295898
-350 30 4 -1.58106005191803 -10.5868997573853
-349 0 0 -1.57437002658844 -10.5615997314453
-348 0 0 -1.56768000125885 -10.5361995697021
-347 0 0 -1.56096994876862 -10.5104999542236
-346 0 0 -1.55425000190735 -10.4847002029419
-345 0 0 -1.54753005504608 -10.4586000442505
-344 0 0 -1.54078996181488 -10.4323997497559
-343 0 0 -1.53404998779297 -10.4059000015259
-342 0 0 -1.52728998661041 -10.3791999816895
-341 0 0 -1.52052998542786 -10.3522996902466
-340 0 0 -1.51375997066498 -10.3252000808716
-339 0 0 -1.50697994232178 -10.2978000640869
-338 0 0 -1.50019001960754 -10.270299911499
-337 0 0 -1.4933899641037 -10.2425003051758
-336 0 0 -1.48658001422882 -10.2145004272461
-335 0 0 -1.47976005077362 -10.18630027771
-334 0 0 -1.47292995452881 -10.1577997207642
-333 0 0 -1.46609997749329 -10.1290998458862
-332 0 0 -1.45924997329712 -10.1001996994019
-331 0 0 -1.45238995552063 -10.0710000991821
-330 0 0 -1.44552004337311 -10.041600227356
-329 0 0 -1.43863999843597 -10.0118999481201
-328 0 0 -1.43175005912781 -9.9820499420166
-327 0 0 -1.42484998703003 -9.9519100189209
-326 0 0 -1.41794002056122 -9.92150974273682
-325 0 0 -1.41102004051208 -9.89085960388184
-324 0 0 -1.40409004688263 -9.85995006561279
-323 0 0 -1.39714002609253 -9.82878971099854
-322 0 0 -1.39019000530243 -9.79736042022705
-321 0 0 -1.38321995735168 -9.76566982269287
-320 0 0 -1.37625002861023 -9.73371028900146
-319 0 0 -1.36925995349884 -9.7014799118042
-318 0 0 -1.36225998401642 -9.66897964477539
-317 0 0 -1.35525000095367 -9.63621044158936
-316 0 0 -1.34823000431061 -9.60315036773682
-315 0 0 -1.3411899805069 -9.56980991363525
-314 0 0 -1.33414995670319 -9.53619003295898
-313 0 0 -1.32709002494812 -9.50228977203369
-312 0 0 -1.32001996040344 -9.46809005737305
-311 0 0 -1.31294000148773 -9.43360042572021
-310 0 0 -1.3058500289917 -9.39881038665771
-309 0 0 -1.29874002933502 -9.36373043060303
-308 0 0 -1.29163002967834 -9.32833957672119
-307 0 0 -1.28450000286102 -9.29265022277832
-306 0 0 -1.27734994888306 -9.2566499710083
-305 0 0 -1.27020001411438 -9.22033977508545
-304 0 0 -1.26303005218506 -9.18371963500977
-303 0 0 -1.25584995746613 -9.14678001403809
-302 0 0 -1.24865996837616 -9.10951995849609
-301 0 0 -1.24144995212555 -9.07194042205811
-300 29 4 -1.23423004150391 -9.03402996063232
-299 0 0 -1.22699999809265 -8.99578952789307
-298 0 0 -1.21975004673004 -8.95722961425781
-297 0 0 -1.21248996257782 -8.91833019256592
-296 0 0 -1.20521998405457 -8.87909030914307
-295 0 0 -1.19793999195099 -8.83950996398926
-294 0 0 -1.19063997268677 -8.79959011077881
-293 0 0 -1.18333005905151 -8.7593297958374
-292 0 0 -1.17599999904633 -8.71870994567871
-291 0 0 -1.1686600446701 -8.67774963378906
-290 0 0 -1.16130995750427 -8.63642978668213
-289 0 0 -1.15393996238708 -8.59475040435791
-288 0 0 -1.14655995368958 -8.55272006988525
-287 0 0 -1.13916003704071 -8.51031970977783
-286 0 0 -1.13174998760223 -8.46755981445313
-285 0 0 -1.12433004379272 -8.42442989349365
-284 0 0 -1.11688995361328 -8.38092994689941
-283 0 0 -1.10943996906281 -8.33705997467041
-282 0 0 -1.10196995735168 -8.29281997680664
-281 0 0 -1.09449005126953 -8.24820041656494
-280 0 0 -1.08700001239777 -8.203200340271
-279 0 0 -1.07948994636536 -8.1578197479248
-278 0 0 -1.07196998596191 -8.11205005645752
-277 0 0 -1.06442999839783 -8.06589984893799
-276 0 0 -1.05687999725342 -8.01935958862305
-275 0 0 -1.04930996894836 -7.97243976593018
-274 0 0 -1.04173004627228 -7.92511987686157
-273 0 0 -1.03413999080658 -7.87740993499756
-272 0 0 -1.02653002738953 -7.82930994033813
-271 0 0 -1.01891005039215 -7.78080987930298
-270 0 0 -1.01127004623413 -7.73191976547241
-269 0 0 -1.00362002849579 -7.68262004852295
-268 0 0 -0.995953023433685 -7.63292980194092
-267 0 0 -0.988273024559021 -7.58283996582031
-266 0 0 -0.980579018592834 -7.53235006332397
-265 0 0 -0.972871005535126 -7.4814600944519
-264 0 0 -0.965148985385895 -7.4301700592041
-263 0 0 -0.957413017749786 -7.37846994400024
-262 0 0 -0.949662983417511 -7.32636976242065
-261 0 0 -0.941900014877319 -7.27386999130249
-260 0 0 -0.934122979640961 -7.22097015380859
-259 0 0 -0.926331996917725 -7.16766977310181
-258 0 0 -0.918527007102966 -7.11396980285645
-257 0 0 -0.910709023475647 -7.05986022949219
-256 0 0 -0.902877986431122 -7.00536012649536
-255 0 0 -0.89503401517868 -6.95044994354248
-254 0 0 -0.887175977230072 -6.89515018463135
-253 0 0 -0.879306018352509 -6.83944988250732
-252 0 0 -0.871423006057739 -6.78336000442505
-251 0 0 -0.863526999950409 -6.72687005996704
-250 28 4 -0.855619013309479 -6.67000007629395
-249 0 0 -0.847697973251343 -6.61273002624512
-248 0 0 -0.839765012264252 -6.5550799369812
-247 0 0 -0.831820011138916 -6.49703979492188
-246 0 0 -0.82386302947998 -6.43862009048462
-245 0 0 -0.815895020961761 -6.37981986999512
-244 0 0 -0.807914972305298 -6.32065010070801
-243 0 0 -0.79992401599884 -6.26109981536865
-242 0 0 -0.791921019554138 -6.20118999481201
-241 0 0 -0.783908009529114 -6.14091014862061
-240 0 0 -0.775883972644806 -6.0802698135376
-239 0 0 -0.767849028110504 -6.01925992965698
-238 0 0 -0.759804010391235 -5.95791006088257
-237 0 0 -0.751748979091644 -5.89621019363403
-236 0 0 -0.743683993816376 -5.83415985107422
-235 0 0 -0.735610008239746 -5.77177000045776
-234 0 0 -0.727526009082794 -5.70905017852783
-233 0 0 -0.71943199634552 -5.64598989486694
-232 0 0 -0.711329996585846 -5.58261013031006
-231 0 0 -0.70321798324585 -5.51890993118286
-230 0 0 -0.695097982883453 -5.45489978790283
-229 0 0 -0.686969995498657 -5.39057016372681
-228 0 0 -0.6788330078125 -5.32594013214111
-227 0 0 -0.670688986778259 -5.26102018356323
-226 0 0 -0.662536025047302 -5.19579982757568
-225 0 0 -0.654375970363617 -5.13029003143311
-224 0 0 -0.646209001541138 -5.06450986862183
-223 0 0 -0.638033986091614 -4.99844980239868
-222 0 0 -0.629851996898651 -4.93211984634399
-221 0 0 -0.621663987636566 -4.86553001403809
-220 0 0 -0.613469004631042 -4.7986798286438
-219 0 0 -0.605266988277435 -4.73158979415894
-218 0 0 -0.597059011459351 -4.66424989700317
-217 0 0 -0.588846027851105 -4.59667015075684
-216 0 0 -0.580626010894775 -4.52886009216309
-215 0 0 -0.572399973869324 -4.4608302116394
-214 0 0 -0.564168989658356 -4.39258003234863
-213 0 0 -0.555931985378265 -4.32412004470825
-212 0 0 -0.547690987586975 -4.25545978546143
-211 0 0 -0.539443016052246 -4.18659019470215
-210 0 0 -0.531190991401672 -4.11753988265991
-209 0 0 -0.522934019565582 -4.04828977584839
-208 0 0 -0.514672994613647 -3.97886991500854
-207 0 0 -0.506406009197235 -3.90927004814148
-206 0 0 -0.4981350004673 -3.83950996398926
-205 0 0 -0.489859014749527 -3.76957988739014
-204 0 0 -0.481579005718231 -3.69950008392334
-203 0 0 -0.473295003175735 -3.62926006317139
-202 0 0 -0.46500700712204 -3.55889010429382
-201 0 0 -0.456714004278183 -3.48836994171143
-200 27 4 -0.448417007923126 -3.417720079422
-199 0 0 -0.440115988254547 -3.34694004058838
-198 0 0 -0.431811988353729 -3.27604007720947
-197 0 0 -0.423503011465073 -3.20502996444702
-196 0 0 -0.415190011262894 -3.13389992713928
-195 0 0 -0.406874001026154 -3.0626699924469
-194 0 0 -0.398553013801575 -2.99132990837097
-193 0 0 -0.390228986740112 -2.91989994049072
-192 0 0 -0.381900995969772 -2.84837007522583
-191 0 0 -0.373569011688232 -2.77676010131836
-190 0 0 -0.365233987569809 -2.70506000518799
-189 0 0 -0.356893986463547 -2.63329005241394
-188 0 0 -0.348551005125046 -2.56143999099731
-187 0 0 -0.340204000473022 -2.48952007293701
-186 0 0 -0.331853002309799 -2.41754007339478
-185 0 0 -0.323498994112015 -2.34548997879028
-184 0 0 -0.315140008926392 -2.27338004112244
-183 0 0 -0.306778013706207 -2.20122003555298
-182 0 0 -0.298411995172501 -2.12900996208191
-181 0 0 -0.290040999650955 -2.05675005912781
-180 0 0 -0.281666994094849 -1.98443996906281
-179 0 0 -0.273288995027542 -1.9120899438858
-178 0 0 -0.264907002449036 -1.8396999835968
-177 0 0 -0.256520986557007 -1.76727998256683
-176 0 0 -0.2481310069561 -1.6948299407959
-175 0 0 -0.239736005663872 -1.62233996391296
-174 0 0 -0.231337994337082 -1.54982995986938
-173 0 0 -0.222935006022453 -1.47729003429413
-172 0 0 -0.214528992772102 -1.40471994876862
-171 0 0 -0.206118002533913 -1.33213996887207
-170 0 0 -0.197702005505562 -1.25952994823456
-169 0 0 -0.18928299844265 -1.18691003322601
-168 0 0 -0.180858999490738 -1.11427998542786
-167 0 0 -0.172431007027626 -1.04163002967834
-166 0 0 -0.163999006152153 -0.968971014022827
-165 0 0 -0.155561998486519 -0.896300971508026
-164 0 0 -0.147120997309685 -0.82362300157547
-163 0 0 -0.138676002621651 -0.750936985015869
-162 0 0 -0.130226001143456 -0.678246974945068
-161 0 0 -0.12177199870348 -0.605552017688751
-160 0 0 -0.113314002752304 -0.532854020595551
-159 0 0 -0.104851000010967 -0.460153013467789
-158 0 0 -0.096383698284626 -0.387452006340027
-157 0 0 -0.0879124030470848 -0.314750999212265
-156 0 0 -0.0794368013739586 -0.242051005363464
-155 0 0 -0.0709569975733757 -0.169351994991302
-154 0 0 -0.0624730996787548 -0.0966556966304779
-153 0 0 -0.0539849996566772 -0.0239626001566648
-152 0 0 -0.0454928986728191 0.0487267002463341
-151 0 0 -0.0369968004524708 0.121412001550198
-150 26 4 -0.0284967999905348 0.194092005491257
-149 0 0 -0.0199928991496563 0.266766011714935
-148 0 0 -0.011485300026834 0.339435011148453
-147 0 0 -0.00297413999214768 0.412097007036209
-146 0 0 0.00554058980196714 0.484753012657166
-145 0 0 0.0140586998313665 0.557402014732361
-144 0 0 0.0225801002234221 0.630043983459473
-143 0 0 0.0311046000570059 0.702678978443146
-142 0 0 0.0396321006119251 0.775304973125458
-141 0 0 0.0481623001396656 0.847923994064331
-140 0 0 0.0566952005028725 0.920535027980804
-139 0 0 0.0652306005358696 0.993138015270233
-138 0 0 0.0737681984901428 1.06572997570038
-137 0 0 0.0823078006505966 1.13831996917725
-136 0 0 0.0908491984009743 1.21089994907379
-135 0 0 0.0993921980261803 1.2834700345993
-134 0 0 0.107936002314091 1.35602998733521
-133 0 0 0.116481997072697 1.42858004570007
-132 0 0 0.125027999281883 1.50111997127533
-131 0 0 0.13357500731945 1.57365000247955
-130 0 0 0.142121002078056 1.64618003368378
-129 0 0 0.150667995214462 1.71870005130768
-128 0 0 0.159214004874229 1.79120004177094
-127 0 0 0.167759999632835 1.86370003223419
-126 0 0 0.173599004745483 1.91324996948242
-125 0 0 0.17943799495697 1.9627799987793
-124 0 0 0.185276001691818 2.01232004165649
-123 0 0 0.191112995147705 2.06185007095337
-122 0 0 0.196950003504753 2.11137008666992
-121 0 0 0.20278500020504 2.16089010238647
-120 0 0 0.208618000149727 2.21041011810303
-119 0 0 0.214450001716614 2.25991988182068
-118 0 0 0.220281004905701 2.30942988395691
-117 0 0 0.226109996438026 2.3589301109314
-116 0 0 0.231937006115913 2.4084300994873
-115 0 0 0.237761005759239 2.45792007446289
-114 0 0 0.243584007024765 2.50741004943848
-113 0 0 0.24940399825573 2.55689001083374
-112 0 0 0.255221992731094 2.606369972229
-111 0 0 0.261036992073059 2.65583992004395
-110 0 0 0.266849011182785 2.70531010627747
-109 0 0 0.272657990455627 2.75477004051208
-108 0 0 0.278463989496231 2.8042299747467
-107 0 0 0.284265995025635 2.853679895401
-106 0 0 0.290064990520477 2.90312004089355
-105 0 0 0.29585999250412 2.95255994796753
-104 0 0 0.301651000976563 3.00199007987976
-103 0 0 0.307437002658844 3.05141997337341
-102 0 0 0.313219994306564 3.10084009170532
-101 0 0 0.318998008966446 3.15024995803833
-100 25 4 0.324770003557205 3.19965004920959
-99 0 0 0.330538004636765 3.24904990196228
-98 0 0 0.336300998926163 3.29843997955322
-97 0 0 0.342058002948761 3.34782004356384
-96 0 0 0.347810000181198 3.39720010757446
-95 0 0 0.353554993867874 3.44656991958618
-94 0 0 0.359295010566711 3.49591994285583
-93 0 0 0.365027993917465 3.54526996612549
-92 0 0 0.37075400352478 3.59460997581482
-91 0 0 0.376473993062973 3.64393997192383
-90 0 0 0.382185995578766 3.69326996803284
-89 0 0 0.387892007827759 3.7425799369812
-88 0 0 0.393588989973068 3.79187989234924
-87 0 0 0.399278998374939 3.84117007255554
-86 0 0 0.404960989952087 3.89045000076294
-85 0 0 0.410634011030197 3.93971991539001
-84 0 0 0.416298985481262 3.98897004127502
-83 0 0 0.421954989433289 4.03821992874146
-82 0 0 0.427601993083954 4.08745002746582
-81 0 0 0.433239012956619 4.13666009902954
-80 0 0 0.438867002725601 4.18587017059326
-79 0 0 0.444485008716583 4.23506021499634
-78 0 0 0.450091987848282 4.28423976898193
-77 0 0 0.455689013004303 4.33339977264404
-76 0 0 0.461275011301041 4.38254976272583
-75 0 0 0.466850996017456 4.43168020248413
-74 0 0 0.47241398692131 4.48079013824463
-73 0 0 0.477966994047165 4.5298900604248
-72 0 0 0.483507007360458 4.57896995544434
-71 0 0 0.48903501033783 4.62802982330322
-70 0 0 0.494551002979279 4.67708015441895
-69 0 0 0.500054001808167 4.72610998153687
-68 0 0 0.505544006824493 4.77510976791382
-67 0 0 0.511020004749298 4.82410001754761
-66 0 0 0.516483008861542 4.87306022644043
-65 0 0 0.521932005882263 4.92200994491577
-64 0 0 0.527365982532501 4.9709300994873
-63 0 0 0.532786011695862 5.01983022689819
-62 0 0 0.538191020488739 5.06870985031128
-61 0 0 0.543581008911133 5.11756992340088
-60 0 0 0.548955976963043 5.16639995574951
-59 0 0 0.554314970970154 5.2152099609375
-58 0 0 0.559656977653503 5.26398992538452
-57 0 0 0.564984023571014 5.31273984909058
-56 0 0 0.570293009281158 5.36147022247314
-55 0 0 0.575586020946503 5.41017007827759
-54 0 0 0.580861985683441 5.45883989334106
-53 0 0 0.586120009422302 5.50749015808105
-52 0 0 0.591359972953796 5.5560998916626
-51 0 0 0.596581995487213 5.60469007492065
-50 24 4 0.601786017417908 5.65325021743774
-49 0 0 0.606971025466919 5.70176982879639
-48 0 0 0.612137019634247 5.75025987625122
-47 0 0 0.617283999919891 5.79871988296509
-46 0 0 0.622412025928497 5.84714984893799
-45 0 0 0.627519011497498 5.89554977416992
-44 0 0 0.632606029510498 5.9439001083374
-43 0 0 0.637673020362854 5.99222993850708
-42 0 0 0.642718970775604 6.04052019119263
-41 0 0 0.647745013237 6.08876991271973
-40 0 0 0.652749001979828 6.13699007034302
-39 0 0 0.657730996608734 6.1851601600647
-38 0 0 0.662692010402679 6.23330020904541
-37 0 0 0.667630970478058 6.28140020370483
-36 0 0 0.672547996044159 6.32947015762329
-35 0 0 0.677442014217377 6.37749004364014
-34 0 0 0.682313024997711 6.42546987533569
-33 0 0 0.687161028385162 6.47341012954712
-32 0 0 0.69198602437973 6.52129983901978
-31 0 0 0.696788012981415 6.56915998458862
-30 0 0 0.701565980911255 6.61697006225586
-29 0 0 0.706318974494934 6.66474008560181
-28 0 0 0.711049020290375 6.71246004104614
-27 0 0 0.715753972530365 6.76013994216919
-26 0 0 0.7204350233078 6.80777978897095
-25 0 0 0.725090026855469 6.85537004470825
-24 0 0 0.729721009731293 6.90291023254395
-23 0 0 0.734326004981995 6.95039987564087
-22 0 0 0.738906025886536 6.99784994125366
-21 0 0 0.74345999956131 7.04524993896484
-20 0 0 0.747987985610962 7.09259986877441
-19 0 0 0.752489984035492 7.13990020751953
-18 0 0 0.7569659948349 7.1871600151062
-17 0 0 0.761416018009186 7.2343602180481
-16 0 0 0.765838980674744 7.28150987625122
-15 0 0 0.770235002040863 7.32861995697021
-14 0 0 0.774604022502899 7.37566995620728
-13 0 0 0.778945982456207 7.42266988754272
-12 0 0 0.783261001110077 7.46962022781372
-11 0 0 0.787549018859863 7.51652002334595
-10 0 0 0.791808009147644 7.5633602142334
-9 0 0 0.794632971286774 7.59456014633179
-8 0 0 0.796509027481079 7.61534976959229
-7 0 0 0.797757029533386 7.62919998168945
-6 0 0 0.7985879778862 7.63843011856079
-5 0 0 0.799140989780426 7.64458990097046
-4 0 0 0.799508988857269 7.64869022369385
-3 0 0 0.799754977226257 7.65142011642456
-2 0 0 0.799876987934113 7.65279006958008
1 0 0 0.800000011920929 7.6541600227356
1 0 0 0.800000011920929 7.6541600227356
-2 0 0 0.800122976303101 7.65551996231079
-3 0 0 0.800244987010956 7.65688991546631
-4 0 0 0.800490975379944 7.65962982177734
-5 0 0 0.800858020782471 7.66373014450073
-6 0 0 0.801409006118774 7.66987991333008
-7 0 0 0.802235007286072 7.67910003662109
-8 0 0 0.803471028804779 7.69293022155762
-9 0 0 0.805321991443634 7.7136697769165
-10 0 0 0.808085978031158 7.74475002288818
-11 0 0 0.812210023403168 7.79133987426758
-12 0 0 0.816304981708527 7.8378701210022
-13 0 0 0.820371985435486 7.88433980941772
-14 0 0 0.824410974979401 7.93076992034912
-15 0 0 0.828420996665955 7.97712993621826
-16 0 0 0.832401990890503 8.02344036102295
-17 0 0 0.836354970932007 8.06970024108887
-18 0 0 0.84027898311615 8.11590003967285
-19 0 0 0.844174027442932 8.16205024719238
-20 0 0 0.848039984703064 8.20814037322998
-21 0 0 0.851876974105835 8.25417041778564
-22 0 0 0.855683982372284 8.30014991760254
-23 0 0 0.859462976455688 8.34607028961182
-24 0 0 0.863211989402771 8.39194011688232
-25 0 0 0.866931974887848 8.4377498626709
-26 0 0 0.870622992515564 8.48351001739502
-27 0 0 0.874284982681274 8.52921009063721
-28 0 0 0.877916991710663 8.57485008239746
-29 0 0 0.881519973278046 8.62043952941895
-30 0 0 0.885092973709106 8.66596984863281
-31 0 0 0.888637006282806 8.71144962310791
-32 0 0 0.89215099811554 8.75687026977539
-33 0 0 0.895636022090912 8.80222988128662
-34 0 0 0.899091005325317 8.8475399017334
-35 0 0 0.902517020702362 8.89278984069824
-36 0 0 0.905914008617401 8.93799018859863
-37 0 0 0.909281015396118 8.98313045501709
-38 0 0 0.912617981433868 9.02822017669678
-39 0 0 0.915925979614258 9.07324981689453
-40 0 0 0.919205009937286 9.11822986602783
-41 0 0 0.922453999519348 9.1631498336792
-42 0 0 0.925674021244049 9.20802021026611
-43 0 0 0.928864002227783 9.25284004211426
-44 0 0 0.932025015354156 9.29759979248047
-45 0 0 0.935157001018524 9.34230041503906
-46 0 0 0.938260018825531 9.38696002960205
-47 0 0 0.941332995891571 9.43155956268311
-48 0 0 0.94437700510025 9.47609996795654
-49 0 0 0.947391986846924 9.52060031890869
-50 2 4 0.950378000736237 9.56503963470459
-51 0 0 0.953334987163544 9.60943031311035
-52 0 0 0.956261992454529 9.65377044677734
-53 0 0 0.959160983562469 9.69804954528809
-54 0 0 0.962031006813049 9.74228954315186
-55 0 0 0.964873015880585 9.78647041320801
-56 0 0 0.967684984207153 9.83061027526855
-57 0 0 0.970468997955322 9.87469005584717
-58 0 0 0.973224997520447 9.91872024536133
-59 0 0 0.975951015949249 9.9627103805542
-60 0 0 0.979889988899231 10.0270004272461
-61 0 0 0.983767986297607 10.0910997390747
-62 0 0 0.98758602142334 10.1552000045776
-63 0 0 0.991343021392822 10.2192001342773
-64 0 0 0.995041012763977 10.2829999923706
-65 0 0 0.998679995536804 10.3467998504639
-66 0 0 1.0022599697113 10.4104995727539
-67 0 0 1.00577998161316 10.4739999771118
-68 0 0 1.00924003124237 10.5375003814697
-69 0 0 1.01263999938965 10.6008996963501
-70 0 0 1.0159900188446 10.6641998291016
-71 0 0 1.01927995681763 10.7273998260498
-72 0 0 1.02251005172729 10.7904996871948
-73 0 0 1.02567994594574 10.8535995483398
-74 0 0 1.02880001068115 10.9165000915527
-75 0 0 1.03185999393463 10.9793996810913
-76 0 0 1.03486001491547 11.0420999526978
-77 0 0 1.03780996799469 11.1049003601074
-78 0 0 1.04069995880127 11.1674995422363
-79 0 0 1.04354000091553 11.2299995422363
-80 0 0 1.04632997512817 11.2924995422363
-81 0 0 1.04905998706818 11.3549003601074
-82 0 0 1.05174005031586 11.417200088501
-83 0 0 1.0543600320816 11.4794998168945
-84 0 0 1.05692994594574 11.5417003631592
-85 0 0 1.05945003032684 11.6037998199463
-86 0 0 1.06191003322601 11.6659002304077
-87 0 0 1.06432998180389 11.7278995513916
-88 0 0 1.06668996810913 11.7897996902466
-89 0 0 1.06900000572205 11.8516998291016
-90 0 0 1.07125997543335 11.9134998321533
-91 0 0 1.07348001003265 11.9751996994019
-92 0 0 1.07563996315002 12.0369997024536
-93 0 0 1.07774996757507 12.0986003875732
-94 0 0 1.0798100233078 12.1602001190186
-95 0 0 1.08183002471924 12.2217998504639
-96 0 0 1.08378994464874 12.2833003997803
-97 0 0 1.08571004867554 12.3446998596191
-98 0 0 1.08757996559143 12.4062004089355
-99 0 0 1.08940005302429 12.4674997329712
-100 3 4 1.09117996692657 12.5289001464844
-101 0 0 1.09291005134583 12.5902004241943
-102 0 0 1.0945999622345 12.6513996124268
-103 0 0 1.09624004364014 12.7126998901367
-104 0 0 1.09783005714417 12.7739000320435
-105 0 0 1.0993800163269 12.835000038147
-106 0 0 1.10089004039764 12.8961000442505
-107 0 0 1.10234999656677 12.957200050354
-108 0 0 1.1037700176239 13.0183000564575
-109 0 0 1.10514998435974 13.079400062561
-110 0 0 1.10648000240326 13.1403999328613
-111 0 0 1.10776996612549 13.2013998031616
-112 0 0 1.10901999473572 13.2623996734619
-113 0 0 1.11022996902466 13.3233003616333
-114 0 0 1.11138999462128 13.3843002319336
-115 0 0 1.11251997947693 13.4451999664307
-116 0 0 1.11361002922058 13.5060997009277
-117 0 0 1.11465001106262 13.5670003890991
-118 0 0 1.1156599521637 13.6279001235962
-119 0 0 1.11662995815277 13.6887998580933
-120 0 0 1.11755001544952 13.7496995925903
-121 0 0 1.11844003200531 13.8106002807617
-122 0 0 1.11930000782013 13.8713998794556
-123 0 0 1.12011003494263 13.9322996139526
-124 0 0 1.12089002132416 13.9931001663208
-125 0 0 1.1216299533844 14.0539999008179
-126 0 0 1.12232995033264 14.114800453186
-127 0 0 1.12300002574921 14.1757001876831
-128 0 0 1.12363004684448 14.2365999221802
-129 0 0 1.12423002719879 14.2974004745483
-130 0 0 1.12478995323181 14.3583002090454
-131 0 0 1.12531995773315 14.4191999435425
-132 0 0 1.1258100271225 14.4800996780396
-133 0 0 1.12627005577087 14.5410003662109
-134 0 0 1.12670004367828 14.601900100708
-135 0 0 1.1270899772644 14.6627998352051
-136 0 0 1.12744998931885 14.7237997055054
-137 0 0 1.12777996063232 14.7847003936768
-138 0 0 1.12808001041412 14.8457002639771
-139 0 0 1.12834000587463 14.9067001342773
-140 0 0 1.12856996059418 14.9677000045776
-141 0 0 1.12878000736237 15.0286998748779
-142 0 0 1.12894999980927 15.0897998809814
-143 0 0 1.1290899515152 15.1507997512817
-144 0 0 1.12919998168945 15.2118997573853
-145 0 0 1.12927997112274 15.2729997634888
-146 0 0 1.12934005260468 15.3341999053955
-147 0 0 1.12935996055603 15.3954000473022
-148 4 2 1.12935996055603 15.4160003662109
149 0 0 1.12934994697571 15.4771995544434
150 5 4 1.12929999828339 15.5384998321533
151 0 0 1.12923002243042 15.5998001098633
152 0 0 1.12914001941681 15.6611003875732
153 0 0 1.12900996208191 15.7223997116089
154 0 0 1.12885999679565 15.7838001251221
155 0 0 1.12869000434875 15.8451995849609
156 0 0 1.12847995758057 15.9065999984741
157 0 0 1.12825000286102 15.9680995941162
158 0 0 1.12800002098083 16.0296001434326
159 0 0 1.12771999835968 16.0911998748779
160 0 0 1.12741994857788 16.1527996063232
161 0 0 1.1270899772644 16.2143993377686
162 0 0 1.12673997879028 16.2761001586914
163 0 0 1.12636995315552 16.3377990722656
164 0 0 1.12597000598907 16.3994998931885
165 0 0 1.12555003166199 16.4612998962402
166 0 0 1.12510001659393 16.5231990814209
167 0 0 1.12463998794556 16.5851001739502
168 0 0 1.1241500377655 16.6469993591309
169 0 0 1.12363994121552 16.7089996337891
170 0 0 1.12311005592346 16.7709999084473
171 0 0 1.12256002426147 16.8330993652344
172 0 0 1.12197995185852 16.8952007293701
173 0 0 1.12138998508453 16.9573993682861
174 0 0 1.1207799911499 17.0195999145508
175 0 0 1.1201399564743 17.0818996429443
176 0 0 1.11949002742767 17.1441993713379
177 0 0 1.11881995201111 17.206600189209
178 0 0 1.11812996864319 17.2689990997314
179 0 0 1.11741995811462 17.3314990997314
180 0 0 1.11670005321503 17.3939990997314
181 0 0 1.11594998836517 17.456600189209
182 0 0 1.11519002914429 17.5191993713379
183 0 0 1.11441004276276 17.5818996429443
184 0 0 1.11361002922058 17.6446990966797
185 0 0 1.11280000209808 17.7075004577637
186 0 0 1.11196994781494 17.770299911499
187 0 0 1.11112999916077 17.8332996368408
188 0 0 1.11027002334595 17.8962001800537
189 0 0 1.10939002037048 17.9592990875244
190 0 0 1.1085000038147 18.0223007202148
191 0 0 1.10758996009827 18.0855007171631
192 0 0 1.1066700220108 18.1487007141113
193 0 0 1.10573995113373 18.2119007110596
194 0 0 1.1047899723053 18.2752990722656
195 0 0 1.10381996631622 18.3386001586914
196 0 0 1.10284996032715 18.402099609375
197 0 0 1.10186004638672 18.4655990600586
198 0 0 1.10085999965668 18.5291004180908
199 0 0 1.09984004497528 18.5926990509033
200 6 4 1.09881997108459 18.656400680542
201 0 0 1.09777998924255 18.720100402832
202 0 0 1.09672999382019 18.783899307251
203 0 0 1.0956699848175 18.8477993011475
204 0 0 1.09458994865417 18.9116992950439
205 0 0 1.09351003170013 18.975700378418
206 0 0 1.09240996837616 19.0396995544434
207 0 0 1.09131002426147 19.1037998199463
208 0 0 1.09019005298615 19.1679000854492
209 0 0 1.08906996250153 19.2322006225586
210 0 0 1.08793997764587 19.2964000701904
211 0 0 1.08678996562958 19.3607997894287
212 0 0 1.08563995361328 19.425199508667
213 0 0 1.08448004722595 19.4895992279053
214 0 0 1.08331000804901 19.5541000366211
215 0 0 1.08212995529175 19.6187000274658
216 0 0 1.08095002174377 19.6833992004395
217 0 0 1.07974994182587 19.7481002807617
218 0 0 1.07854998111725 19.8127994537354
219 0 0 1.07734000682831 19.8777008056641
220 0 0 1.07613003253937 19.9424991607666
221 0 0 1.0749100446701 20.0074996948242
222 0 0 1.07368004322052 20.0725002288818
223 0 0 1.07244002819061 20.1375999450684
224 0 0 1.07120001316071 20.2026996612549
225 0 0 1.06994998455048 20.2679004669189
226 0 0 1.06869995594025 20.3330993652344
227 0 0 1.06744003295898 20.3983993530273
228 0 0 1.06617999076843 20.4638004302979
229 0 0 1.06491005420685 20.5291996002197
230 0 0 1.06363999843597 20.5946998596191
231 0 0 1.0623699426651 20.6602993011475
232 0 0 1.06107997894287 20.7259006500244
233 0 0 1.05980002880096 20.7915000915527
234 0 0 1.05850994586945 20.8572998046875
235 0 0 1.05721998214722 20.9230003356934
236 0 0 1.05592000484467 20.988899230957
237 0 0 1.05462002754211 21.0548000335693
238 0 0 1.05332005023956 21.1208000183105
239 0 0 1.05201995372772 21.1868000030518
240 0 0 1.05070996284485 21.252799987793
241 0 0 1.04939997196198 21.3190002441406
242 0 0 1.0480899810791 21.3852005004883
243 0 0 1.04677999019623 21.4514007568359
244 0 0 1.04545998573303 21.5177001953125
245 0 0 1.04414999485016 21.5841007232666
246 0 0 1.04282999038696 21.6504993438721
247 0 0 1.04150998592377 21.7169990539551
248 0 0 1.04018998146057 21.7835006713867
249 0 0 1.03886997699738 21.8500995635986
250 7 4 1.03754997253418 21.9167995452881
251 0 0 1.03621995449066 21.9834995269775
252 0 0 1.03489995002747 22.050199508667
253 0 0 1.03357994556427 22.117000579834
254 0 0 1.03225994110107 22.1839008331299
255 0 0 1.03093004226685 22.2507991790771
256 0 0 1.02961003780365 22.3178005218506
257 0 0 1.02829003334045 22.3847999572754
258 0 0 1.02697002887726 22.4519004821777
259 0 0 1.02565002441406 22.519100189209
260 0 0 1.02433001995087 22.5862007141113
261 0 0 1.02301001548767 22.6534996032715
262 0 0 1.0217000246048 22.7208003997803
263 0 0 1.0203800201416 22.788200378418
264 0 0 1.01907002925873 22.8556003570557
265 0 0 1.01776003837585 22.9230003356934
266 0 0 1.01645004749298 22.99049949646
267 0 0 1.01514005661011 23.0580997467041
268 0 0 1.01383996009827 23.1256999969482
269 0 0 1.01252996921539 23.1933994293213
270 0 0 1.01122999191284 23.261100769043
271 0 0 1.00994002819061 23.3288993835449
272 0 0 1.00864005088806 23.3966999053955
273 0 0 1.00734996795654 23.464599609375
274 0 0 1.00606000423431 23.5324993133545
275 0 0 1.00477004051208 23.6005001068115
276 0 0 1.00348997116089 23.6685009002686
277 0 0 1.00221002101898 23.7366008758545
278 0 0 1.00093996524811 23.8047008514404
279 0 0 0.99966299533844 23.8729000091553
280 0 0 0.998394012451172 23.9412002563477
281 0 0 0.997129023075104 24.0093994140625
282 0 0 0.995867013931274 24.0778007507324
283 0 0 0.994610011577606 24.1462001800537
284 0 0 0.993357002735138 24.214599609375
285 0 0 0.99210798740387 24.2831001281738
286 0 0 0.990863025188446 24.3516006469727
287 0 0 0.989623010158539 24.4202003479004
288 0 0 0.988386988639832 24.4888000488281
289 0 0 0.987155973911285 24.5575008392334
290 0 0 0.985929012298584 24.62619972229
291 0 0 0.98470801115036 24.6949996948242
292 0 0 0.983491003513336 24.7637996673584
293 0 0 0.982279002666473 24.8327007293701
294 0 0 0.981072008609772 24.9015998840332
295 0 0 0.979870021343231 24.9706001281738
296 0 0 0.978672981262207 25.0396003723145
297 0 0 0.97748202085495 25.108699798584
298 0 0 0.976296007633209 25.1777992248535
299 0 0 0.97511500120163 25.2469997406006
300 8 4 0.973940014839172 25.3162002563477
301 0 0 0.972769975662231 25.3854999542236
302 0 0 0.971607029438019 25.4547996520996
303 0 0 0.970448017120361 25.5242004394531
304 0 0 0.969295978546143 25.593599319458
305 0 0 0.96814900636673 25.6630992889404
306 0 0 0.967007994651794 25.7325992584229
307 0 0 0.965874016284943 25.8020992279053
308 0 0 0.964744985103607 25.8717002868652
309 0 0 0.963621973991394 25.9414005279541
310 0 0 0.962505996227264 26.011100769043
311 0 0 0.961395025253296 26.0809001922607
312 0 0 0.960291028022766 26.1506996154785
313 0 0 0.959194004535675 26.2205009460449
314 0 0 0.958101987838745 26.2903995513916
315 0 0 0.957017004489899 26.3603992462158
316 0 0 0.955938994884491 26.4304008483887
317 0 0 0.954867005348206 26.5004005432129
318 0 0 0.953800976276398 26.570499420166
319 0 0 0.952741980552673 26.6406993865967
320 0 0 0.951690018177032 26.7108001708984
321 0 0 0.95064502954483 26.781099319458
322 0 0 0.949606001377106 26.8514003753662
323 0 0 0.948574006557465 26.9216995239258
324 0 0 0.947548985481262 26.9920997619629
325 0 0 0.946529984474182 27.0625991821289
326 0 0 0.945518970489502 27.1331005096436
327 0 0 0.944513976573944 27.2035999298096
328 0 0 0.943517029285431 27.2742004394531
329 0 0 0.94252598285675 27.3449001312256
330 0 0 0.941542983055115 27.415599822998
331 0 0 0.940566003322601 27.4862995147705
332 0 0 0.939597010612488 27.5571002960205
333 0 0 0.938633978366852 27.6280002593994
334 0 0 0.93767899274826 27.6989002227783
335 0 0 0.936730980873108 27.7698001861572
336 0 0 0.935790002346039 27.840799331665
337 0 0 0.93485701084137 27.9118995666504
338 0 0 0.933929979801178 27.9829998016357
339 0 0 0.933010995388031 28.0541000366211
340 0 0 0.932099997997284 28.1252994537354
341 0 0 0.931195020675659 28.1965999603271
342 0 0 0.93029797077179 28.2679004669189
343 0 0 0.929409027099609 28.3393001556396
344 0 0 0.928525984287262 28.4106998443604
345 0 0 0.927650988101959 28.4822006225586
346 0 0 0.926783978939056 28.5536994934082
347 0 0 0.925924003124237 28.6252994537354
348 0 0 0.925071001052856 28.6968994140625
349 0 0 0.924225986003876 28.7686004638672
350 9 4 0.92338901758194 28.8404006958008
351 0 0 0.922559022903442 28.9122009277344
352 0 0 0.921736001968384 28.9839992523193
353 0 0 0.92092102766037 29.0559997558594
354 0 0 0.920113027095795 29.1278991699219
355 0 0 0.919313013553619 29.1998996734619
356 0 0 0.918520987033844 29.2719993591309
357 0 0 0.917735993862152 29.3442001342773
358 0 0 0.91695898771286 29.4162998199463
359 0 0 0.916190028190613 29.4885997772217
360 0 0 0.915427982807159 29.5608997344971
361 0 0 0.91467297077179 29.63330078125
362 0 0 0.913927018642426 29.7056999206543
363 0 0 0.913187980651855 29.7780990600586
364 0 0 0.912455976009369 29.850700378418
365 0 0 0.911732017993927 29.9232997894287
366 0 0 0.91101598739624 29.9958992004395
367 0 0 0.910308003425598 30.0685997009277
368 0 0 0.909606993198395 30.1413993835449
369 0 0 0.908914029598236 30.2141990661621
370 0 0 0.908228993415833 30.2870998382568
371 0 0 0.907550990581512 30.3600997924805
372 0 0 0.906880974769592 30.4330997467041
373 0 0 0.906219005584717 30.5060997009277
374 0 0 0.90556401014328 30.5792999267578
375 0 0 0.904917001724243 30.6525001525879
376 0 0 0.904277980327606 30.725700378418
377 0 0 0.903645992279053 30.798999786377
378 0 0 0.90302300453186 30.8724002838135
379 0 0 0.902406990528107 30.94580078125
380 0 0 0.901798009872437 31.0193004608154
381 0 0 0.901197016239166 31.0928993225098
382 0 0 0.900605022907257 31.1665000915527
383 0 0 0.900018990039825 31.2402000427246
384 0 0 0.8994420170784 31.3139991760254
385 0 0 0.898872017860413 31.3878002166748
386 0 0 0.898310005664825 31.4617004394531
387 0 0 0.897755026817322 31.5356006622314
388 0 0 0.897208988666534 31.6096000671387
389 0 0 0.896669983863831 31.6837005615234
390 0 0 0.89613801240921 31.7577991485596
391 0 0 0.895614981651306 31.8320007324219
392 0 0 0.895098984241486 31.9062995910645
393 0 0 0.894590973854065 31.9806003570557
394 0 0 0.894089996814728 32.0550003051758
395 0 0 0.893598020076752 32.1295013427734
396 0 0 0.893112003803253 32.2041015625
397 0 0 0.892634987831116 32.2787017822266
398 0 0 0.892165005207062 32.3532981872559
399 0 0 0.891703009605408 32.4281005859375
400 10 4 0.891249001026154 32.5028991699219
401 0 0 0.890802025794983 32.5778007507324
402 0 0 0.890362977981567 32.6526985168457
403 0 0 0.889931976795197 32.7276992797852
404 0 0 0.889508008956909 32.8027992248535
405 0 0 0.889092028141022 32.8779983520508
406 0 0 0.888683021068573 32.9532012939453
407 0 0 0.888283014297485 33.0284996032715
408 0 0 0.887889981269836 33.1039009094238
409 0 0 0.887503981590271 33.1792984008789
410 0 0 0.88712602853775 33.2547988891602
411 0 0 0.886756002902985 33.3303985595703
412 0 0 0.886393010616302 33.4059982299805
413 0 0 0.88603800535202 33.4818000793457
414 0 0 0.885690987110138 33.5575981140137
415 0 0 0.885351002216339 33.6333999633789
416 0 0 0.88501900434494 33.709400177002
417 0 0 0.88469398021698 33.785400390625
418 0 0 0.884377002716064 33.861499786377
419 0 0 0.884066998958588 33.9375991821289
420 0 0 0.883764982223511 34.0139007568359
421 0 0 0.883471012115479 34.0901985168457
422 0 0 0.883184015750885 34.1665992736816
423 0 0 0.882905006408691 34.2430000305176
424 0 0 0.882632970809937 34.3195991516113
425 0 0 0.882368981838226 34.3961982727051
426 0 0 0.8821120262146 34.472900390625
427 0 0 0.881862998008728 34.5495986938477
428 0 0 0.88162100315094 34.6264991760254
429 0 0 0.881386995315552 34.7033996582031
430 0 0 0.881160974502563 34.7803993225098
431 0 0 0.880941987037659 34.8574981689453
432 0 0 0.880729973316193 34.9346008300781
433 0 0 0.880526006221771 35.0117988586426
434 0 0 0.880329012870789 35.0890998840332
435 0 0 0.880140006542206 35.1665000915527
436 0 0 0.879957973957062 35.2439994812012
437 0 0 0.879782974720001 35.3214988708496
438 0 0 0.879616022109985 35.3991012573242
439 0 0 0.879456996917725 35.4767990112305
440 0 0 0.879305005073547 35.5545997619629
441 0 0 0.879159986972809 35.6324005126953
442 0 0 0.879023015499115 35.7103004455566
443 0 0 0.87889301776886 35.7882995605469
444 0 0 0.878769993782043 35.8664016723633
445 0 0 0.878655016422272 35.9445991516113
446 0 0 0.878547012805939 36.0228004455566
447 0 0 0.878446996212006 36.1012001037598
448 0 0 0.878354012966156 36.1795997619629
449 0 0 0.878268003463745 36.2580986022949
450 11 4 0.878189980983734 36.3366012573242
451 0 0 0.878118991851807 36.4152984619141
452 0 0 0.878054976463318 36.4939994812012
453 0 0 0.877997994422913 36.5727996826172
454 0 0 0.877948999404907 36.6516990661621
455 0 0 0.877907991409302 36.7307014465332
456 0 0 0.877873003482819 36.809700012207
457 0 0 0.877846002578735 36.8889007568359
458 0 0 0.877825975418091 36.9681015014648
459 0 0 0.87781298160553 37.0474014282227
460 0 0 0.877807021141052 37.1268005371094
461 12 2 0.877807021141052 37.1473999023438
-462 0 0 0.877811014652252 37.2267990112305
-463 0 0 0.877821981906891 37.3064002990723
-464 0 0 0.877839982509613 37.386100769043
-465 0 0 0.877865016460419 37.4658012390137
-466 0 0 0.877897024154663 37.5456008911133
-467 0 0 0.877937018871307 37.6254997253418
-468 0 0 0.87798398733139 37.7055015563965
-469 0 0 0.878037989139557 37.7855987548828
-470 0 0 0.878099024295807 37.8656997680664
-471 0 0 0.878167986869812 37.9459991455078
-472 0 0 0.878243029117584 38.0262985229492
-473 0 0 0.878325998783112 38.1067008972168
-474 0 0 0.878416001796722 38.187198638916
-475 0 0 0.878512024879456 38.2677001953125
-476 0 0 0.878615975379944 38.3484001159668
-477 0 0 0.878727972507477 38.4291000366211
-478 0 0 0.878845989704132 38.5098991394043
-479 0 0 0.878970980644226 38.5908012390137
-480 0 0 0.879103004932404 38.6717987060547
-481 0 0 0.879243016242981 38.7528991699219
-482 0 0 0.879388988018036 38.834098815918
-483 0 0 0.879543006420135 38.9152984619141
-484 0 0 0.879702985286713 38.9966011047363
-485 0 0 0.879871010780334 39.0779991149902
-486 0 0 0.880044996738434 39.1595001220703
-487 0 0 0.880227029323578 39.2411003112793
-488 0 0 0.880415976047516 39.3227996826172
-489 0 0 0.880611002445221 39.4044990539551
-490 0 0 0.880814015865326 39.486400604248
-491 0 0 0.881022989749908 39.5682983398438
-492 0 0 0.881240010261536 39.6502990722656
-493 0 0 0.88146299123764 39.7323989868164
-494 0 0 0.881693005561829 39.8144989013672
-495 0 0 0.881931006908417 39.896800994873
-496 0 0 0.882175028324127 39.9790992736816
-497 0 0 0.882426023483276 40.0615997314453
-498 0 0 0.882683992385864 40.144100189209
-499 0 0 0.882948994636536 40.2266998291016
-500 13 4 0.883220970630646 40.3092994689941
-501 0 0 0.883499026298523 40.3921012878418
-502 0 0 0.883785009384155 40.4749984741211
-503 0 0 0.88407701253891 40.5578994750977
-504 0 0 0.884375989437103 40.6408996582031
-505 0 0 0.88468199968338 40.7239990234375
-506 0 0 0.884994983673096 40.807201385498
-507 0 0 0.885315001010895 40.8903999328613
-508 0 0 0.885640978813171 40.9738006591797
-509 0 0 0.885973989963531 41.057201385498
-510 0 0 0.88631397485733 41.1408004760742
-511 0 0 0.886660993099213 41.2243995666504
-512 0 0 0.887013971805573 41.3079986572266
-513 0 0 0.887373983860016 41.3917999267578
-514 0 0 0.887741029262543 41.475700378418
-515 0 0 0.888114988803864 41.5596008300781
-516 0 0 0.888495028018951 41.6436004638672
-517 0 0 0.888881981372833 41.7276992797852
-518 0 0 0.889276027679443 41.8119010925293
-519 0 0 0.889675974845886 41.8961982727051
-520 0 0 0.890083014965057 41.9804992675781
-521 0 0 0.890497028827667 42.064998626709
-522 0 0 0.890917003154755 42.1495018005371
-523 0 0 0.891344010829926 42.2341003417969
-524 0 0 0.891777992248535 42.3188018798828
-525 0 0 0.892217993736267 42.4034996032715
-526 0 0 0.892665028572083 42.4883995056152
-527 0 0 0.893118023872375 42.573299407959
-528 0 0 0.893577992916107 42.6582984924316
-529 0 0 0.894044995307922 42.7434005737305
-530 0 0 0.89451801776886 42.8286018371582
-531 0 0 0.894998013973236 42.9137992858887
-532 0 0 0.89548397064209 42.9991989135742
-533 0 0 0.895976006984711 43.0845985412598
-534 0 0 0.896475970745087 43.1701011657715
-535 0 0 0.896981000900269 43.2556991577148
-536 0 0 0.897493004798889 43.3413009643555
-537 0 0 0.898011982440948 43.4271011352539
-538 0 0 0.89853698015213 43.5129013061523
-539 0 0 0.899069011211395 43.5988006591797
-540 0 0 0.899605989456177 43.6847991943359
-541 0 0 0.900151014328003 43.7708015441895
-542 0 0 0.900701999664307 43.8568992614746
-543 0 0 0.901259005069733 43.9431991577148
-544 0 0 0.901821970939636 44.0294990539551
-545 0 0 0.902392029762268 44.1157989501953
-546 0 0 0.902969002723694 44.2023010253906
-547 0 0 0.903550982475281 44.2887992858887
-548 0 0 0.904139995574951 44.3754005432129
-549 0 0 0.904735028743744 44.462100982666
-550 14 4 0.905336976051331 44.548900604248
-551 0 0 0.905945003032684 44.6357002258301
-552 0 0 0.906558990478516 44.722599029541
-553 0 0 0.90718001127243 44.8096008300781
-554 0 0 0.907805979251862 44.8967018127441
-555 0 0 0.908438980579376 44.9837989807129
-556 0 0 0.909079015254974 45.0709991455078
-557 0 0 0.909723997116089 45.1582984924316
-558 0 0 0.910376012325287 45.2457008361816
-559 0 0 0.911033987998962 45.3331985473633
-560 0 0 0.91169798374176 45.4207000732422
-561 0 0 0.91236799955368 45.50830078125
-562 0 0 0.913043975830078 45.5959014892578
-563 0 0 0.913726985454559 45.6837005615234
-564 0 0 0.914416015148163 45.7714996337891
-565 0 0 0.915109992027283 45.8594017028809
-566 0 0 0.915811002254486 45.9473991394043
-567 0 0 0.916517972946167 46.035400390625
-568 0 0 0.917231023311615 46.1235008239746
-569 0 0 0.917950987815857 46.2117004394531
-570 0 0 0.918676018714905 46.2999992370605
-571 0 0 0.91940701007843 46.3883018493652
-572 0 0 0.920144975185394 46.4766998291016
-573 0 0 0.920888006687164 46.5652008056641
-574 0 0 0.921636998653412 46.6537017822266
-575 0 0 0.922393023967743 46.7422981262207
-576 0 0 0.92315399646759 46.8310012817383
-577 0 0 0.92392098903656 46.9197006225586
-578 0 0 0.924694001674652 47.0085983276367
-579 0 0 0.925473988056183 47.0974998474121
-580 0 0 0.926258981227875 47.1864013671875
-581 0 0 0.927049994468689 47.2753982543945
-582 0 0 0.927847027778625 47.3644981384277
-583 0 0 0.92865002155304 47.4537010192871
-584 0 0 0.929458022117615 47.5429000854492
-585 0 0 0.930272996425629 47.6321983337402
-586 0 0 0.931092977523804 47.7215995788574
-587 0 0 0.931918978691101 47.8110008239746
-588 0 0 0.932750999927521 47.9005012512207
-589 0 0 0.933588981628418 47.9901008605957
-590 0 0 0.934432983398438 48.0797004699707
-591 0 0 0.935281991958618 48.1693992614746
-592 0 0 0.936137974262238 48.2592010498047
-593 0 0 0.936999022960663 48.3489990234375
-594 0 0 0.937865018844604 48.4388999938965
-595 0 0 0.938737988471985 48.5289001464844
-596 0 0 0.939616024494171 48.6189002990723
-597 0 0 0.940500020980835 48.7089996337891
-598 0 0 0.94138902425766 48.7991981506348
-599 0 0 0.942285001277924 48.8894004821777
-600 15 4 0.943184971809387 48.9795989990234
-601 0 0 0.944091975688934 49.0699996948242
-602 0 0 0.945003986358643 49.160400390625
-603 0 0 0.945922017097473 49.2508010864258
-604 0 0 0.94684499502182 49.3414001464844
-605 0 0 0.947773993015289 49.4319000244141
-606 0 0 0.948709011077881 49.5225982666016
-607 0 0 0.949648976325989 49.6133003234863
-608 0 0 0.950594007968903 49.7041015625
-609 0 0 0.951546013355255 49.7948989868164
-610 0 0 0.952502012252808 49.885799407959
-611 0 0 0.953464984893799 49.9766998291016
-612 0 0 0.954432010650635 50.067699432373
-613 0 0 0.955404996871948 50.1587982177734
-614 0 0 0.956384003162384 50.2499008178711
-615 0 0 0.957368016242981 50.3409996032715
-616 0 0 0.958357989788055 50.432300567627
-617 0 0 0.959353029727936 50.5236015319824
-618 0 0 0.960353016853333 50.6148986816406
-619 0 0 0.961359024047852 50.706298828125
-620 0 0 0.962369978427887 50.7977981567383
-621 0 0 0.963387012481689 50.8893013000488
-622 0 0 0.964408993721008 50.9808006286621
-623 0 0 0.965435981750488 51.0723991394043
-624 0 0 0.966467976570129 51.1641006469727
-625 0 0 0.967505991458893 51.2557983398438
-626 0 0 0.968549013137817 51.347599029541
-627 0 0 0.969597995281219 51.4394989013672
-628 0 0 0.970651984214783 51.5313987731934
-629 0 0 0.971710979938507 51.6232986450195
-630 0 0 0.972774982452393 51.7153015136719
-631 0 0 0.9738450050354 51.807300567627
-632 0 0 0.974919021129608 51.8993988037109
-633 0 0 0.975998997688293 51.9916000366211
-634 0 0 0.97708398103714 52.0838012695313
-635 0 0 0.978174984455109 52.1759986877441
-636 0 0 0.979269981384277 52.2682991027832
-637 0 0 0.980370998382568 52.3606986999512
-638 0 0 0.981477022171021 52.4530982971191
-639 0 0 0.982587993144989 52.5455017089844
-640 0 0 0.983703970909119 52.6380004882813
-641 0 0 0.984825015068054 52.730598449707
-642 0 0 0.985951006412506 52.8231010437012
-643 0 0 0.987082004547119 52.9157981872559
-644 0 0 0.988219022750854 53.0084991455078
-645 0 0 0.989359974861145 53.1012001037598
-646 0 0 0.990507006645203 53.1940002441406
-647 0 0 0.991657972335815 53.2868003845215
-648 0 0 0.992815017700195 53.3796997070313
-649 0 0 0.99397599697113 53.472599029541
-650 16 4 0.995141983032227 53.565601348877
-651 0 0 0.996313989162445 53.6585998535156
-652 0 0 0.997489988803864 53.7515983581543
-653 0 0 0.998672008514404 53.8446998596191
-654 0 0 0.999858021736145 53.9379005432129
-655 0 0 1.00104999542236 54.0311012268066
-656 0 0 1.00224995613098 54.1242980957031
-657 0 0 1.00345003604889 54.217601776123
-658 0 0 1.00464999675751 54.3109016418457
-659 0 0 1.00585997104645 54.4043006896973
-660 0 0 1.00707995891571 54.4976997375488
-661 0 0 1.00829994678497 54.5910987854004
-662 0 0 1.00952005386353 54.6846008300781
-663 0 0 1.01075005531311 54.7780990600586
-664 0 0 1.01198995113373 54.8717002868652
-665 0 0 1.01322996616364 54.9653015136719
-666 0 0 1.01446998119354 55.0589981079102
-667 0 0 1.01572000980377 55.1525993347168
-668 0 0 1.01698005199432 55.2463989257813
-669 0 0 1.01823997497559 55.3400993347168
-670 0 0 1.01950001716614 55.4338989257813
-671 0 0 1.02076995372772 55.5278015136719
-672 0 0 1.0220400094986 55.6217002868652
-673 0 0 1.0233199596405 55.7155990600586
-674 0 0 1.0246000289917 55.8096008300781
-675 0 0 1.02588999271393 55.9035987854004
-676 0 0 1.02717995643616 55.9976005554199
-677 0 0 1.02847003936768 56.0917015075684
-678 0 0 1.02977001667023 56.1857986450195
-679 0 0 1.0310800075531 56.279899597168
-680 0 0 1.03238999843597 56.3740997314453
-681 0 0 1.03369998931885 56.4682998657227
-682 0 0 1.03501999378204 56.5625991821289
-683 0 0 1.03635001182556 56.6568984985352
-684 0 0 1.03768002986908 56.7512016296387
-685 0 0 1.0390100479126 56.8455009460449
-686 0 0 1.04034996032715 56.9398994445801
-687 0 0 1.04168999195099 57.0344009399414
-688 0 0 1.04304003715515 57.1287994384766
-689 0 0 1.04438996315002 57.2233009338379
-690 0 0 1.04574000835419 57.317798614502
-691 0 0 1.04709994792938 57.4123992919922
-692 0 0 1.04847002029419 57.5069999694824
-693 0 0 1.04983997344971 57.6016006469727
-694 0 0 1.05121004581451 57.6963005065918
-695 0 0 1.05259001255035 57.7910003662109
-696 0 0 1.05396997928619 57.8857002258301
-697 0 0 1.05535995960236 57.9804000854492
-698 0 0 1.05675005912781 58.0751991271973
-699 0 0 1.05814003944397 58.1699981689453
-700 17 4 1.05954003334045 58.2649002075195
-701 0 0 1.06095004081726 58.3596992492676
-702 0 0 1.06235003471375 58.4546012878418
-703 0 0 1.06377005577087 58.5495986938477
-704 0 0 1.06517994403839 58.6445007324219
-705 0 0 1.06660997867584 58.7394981384277
-706 0 0 1.06802999973297 58.8345985412598
-707 0 0 1.06946003437042 58.9295997619629
-708 0 0 1.07089996337891 59.0247001647949
-709 0 0 1.07232999801636 59.119800567627
-710 0 0 1.07377994060516 59.214900970459
-711 0 0 1.07521998882294 59.3101005554199
-712 0 0 1.07667994499207 59.4053001403809
-713 0 0 1.07813000679016 59.5004997253418
-714 0 0 1.07958996295929 59.5956993103027
-715 0 0 1.08106005191803 59.6910018920898
-716 0 0 1.08252000808716 59.7863006591797
-717 0 0 1.08399999141693 59.8815994262695
-718 0 0 1.08546996116638 59.9770011901855
-719 0 0 1.08695995807648 60.0722999572754
-720 0 0 1.08843994140625 60.1677017211914
-721 0 0 1.08993005752563 60.2631988525391
-722 0 0 1.09142005443573 60.3586006164551
-723 0 0 1.09291994571686 60.4541015625
-724 0 0 1.09441995620728 60.5495986938477
-725 0 0 1.09592998027802 60.6450996398926
-726 0 0 1.09744000434875 60.7406997680664
-727 0 0 1.09895002841949 60.8362007141113
-728 0 0 1.10046994686127 60.9318008422852
-729 0 0 1.10198998451233 61.0275001525879
-730 0 0 1.10352003574371 61.1231002807617
-731 0 0 1.10504996776581 61.2187995910645
-732 0 0 1.10658001899719 61.3143997192383
-733 0 0 1.10811996459961 61.4101982116699
-734 0 0 1.10967004299164 61.5059013366699
-735 0 0 1.11120998859406 61.6016006469727
-736 0 0 1.11275994777679 61.6973991394043
-737 0 0 1.11432003974915 61.7932014465332
-738 0 0 1.11588001251221 61.8889999389648
-739 0 0 1.11743998527527 61.9849014282227
-740 0 0 1.11900997161865 62.0806999206543
-741 0 0 1.12057995796204 62.1766014099121
-742 0 0 1.12214994430542 62.2724990844727
-743 0 0 1.12372994422913 62.3684997558594
-744 0 0 1.12530994415283 62.4644012451172
-745 0 0 1.12689995765686 62.5603981018066
-746 0 0 1.12848997116089 62.6563987731934
-747 0 0 1.13007998466492 62.7523994445801
-748 0 0 1.13168001174927 62.8484001159668
-749 0 0 1.13328003883362 62.9444007873535
-750 18 4 1.134889960289 63.0405006408691
-751 0 0 1.13650000095367 63.1366004943848
-752 0 0 1.13811004161835 63.2327003479004
-753 0 0 1.13972997665405 63.328800201416
-754 0 0 1.14135003089905 63.4249000549316
-755 0 0 1.14297997951508 63.5210990905762
-756 0 0 1.14461004734039 63.6172981262207
-757 0 0 1.14623999595642 63.7135009765625
-758 0 0 1.14787995815277 63.809700012207
-759 0 0 1.14952003955841 63.9058990478516
-760 0 0 1.15116000175476 64.002197265625
-761 0 0 1.15280997753143 64.0983963012695
-762 0 0 1.15445995330811 64.1947021484375
-763 0 0 1.1561199426651 64.2910003662109
-764 0 0 1.15778005123138 64.3872985839844
-765 0 0 1.15944004058838 64.4835968017578
-766 0 0 1.1611100435257 64.5800018310547
-767 0 0 1.16278004646301 64.676399230957
-768 0 0 1.16445994377136 64.7726974487305
-769 0 0 1.166139960289 64.8691024780273
-770 0 0 1.16781997680664 64.9654998779297
-771 0 0 1.16949999332428 65.0619964599609
-772 0 0 1.17119002342224 65.1584014892578
-773 0 0 1.17288994789124 65.2548980712891
-774 0 0 1.17458999156952 65.3513031005859
-775 0 0 1.1762900352478 65.4477996826172
-776 0 0 1.1779899597168 65.5442962646484
-777 0 0 1.1797000169754 65.6408996582031
-778 0 0 1.18140995502472 65.7373962402344
-779 0 0 1.18313002586365 65.8339004516602
-780 0 0 1.18484997749329 65.9304962158203
-781 0 0 1.18657004833221 66.027099609375
-782 0 0 1.18830001354218 66.1237030029297
-783 0 0 1.19002997875214 66.2202987670898
-784 0 0 1.1917599439621 66.3169021606445
-785 0 0 1.19350004196167 66.4134979248047
-786 0 0 1.19524002075195 66.5101013183594
-787 0 0 1.19699001312256 66.6067962646484
-788 0 0 1.19874000549316 66.703498840332
-789 0 0 1.20048999786377 66.8001022338867
-790 0 0 1.2022500038147 66.8967971801758
-791 0 0 1.20401000976563 66.9934997558594
-792 0 0 1.20577001571655 67.0903015136719
-793 0 0 1.2075400352478 67.1869964599609
-794 0 0 1.20931005477905 67.2836990356445
-795 0 0 1.21107995510101 67.380500793457
-796 0 0 1.21285998821259 67.4773025512695
-797 0 0 1.21464002132416 67.5739974975586
-798 0 0 1.21642994880676 67.6707992553711
-799 0 0 1.21820998191833 67.7676010131836
-800 19 4 1.22001004219055 67.864501953125
-801 0 0 1.22179996967316 67.9613037109375
-802 0 0 1.22360002994537 68.0580978393555
-803 0 0 1.2253999710083 68.1549987792969
-804 0 0 1.22721004486084 68.2518005371094
-805 0 0 1.22901999950409 68.3487014770508
-806 0 0 1.23082995414734 68.4456024169922
-807 0 0 1.2326500415802 68.5425033569336
-808 0 0 1.23447000980377 68.6393966674805
-809 0 0 1.23629999160767 68.7362976074219
-810 0 0 1.23811995983124 68.8331985473633
-811 0 0 1.23994994163513 68.9300994873047
-812 0 0 1.24179005622864 69.027099609375
-813 0 0 1.24363005161285 69.1240005493164
-814 0 0 1.24547004699707 69.2210006713867
-815 0 0 1.24731004238129 69.318000793457
-816 0 0 1.24916005134583 69.4150009155273
-817 0 0 1.25100994110107 69.5119018554688
-818 0 0 1.25286996364594 69.6089019775391
-819 0 0 1.2547299861908 69.7060012817383
-820 0 0 1.25659000873566 69.8030014038086
-821 0 0 1.25846004486084 69.9000015258789
-822 0 0 1.26032996177673 69.9970016479492
-823 0 0 1.26219999790192 70.0941009521484
-824 0 0 1.2640700340271 70.1911010742188
-825 0 0 1.26594996452332 70.288200378418
-826 0 0 1.26784002780914 70.3852996826172
-827 0 0 1.26971995830536 70.4823989868164
-828 0 0 1.27161002159119 70.5793991088867
-829 0 0 1.27350997924805 70.6764984130859
-830 0 0 1.27540004253387 70.7735977172852
-831 0 0 1.27730000019073 70.8707962036133
-832 0 0 1.27920997142792 70.967903137207
-833 0 0 1.28111004829407 71.0650024414063
-834 0 0 1.28303003311157 71.1621017456055
-835 0 0 1.28494000434875 71.2593002319336
-836 0 0 1.28685998916626 71.3563995361328
-837 0 0 1.28877997398376 71.4535980224609
-838 0 0 1.29069995880127 71.5507965087891
-839 0 0 1.2926299571991 71.6479034423828
-840 0 0 1.29455995559692 71.7451019287109
-841 0 0 1.29648995399475 71.8423004150391
-842 0 0 1.2984299659729 71.9394989013672
-843 0 0 1.30036997795105 72.0366973876953
-844 0 0 1.30232000350952 72.133903503418
-845 0 0 1.30426001548767 72.2311019897461
-846 0 0 1.30622005462646 72.3283996582031
-847 0 0 1.30816996097565 72.4255981445313
-848 0 0 1.31013000011444 72.5227966308594
-849 0 0 1.31209003925323 72.6201019287109
-850 20 4 1.31404995918274 72.7173004150391
-851 0 0 1.31602001190186 72.8145980834961
-852 0 0 1.31798994541168 72.9117965698242
-853 0 0 1.31997001171112 73.0091018676758
-854 0 0 1.32194995880127 73.1063995361328
-855 0 0 1.32393002510071 73.2036972045898
-856 0 0 1.32590997219086 73.3009033203125
-857 0 0 1.32790005207062 73.3982009887695
-858 0 0 1.32989001274109 73.4954986572266
-859 0 0 1.33188998699188 73.5927963256836
-860 0 0 1.33387994766235 73.6901016235352
-861 0 0 1.33589005470276 73.7873992919922
-862 0 0 1.33789002895355 73.8848037719727
-863 0 0 1.33990001678467 73.9821014404297
-864 0 0 1.34191000461578 74.0793991088867
-865 0 0 1.3439199924469 74.1768035888672
-866 0 0 1.34593999385834 74.2741012573242
-867 0 0 1.34795999526978 74.3713989257813
-868 0 0 1.34999001026154 74.4688034057617
-869 0 0 1.35201001167297 74.5661010742188
-870 0 0 1.35405004024506 74.6634979248047
-871 0 0 1.35608005523682 74.7609024047852
-872 0 0 1.35811996459961 74.8582000732422
-873 0 0 1.36015999317169 74.9555969238281
-874 0 0 1.36220002174377 75.0530014038086
-875 0 0 1.36424994468689 75.1503982543945
-876 0 0 1.36629998683929 75.247802734375
-877 0 0 1.36836004257202 75.345100402832
-878 0 0 1.37040996551514 75.442497253418
-879 0 0 1.37247002124786 75.5399017333984
-880 0 0 1.37453997135162 75.6372985839844
-881 0 0 1.37660002708435 75.7347030639648
-882 0 0 1.37866997718811 75.8321990966797
-883 0 0 1.38074994087219 75.9296035766602
-884 0 0 1.38283002376556 76.0270004272461
-885 0 0 1.38490998744965 76.124397277832
-886 0 0 1.38698995113373 76.2218017578125
-887 0 0 1.38908004760742 76.3192977905273
-888 0 0 1.39117002487183 76.4167022705078
-889 0 0 1.39326000213623 76.5140991210938
-890 0 0 1.39535999298096 76.6116027832031
-891 0 0 1.39745998382568 76.7089996337891
-892 0 0 1.39955997467041 76.8065032958984
-893 0 0 1.40166997909546 76.9039001464844
-894 0 0 1.40377998352051 77.0014038085938
-895 0 0 1.40588998794556 77.0988006591797
-896 0 0 1.40799999237061 77.1962966918945
-897 0 0 1.41012001037598 77.2938003540039
-898 0 0 1.41225004196167 77.3911972045898
-899 0 0 1.41436994075775 77.4887008666992
-900 21 4 1.41649997234344 77.5861968994141
-901 0 0 1.41863000392914 77.6837005615234
-902 0 0 1.42077004909515 77.7810974121094
-903 0 0 1.42290997505188 77.8786010742188
-904 0 0 1.4250500202179 77.9760971069336
-905 0 0 1.42718994617462 78.073600769043
-906 0 0 1.42934000492096 78.1710968017578
-907 0 0 1.43149995803833 78.2686004638672
-908 0 0 1.43365001678467 78.366096496582
-909 0 0 1.43580996990204 78.4636001586914
-910 0 0 1.4379700422287 78.5610961914063
-911 0 0 1.44012999534607 78.6585998535156
-912 0 0 1.44229996204376 78.756103515625
-913 0 0 1.44447004795074 78.8535995483398
-914 0 0 1.44665002822876 78.9511032104492
-915 0 0 1.44883000850677 79.0485992431641
-916 0 0 1.45100998878479 79.1461029052734
-917 0 0 1.45318996906281 79.2435989379883
-918 0 0 1.45537996292114 79.3412017822266
-919 0 0 1.45756995677948 79.4386978149414
-920 0 0 1.45975995063782 79.5362014770508
-921 0 0 1.46195995807648 79.6336975097656
-922 0 0 1.46415996551514 79.731201171875
-923 0 0 1.4663599729538 79.8287963867188
-924 0 0 1.46856999397278 79.9263000488281
-925 0 0 1.47078001499176 80.0238037109375
-926 0 0 1.47299003601074 80.1213989257813
-927 0 0 1.47520995140076 80.2189025878906
-928 0 0 1.47742998600006 80.3163986206055
-929 0 0 1.47965002059937 80.4140014648438
-930 0 0 1.4818799495697 80.5114974975586
-931 0 0 1.48409998416901 80.6091003417969
-932 0 0 1.48634004592896 80.7065963745117
-933 0 0 1.48856997489929 80.8041000366211
-934 0 0 1.49081003665924 80.9017028808594
-935 0 0 1.4930499792099 80.9991989135742
-936 0 0 1.49530005455017 81.0968017578125
-937 0 0 1.49755001068115 81.1942977905273
-938 0 0 1.49979996681213 81.2919006347656
-939 0 0 1.5020500421524 81.3893966674805
-940 0 0 1.50431001186371 81.4869995117188
-941 0 0 1.50656998157501 81.5845031738281
-942 0 0 1.50883996486664 81.6820983886719
-943 0 0 1.51110005378723 81.7796020507813
-944 0 0 1.51338005065918 81.877197265625
-945 0 0 1.51565003395081 81.9747009277344
-946 0 0 1.51793003082275 82.0723037719727
-947 0 0 1.5202100276947 82.1698989868164
-948 0 0 1.52249002456665 82.2674026489258
-949 0 0 1.52478003501892 82.3649978637695
-950 22 4 1.52707004547119 82.4625015258789
-951 0 0 1.52936005592346 82.5600967407227
-952 0 0 1.53165996074677 82.6576995849609
-953 0 0 1.53395998477936 82.7552032470703
-954 0 0 1.53626000881195 82.8527984619141
-955 0 0 1.53857004642487 82.9503021240234
-956 0 0 1.54087996482849 83.0478973388672
-957 0 0 1.54319000244141 83.1455001831055
-958 0 0 1.54550004005432 83.2429962158203
-959 0 0 1.54781997203827 83.3405990600586
-960 0 0 1.55015003681183 83.4382019042969
-961 0 0 1.55246996879578 83.5356979370117
-962 0 0 1.55480003356934 83.63330078125
-963 0 0 1.55712997913361 83.7309036254883
-964 0 0 1.55947005748749 83.8283996582031
-965 0 0 1.56181001663208 83.9260025024414
-966 0 0 1.56414997577667 84.0234985351563
-967 0 0 1.56649005413055 84.1211013793945
-968 0 0 1.56884002685547 84.2186965942383
-969 0 0 1.57118999958038 84.3162002563477
-970 0 0 1.57354998588562 84.4138031005859
-971 0 0 1.57589995861053 84.5113983154297
-972 0 0 1.57825994491577 84.6089019775391
-973 0 0 1.58062994480133 84.7064971923828
-974 0 0 1.58299994468689 84.8041000366211
-975 0 0 1.58536994457245 84.9016036987305
-976 0 0 1.58773994445801 84.9991989135742
-977 0 0 1.59011995792389 85.0968017578125
-978 0 0 1.59249997138977 85.1942977905273
-979 0 0 1.59487998485565 85.2919006347656
-980 0 0 1.59727001190186 85.3895034790039
-981 0 0 1.59966003894806 85.4869995117188
-982 0 0 1.60204994678497 85.584602355957
-983 0 0 1.6044499874115 85.6820983886719
-984 0 0 1.60685002803802 85.7797012329102
-985 0 0 1.60924994945526 85.8772964477539
-986 0 0 1.61164999008179 85.9748001098633
-987 0 0 1.61406004428864 86.0724029541016
-988 0 0 1.61647999286652 86.1698989868164
-989 0 0 1.61889004707336 86.2675018310547
-990 0 0 1.62130999565125 86.3650970458984
-991 0 0 1.62372994422913 86.4626007080078
-992 0 0 1.62616002559662 86.5602035522461
-993 0 0 1.62858998775482 86.6576995849609
-994 0 0 1.63101994991302 86.7553024291992
-995 0 0 1.63345003128052 86.8527984619141
-996 0 0 1.63589000701904 86.9504013061523
-997 0 0 1.63832998275757 87.0479965209961
-998 0 0 1.64077997207642 87.1455001831055
-999 0 0 1.64322996139526 87.2431030273438
-1000 23 9 1.64567995071411 87.3405990600586
