-1000 43 9 -5.33542013168335 -14.773099899292
-999 0 0 -5.33003997802734 -14.7707996368408
-998 0 0 -5.32464981079102 -14.7684001922607
-997 0 0 -5.31927013397217 -14.7660999298096
-996 0 0 -5.31387996673584 -14.7637996673584
-995 0 0 -5.30849981307983 -14.7614002227783
-994 0 0 -5.30311012268066 -14.7590999603271
-993 0 0 -5.29771995544434 -14.7566995620728
-992 0 0 -5.29233980178833 -14.7544002532959
-991 0 0 -5.28695011138916 -14.7519998550415
-990 0 0 -5.28155994415283 -14.7496004104614
-989 0 0 -5.2761697769165 -14.7473001480103
-988 0 0 -5.27078008651733 -14.7448997497559
-987 0 0 -5.26537990570068 -14.7425003051758
-986 0 0 -5.25999021530151 -14.7400999069214
-985 0 0 -5.25460004806519 -14.7377004623413
-984 0 0 -5.24919986724854 -14.7353000640869
-983 0 0 -5.24381017684937 -14.7328996658325
-982 0 0 -5.23840999603271 -14.7305002212524
-981 0 0 -5.23300981521606 -14.728099822998
-980 0 0 -5.22761011123657 -14.7256002426147
-979 0 0 -5.22220993041992 -14.7231998443604
-978 0 0 -5.21681976318359 -14.7208003997803
-977 0 0 -5.21141004562378 -14.7182998657227
-976 0 0 -5.20600986480713 -14.7159004211426
-975 0 0 -5.20061016082764 -14.7135000228882
-974 0 0 -5.19520998001099 -14.7110004425049
-973 0 0 -5.18979978561401 -14.7084999084473
-972 0 0 -5.18440008163452 -14.7061004638672
-971 0 0 -5.17898988723755 -14.7035999298096
-970 0 0 -5.17359018325806 -14.7011003494263
-969 0 0 -5.16817998886108 -14.6985998153687
-968 0 0 -5.16276979446411 -14.6961002349854
-967 0 0 -5.1573600769043 -14.693699836731
-966 0 0 -5.15194988250732 -14.6911001205444
-965 0 0 -5.14654016494751 -14.6885995864868
-964 0 0 -5.14112997055054 -14.6861000061035
-963 0 0 -5.13571977615356 -14.6836004257202
-962 0 0 -5.13030004501343 -14.6810998916626
-961 0 0 -5.12488985061646 -14.6786003112793
-960 0 0 -5.11948013305664 -14.6759996414185
-959 0 0 -5.11405992507935 -14.6735000610352
-958 0 0 -5.10864019393921 -14.6709003448486
-957 0 0 -5.10322999954224 -14.668399810791
-956 0 0 -5.09780979156494 -14.6658000946045
-955 0 0 -5.0923900604248 -14.6632995605469
-954 0 0 -5.08696985244751 -14.6606998443604
-953 0 0 -5.08155012130737 -14.6581001281738
-952 0 0 -5.07611989974976 -14.6555004119873
-951 0 0 -5.07070016860962 -14.6528997421265
-950 42 4 -5.06527996063232 -14.6503000259399
-949 0 0 -5.05985021591187 -14.6477003097534
-948 0 0 -5.05443000793457 -14.6450996398926
-947 0 0 -5.04899978637695 -14.6424999237061
-946 0 0 -5.04358005523682 -14.6399002075195
-945 0 0 -5.0381498336792 -14.6372995376587
-944 0 0 -5.03272008895874 -14.6345996856689
-943 0 0 -5.02728986740112 -14.6319999694824
-942 0 0 -5.02186012268066 -14.6294002532959
-941 0 0 -5.01642990112305 -14.6267004013062
-940 0 0 -5.01099014282227 -14.6240997314453
-939 0 0 -5.00555992126465 -14.6213998794556
-938 0 0 -5.00013017654419 -14.6187000274658
-937 0 0 -4.99468994140625 -14.6160001754761
-936 0 0 -4.98926019668579 -14.6134004592896
-935 0 0 -4.98381996154785 -14.6106996536255
-934 0 0 -4.97838020324707 -14.6079998016357
-933 0 0 -4.97293996810913 -14.605299949646
-932 0 0 -4.96750020980835 -14.6026000976563
-931 0 0 -4.96205997467041 -14.5999002456665
-930 0 0 -4.95662021636963 -14.5971002578735
-929 0 0 -4.95117998123169 -14.5944004058838
-928 0 0 -4.94574022293091 -14.5916996002197
-927 0 0 -4.94028997421265 -14.5888996124268
-926 0 0 -4.93485021591187 -14.586199760437
-925 0 0 -4.9293999671936 -14.583399772644
-924 0 0 -4.92396020889282 -14.5806999206543
-923 0 0 -4.91850996017456 -14.5778999328613
-922 0 0 -4.91306018829346 -14.5750999450684
-921 0 0 -4.9076099395752 -14.5722999572754
-920 0 0 -4.90216016769409 -14.5696001052856
-919 0 0 -4.89670991897583 -14.5668001174927
-918 0 0 -4.89126014709473 -14.5640001296997
-917 0 0 -4.88580989837646 -14.5612001419067
-916 0 0 -4.88035011291504 -14.5583000183105
-915 0 0 -4.87489986419678 -14.5555000305176
-914 0 0 -4.86944007873535 -14.5527000427246
-913 0 0 -4.86398983001709 -14.5499000549316
-912 0 0 -4.85853004455566 -14.5469999313354
-911 0 0 -4.85306978225708 -14.5441999435425
-910 0 0 -4.84760999679565 -14.5412998199463
-909 0 0 -4.84215021133423 -14.5383996963501
-908 0 0 -4.83668994903564 -14.5355997085571
-907 0 0 -4.83123016357422 -14.5326995849609
-906 0 0 -4.82576990127563 -14.5298004150391
-905 0 0 -4.82030010223389 -14.5269002914429
-904 0 0 -4.8148398399353 -14.5240001678467
-903 0 0 -4.80937004089355 -14.5211000442505
-902 0 0 -4.80390977859497 -14.5181999206543
-901 0 0 -4.79843997955322 -14.5152997970581
-900 41 4 -4.79297018051147 -14.5123996734619
-899 0 0 -4.78749990463257 -14.5094003677368
-898 0 0 -4.78203010559082 -14.5065002441406
-897 0 0 -4.77655982971191 -14.5034999847412
-896 0 0 -4.77109003067017 -14.500599861145
-895 0 0 -4.7656102180481 -14.4975996017456
-894 0 0 -4.76013994216919 -14.4946002960205
-893 0 0 -4.75466012954712 -14.4917001724243
-892 0 0 -4.74918985366821 -14.4886999130249
-891 0 0 -4.74371004104614 -14.4856996536255
-890 0 0 -4.73823022842407 -14.4827003479004
-889 0 0 -4.73275995254517 -14.479700088501
-888 0 0 -4.7272801399231 -14.4766998291016
-887 0 0 -4.72179985046387 -14.4736003875732
-886 0 0 -4.71631002426147 -14.4706001281738
-885 0 0 -4.7108302116394 -14.4675998687744
-884 0 0 -4.70534992218018 -14.4645004272461
-883 0 0 -4.69986009597778 -14.4615001678467
-882 0 0 -4.69437980651855 -14.458399772644
-881 0 0 -4.68888998031616 -14.4553003311157
-880 0 0 -4.68340015411377 -14.4521999359131
-879 0 0 -4.67791986465454 -14.4491996765137
-878 0 0 -4.67243003845215 -14.4461002349854
-877 0 0 -4.66694021224976 -14.4429998397827
-876 0 0 -4.66144990921021 -14.4398002624512
-875 0 0 -4.65595006942749 -14.4366998672485
-874 0 0 -4.65045976638794 -14.4336004257202
-873 0 0 -4.64496994018555 -14.4305000305176
-872 0 0 -4.63947010040283 -14.427300453186
-871 0 0 -4.63397979736328 -14.4242000579834
-870 0 0 -4.62847995758057 -14.4209995269775
-869 0 0 -4.62298011779785 -14.4179000854492
-868 0 0 -4.61747980117798 -14.4146995544434
-867 0 0 -4.61197996139526 -14.4114999771118
-866 0 0 -4.60648012161255 -14.4083003997803
-865 0 0 -4.60097980499268 -14.4050998687744
-864 0 0 -4.59547996520996 -14.4019002914429
-863 0 0 -4.58997011184692 -14.398699760437
-862 0 0 -4.58446979522705 -14.3955001831055
-861 0 0 -4.57895994186401 -14.3922004699707
-860 0 0 -4.5734601020813 -14.3889999389648
-859 0 0 -4.5679497718811 -14.3857002258301
-858 0 0 -4.56243991851807 -14.3824996948242
-857 0 0 -4.55693006515503 -14.3791999816895
-856 0 0 -4.55142021179199 -14.3759002685547
-855 0 0 -4.5459098815918 -14.3725996017456
-854 0 0 -4.54039001464844 -14.3692998886108
-853 0 0 -4.5348801612854 -14.3660001754761
-852 0 0 -4.52936983108521 -14.3627004623413
-851 0 0 -4.52384996414185 -14.3593997955322
-850 40 4 -4.51833009719849 -14.3561000823975
-849 0 0 -4.51281976699829 -14.3527002334595
-848 0 0 -4.50729990005493 -14.3493995666504
-847 0 0 -4.50178003311157 -14.3459997177124
-846 0 0 -4.49626016616821 -14.3427000045776
-845 0 0 -4.49072980880737 -14.3393001556396
-844 0 0 -4.48520994186401 -14.3359003067017
-843 0 0 -4.47969007492065 -14.3325004577637
-842 0 0 -4.47416019439697 -14.3290996551514
-841 0 0 -4.46863985061646 -14.3256998062134
-840 0 0 -4.46310997009277 -14.3222999572754
-839 0 0 -4.45758008956909 -14.3189001083374
-838 0 0 -4.45205020904541 -14.3154001235962
-837 0 0 -4.44651985168457 -14.3120002746582
-836 0 0 -4.44098997116089 -14.308500289917
-835 0 0 -4.43546009063721 -14.305100440979
-834 0 0 -4.42993021011353 -14.3016004562378
-833 0 0 -4.42438983917236 -14.2981004714966
-832 0 0 -4.41885995864868 -14.2945995330811
-831 0 0 -4.41332006454468 -14.2910995483398
-830 0 0 -4.40778017044067 -14.2875995635986
-829 0 0 -4.40224981307983 -14.2840995788574
-828 0 0 -4.39670991897583 -14.2805995941162
-827 0 0 -4.39117002487183 -14.2770004272461
-826 0 0 -4.38563013076782 -14.2735004425049
-825 0 0 -4.3800802230835 -14.2699003219604
-824 0 0 -4.37453985214233 -14.266300201416
-823 0 0 -4.36898994445801 -14.2628002166748
-822 0 0 -4.363450050354 -14.2592000961304
-821 0 0 -4.35790014266968 -14.2555999755859
-820 0 0 -4.35235023498535 -14.2519998550415
-819 0 0 -4.34680986404419 -14.2482995986938
-818 0 0 -4.34125995635986 -14.2447004318237
-817 0 0 -4.33570003509521 -14.2411003112793
-816 0 0 -4.33015012741089 -14.2374000549316
-815 0 0 -4.32460021972656 -14.2337999343872
-814 0 0 -4.31903982162476 -14.2300996780396
-813 0 0 -4.31348991394043 -14.2264003753662
-812 0 0 -4.30792999267578 -14.2227001190186
-811 0 0 -4.30238008499146 -14.2189998626709
-810 0 0 -4.29682016372681 -14.2152996063232
-809 0 0 -4.291259765625 -14.2116003036499
-808 0 0 -4.28569984436035 -14.207799911499
-807 0 0 -4.28012990951538 -14.2040996551514
-806 0 0 -4.27456998825073 -14.2003002166748
-805 0 0 -4.26901006698608 -14.1965999603271
-804 0 0 -4.26344013214111 -14.1927995681763
-803 0 0 -4.25788021087646 -14.1890001296997
-802 0 0 -4.25230979919434 -14.1851997375488
-801 0 0 -4.24673986434937 -14.1814002990723
-800 39 4 -4.24116992950439 -14.1775999069214
-799 0 0 -4.23559999465942 -14.1738004684448
-798 0 0 -4.23003005981445 -14.1698999404907
-797 0 0 -4.22445011138916 -14.1660995483398
-796 0 0 -4.21888017654419 -14.1621999740601
-795 0 0 -4.21330976486206 -14.1583003997803
-794 0 0 -4.20772981643677 -14.1545000076294
-793 0 0 -4.20214986801147 -14.1506004333496
-792 0 0 -4.19656991958618 -14.1465997695923
-791 0 0 -4.19098997116089 -14.1427001953125
-790 0 0 -4.1854100227356 -14.1387996673584
-789 0 0 -4.1798300743103 -14.1349000930786
-788 0 0 -4.17425012588501 -14.1309003829956
-787 0 0 -4.16866016387939 -14.1268997192383
-786 0 0 -4.1630802154541 -14.1230001449585
-785 0 0 -4.15748977661133 -14.1190004348755
-784 0 0 -4.15189981460571 -14.1149997711182
-783 0 0 -4.1463098526001 -14.1110000610352
-782 0 0 -4.14071989059448 -14.1070003509521
-781 0 0 -4.13512992858887 -14.1028995513916
-780 0 0 -4.12953996658325 -14.0988998413086
-779 0 0 -4.12395000457764 -14.0947999954224
-778 0 0 -4.1183500289917 -14.0907001495361
-777 0 0 -4.11276006698608 -14.0867004394531
-776 0 0 -4.10716009140015 -14.0825996398926
-775 0 0 -4.10156011581421 -14.0784997940063
-774 0 0 -4.09596014022827 -14.0742998123169
-773 0 0 -4.09036016464233 -14.0701999664307
-772 0 0 -4.0847601890564 -14.0661001205444
-771 0 0 -4.07916021347046 -14.061900138855
-770 0 0 -4.0735502243042 -14.0578002929688
-769 0 0 -4.0679497718811 -14.0536003112793
-768 0 0 -4.06233978271484 -14.0494003295898
-767 0 0 -4.05672979354858 -14.0452003479004
-766 0 0 -4.05112981796265 -14.0410003662109
-765 0 0 -4.04551982879639 -14.0367002487183
-764 0 0 -4.0398998260498 -14.0325002670288
-763 0 0 -4.03428983688354 -14.0282001495361
-762 0 0 -4.02867984771729 -14.0240001678467
-761 0 0 -4.0230598449707 -14.019700050354
-760 0 0 -4.01744985580444 -14.0153999328613
-759 0 0 -4.01182985305786 -14.0110998153687
-758 0 0 -4.00620985031128 -14.006799697876
-757 0 0 -4.0005898475647 -14.0024003982544
-756 0 0 -3.99497008323669 -13.9981002807617
-755 0 0 -3.98935008049011 -13.9937000274658
-754 0 0 -3.98372006416321 -13.9893999099731
-753 0 0 -3.97810006141663 -13.9849996566772
-752 0 0 -3.97247004508972 -13.9806003570557
-751 0 0 -3.96685004234314 -13.9762001037598
-750 38 4 -3.96122002601624 -13.9716997146606
-749 0 0 -3.95559000968933 -13.9673004150391
-748 0 0 -3.94995999336243 -13.9628000259399
-747 0 0 -3.9443199634552 -13.958399772644
-746 0 0 -3.9386899471283 -13.9539003372192
-745 0 0 -3.93305993080139 -13.9493999481201
-744 0 0 -3.92741990089417 -13.944899559021
-743 0 0 -3.92178010940552 -13.9404001235962
-742 0 0 -3.91614007949829 -13.9357995986938
-741 0 0 -3.91050004959106 -13.931300163269
-740 0 0 -3.90486001968384 -13.9266996383667
-739 0 0 -3.89921998977661 -13.9221000671387
-738 0 0 -3.89357995986938 -13.9174995422363
-737 0 0 -3.88792991638184 -13.9128999710083
-736 0 0 -3.88228988647461 -13.9083003997803
-735 0 0 -3.87664008140564 -13.9036998748779
-734 0 0 -3.87099003791809 -13.8990001678467
-733 0 0 -3.86533999443054 -13.8943004608154
-732 0 0 -3.85968995094299 -13.8896999359131
-731 0 0 -3.85403990745544 -13.8850002288818
-730 0 0 -3.84838008880615 -13.8802995681763
-729 0 0 -3.8427300453186 -13.8754997253418
-728 0 0 -3.83706998825073 -13.8708000183105
-727 0 0 -3.83140993118286 -13.8660001754761
-726 0 0 -3.82575011253357 -13.8613004684448
-725 0 0 -3.8200900554657 -13.856499671936
-724 0 0 -3.81442999839783 -13.8516998291016
-723 0 0 -3.80875992774963 -13.8468999862671
-722 0 0 -3.80310010910034 -13.8420000076294
-721 0 0 -3.79743003845215 -13.8372001647949
-720 0 0 -3.79176998138428 -13.8323001861572
-719 0 0 -3.78609991073608 -13.8274002075195
-718 0 0 -3.78043007850647 -13.8225002288818
-717 0 0 -3.77476000785828 -13.8176002502441
-716 0 0 -3.76907992362976 -13.8127002716064
-715 0 0 -3.76341009140015 -13.8078002929688
-714 0 0 -3.75773000717163 -13.8028001785278
-713 0 0 -3.75205993652344 -13.7978000640869
-712 0 0 -3.7463800907135 -13.792799949646
-711 0 0 -3.74070000648499 -13.7877998352051
-710 0 0 -3.73501992225647 -13.7827997207642
-709 0 0 -3.72933006286621 -13.7777004241943
-708 0 0 -3.7236499786377 -13.7727003097534
-707 0 0 -3.71795988082886 -13.7676000595093
-706 0 0 -3.71228003501892 -13.7624998092651
-705 0 0 -3.70658993721008 -13.757399559021
-704 0 0 -3.70090007781982 -13.7523002624512
-703 0 0 -3.69520998001099 -13.7470998764038
-702 0 0 -3.68951010704041 -13.7419996261597
-701 0 0 -3.68382000923157 -13.7368001937866
-700 37 4 -3.67812991142273 -13.7315998077393
-699 0 0 -3.67243003845215 -13.7264003753662
-698 0 0 -3.66672992706299 -13.7211999893188
-697 0 0 -3.66103005409241 -13.7159004211426
-696 0 0 -3.65532994270325 -13.7107000350952
-695 0 0 -3.64963006973267 -13.7054004669189
-694 0 0 -3.64391994476318 -13.7000999450684
-693 0 0 -3.6382200717926 -13.6948003768921
-692 0 0 -3.63250994682312 -13.6893997192383
-691 0 0 -3.62680006027222 -13.684100151062
-690 0 0 -3.62108993530273 -13.6787004470825
-689 0 0 -3.61538004875183 -13.6732997894287
-688 0 0 -3.60966992378235 -13.6679000854492
-687 0 0 -3.60395002365112 -13.6625003814697
-686 0 0 -3.59823989868164 -13.6569995880127
-685 0 0 -3.59251999855042 -13.6515998840332
-684 0 0 -3.58680009841919 -13.6461000442505
-683 0 0 -3.58107995986938 -13.6406002044678
-682 0 0 -3.57536005973816 -13.6351003646851
-681 0 0 -3.56962990760803 -13.6295003890991
-680 0 0 -3.56391000747681 -13.6239995956421
-679 0 0 -3.55818009376526 -13.6183996200562
-678 0 0 -3.55244994163513 -13.6127996444702
-677 0 0 -3.54672002792358 -13.6071996688843
-676 0 0 -3.54099011421204 -13.6015996932983
-675 0 0 -3.53525996208191 -13.5958995819092
-674 0 0 -3.52952003479004 -13.5902004241943
-673 0 0 -3.52378988265991 -13.5845003128052
-672 0 0 -3.51804995536804 -13.578800201416
-671 0 0 -3.51231002807617 -13.5731000900269
-670 0 0 -3.5065701007843 -13.5672998428345
-669 0 0 -3.50082993507385 -13.5614995956421
-668 0 0 -3.49507999420166 -13.555700302124
-667 0 0 -3.48934006690979 -13.5499000549316
-666 0 0 -3.48358988761902 -13.5440998077393
-665 0 0 -3.47783994674683 -13.538200378418
-664 0 0 -3.47209000587463 -13.5324001312256
-663 0 0 -3.46634006500244 -13.52649974823
-662 0 0 -3.46058988571167 -13.5205001831055
-661 0 0 -3.45482993125916 -13.5145998001099
-660 0 0 -3.44906997680664 -13.5086002349854
-659 0 0 -3.44331002235413 -13.5026998519897
-658 0 0 -3.43755006790161 -13.496600151062
-657 0 0 -3.4317901134491 -13.4905996322632
-656 0 0 -3.426029920578 -13.4846000671387
-655 0 0 -3.42025995254517 -13.4785003662109
-654 0 0 -3.41449999809265 -13.4723997116089
-653 0 0 -3.40873003005981 -13.4663000106812
-652 0 0 -3.40296006202698 -13.4602003097534
-651 0 0 -3.39719009399414 -13.4540004730225
-650 36 4 -3.39141011238098 -13.4477996826172
-649 0 0 -3.38563990592957 -13.4415998458862
-648 0 0 -3.37985992431641 -13.4354000091553
-647 0 0 -3.37407994270325 -13.4291000366211
-646 0 0 -3.36829996109009 -13.4229001998901
-645 0 0 -3.36251997947693 -13.416600227356
-644 0 0 -3.35672998428345 -13.4102001190186
-643 0 0 -3.35095000267029 -13.4039001464844
-642 0 0 -3.34516000747681 -13.397500038147
-641 0 0 -3.33937001228333 -13.3910999298096
-640 0 0 -3.33358001708984 -13.3846998214722
-639 0 0 -3.32779002189636 -13.3782997131348
-638 0 0 -3.32199001312256 -13.3718004226685
-637 0 0 -3.31619000434875 -13.3653001785278
-636 0 0 -3.31040000915527 -13.3587999343872
-635 0 0 -3.30460000038147 -13.3522996902466
-634 0 0 -3.29878997802734 -13.3457002639771
-633 0 0 -3.29298996925354 -13.3392000198364
-632 0 0 -3.28717994689941 -13.3325004577637
-631 0 0 -3.28137993812561 -13.3259000778198
-630 0 0 -3.27556991577148 -13.319299697876
-629 0 0 -3.26975989341736 -13.3126001358032
-628 0 0 -3.26394009590149 -13.3058996200562
-627 0 0 -3.25813007354736 -13.2990999221802
-626 0 0 -3.25231003761292 -13.2924003601074
-625 0 0 -3.24649000167847 -13.2855997085571
-624 0 0 -3.24066996574402 -13.2788000106812
-623 0 0 -3.23484992980957 -13.271900177002
-622 0 0 -3.22902989387512 -13.2650995254517
-621 0 0 -3.22320008277893 -13.2581996917725
-620 0 0 -3.21737003326416 -13.25119972229
-619 0 0 -3.21153998374939 -13.2442998886108
-618 0 0 -3.20570993423462 -13.2372999191284
-617 0 0 -3.19987988471985 -13.230299949646
-616 0 0 -3.19404006004333 -13.2232999801636
-615 0 0 -3.18819999694824 -13.2161998748779
-614 0 0 -3.18235993385315 -13.2091999053955
-613 0 0 -3.17652010917664 -13.2020998001099
-612 0 0 -3.17068004608154 -13.194899559021
-611 0 0 -3.16482996940613 -13.1878004074097
-610 0 0 -3.15897989273071 -13.1806001663208
-609 0 0 -3.15313005447388 -13.1732997894287
-608 0 0 -3.14727997779846 -13.1660995483398
-607 0 0 -3.14142990112305 -13.1588001251221
-606 0 0 -3.13557004928589 -13.15149974823
-605 0 0 -3.12970995903015 -13.1442003250122
-604 0 0 -3.12385010719299 -13.1367998123169
-603 0 0 -3.11799001693726 -13.1294002532959
-602 0 0 -3.11212992668152 -13.1219997406006
-601 0 0 -3.10626006126404 -13.1145000457764
-600 35 4 -3.10038995742798 -13.1070003509521
-599 0 0 -3.0945200920105 -13.0994997024536
-598 0 0 -3.08864998817444 -13.0920000076294
-597 0 0 -3.08277988433838 -13.084400177002
-596 0 0 -3.07690000534058 -13.0768003463745
-595 0 0 -3.07101988792419 -13.0691003799438
-594 0 0 -3.06514000892639 -13.0614995956421
-593 0 0 -3.05925011634827 -13.0537996292114
-592 0 0 -3.05336999893188 -13.0459995269775
-591 0 0 -3.04748010635376 -13.0382995605469
-590 0 0 -3.04158997535706 -13.0305004119873
-589 0 0 -3.03570008277893 -13.0226001739502
-588 0 0 -3.02980995178223 -13.0148000717163
-587 0 0 -3.02391004562378 -13.0068998336792
-586 0 0 -3.01800990104675 -12.9989995956421
-585 0 0 -3.01210999488831 -12.9910001754761
-584 0 0 -3.00621008872986 -12.9829998016357
-583 0 0 -3.00029993057251 -12.9750003814697
-582 0 0 -2.99439001083374 -12.9668998718262
-581 0 0 -2.98848009109497 -12.9588003158569
-580 0 0 -2.98256993293762 -12.9506998062134
-579 0 0 -2.97666001319885 -12.9425001144409
-578 0 0 -2.97074007987976 -12.9343004226685
-577 0 0 -2.96481990814209 -12.9260997772217
-576 0 0 -2.958899974823 -12.9179000854492
-575 0 0 -2.95297002792358 -12.9096002578735
-574 0 0 -2.94705009460449 -12.9012002944946
-573 0 0 -2.9411199092865 -12.8928003311157
-572 0 0 -2.93518996238708 -12.8844003677368
-571 0 0 -2.92925000190735 -12.8760004043579
-570 0 0 -2.92332005500793 -12.8675003051758
-569 0 0 -2.9173800945282 -12.8590002059937
-568 0 0 -2.91143989562988 -12.8503999710083
-567 0 0 -2.90548992156982 -12.8418998718262
-566 0 0 -2.89954996109009 -12.8332004547119
-565 0 0 -2.89359998703003 -12.8246002197266
-564 0 0 -2.88765001296997 -12.815899848938
-563 0 0 -2.88169002532959 -12.8071002960205
-562 0 0 -2.87574005126953 -12.7982997894287
-561 0 0 -2.86978006362915 -12.7895002365112
-560 0 0 -2.86382007598877 -12.7806997299194
-559 0 0 -2.85786008834839 -12.7718000411987
-558 0 0 -2.85189008712769 -12.7628002166748
-557 0 0 -2.84592008590698 -12.7538995742798
-556 0 0 -2.83995008468628 -12.7448997497559
-555 0 0 -2.83397006988525 -12.7357997894287
-554 0 0 -2.82800006866455 -12.7266998291016
-553 0 0 -2.82202005386353 -12.7175998687744
-552 0 0 -2.8160400390625 -12.708399772644
-551 0 0 -2.81005001068115 -12.6991996765137
-550 34 4 -2.8040599822998 -12.6899003982544
-549 0 0 -2.79806995391846 -12.6806001663208
-548 0 0 -2.79207992553711 -12.6712999343872
-547 0 0 -2.78608989715576 -12.6618995666504
-546 0 0 -2.78009009361267 -12.6525001525879
-545 0 0 -2.774090051651 -12.6429996490479
-544 0 0 -2.76807999610901 -12.6335000991821
-543 0 0 -2.76207995414734 -12.6239004135132
-542 0 0 -2.75606989860535 -12.6142997741699
-541 0 0 -2.75005006790161 -12.604700088501
-540 0 0 -2.74404001235962 -12.5950002670288
-539 0 0 -2.7380199432373 -12.5853004455566
-538 0 0 -2.73200011253357 -12.5754995346069
-537 0 0 -2.72598004341125 -12.5656995773315
-536 0 0 -2.71994996070862 -12.5558004379272
-535 0 0 -2.71392011642456 -12.5459003448486
-534 0 0 -2.70789003372192 -12.5359001159668
-533 0 0 -2.70184993743896 -12.525899887085
-532 0 0 -2.69581007957458 -12.5158996582031
-531 0 0 -2.68976998329163 -12.5058002471924
-530 0 0 -2.68372988700867 -12.4955997467041
-529 0 0 -2.67768001556396 -12.4854001998901
-528 0 0 -2.67162990570068 -12.4751996994019
-527 0 0 -2.66558003425598 -12.4649000167847
-526 0 0 -2.65951991081238 -12.4546003341675
-525 0 0 -2.65346002578735 -12.4441995620728
-524 0 0 -2.64739990234375 -12.4336996078491
-523 0 0 -2.6413300037384 -12.4231996536255
-522 0 0 -2.63526010513306 -12.4126996994019
-521 0 0 -2.62918996810913 -12.402099609375
-520 0 0 -2.62311005592346 -12.3914003372192
-519 0 0 -2.61702990531921 -12.3808002471924
-518 0 0 -2.61094999313354 -12.3699998855591
-517 0 0 -2.60486006736755 -12.3591995239258
-516 0 0 -2.59877991676331 -12.3484001159668
-515 0 0 -2.59267997741699 -12.3374996185303
-514 0 0 -2.586590051651 -12.3264999389648
-513 0 0 -2.58049011230469 -12.3155002593994
-512 0 0 -2.57438993453979 -12.3044004440308
-511 0 0 -2.56827998161316 -12.2932996749878
-510 0 0 -2.56217002868652 -12.2820997238159
-509 0 0 -2.55606007575989 -12.270899772644
-508 0 0 -2.54994010925293 -12.2595996856689
-507 0 0 -2.54381990432739 -12.2482995986938
-506 0 0 -2.53769993782043 -12.2369003295898
-505 0 0 -2.53156995773315 -12.2253999710083
-504 0 0 -2.52543997764587 -12.2138996124268
-503 0 0 -2.51930999755859 -12.2023000717163
-502 0 0 -2.51317000389099 -12.1906995773315
-501 0 0 -2.50703001022339 -12.1789999008179
-500 33 4 -2.50089001655579 -12.167200088501
-499 0 0 -2.49474000930786 -12.1554002761841
-498 0 0 -2.48859000205994 -12.1436004638672
-497 0 0 -2.48242998123169 -12.1316003799438
-496 0 0 -2.47626996040344 -12.1196002960205
-495 0 0 -2.4701099395752 -12.1076002120972
-494 0 0 -2.46393990516663 -12.0954999923706
-493 0 0 -2.45777010917664 -12.0832996368408
-492 0 0 -2.45160007476807 -12.0710000991821
-491 0 0 -2.44542002677917 -12.0586996078491
-490 0 0 -2.43922996520996 -12.0464000701904
-489 0 0 -2.43304991722107 -12.0339002609253
-488 0 0 -2.42686009407043 -12.0214004516602
-487 0 0 -2.4206600189209 -12.0088996887207
-486 0 0 -2.41446995735168 -11.9961996078491
-485 0 0 -2.40826010704041 -11.9834995269775
-484 0 0 -2.40206003189087 -11.9708003997803
-483 0 0 -2.39584994316101 -11.9579000473022
-482 0 0 -2.38963007926941 -11.9449996948242
-481 0 0 -2.38340997695923 -11.9321002960205
-480 0 0 -2.37719011306763 -11.918999671936
-479 0 0 -2.37095999717712 -11.9059000015259
-478 0 0 -2.36472988128662 -11.8927001953125
-477 0 0 -2.35848999023438 -11.8795003890991
-476 0 0 -2.35225009918213 -11.8662004470825
-475 0 0 -2.3460099697113 -11.8528003692627
-474 0 0 -2.33976006507874 -11.8393001556396
-473 0 0 -2.33350992202759 -11.8257999420166
-472 0 0 -2.3272500038147 -11.8121004104614
-471 0 0 -2.32099008560181 -11.7985000610352
-470 0 0 -2.31471991539001 -11.7847003936768
-469 0 0 -2.3084499835968 -11.770899772644
-468 0 0 -2.30217003822327 -11.7568998336792
-467 0 0 -2.29589009284973 -11.7428998947144
-466 0 0 -2.28960990905762 -11.7288999557495
-465 0 0 -2.28331995010376 -11.7146997451782
-464 0 0 -2.27701997756958 -11.7004995346069
-463 0 0 -2.2707200050354 -11.6862001419067
-462 0 0 -2.26442003250122 -11.671799659729
-461 0 0 -2.25811004638672 -11.6572999954224
-460 0 0 -2.25180006027222 -11.6428003311157
-459 0 0 -2.24548006057739 -11.6281003952026
-458 0 0 -2.23915004730225 -11.6134004592896
-457 0 0 -2.2328200340271 -11.5986003875732
-456 0 0 -2.22649002075195 -11.5837001800537
-455 0 0 -2.22014999389648 -11.568699836731
-454 0 0 -2.21380996704102 -11.5537004470825
-453 0 0 -2.20745992660522 -11.5384998321533
-452 0 0 -2.20110011100769 -11.5233001708984
-451 0 0 -2.1947500705719 -11.5080003738403
-450 32 4 -2.18838000297546 -11.492600440979
-449 0 0 -2.18200993537903 -11.4770002365112
-448 0 0 -2.17564010620117 -11.4615001678467
-447 0 0 -2.16925001144409 -11.4457998275757
-446 0 0 -2.16286993026733 -11.4300003051758
-445 0 0 -2.15648007392883 -11.4140996932983
-444 0 0 -2.15007996559143 -11.3982000350952
-443 0 0 -2.14368009567261 -11.3821001052856
-442 0 0 -2.13726997375488 -11.3659000396729
-441 0 0 -2.13085007667542 -11.3496999740601
-440 0 0 -2.12442994117737 -11.3332996368408
-439 0 0 -2.1180100440979 -11.3169002532959
-438 0 0 -2.11157989501953 -11.3003997802734
-437 0 0 -2.10513997077942 -11.2836999893188
-436 0 0 -2.09870004653931 -11.2670001983643
-435 0 0 -2.09225010871887 -11.2501001358032
-434 0 0 -2.08578991889954 -11.2332000732422
-433 0 0 -2.07932996749878 -11.2160997390747
-432 0 0 -2.07287001609802 -11.1990003585815
-431 0 0 -2.06639003753662 -11.1816997528076
-430 0 0 -2.05991005897522 -11.1642999649048
-429 0 0 -2.05343008041382 -11.1468000411987
-428 0 0 -2.04693007469177 -11.1293001174927
-427 0 0 -2.04044008255005 -11.1115999221802
-426 0 0 -2.03393006324768 -11.0937004089355
-425 0 0 -2.02742004394531 -11.0757999420166
-424 0 0 -2.02090001106262 -11.0578002929688
-423 0 0 -2.01437997817993 -11.0396995544434
-422 0 0 -2.00784993171692 -11.0214004516602
-421 0 0 -2.00131011009216 -11.0030002593994
-420 0 0 -1.99476003646851 -10.9844999313354
-419 0 0 -1.98820996284485 -10.9659004211426
-418 0 0 -1.98164999485016 -10.9471998214722
-417 0 0 -1.97509002685547 -10.9282999038696
-416 0 0 -1.96852004528046 -10.9093999862671
-415 0 0 -1.96194005012512 -10.8902997970581
-414 0 0 -1.95535004138947 -10.8711004257202
-413 0 0 -1.94876003265381 -10.8516998291016
-412 0 0 -1.94216001033783 -10.8323001861572
-411 0 0 -1.93554997444153 -10.8127002716064
-410 0 0 -1.92893004417419 -10.7930002212524
-409 0 0 -1.92230999469757 -10.773099899292
-408 0 0 -1.91568005084991 -10.7531003952026
-407 0 0 -1.90903997421265 -10.7329998016357
-406 0 0 -1.90239000320435 -10.7128000259399
-405 0 0 -1.89574003219604 -10.6923999786377
-404 0 0 -1.88908004760742 -10.6718997955322
-403 0 0 -1.88241004943848 -10.6512002944946
-402 0 0 -1.87573003768921 -10.6303997039795
-401 0 0 -1.86905002593994 -10.6094999313354
-400 31 4 -1.86234998703003 -10.588399887085
-399 0 0 -1.85564994812012 -10.5671997070313
-398 0 0 -1.84894001483917 -10.5458002090454
-397 0 0 -1.84221994876862 -10.524299621582
-396 0 0 -1.83550000190735 -10.5026998519897
-395 0 0 -1.82876002788544 -10.480899810791
-394 0 0 -1.82202005386353 -10.4589004516602
-393 0 0 -1.815269947052 -10.4368000030518
-392 0 0 -1.80850994586945 -10.4146003723145
-391 0 0 -1.80174005031586 -10.3922004699707
-390 0 0 -1.79496002197266 -10.3696002960205
-389 0 0 -1.78816998004913 -10.3468999862671
-388 0 0 -1.78137004375458 -10.3240003585815
-387 0 0 -1.77456998825073 -10.3009996414185
-386 0 0 -1.76775002479553 -10.2777996063232
-385 0 0 -1.76092994213104 -10.2544002532959
-384 0 0 -1.7540899515152 -10.230899810791
-383 0 0 -1.74724996089935 -10.207200050354
-382 0 0 -1.74039995670319 -10.1833000183105
-381 0 0 -1.73354005813599 -10.1592998504639
-380 0 0 -1.72666001319885 -10.1351003646851
-379 0 0 -1.71977996826172 -10.1106996536255
-378 0 0 -1.71289002895355 -10.086199760437
-377 0 0 -1.70598995685577 -10.0614004135132
-376 0 0 -1.69907999038696 -10.0364999771118
-375 0 0 -1.69214999675751 -10.0114002227783
-374 0 0 -1.68522000312805 -9.98618030548096
-373 0 0 -1.67827999591827 -9.96072006225586
-372 0 0 -1.67132997512817 -9.93507957458496
-371 0 0 -1.66436004638672 -9.90925025939941
-370 0 0 -1.65738999843597 -9.88323020935059
-369 0 0 -1.65040004253387 -9.85702037811279
-368 0 0 -1.64339995384216 -9.83061981201172
-367 0 0 -1.63639998435974 -9.80401992797852
-366 0 0 -1.62937998771667 -9.77723026275635
-365 0 0 -1.62234997749329 -9.75022983551025
-364 0 0 -1.61530995368958 -9.72303009033203
-363 0 0 -1.60825002193451 -9.69563007354736
-362 0 0 -1.60118997097015 -9.66802978515625
-361 0 0 -1.59411001205444 -9.64021968841553
-360 0 0 -1.58703005313873 -9.6121997833252
-359 0 0 -1.57992994785309 -9.58395957946777
-358 0 0 -1.57281994819641 -9.55552005767822
-357 0 0 -1.56569004058838 -9.5268497467041
-356 0 0 -1.55856001377106 -9.49796962738037
-355 0 0 -1.55140995979309 -9.46887016296387
-354 0 0 -1.54425001144409 -9.43955039978027
-353 0 0 -1.53708004951477 -9.40999984741211
-352 0 0 -1.52988994121552 -9.38022994995117
-351 0 0 -1.52269005775452 -9.35023021697998
-350 30 4 -1.51548004150391 -9.31999969482422
-349 0 0 -1.50826001167297 -9.28952980041504
-348 0 0 -1.5010199546814 -9.25883007049561
-347 0 0 -1.49377000331879 -9.22789001464844
-346 0 0 -1.48650002479553 -9.19670963287354
-345 0 0 -1.47923004627228 -9.16528987884521
-344 0 0 -1.47194004058838 -9.13362979888916
-343 0 0 -1.46463000774384 -9.10171031951904
-342 0 0 -1.45730996131897 -9.06954956054688
-341 0 0 -1.44998002052307 -9.03713989257813
-340 0 0 -1.44263005256653 -9.004469871521
-339 0 0 -1.43526995182037 -8.97154998779297
-338 0 0 -1.42789995670319 -8.93836975097656
-337 0 0 -1.42051005363464 -8.90491962432861
-336 0 0 -1.41311001777649 -8.87121963500977
-335 0 0 -1.40568995475769 -8.83724975585938
-334 0 0 -1.39824998378754 -8.80300998687744
-333 0 0 -1.39081001281738 -8.76850032806396
-332 0 0 -1.38334000110626 -8.73371982574463
-331 0 0 -1.37586998939514 -8.69865989685059
-330 0 0 -1.36837005615234 -8.66331958770752
-329 0 0 -1.36085999011993 -8.62771034240723
-328 0 0 -1.35334002971649 -8.59181022644043
-327 0 0 -1.3458000421524 -8.55562973022461
-326 0 0 -1.338250041008 -8.51916027069092
-325 0 0 -1.33066999912262 -8.48239994049072
-324 0 0 -1.32308995723724 -8.44534969329834
-323 0 0 -1.31549000740051 -8.40800952911377
-322 0 0 -1.30787003040314 -8.37036991119385
-321 0 0 -1.30023002624512 -8.33242988586426
-320 0 0 -1.29258000850677 -8.29419040679932
-319 0 0 -1.28490996360779 -8.25564956665039
-318 0 0 -1.27723002433777 -8.21679973602295
-317 0 0 -1.2695300579071 -8.17765045166016
-316 0 0 -1.26180994510651 -8.13817977905273
-315 0 0 -1.25408005714417 -8.09840965270996
-314 0 0 -1.24633002281189 -8.05832004547119
-313 0 0 -1.23855996131897 -8.01791000366211
-312 0 0 -1.23076999187469 -7.9771900177002
-311 0 0 -1.2229700088501 -7.9361400604248
-310 0 0 -1.21514999866486 -7.89478015899658
-309 0 0 -1.20731997489929 -7.85308980941772
-308 0 0 -1.19946002960205 -7.81106996536255
-307 0 0 -1.1915899515152 -7.76873016357422
-306 0 0 -1.18369996547699 -7.72605991363525
-305 0 0 -1.17579996585846 -7.68306016921997
-304 0 0 -1.16788005828857 -7.63972997665405
-303 0 0 -1.15992999076843 -7.59605979919434
-302 0 0 -1.15198004245758 -7.5520601272583
-301 0 0 -1.14400005340576 -7.50771999359131
-300 29 4 -1.13601005077362 -7.46304988861084
-299 0 0 -1.12800002098083 -7.41802978515625
-298 0 0 -1.1199699640274 -7.37268018722534
-297 0 0 -1.11191999912262 -7.32698011398315
-296 0 0 -1.10386002063751 -7.28094005584717
-295 0 0 -1.09577000141144 -7.23456001281738
-294 0 0 -1.08766996860504 -7.18782997131348
-293 0 0 -1.07956004142761 -7.14076995849609
-292 0 0 -1.07141995429993 -7.09334993362427
-291 0 0 -1.06326997280121 -7.04558992385864
-290 0 0 -1.05509996414185 -6.99748992919922
-289 0 0 -1.04691004753113 -6.94902992248535
-288 0 0 -1.03869998455048 -6.90023994445801
-287 0 0 -1.03048002719879 -6.85108995437622
-286 0 0 -1.02224004268646 -6.80159997940063
-285 0 0 -1.01398003101349 -6.75177001953125
-284 0 0 -1.00571000576019 -6.70159006118774
-283 0 0 -0.997412979602814 -6.65107011795044
-282 0 0 -0.989103972911835 -6.60020017623901
-281 0 0 -0.980777025222778 -6.54898977279663
-280 0 0 -0.972432971000671 -6.49742984771729
-279 0 0 -0.964071989059448 -6.44553995132446
-278 0 0 -0.955694019794464 -6.39330005645752
-277 0 0 -0.947300016880035 -6.3407301902771
-276 0 0 -0.938889026641846 -6.28781986236572
-275 0 0 -0.930462002754211 -6.23458003997803
-274 0 0 -0.922019004821777 -6.18100023269653
-273 0 0 -0.913559019565582 -6.12709999084473
-272 0 0 -0.905084013938904 -6.07285976409912
-271 0 0 -0.896592974662781 -6.0182900428772
-270 0 0 -0.888086020946503 -5.96340990066528
-269 0 0 -0.879563987255096 -5.90819978713989
-268 0 0 -0.87102597951889 -5.85267019271851
-267 0 0 -0.862474024295807 -5.79682016372681
-266 0 0 -0.853905975818634 -5.7406702041626
-265 0 0 -0.845323979854584 -5.68419981002808
-264 0 0 -0.836727023124695 -5.62741994857788
-263 0 0 -0.828115999698639 -5.5703501701355
-262 0 0 -0.819491028785706 -5.51296997070313
-261 0 0 -0.810853004455566 -5.45529985427856
-260 0 0 -0.802200019359589 -5.39732980728149
-259 0 0 -0.793533980846405 -5.33907985687256
-258 0 0 -0.784855008125305 -5.28053998947144
-257 0 0 -0.776162981987 -5.22173023223877
-256 0 0 -0.767458021640778 -5.16263008117676
-255 0 0 -0.75874000787735 -5.10327005386353
-254 0 0 -0.750011026859283 -5.04364013671875
-253 0 0 -0.741268992424011 -4.9837498664856
-252 0 0 -0.732514977455139 -4.92360019683838
-251 0 0 -0.723749995231628 -4.86320018768311
-250 28 4 -0.714972972869873 -4.80254983901978
-249 0 0 -0.706184983253479 -4.74166011810303
-248 0 0 -0.697386980056763 -4.68053007125854
-247 0 0 -0.688576996326447 -4.61917018890381
-246 0 0 -0.679756999015808 -4.55757999420166
-245 0 0 -0.670926988124847 -4.49576997756958
-244 0 0 -0.662087023258209 -4.43374013900757
-243 0 0 -0.653236985206604 -4.37149000167847
-242 0 0 -0.644378006458282 -4.3090500831604
-241 0 0 -0.635509014129639 -4.24638986587524
-240 0 0 -0.626631021499634 -4.18354988098145
-239 0 0 -0.617744028568268 -4.12051010131836
-238 0 0 -0.608848989009857 -4.05729007720947
-237 0 0 -0.59994500875473 -3.99388003349304
-236 0 0 -0.591032028198242 -3.93029999732971
-235 0 0 -0.582111001014709 -3.86654996871948
-234 0 0 -0.573183000087738 -3.80263996124268
-233 0 0 -0.564245998859406 -3.73855996131897
-232 0 0 -0.555302023887634 -3.67432999610901
-231 0 0 -0.54635101556778 -3.60995006561279
-230 0 0 -0.537392020225525 -3.54542994499207
-229 0 0 -0.528425991535187 -3.48077011108398
-228 0 0 -0.51945298910141 -3.41597008705139
-227 0 0 -0.510473012924194 -3.35103988647461
-226 0 0 -0.501486003398895 -3.28598999977112
-225 0 0 -0.492493003606796 -3.22080993652344
-224 0 0 -0.483493000268936 -3.15552997589111
-223 0 0 -0.474487006664276 -3.0901300907135
-222 0 0 -0.465474992990494 -3.02462005615234
-221 0 0 -0.456456005573273 -2.95900988578796
-220 0 0 -0.447430998086929 -2.89331007003784
-219 0 0 -0.438401013612747 -2.8275101184845
-218 0 0 -0.429365009069443 -2.76162004470825
-217 0 0 -0.420322000980377 -2.69564008712769
-216 0 0 -0.411274999380112 -2.62959003448486
-215 0 0 -0.402220994234085 -2.56345009803772
-214 0 0 -0.39316201210022 -2.49725008010864
-213 0 0 -0.384097993373871 -2.43096995353699
-212 0 0 -0.375027000904083 -2.36462998390198
-211 0 0 -0.365951985120773 -2.29821991920471
-210 0 0 -0.356871008872986 -2.23176002502441
-209 0 0 -0.347784996032715 -2.16523003578186
-208 0 0 -0.338694006204605 -2.09865999221802
-207 0 0 -0.329596996307373 -2.03203010559082
-206 0 0 -0.320495992898941 -1.96536004543304
-205 0 0 -0.311388999223709 -1.89865005016327
-204 0 0 -0.302276998758316 -1.83188998699188
-203 0 0 -0.293159008026123 -1.7650899887085
-202 0 0 -0.284036993980408 -1.69825994968414
-201 0 0 -0.274910002946854 -1.63138997554779
-200 27 4 -0.265776991844177 -1.56448996067047
-199 0 0 -0.256639987230301 -1.4975700378418
-198 0 0 -0.247497007250786 -1.43060994148254
-197 0 0 -0.238350003957748 -1.36363005638123
-196 0 0 -0.22919799387455 -1.29663002490997
-195 0 0 -0.220039993524551 -1.22960996627808
-194 0 0 -0.210877999663353 -1.16256999969482
-193 0 0 -0.201710000634193 -1.09551000595093
-192 0 0 -0.192537993192673 -1.02843999862671
-191 0 0 -0.183360993862152 -0.961351990699768
-190 0 0 -0.174179002642632 -0.894253015518188
-189 0 0 -0.16499200463295 -0.827142000198364
-188 0 0 -0.155799999833107 -0.760021984577179
-187 0 0 -0.146604001522064 -0.692893028259277
-186 0 0 -0.13740199804306 -0.625757992267609
-185 0 0 -0.128196001052856 -0.558615982532501
-184 0 0 -0.118984997272491 -0.491470009088516
-183 0 0 -0.109769001603127 -0.424318999052048
-182 0 0 -0.1005489975214 -0.357165992259979
-181 0 0 -0.0913242995738983 -0.290010005235672
-180 0 0 -0.0820949003100395 -0.222854003310204
-179 0 0 -0.0728608965873718 -0.155697003006935
-178 0 0 -0.0636224970221519 -0.0885396003723145
-177 0 0 -0.0543797016143799 -0.0213834997266531
-176 0 0 -0.0451325997710228 0.0457709990441799
-175 0 0 -0.0358811989426613 0.112922996282578
-174 0 0 -0.0266257002949715 0.180072993040085
-173 0 0 -0.017366100102663 0.247219994664192
-172 0 0 -0.00810257997363806 0.3143630027771
-171 0 0 0.00116484996397048 0.381502985954285
-170 0 0 0.010436000302434 0.448637992143631
-169 0 0 0.0197109002619982 0.515769004821777
-168 0 0 0.0289891995489597 0.58289498090744
-167 0 0 0.0382708981633186 0.650014996528625
-166 0 0 0.0475559011101723 0.717131018638611
-165 0 0 0.0568438991904259 0.784241020679474
-164 0 0 0.06613489985466 0.851345002651215
-163 0 0 0.0754285976290703 0.918443024158478
-162 0 0 0.0847249031066895 0.985535025596619
-161 0 0 0.0940236002206802 1.05262005329132
-160 0 0 0.103324003517628 1.11969995498657
-159 0 0 0.112626999616623 1.18676996231079
-158 0 0 0.121931999921799 1.25383996963501
-157 0 0 0.131237998604774 1.32089996337891
-156 0 0 0.14054499566555 1.3879599571228
-155 0 0 0.149853006005287 1.45500004291534
-154 0 0 0.159161999821663 1.5220400094986
-153 0 0 0.168472006917 1.58907997608185
-152 0 0 0.177781999111176 1.65610003471375
-151 0 0 0.187090992927551 1.72311997413635
-150 26 4 0.196400001645088 1.79014003276825
-149 0 0 0.202761992812157 1.83592998981476
-148 0 0 0.209123000502586 1.88171994686127
-147 0 0 0.215483993291855 1.92751002311707
-146 0 0 0.221844002604485 1.97329998016357
-145 0 0 0.228202998638153 2.01907992362976
-144 0 0 0.234560996294022 2.06486010551453
-143 0 0 0.24091799557209 2.11063003540039
-142 0 0 0.247273996472359 2.15639996528625
-141 0 0 0.253627985715866 2.20216989517212
-140 0 0 0.259981006383896 2.24793004989624
-139 0 0 0.266332000494003 2.29368996620178
-138 0 0 0.272682011127472 2.33944988250732
-137 0 0 0.279029995203018 2.38520002365112
-136 0 0 0.285376012325287 2.43094992637634
-135 0 0 0.291718989610672 2.47669005393982
-134 0 0 0.29805999994278 2.52242994308472
-133 0 0 0.304399013519287 2.56817007064819
-132 0 0 0.310734987258911 2.61389994621277
-131 0 0 0.317068010568619 2.65963006019592
-130 0 0 0.323397994041443 2.70534992218018
-129 0 0 0.329724997282028 2.75107002258301
-128 0 0 0.336048990488052 2.79678010940552
-127 0 0 0.342368990182877 2.84248995780945
-126 0 0 0.348686009645462 2.88820004463196
-125 0 0 0.354999005794525 2.93389010429382
-124 0 0 0.361306995153427 2.97958993911743
-123 0 0 0.36761200428009 3.02526998519897
-122 0 0 0.373910993337631 3.07096004486084
-121 0 0 0.380207002162933 3.11663007736206
-120 0 0 0.386496990919113 3.16230010986328
-119 0 0 0.392782986164093 3.20796990394592
-118 0 0 0.399062991142273 3.2536199092865
-117 0 0 0.405337989330292 3.2992799282074
-116 0 0 0.411606997251511 3.34491991996765
-115 0 0 0.417869985103607 3.39055991172791
-114 0 0 0.424127012491226 3.43618988990784
-113 0 0 0.430377990007401 3.48181009292603
-112 0 0 0.436621993780136 3.52742004394531
-111 0 0 0.442858994007111 3.5730299949646
-110 0 0 0.449090003967285 3.61862993240356
-109 0 0 0.455312997102737 3.66422009468079
-108 0 0 0.461528986692429 3.70980000495911
-107 0 0 0.46773698925972 3.7553699016571
-106 0 0 0.473937004804611 3.80093002319336
-105 0 0 0.48012900352478 3.84647989273071
-104 0 0 0.486312985420227 3.89201998710632
-103 0 0 0.492487996816635 3.93755006790161
-102 0 0 0.498654007911682 3.983069896698
-101 0 0 0.504810988903046 4.02858018875122
-100 25 4 0.510958015918732 4.07407999038696
-99 0 0 0.517095029354095 4.11956977844238
-98 0 0 0.523222982883453 4.16504001617432
-97 0 0 0.529340982437134 4.21049976348877
-96 0 0 0.535447001457214 4.25594997406006
-95 0 0 0.541544020175934 4.3013801574707
-94 0 0 0.547628998756409 4.34679985046387
-93 0 0 0.553703010082245 4.39219999313354
-92 0 0 0.559764981269836 4.4375901222229
-91 0 0 0.565814971923828 4.48297023773193
-90 0 0 0.571853995323181 4.52832984924316
-89 0 0 0.577879011631012 4.57366991043091
-88 0 0 0.583893001079559 4.61899995803833
-87 0 0 0.589892983436584 4.66429996490479
-86 0 0 0.595879971981049 4.70958995819092
-85 0 0 0.601853013038635 4.75486993789673
-84 0 0 0.607813000679016 4.80011987686157
-83 0 0 0.613758027553558 4.84535980224609
-82 0 0 0.619690001010895 4.89057016372681
-81 0 0 0.625606000423431 4.93576002120972
-80 0 0 0.631507992744446 4.9809398651123
-79 0 0 0.63739401102066 5.02609014511108
-78 0 0 0.643265008926392 5.07121992111206
-77 0 0 0.649119973182678 5.11633014678955
-76 0 0 0.65495902299881 5.16141986846924
-75 0 0 0.660781025886536 5.20648002624512
-74 0 0 0.666586995124817 5.25151014328003
-73 0 0 0.672375977039337 5.29652976989746
-72 0 0 0.67814701795578 5.34151983261108
-71 0 0 0.683902025222778 5.38647985458374
-70 0 0 0.689638018608093 5.43140983581543
-69 0 0 0.695356011390686 5.47631978988647
-68 0 0 0.701056003570557 5.52120018005371
-67 0 0 0.706736981868744 5.56606006622314
-66 0 0 0.712399005889893 5.61087989807129
-65 0 0 0.718042016029358 5.65568017959595
-64 0 0 0.72366601228714 5.70043992996216
-63 0 0 0.729269981384277 5.74518013000488
-62 0 0 0.734853029251099 5.78987979888916
-61 0 0 0.740417003631592 5.83455991744995
-60 0 0 0.745959997177124 5.87919998168945
-59 0 0 0.751480996608734 5.92379999160767
-58 0 0 0.756982028484344 5.96837997436523
-57 0 0 0.762462019920349 6.01291990280151
-56 0 0 0.767920017242432 6.05742979049683
-55 0 0 0.773356020450592 6.10190010070801
-54 0 0 0.77877002954483 6.14633989334106
-53 0 0 0.784160971641541 6.19074010848999
-52 0 0 0.789529979228973 6.23509979248047
-51 0 0 0.794875979423523 6.27942991256714
-50 24 4 0.800198018550873 6.32371997833252
-49 0 0 0.805498003959656 6.36796998977661
-48 0 0 0.810774028301239 6.41217994689941
-47 0 0 0.816025972366333 6.45634984970093
-46 0 0 0.821254014968872 6.50049018859863
-45 0 0 0.826457023620605 6.54457998275757
-44 0 0 0.831636011600494 6.58863019943237
-43 0 0 0.836790978908539 6.63264989852905
-42 0 0 0.841920018196106 6.67662000656128
-41 0 0 0.847024023532867 6.72054004669189
-40 0 0 0.852102994918823 6.76443004608154
-39 0 0 0.857156991958618 6.80826997756958
-38 0 0 0.86218398809433 6.85206985473633
-37 0 0 0.867186009883881 6.89582014083862
-36 0 0 0.872160971164703 6.93952989578247
-35 0 0 0.87711101770401 6.98320007324219
-34 0 0 0.882032990455627 7.02682018280029
-33 0 0 0.886929988861084 7.07039022445679
-32 0 0 0.891798973083496 7.11392021179199
-31 0 0 0.89664101600647 7.15740013122559
-30 0 0 0.901455998420715 7.20083999633789
-29 0 0 0.906243979930878 7.24422979354858
-28 0 0 0.91100400686264 7.28756999969482
-27 0 0 0.915736019611359 7.33086013793945
-26 0 0 0.920440971851349 7.37411022186279
-25 0 0 0.925118029117584 7.4173002243042
-24 0 0 0.92976701259613 7.46045017242432
-23 0 0 0.934387981891632 7.50355005264282
-22 0 0 0.938979983329773 7.54659986495972
-21 0 0 0.943543970584869 7.58960008621216
-20 0 0 0.948080003261566 7.63254976272583
-19 0 0 0.952585995197296 7.67545986175537
-18 0 0 0.957064986228943 7.71830987930298
-17 0 0 0.961513996124268 7.76110982894897
-16 0 0 0.965933978557587 7.80386018753052
-15 0 0 0.970324993133545 7.84656000137329
-14 0 0 0.974686980247498 7.88921022415161
-13 0 0 0.979019999504089 7.93180990219116
-12 0 0 0.983323991298676 7.97434997558594
-11 0 0 0.98759800195694 8.01685047149658
-10 0 0 0.991842985153198 8.05930042266846
-9 0 0 0.994656980037689 8.08755970001221
-8 0 0 0.99652498960495 8.10639953613281
-7 0 0 0.997766971588135 8.11894989013672
-6 0 0 0.998593986034393 8.12730979919434
-5 0 0 0.999144971370697 8.13288974761963
-4 0 0 0.999511003494263 8.13659954071045
-3 0 0 0.99975597858429 8.13908004760742
-2 0 0 0.999877989292145 8.14031982421875
1 0 0 1 8.14155960083008
1 0 0 1 8.14155960083008
-2 0 0 1.00012004375458 8.14278984069824
-3 0 0 1.00023996829987 8.14402961730957
-4 0 0 1.00048995018005 8.14651012420654
-5 0 0 1.0008499622345 8.15021991729736
-6 0 0 1.00139999389648 8.15579032897949
-7 0 0 1.0022200345993 8.16415023803711
-8 0 0 1.00345003604889 8.17667961120605
-9 0 0 1.00530004501343 8.19546031951904
-10 0 0 1.00804996490479 8.22362041473389
-11 0 0 1.01215004920959 8.26581001281738
-12 0 0 1.01621997356415 8.30795955657959
-13 0 0 1.02025997638702 8.35004997253418
-14 0 0 1.02427005767822 8.39208984375
-15 0 0 1.02824997901917 8.43406963348389
-16 0 0 1.03219997882843 8.4760103225708
-17 0 0 1.03612005710602 8.51788997650146
-18 0 0 1.04000997543335 8.55972003936768
-19 0 0 1.043869972229 8.6015100479126
-20 0 0 1.04770994186401 8.64323043823242
-21 0 0 1.05150997638702 8.68490982055664
-22 0 0 1.05527997016907 8.72653961181641
-23 0 0 1.05902004241943 8.76811981201172
-24 0 0 1.06272995471954 8.8096399307251
-25 0 0 1.06640994548798 8.85111045837402
-26 0 0 1.07007002830505 8.89253997802734
-27 0 0 1.07369005680084 8.93391036987305
-28 0 0 1.07728004455566 8.97523021697998
-29 0 0 1.08083999156952 9.01651000976563
-30 0 0 1.0843700170517 9.05772972106934
-31 0 0 1.08788001537323 9.09889984130859
-32 0 0 1.09134995937347 9.1400203704834
-33 0 0 1.09478998184204 9.18109035491943
-34 0 0 1.09820997714996 9.22212028503418
-35 0 0 1.10159003734589 9.26309013366699
-36 0 0 1.10494005680084 9.30401992797852
-37 0 0 1.10827004909515 9.34490013122559
-38 0 0 1.11155998706818 9.38572978973389
-39 0 0 1.11483001708984 9.42650985717773
-40 0 0 1.11805999279022 9.46724033355713
-41 0 0 1.12126994132996 9.50792980194092
-42 0 0 1.12444996833801 9.54856014251709
-43 0 0 1.12758994102478 9.58915996551514
-44 0 0 1.13071000576019 9.62969970703125
-45 0 0 1.13380002975464 9.67020034790039
-46 0 0 1.13686001300812 9.71065044403076
-47 0 0 1.13988995552063 9.75105953216553
-48 0 0 1.14288997650146 9.79143047332764
-49 0 0 1.14723002910614 9.8503999710083
-50 2 4 1.15151000022888 9.90927982330322
-51 0 0 1.15573000907898 9.9680700302124
-52 0 0 1.15989005565643 10.0268001556396
-53 0 0 1.16398000717163 10.0853996276855
-54 0 0 1.16802000999451 10.1438999176025
-55 0 0 1.17199003696442 10.2023000717163
-56 0 0 1.17590999603271 10.2606000900269
-57 0 0 1.17975997924805 10.3189001083374
-58 0 0 1.18356001377106 10.3770999908447
-59 0 0 1.18728995323181 10.4350996017456
-60 0 0 1.19096994400024 10.4931001663208
-61 0 0 1.19458997249603 10.5510997772217
-62 0 0 1.19815003871918 10.6089000701904
-63 0 0 1.20165002346039 10.6667003631592
-64 0 0 1.20510005950928 10.7243003845215
-65 0 0 1.20849001407623 10.7819995880127
-66 0 0 1.21182000637054 10.8395004272461
-67 0 0 1.21509003639221 10.896900177002
-68 0 0 1.21830999851227 10.9542999267578
-69 0 0 1.22146999835968 11.0116996765137
-70 0 0 1.22458004951477 11.0689001083374
-71 0 0 1.22763001918793 11.1260995864868
-72 0 0 1.23062002658844 11.1831998825073
-73 0 0 1.23355996608734 11.2403001785278
-74 0 0 1.23644995689392 11.2973003387451
-75 0 0 1.23928999900818 11.3542003631592
-76 0 0 1.24205994606018 11.4111003875732
-77 0 0 1.24478995800018 11.4679002761841
-78 0 0 1.24747002124786 11.5247001647949
-79 0 0 1.25009000301361 11.5813999176025
-80 0 0 1.25266003608704 11.6379995346069
-81 0 0 1.25516998767853 11.6946001052856
-82 0 0 1.25764000415802 11.75119972229
-83 0 0 1.26005005836487 11.8077001571655
-84 0 0 1.26242005825043 11.8641004562378
-85 0 0 1.26472997665405 11.9204998016357
-86 0 0 1.26699995994568 11.976900100708
-87 0 0 1.26920998096466 12.0332002639771
-88 0 0 1.27137994766235 12.0895004272461
-89 0 0 1.2734899520874 12.1457996368408
-90 0 0 1.27556002140045 12.2019996643066
-91 0 0 1.27758002281189 12.2581996917725
-92 0 0 1.27954995632172 12.3142995834351
-93 0 0 1.28147995471954 12.370400428772
-94 0 0 1.28336000442505 12.4265003204346
-95 0 0 1.28518998622894 12.4825000762939
-96 0 0 1.28697001934052 12.5385999679565
-97 0 0 1.2887099981308 12.5945997238159
-98 0 0 1.29040002822876 12.6505002975464
-99 0 0 1.29205000400543 12.7065000534058
-100 3 4 1.29365003108978 12.7623996734619
-101 0 0 1.29521000385284 12.8183002471924
-102 0 0 1.29673004150391 12.8741998672485
-103 0 0 1.29820001125336 12.930100440979
-104 0 0 1.29962003231049 12.9858999252319
-105 0 0 1.30101001262665 13.0417003631592
-106 0 0 1.30235004425049 13.0975999832153
-107 0 0 1.30364000797272 13.1534004211426
-108 0 0 1.30490005016327 13.2091999053955
-109 0 0 1.30611002445221 13.2650003433228
-110 0 0 1.30728995800018 13.3207998275757
-111 0 0 1.30841994285583 13.3766002655029
-112 0 0 1.30950999259949 13.4322996139526
-113 0 0 1.31055998802185 13.4881000518799
-114 0 0 1.31157004833221 13.5438995361328
-115 0 0 1.31254005432129 13.5996999740601
-116 0 0 1.31347000598907 13.6554002761841
-117 0 0 1.31436002254486 13.711199760437
-118 0 0 1.31521999835968 13.7670001983643
-119 0 0 1.31603002548218 13.8227996826172
-120 0 0 1.31681001186371 13.8786001205444
-121 0 0 1.31754994392395 13.9343996047974
-122 0 0 1.31824994087219 13.9902000427246
-123 0 0 1.31891000270844 14.0459995269775
-124 0 0 1.31954002380371 14.101900100708
-125 0 0 1.3201299905777 14.1576995849609
-126 0 0 1.32069003582001 14.2136001586914
-127 0 0 1.32120001316071 14.2694997787476
-128 0 0 1.32168996334076 14.325400352478
-129 0 0 1.32213997840881 14.3812999725342
-130 0 0 1.32255005836487 14.4372997283936
-131 0 0 1.32292997837067 14.493200302124
-132 0 0 1.32326996326447 14.5492000579834
-133 0 0 1.32358002662659 14.605299949646
-134 0 0 1.32386004924774 14.6612997055054
-135 0 0 1.32411003112793 14.717399597168
-136 0 0 1.32431995868683 14.7735004425049
-137 0 0 1.32449996471405 14.8296003341675
-138 0 0 1.32464003562927 14.8858003616333
-139 0 0 1.32475996017456 14.9419002532959
-140 0 0 1.32483994960785 14.9982004165649
-141 0 0 1.32489001750946 15.0544004440308
-142 0 0 1.3249100446701 15.1106996536255
-143 4 2 1.3249100446701 15.1183996200562
144 0 0 1.32489001750946 15.1746997833252
145 0 0 1.32484996318817 15.2311000823975
146 0 0 1.32476997375488 15.2875003814697
147 0 0 1.32466995716095 15.3439998626709
148 0 0 1.32453000545502 15.4005002975464
149 0 0 1.32437002658844 15.4569997787476
150 5 4 1.32416999340057 15.5136003494263
151 0 0 1.32395005226135 15.5701999664307
152 0 0 1.32369995117188 15.6268997192383
153 0 0 1.32342004776001 15.6836004257202
154 0 0 1.32310998439789 15.7403001785278
155 0 0 1.32278001308441 15.7972002029419
156 0 0 1.32242000102997 15.8540000915527
157 0 0 1.32202994823456 15.9109001159668
158 0 0 1.32160997390747 15.9679002761841
159 0 0 1.32116997241974 16.0249004364014
160 0 0 1.32070004940033 16.0820007324219
161 0 0 1.32020998001099 16.1390991210938
162 0 0 1.31968998908997 16.1963005065918
163 0 0 1.3191499710083 16.2535991668701
164 0 0 1.31858003139496 16.3108997344971
165 0 0 1.31798994541168 16.368200302124
166 0 0 1.31737005710602 16.4256000518799
167 0 0 1.31673002243042 16.4831008911133
168 0 0 1.31605994701385 16.5407009124756
169 0 0 1.31536996364594 16.5983009338379
170 0 0 1.31465995311737 16.6558990478516
171 0 0 1.31392002105713 16.7136001586914
172 0 0 1.31315994262695 16.7714004516602
173 0 0 1.31237995624542 16.8292999267578
174 0 0 1.31157994270325 16.8871994018555
175 0 0 1.31076002120972 16.9451999664307
176 0 0 1.30991005897522 17.0032997131348
177 0 0 1.30903995037079 17.0613994598389
178 0 0 1.30815994739532 17.1196002960205
179 0 0 1.30725002288818 17.1779003143311
180 0 0 1.30631995201111 17.2362003326416
181 0 0 1.30536997318268 17.2945995330811
182 0 0 1.3043999671936 17.353099822998
183 0 0 1.30341005325317 17.4116992950439
184 0 0 1.30239999294281 17.4703006744385
185 0 0 1.30137002468109 17.5289993286133
186 0 0 1.30033004283905 17.5877990722656
187 0 0 1.29926002025604 17.6466007232666
188 0 0 1.29817998409271 17.7054996490479
189 0 0 1.29708003997803 17.7646007537842
190 0 0 1.29595994949341 17.823600769043
191 0 0 1.29481995105743 17.8827991485596
192 0 0 1.29367005825043 17.9419994354248
193 0 0 1.29250001907349 18.0013008117676
194 0 0 1.2913099527359 18.0606994628906
195 0 0 1.29010999202728 18.1201992034912
196 0 0 1.28889000415802 18.1798000335693
197 0 0 1.28764998912811 18.2394008636475
198 0 0 1.28639996051788 18.2991008758545
199 0 0 1.28514003753662 18.3589000701904
200 6 4 1.28385996818542 18.4188003540039
201 0 0 1.28255999088287 18.4787998199463
202 0 0 1.28125 18.5387992858887
203 0 0 1.27991998195648 18.5988998413086
204 0 0 1.27858996391296 18.6590995788574
205 0 0 1.27723002433777 18.7194004058838
206 0 0 1.27586996555328 18.7798004150391
207 0 0 1.27448999881744 18.8402996063232
208 0 0 1.27310001850128 18.9008007049561
209 0 0 1.27169001102448 18.9615001678467
210 0 0 1.27026998996735 19.0221996307373
211 0 0 1.2688399553299 19.0830001831055
212 0 0 1.26740002632141 19.1438999176025
213 0 0 1.26594996452332 19.2047996520996
214 0 0 1.26447999477386 19.2658996582031
215 0 0 1.26301002502441 19.3271007537842
216 0 0 1.26152002811432 19.3882999420166
217 0 0 1.2600200176239 19.4496002197266
218 0 0 1.25852000713348 19.5109996795654
219 0 0 1.25699996948242 19.5725002288818
220 0 0 1.25547003746033 19.6340999603271
221 0 0 1.25392997264862 19.6956996917725
222 0 0 1.2523900270462 19.7574996948242
223 0 0 1.25083005428314 19.819299697876
224 0 0 1.24925994873047 19.8812999725342
225 0 0 1.24768996238708 19.9433002471924
226 0 0 1.24610996246338 20.0053997039795
227 0 0 1.24451994895935 20.0676002502441
228 0 0 1.24292004108429 20.1298999786377
229 0 0 1.24131000041962 20.1921997070313
230 0 0 1.23969995975494 20.2546997070313
231 0 0 1.23808002471924 20.3171997070313
232 0 0 1.23644995689392 20.3798007965088
233 0 0 1.23482000827789 20.4424991607666
234 0 0 1.23317003250122 20.5053005218506
235 0 0 1.23152995109558 20.5681991577148
236 0 0 1.22986996173859 20.6312007904053
237 0 0 1.22820997238159 20.694299697876
238 0 0 1.2265499830246 20.7574005126953
239 0 0 1.22487998008728 20.8206005096436
240 0 0 1.22319996356964 20.8840007781982
241 0 0 1.221519947052 20.9473991394043
242 0 0 1.21983003616333 21.0109004974365
243 0 0 1.21814000606537 21.0743999481201
244 0 0 1.21644997596741 21.1380996704102
245 0 0 1.21475005149841 21.2017993927002
246 0 0 1.21305000782013 21.2656993865967
247 0 0 1.21133995056152 21.3295993804932
248 0 0 1.20963001251221 21.3936004638672
249 0 0 1.2079199552536 21.4577007293701
250 7 4 1.20620000362396 21.5217990875244
251 0 0 1.20448994636536 21.5860996246338
252 0 0 1.20276999473572 21.6504001617432
253 0 0 1.20104002952576 21.7148990631104
254 0 0 1.19931995868683 21.7793998718262
255 0 0 1.19758999347687 21.8439998626709
256 0 0 1.19586002826691 21.9085998535156
257 0 0 1.19412994384766 21.9734001159668
258 0 0 1.1923999786377 22.038200378418
259 0 0 1.19065999984741 22.103099822998
260 0 0 1.18893003463745 22.1681003570557
261 0 0 1.18719005584717 22.2332000732422
262 0 0 1.18545997142792 22.2984008789063
263 0 0 1.18371999263763 22.3635997772217
264 0 0 1.18198001384735 22.4288997650146
265 0 0 1.18025004863739 22.4943008422852
266 0 0 1.17850995063782 22.5597991943359
267 0 0 1.17676997184753 22.6252994537354
268 0 0 1.17504000663757 22.6909999847412
269 0 0 1.17330002784729 22.7567005157471
270 0 0 1.17156994342804 22.8225002288818
271 0 0 1.16982996463776 22.8883991241455
272 0 0 1.1680999994278 22.9542999267578
273 0 0 1.16637003421783 23.020299911499
274 0 0 1.16463994979858 23.0863990783691
275 0 0 1.16290998458862 23.1525993347168
276 0 0 1.16119003295898 23.2187995910645
277 0 0 1.15945994853973 23.2852001190186
278 0 0 1.1577399969101 23.3516006469727
279 0 0 1.15602004528046 23.4179992675781
280 0 0 1.15429997444153 23.4846000671387
281 0 0 1.15259003639221 23.5512008666992
282 0 0 1.15087997913361 23.6179008483887
283 0 0 1.14917004108429 23.684700012207
284 0 0 1.14745998382568 23.7514991760254
285 0 0 1.14576005935669 23.8183994293213
286 0 0 1.14406001567841 23.8854007720947
287 0 0 1.14235997200012 23.9524002075195
288 0 0 1.14066994190216 24.0195999145508
289 0 0 1.13898003101349 24.086799621582
290 0 0 1.13730001449585 24.1539993286133
291 0 0 1.13561999797821 24.221399307251
292 0 0 1.13393998146057 24.2887992858887
293 0 0 1.13226997852325 24.3561992645264
294 0 0 1.13059997558594 24.4237995147705
295 0 0 1.12892997264862 24.4913997650146
296 0 0 1.12726998329163 24.5590991973877
297 0 0 1.12562000751495 24.6268005371094
298 0 0 1.12397003173828 24.6945991516113
299 0 0 1.12232995033264 24.7625007629395
300 8 4 1.12068998813629 24.8304004669189
301 0 0 1.11905002593994 24.8985004425049
302 0 0 1.11741995811462 24.9664993286133
303 0 0 1.11580002307892 25.0347003936768
304 0 0 1.11417996883392 25.1028995513916
305 0 0 1.11257004737854 25.171199798584
306 0 0 1.11096000671387 25.2395000457764
307 0 0 1.10935997962952 25.3078994750977
308 0 0 1.10775995254517 25.3763999938965
309 0 0 1.10617005825043 25.4449005126953
310 0 0 1.10459005832672 25.513500213623
311 0 0 1.10301005840302 25.5820999145508
312 0 0 1.10143995285034 25.6508007049561
313 0 0 1.09987998008728 25.7196006774902
314 0 0 1.09832000732422 25.7884998321533
315 0 0 1.09677004814148 25.857400894165
316 0 0 1.09521996974945 25.9263000488281
317 0 0 1.09368002414703 25.9953002929688
318 0 0 1.09214997291565 26.0643997192383
319 0 0 1.09063005447388 26.1336002349854
320 0 0 1.08911001682281 26.2028007507324
321 0 0 1.08759999275208 26.2721004486084
322 0 0 1.08608996868134 26.3414001464844
323 0 0 1.08459997177124 26.4108009338379
324 0 0 1.08310997486115 26.4801998138428
325 0 0 1.08161997795105 26.5496997833252
326 0 0 1.0801500082016 26.6193008422852
327 0 0 1.07868003845215 26.6888999938965
328 0 0 1.07721996307373 26.7586002349854
329 0 0 1.07577002048492 26.8283004760742
330 0 0 1.07431995868683 26.898099899292
331 0 0 1.07288002967834 26.9680004119873
332 0 0 1.07144999504089 27.0379009246826
333 0 0 1.07002997398376 27.1079006195068
334 0 0 1.06860995292664 27.1779003143311
335 0 0 1.06720995903015 27.2479991912842
336 0 0 1.06580996513367 27.3180999755859
337 0 0 1.0644199848175 27.3882999420166
338 0 0 1.06303000450134 27.4585990905762
339 0 0 1.06166005134583 27.5289001464844
340 0 0 1.06028997898102 27.5993003845215
341 0 0 1.05893003940582 27.6697006225586
342 0 0 1.05757999420166 27.7402000427246
343 0 0 1.05623996257782 27.8106994628906
344 0 0 1.05490005016327 27.8812999725342
345 0 0 1.05357003211975 27.9519996643066
346 0 0 1.05225002765656 28.0226993560791
347 0 0 1.05094003677368 28.0935001373291
348 0 0 1.04964005947113 28.1643009185791
349 0 0 1.04834997653961 28.235200881958
350 9 4 1.04706001281738 28.3061008453369
351 0 0 1.04578995704651 28.3770999908447
352 0 0 1.04452002048492 28.4480991363525
353 0 0 1.04325997829437 28.5193004608154
354 0 0 1.04200005531311 28.5904006958008
355 0 0 1.0407600402832 28.661600112915
356 0 0 1.03953003883362 28.7329006195068
357 0 0 1.03830003738403 28.80419921875
358 0 0 1.03708004951477 28.8756008148193
359 0 0 1.03586995601654 28.9470996856689
360 0 0 1.03466999530792 29.0184993743896
361 0 0 1.03348004817963 29.0900993347168
362 0 0 1.03229999542236 29.1616992950439
363 0 0 1.0311199426651 29.2334003448486
364 0 0 1.02996003627777 29.3050994873047
365 0 0 1.02880001068115 29.3768997192383
366 0 0 1.02764999866486 29.4486999511719
367 0 0 1.02651000022888 29.5205993652344
368 0 0 1.02538001537323 29.5925006866455
369 0 0 1.0242600440979 29.6644992828369
370 0 0 1.0231499671936 29.7366008758545
371 0 0 1.0220400094986 29.8087005615234
372 0 0 1.02094995975494 29.8808994293213
373 0 0 1.01986002922058 29.9531002044678
374 0 0 1.01877999305725 30.0254001617432
375 0 0 1.01770997047424 30.0977001190186
376 0 0 1.01664996147156 30.1700992584229
377 0 0 1.01559996604919 30.2425994873047
378 0 0 1.01455998420715 30.3150997161865
379 0 0 1.01352000236511 30.3876991271973
380 0 0 1.01250004768372 30.4603004455566
381 0 0 1.01147997379303 30.5330009460449
382 0 0 1.01047003269196 30.6056995391846
383 0 0 1.00947999954224 30.6784992218018
384 0 0 1.00848996639252 30.7513999938965
385 0 0 1.00750994682312 30.8243007659912
386 0 0 1.00653004646301 30.8971996307373
387 0 0 1.00557005405426 30.9703006744385
388 0 0 1.00461995601654 31.043399810791
389 0 0 1.00366997718811 31.1165008544922
390 0 0 1.00273001194 31.1896991729736
391 0 0 1.00180995464325 31.2630004882813
392 0 0 1.00089001655579 31.3362998962402
393 0 0 0.999975979328156 31.4097003936768
394 0 0 0.999074995517731 31.4831008911133
395 0 0 0.998181998729706 31.5566005706787
396 0 0 0.997299015522003 31.630199432373
397 0 0 0.9964240193367 31.703800201416
398 0 0 0.995558023452759 31.7775001525879
399 0 0 0.994701027870178 31.8512001037598
400 10 4 0.993852019309998 31.9249992370605
401 0 0 0.993013024330139 31.9988994598389
402 0 0 0.992182016372681 32.0727996826172
403 0 0 0.991360008716583 32.146800994873
404 0 0 0.990547001361847 32.2207984924316
405 0 0 0.989742994308472 32.2948989868164
406 0 0 0.988947987556458 32.3690986633301
407 0 0 0.988161027431488 32.4432983398438
408 0 0 0.987383008003235 32.5176010131836
409 0 0 0.986613988876343 32.5919990539551
410 0 0 0.985854029655457 32.6664009094238
411 0 0 0.985101997852325 32.7408981323242
412 0 0 0.9843590259552 32.8153991699219
413 0 0 0.983624994754791 32.8899993896484
414 0 0 0.982900023460388 32.9646987915039
415 0 0 0.98218297958374 33.0393981933594
416 0 0 0.981474995613098 33.114200592041
417 0 0 0.980776011943817 33.1889991760254
418 0 0 0.980085015296936 33.2639999389648
419 0 0 0.979403018951416 33.3389015197754
420 0 0 0.978730022907257 33.4140014648438
421 0 0 0.978065013885498 33.4891014099121
422 0 0 0.9774090051651 33.5643005371094
423 0 0 0.976761996746063 33.6394996643066
424 0 0 0.976122975349426 33.7148017883301
425 0 0 0.975493013858795 33.7901992797852
426 0 0 0.97487199306488 33.8656005859375
427 0 0 0.97425901889801 33.9411010742188
428 0 0 0.973654985427856 34.0167007446289
429 0 0 0.973058998584747 34.0923004150391
430 0 0 0.972472012042999 34.1679992675781
431 0 0 0.971893012523651 34.2438011169434
432 0 0 0.971323013305664 34.3195991516113
433 0 0 0.970762014389038 34.3955001831055
434 0 0 0.970209002494812 34.4715003967285
435 0 0 0.969663977622986 34.5475006103516
436 0 0 0.969128012657166 34.6236000061035
437 0 0 0.968600988388062 34.6997985839844
438 0 0 0.968082010746002 34.7761001586914
439 0 0 0.967571020126343 34.8524017333984
440 0 0 0.9670689702034 34.9286994934082
441 0 0 0.966575026512146 35.005199432373
442 0 0 0.966090023517609 35.0816993713379
443 0 0 0.965613007545471 35.1582984924316
444 0 0 0.965144991874695 35.2349014282227
445 0 0 0.964684009552002 35.3115997314453
446 0 0 0.964232981204987 35.3884010314941
447 0 0 0.963788986206055 35.4653015136719
448 0 0 0.963353991508484 35.5421981811523
449 0 0 0.962926983833313 35.6192016601563
450 11 4 0.962508976459503 35.6963005065918
451 0 0 0.962099015712738 35.7733993530273
452 0 0 0.961696982383728 35.850700378418
453 0 0 0.961302995681763 35.9278984069824
454 0 0 0.960918009281158 36.005298614502
455 0 0 0.960541009902954 36.0826988220215
456 0 0 0.96017199754715 36.1601982116699
457 0 0 0.959810972213745 36.2378005981445
458 0 0 0.959459006786346 36.3153991699219
459 0 0 0.959115028381348 36.3931999206543
460 0 0 0.958778977394104 36.4709014892578
461 0 0 0.958450973033905 36.5488014221191
462 0 0 0.958131015300751 36.6267013549805
463 0 0 0.957819998264313 36.7047004699707
464 0 0 0.957516014575958 36.7827987670898
465 0 0 0.95722097158432 36.8610000610352
466 0 0 0.956933975219727 36.9392013549805
467 0 0 0.956655025482178 37.0175018310547
468 0 0 0.956382989883423 37.0959014892578
469 0 0 0.956120014190674 37.1743011474609
470 0 0 0.955865025520325 37.252799987793
471 0 0 0.955618977546692 37.3314018249512
472 0 0 0.955380022525787 37.410099029541
473 0 0 0.955148994922638 37.488899230957
474 0 0 0.954926013946533 37.567699432373
475 0 0 0.954711019992828 37.646598815918
476 0 0 0.954504013061523 37.7254981994629
477 0 0 0.954304993152618 37.8045997619629
478 0 0 0.954114019870758 37.8837013244629
479 0 0 0.953930974006653 37.9628982543945
480 0 0 0.953755021095276 38.0421981811523
481 0 0 0.953588008880615 38.1214981079102
482 0 0 0.953428983688354 38.2009010314941
483 0 0 0.953276991844177 38.2803993225098
484 0 0 0.9531329870224 38.3600006103516
485 0 0 0.952997028827667 38.4397010803223
486 0 0 0.95286899805069 38.519401550293
487 0 0 0.952749013900757 38.5992012023926
488 0 0 0.952637016773224 38.6791000366211
489 0 0 0.95253199338913 38.7589988708496
490 0 0 0.95243501663208 38.8390998840332
491 0 0 0.95234602689743 38.9192008972168
492 0 0 0.952265024185181 38.9994010925293
493 0 0 0.95219099521637 39.0797004699707
494 0 0 0.952125012874603 39.1599998474121
495 0 0 0.952067017555237 39.2403984069824
496 0 0 0.952015995979309 39.3208999633789
497 0 0 0.951973974704742 39.4015007019043
498 0 0 0.951937973499298 39.4821014404297
499 0 0 0.951910972595215 39.5629005432129
500 12 4 0.951891005039215 39.6436996459961
501 0 0 0.951879024505615 39.7246017456055
502 0 0 0.951874017715454 39.8055000305176
-503 13 2 0.951874017715454 39.8143005371094
-504 0 0 0.951878011226654 39.8953018188477
-505 0 0 0.951888978481293 39.9765014648438
-506 0 0 0.951907992362976 40.0577011108398
-507 0 0 0.951934993267059 40.1389999389648
-508 0 0 0.951969027519226 40.2202987670898
-509 0 0 0.952009975910187 40.3017997741699
-510 0 0 0.952058970928192 40.38330078125
-511 0 0 0.952116012573242 40.464900970459
-512 0 0 0.952180027961731 40.5466003417969
-513 0 0 0.952251970767975 40.6282997131348
-514 0 0 0.952331006526947 40.7100982666016
-515 0 0 0.952417016029358 40.7920989990234
-516 0 0 0.952511012554169 40.8740005493164
-517 0 0 0.952612996101379 40.9561004638672
-518 0 0 0.952720999717712 41.0382995605469
-519 0 0 0.952838003635406 41.1204986572266
-520 0 0 0.952961027622223 41.2028007507324
-521 0 0 0.953091979026794 41.2851982116699
-522 0 0 0.953230023384094 41.3675994873047
-523 0 0 0.953375995159149 41.4501991271973
-524 0 0 0.953529000282288 41.5327987670898
-525 0 0 0.953688979148865 41.6155014038086
-526 0 0 0.953857004642487 41.698299407959
-527 0 0 0.954032003879547 41.7811012268066
-528 0 0 0.954213976860046 41.8641014099121
-529 0 0 0.954402983188629 41.9471015930176
-530 0 0 0.954599976539612 42.030200958252
-531 0 0 0.954804003238678 42.1133003234863
-532 0 0 0.955015003681183 42.1966018676758
-533 0 0 0.955233991146088 42.279899597168
-534 0 0 0.955458998680115 42.3633003234863
-535 0 0 0.955691993236542 42.4468002319336
-536 0 0 0.955932021141052 42.5303001403809
-537 0 0 0.956179022789001 42.6139984130859
-538 0 0 0.956432998180389 42.6977005004883
-539 0 0 0.956694006919861 42.7815017700195
-540 0 0 0.956963002681732 42.8653984069824
-541 0 0 0.957238972187042 42.9492988586426
-542 0 0 0.957521021366119 43.0332984924316
-543 0 0 0.957810997962952 43.1174011230469
-544 0 0 0.958108007907867 43.2015991210938
-545 0 0 0.958411991596222 43.2859001159668
-546 0 0 0.95872300863266 43.3702011108398
-547 0 0 0.959039986133575 43.4546012878418
-548 0 0 0.959365010261536 43.5391006469727
-549 0 0 0.959697008132935 43.6236991882324
-550 14 4 0.960035979747772 43.7083015441895
-551 0 0 0.960381984710693 43.793098449707
-552 0 0 0.960735023021698 43.8778991699219
-553 0 0 0.961094975471497 43.9626998901367
-554 0 0 0.961462020874023 44.0476989746094
-555 0 0 0.961835026741028 44.1327018737793
-556 0 0 0.962216019630432 44.2178001403809
-557 0 0 0.962602972984314 44.3030014038086
-558 0 0 0.96299797296524 44.3883018493652
-559 0 0 0.963398993015289 44.4735984802246
-560 0 0 0.963806986808777 44.5589981079102
-561 0 0 0.964222013950348 44.6445007324219
-562 0 0 0.964643001556396 44.7299995422363
-563 0 0 0.965071976184845 44.8157005310059
-564 0 0 0.965506970882416 44.9014015197754
-565 0 0 0.96594899892807 44.9872016906738
-566 0 0 0.966398000717163 45.0730018615723
-567 0 0 0.966853976249695 45.1590003967285
-568 0 0 0.967315971851349 45.2449989318848
-569 0 0 0.967785000801086 45.3311004638672
-570 0 0 0.968261003494263 45.4171981811523
-571 0 0 0.968743026256561 45.5033988952637
-572 0 0 0.969232022762299 45.5898017883301
-573 0 0 0.969727993011475 45.6761016845703
-574 0 0 0.970230996608734 45.7625999450684
-575 0 0 0.970740020275116 45.8490982055664
-576 0 0 0.971256017684937 45.9356994628906
-577 0 0 0.971777975559235 46.0223999023438
-578 0 0 0.972307026386261 46.1091003417969
-579 0 0 0.972842991352081 46.1958999633789
-580 0 0 0.973384976387024 46.2827987670898
-581 0 0 0.97393399477005 46.369800567627
-582 0 0 0.974488973617554 46.4567985534668
-583 0 0 0.975050985813141 46.5438995361328
-584 0 0 0.97561901807785 46.6310997009277
-585 0 0 0.976194024085999 46.7183990478516
-586 0 0 0.976774990558624 46.8056983947754
-587 0 0 0.977362990379333 46.8931007385254
-588 0 0 0.977957010269165 46.9804992675781
-589 0 0 0.978558003902435 47.0680999755859
-590 0 0 0.979165017604828 47.1557006835938
-591 0 0 0.979779005050659 47.2433013916016
-592 0 0 0.980399012565613 47.3311004638672
-593 0 0 0.981024980545044 47.4188995361328
-594 0 0 0.981657981872559 47.5068016052246
-595 0 0 0.982297003269196 47.5946998596191
-596 0 0 0.982942998409271 47.6827011108398
-597 0 0 0.983595013618469 47.7708015441895
-598 0 0 0.984252989292145 47.859001159668
-599 0 0 0.984916985034943 47.9472007751465
-600 15 4 0.985588014125824 48.0354995727539
-601 0 0 0.986265003681183 48.1237983703613
-602 0 0 0.986948013305664 48.2122993469238
-603 0 0 0.987637996673584 48.3007011413574
-604 0 0 0.988334000110626 48.3893013000488
-605 0 0 0.989036023616791 48.4779014587402
-606 0 0 0.989744007587433 48.5666007995605
-607 0 0 0.990459024906158 48.6553993225098
-608 0 0 0.9911789894104 48.7442016601563
-609 0 0 0.991905987262726 48.8330993652344
-610 0 0 0.992639005184174 48.9220008850098
-611 0 0 0.993377983570099 49.011100769043
-612 0 0 0.994123995304108 49.1001014709473
-613 0 0 0.994875013828278 49.1893005371094
-614 0 0 0.995633006095886 49.2784996032715
-615 0 0 0.996396005153656 49.3678016662598
-616 0 0 0.997165977954865 49.4570999145508
-617 0 0 0.997941970825195 49.546501159668
-618 0 0 0.998722970485687 49.6360015869141
-619 0 0 0.999511003494263 49.7254981994629
-620 0 0 1.0003000497818 49.8151016235352
-621 0 0 1.00109994411469 49.9047012329102
-622 0 0 1.00190997123718 49.994499206543
-623 0 0 1.00271999835968 50.0842018127441
-624 0 0 1.0035400390625 50.1740989685059
-625 0 0 1.00435996055603 50.2639999389648
-626 0 0 1.00519001483917 50.3539009094238
-627 0 0 1.00602996349335 50.4439010620117
-628 0 0 1.00687003135681 50.5340003967285
-629 0 0 1.00771999359131 50.6241989135742
-630 0 0 1.00856995582581 50.7144012451172
-631 0 0 1.00943005084991 50.8045997619629
-632 0 0 1.01030004024506 50.8949012756348
-633 0 0 1.0111700296402 50.9852981567383
-634 0 0 1.01204001903534 51.0756988525391
-635 0 0 1.0129200220108 51.1661987304688
-636 0 0 1.01381003856659 51.2568016052246
-637 0 0 1.01470994949341 51.3474006652832
-638 0 0 1.01560997962952 51.4379997253418
-639 0 0 1.01651000976563 51.5288009643555
-640 0 0 1.01742005348206 51.619499206543
-641 0 0 1.01833999156952 51.7103996276855
-642 0 0 1.01926004886627 51.8012008666992
-643 0 0 1.02019000053406 51.8922004699707
-644 0 0 1.02112996578217 51.9832000732422
-645 0 0 1.02206003665924 52.0741996765137
-646 0 0 1.02301001548767 52.1652984619141
-647 0 0 1.0239599943161 52.2565002441406
-648 0 0 1.02491998672485 52.3476982116699
-649 0 0 1.02587997913361 52.4389991760254
-650 16 4 1.02684998512268 52.5303001403809
-651 0 0 1.02781999111176 52.6217002868652
-652 0 0 1.02880001068115 52.7131004333496
-653 0 0 1.02978003025055 52.8045997619629
-654 0 0 1.03076994419098 52.8960990905762
-655 0 0 1.03176999092102 52.9877014160156
-656 0 0 1.03277003765106 53.0793991088867
-657 0 0 1.03377997875214 53.1711006164551
-658 0 0 1.0347900390625 53.2627983093262
-659 0 0 1.0358099937439 53.3545989990234
-660 0 0 1.03682994842529 53.4463996887207
-661 0 0 1.0378600358963 53.5382995605469
-662 0 0 1.03889000415802 53.630298614502
-663 0 0 1.03992998600006 53.7221984863281
-664 0 0 1.04097998142242 53.8143005371094
-665 0 0 1.04202997684479 53.9063987731934
-666 0 0 1.04307997226715 53.9985008239746
-667 0 0 1.04413998126984 54.0906982421875
-668 0 0 1.04521000385284 54.1828994750977
-669 0 0 1.04628002643585 54.2751998901367
-670 0 0 1.04735994338989 54.3675003051758
-671 0 0 1.04843997955322 54.4598999023438
-672 0 0 1.04953002929688 54.5522994995117
-673 0 0 1.05061995983124 54.6447982788086
-674 0 0 1.05172002315521 54.7373008728027
-675 0 0 1.0528199672699 54.8298988342285
-676 0 0 1.05393004417419 54.9225006103516
-677 0 0 1.0550400018692 55.0150985717773
-678 0 0 1.05615997314453 55.1077995300293
-679 0 0 1.05728995800018 55.2005996704102
-680 0 0 1.05841994285583 55.2933006286621
-681 0 0 1.05955004692078 55.3861999511719
-682 0 0 1.06069004535675 55.4790000915527
-683 0 0 1.06183004379272 55.5719985961914
-684 0 0 1.06298005580902 55.6649017333984
-685 0 0 1.06413996219635 55.7579002380371
-686 0 0 1.06529998779297 55.851001739502
-687 0 0 1.06647002696991 55.9440002441406
-688 0 0 1.06763994693756 56.0372009277344
-689 0 0 1.0688099861145 56.130298614502
-690 0 0 1.06999003887177 56.2234992980957
-691 0 0 1.07117998600006 56.3167991638184
-692 0 0 1.07237005233765 56.410099029541
-693 0 0 1.07355999946594 56.5033988952637
-694 0 0 1.07475996017456 56.5968017578125
-695 0 0 1.07597005367279 56.6902008056641
-696 0 0 1.07718002796173 56.7836990356445
-697 0 0 1.07840001583099 56.8772010803223
-698 0 0 1.07962000370026 56.9706993103027
-699 0 0 1.08083999156952 57.0643005371094
-700 17 4 1.0820699930191 57.157901763916
-701 0 0 1.08331000804901 57.2514991760254
-702 0 0 1.08455002307892 57.3451995849609
-703 0 0 1.08579003810883 57.4388999938965
-704 0 0 1.08703994750977 57.5326995849609
-705 0 0 1.08829998970032 57.6264991760254
-706 0 0 1.08956003189087 57.7202987670898
-707 0 0 1.09081995487213 57.8142013549805
-708 0 0 1.09209001064301 57.9081001281738
-709 0 0 1.09336996078491 58.0019989013672
-710 0 0 1.09464001655579 58.0960006713867
-711 0 0 1.09592998027802 58.189998626709
-712 0 0 1.09721994400024 58.2840003967285
-713 0 0 1.09851002693176 58.378101348877
-714 0 0 1.09981000423431 58.4721984863281
-715 0 0 1.10110998153687 58.5663986206055
-716 0 0 1.10241997241974 58.6605987548828
-717 0 0 1.10372996330261 58.7547988891602
-718 0 0 1.10504996776581 58.8489990234375
-719 0 0 1.106369972229 58.9432983398438
-720 0 0 1.10769999027252 59.0377006530762
-721 0 0 1.10903000831604 59.1319999694824
-722 0 0 1.11036002635956 59.2263984680176
-723 0 0 1.1117000579834 59.32080078125
-724 0 0 1.11304998397827 59.4152984619141
-725 0 0 1.11440002918243 59.5097007751465
-726 0 0 1.11574995517731 59.6041984558105
-727 0 0 1.11711001396179 59.6987991333008
-728 0 0 1.11847996711731 59.793399810791
-729 0 0 1.11984002590179 59.8880004882813
-730 0 0 1.12121999263763 59.9826011657715
-731 0 0 1.12258994579315 60.0773010253906
-732 0 0 1.1239800453186 60.1720008850098
-733 0 0 1.12536001205444 60.2667007446289
-734 0 0 1.12674999237061 60.361400604248
-735 0 0 1.12814998626709 60.4561996459961
-736 0 0 1.12954998016357 60.5509986877441
-737 0 0 1.13094997406006 60.6459007263184
-738 0 0 1.13235998153687 60.7406997680664
-739 0 0 1.13378000259399 60.8356018066406
-740 0 0 1.1351900100708 60.9305992126465
-741 0 0 1.13662004470825 61.0255012512207
-742 0 0 1.13803994655609 61.1204986572266
-743 0 0 1.13947999477386 61.2154998779297
-744 0 0 1.14091002941132 61.3105010986328
-745 0 0 1.1423499584198 61.4056015014648
-746 0 0 1.1438000202179 61.5007019042969
-747 0 0 1.1452499628067 61.5957984924316
-748 0 0 1.1467000246048 61.6910018920898
-749 0 0 1.14815998077393 61.7860984802246
-750 18 4 1.14962005615234 61.8813018798828
-751 0 0 1.15109002590179 61.9765014648438
-752 0 0 1.15255999565125 62.0718002319336
-753 0 0 1.1540299654007 62.1669998168945
-754 0 0 1.15550994873047 62.2622985839844
-755 0 0 1.15699005126953 62.3577003479004
-756 0 0 1.15848004817963 62.4529991149902
-757 0 0 1.15998005867004 62.5484008789063
-758 0 0 1.16147005558014 62.643798828125
-759 0 0 1.16296994686127 62.739200592041
-760 0 0 1.16447997093201 62.8345985412598
-761 0 0 1.16598999500275 62.9300994873047
-762 0 0 1.16750001907349 63.0256004333496
-763 0 0 1.16902005672455 63.1211013793945
-764 0 0 1.17053997516632 63.2165985107422
-765 0 0 1.17207002639771 63.312198638916
-766 0 0 1.1735999584198 63.4076995849609
-767 0 0 1.17513000965118 63.5032997131348
-768 0 0 1.1766699552536 63.5989990234375
-769 0 0 1.17822003364563 63.6945991516113
-770 0 0 1.17975997924805 63.7902984619141
-771 0 0 1.18131995201111 63.8860015869141
-772 0 0 1.18287003040314 63.9817008972168
-773 0 0 1.1844300031662 64.0774002075195
-774 0 0 1.18599998950958 64.1731033325195
-775 0 0 1.18755996227264 64.2688980102539
-776 0 0 1.18913996219635 64.3647003173828
-777 0 0 1.19070994853973 64.4605026245117
-778 0 0 1.19228994846344 64.5562973022461
-779 0 0 1.19387996196747 64.6521987915039
-780 0 0 1.1954699754715 64.7481002807617
-781 0 0 1.19705998897552 64.8440017700195
-782 0 0 1.19866001605988 64.9399032592773
-783 0 0 1.20026004314423 65.0357971191406
-784 0 0 1.20185995101929 65.1316986083984
-785 0 0 1.20346999168396 65.2276992797852
-786 0 0 1.20509004592896 65.3236999511719
-787 0 0 1.20669996738434 65.4197006225586
-788 0 0 1.20833003520966 65.5157012939453
-789 0 0 1.20994997024536 65.6118011474609
-790 0 0 1.21158003807068 65.7078018188477
-791 0 0 1.21320998668671 65.8039016723633
-792 0 0 1.21484994888306 65.9000015258789
-793 0 0 1.2164900302887 65.9961013793945
-794 0 0 1.21814000606537 66.0922012329102
-795 0 0 1.21978998184204 66.1884002685547
-796 0 0 1.22143995761871 66.2845001220703
-797 0 0 1.22309994697571 66.3806991577148
-798 0 0 1.22476005554199 66.4768981933594
-799 0 0 1.22642004489899 66.5730972290039
-800 19 4 1.2280900478363 66.6692962646484
-801 0 0 1.22976994514465 66.7656021118164
-802 0 0 1.23143994808197 66.8618011474609
-803 0 0 1.23311996459961 66.9580993652344
-804 0 0 1.23480999469757 67.0543975830078
-805 0 0 1.23650002479553 67.1507034301758
-806 0 0 1.23819005489349 67.2470016479492
-807 0 0 1.23988997936249 67.3433990478516
-808 0 0 1.24159002304077 67.439697265625
-809 0 0 1.24328994750977 67.5361022949219
-810 0 0 1.24500000476837 67.6324996948242
-811 0 0 1.24670994281769 67.7288970947266
-812 0 0 1.24843001365662 67.8253021240234
-813 0 0 1.25014996528625 67.9216995239258
-814 0 0 1.25187003612518 68.0182037353516
-815 0 0 1.25360000133514 68.1146011352539
-816 0 0 1.2553299665451 68.2110977172852
-817 0 0 1.25706005096436 68.3076019287109
-818 0 0 1.25880002975464 68.4040985107422
-819 0 0 1.26055002212524 68.500602722168
-820 0 0 1.26229000091553 68.5970993041992
-821 0 0 1.26403999328613 68.693603515625
-822 0 0 1.26579999923706 68.7901992797852
-823 0 0 1.26756000518799 68.8867034912109
-824 0 0 1.26932001113892 68.9832992553711
-825 0 0 1.27108001708984 69.0799026489258
-826 0 0 1.27285003662109 69.1764984130859
-827 0 0 1.27462005615234 69.2731018066406
-828 0 0 1.27639997005463 69.3696975708008
-829 0 0 1.2781800031662 69.4664001464844
-830 0 0 1.27997004985809 69.5630035400391
-831 0 0 1.28174996376038 69.6596984863281
-832 0 0 1.28355002403259 69.7564010620117
-833 0 0 1.2853399515152 69.8531036376953
-834 0 0 1.28714001178741 69.9497985839844
-835 0 0 1.28893995285034 70.046501159668
-836 0 0 1.29075002670288 70.1432037353516
-837 0 0 1.29255998134613 70.2398986816406
-838 0 0 1.29437005519867 70.3367004394531
-839 0 0 1.29619002342224 70.4334030151367
-840 0 0 1.29800999164581 70.5301971435547
-841 0 0 1.29983997344971 70.6268997192383
-842 0 0 1.3016699552536 70.7237014770508
-843 0 0 1.30350005626678 70.8205032348633
-844 0 0 1.305340051651 70.9172973632813
-845 0 0 1.3071700334549 71.0140991210938
-846 0 0 1.30902004241943 71.1110000610352
-847 0 0 1.31087005138397 71.2078018188477
-848 0 0 1.31271994113922 71.3047027587891
-849 0 0 1.31456995010376 71.401496887207
-850 20 4 1.31642997264862 71.4983978271484
-851 0 0 1.31828999519348 71.5952987670898
-852 0 0 1.32016003131866 71.6921005249023
-853 0 0 1.32202005386353 71.7890014648438
-854 0 0 1.32389998435974 71.8859024047852
-855 0 0 1.32577002048492 71.9829025268555
-856 0 0 1.32764995098114 72.0798034667969
-857 0 0 1.32954001426697 72.1766967773438
-858 0 0 1.33141994476318 72.2735977172852
-859 0 0 1.33331000804901 72.3705978393555
-860 0 0 1.33520996570587 72.4675979614258
-861 0 0 1.33711004257202 72.5644989013672
-862 0 0 1.33901000022888 72.6614990234375
-863 0 0 1.34090995788574 72.7584991455078
-864 0 0 1.34282004833221 72.8554992675781
-865 0 0 1.3447300195694 72.9524993896484
-866 0 0 1.3466500043869 73.0494995117188
-867 0 0 1.34856998920441 73.1464996337891
-868 0 0 1.35048997402191 73.2434997558594
-869 0 0 1.35241997241974 73.3405990600586
-870 0 0 1.35434997081757 73.4375991821289
-871 0 0 1.35627996921539 73.5345993041992
-872 0 0 1.35821998119354 73.6316986083984
-873 0 0 1.36015999317169 73.7287979125977
-874 0 0 1.36210000514984 73.825798034668
-875 0 0 1.36405003070831 73.9228973388672
-876 0 0 1.36600005626678 74.0199966430664
-877 0 0 1.36795997619629 74.1171035766602
-878 0 0 1.36991000175476 74.2142028808594
-879 0 0 1.37188005447388 74.3113021850586
-880 0 0 1.37383997440338 74.4084014892578
-881 0 0 1.3758100271225 74.505500793457
-882 0 0 1.37777996063232 74.6026000976563
-883 0 0 1.37976002693176 74.6997985839844
-884 0 0 1.38173997402191 74.7968978881836
-885 0 0 1.38372004032135 74.8940963745117
-886 0 0 1.38571000099182 74.9912033081055
-887 0 0 1.38769996166229 75.0884017944336
-888 0 0 1.38969004154205 75.1855010986328
-889 0 0 1.39169001579285 75.2826995849609
-890 0 0 1.39368999004364 75.3798980712891
-891 0 0 1.39568996429443 75.4770965576172
-892 0 0 1.39769995212555 75.5742034912109
-893 0 0 1.39971005916595 75.6714019775391
-894 0 0 1.40172004699707 75.7686004638672
-895 0 0 1.40374004840851 75.8657989501953
-896 0 0 1.40576004981995 75.9630966186523
-897 0 0 1.40778994560242 76.060302734375
-898 0 0 1.40980994701385 76.1575012207031
-899 0 0 1.41183996200562 76.2546997070313
-900 21 4 1.4138799905777 76.3518981933594
-901 0 0 1.41592001914978 76.4492034912109
-902 0 0 1.41796004772186 76.5464019775391
-903 0 0 1.42000997066498 76.6436996459961
-904 0 0 1.42204999923706 76.7408981323242
-905 0 0 1.42411005496979 76.8382034301758
-906 0 0 1.4261599779129 76.9354019165039
-907 0 0 1.42822003364563 77.0326995849609
-908 0 0 1.43027997016907 77.129997253418
-909 0 0 1.43235003948212 77.2273025512695
-910 0 0 1.43441998958588 77.3245010375977
-911 0 0 1.43649005889893 77.4217987060547
-912 0 0 1.43857002258301 77.5190963745117
-913 0 0 1.44064998626709 77.6164016723633
-914 0 0 1.44272994995117 77.7136993408203
-915 0 0 1.44482004642487 77.8109970092773
-916 0 0 1.44691002368927 77.9083023071289
-917 0 0 1.44900000095367 78.0055999755859
-918 0 0 1.4510999917984 78.1029968261719
-919 0 0 1.45319998264313 78.2003021240234
-920 0 0 1.45529997348785 78.2975997924805
-921 0 0 1.4574099779129 78.3948974609375
-922 0 0 1.45951998233795 78.492301940918
-923 0 0 1.461629986763 78.589599609375
-924 0 0 1.46375000476837 78.686897277832
-925 0 0 1.46587002277374 78.7843017578125
-926 0 0 1.46800005435944 78.8815994262695
-927 0 0 1.47011995315552 78.9789962768555
-928 0 0 1.47224998474121 79.076301574707
-929 0 0 1.47439002990723 79.173698425293
-930 0 0 1.47652995586395 79.2710037231445
-931 0 0 1.47867000102997 79.3684005737305
-932 0 0 1.48081004619598 79.4657974243164
-933 0 0 1.48295998573303 79.563102722168
-934 0 0 1.48511004447937 79.6604995727539
-935 0 0 1.48726999759674 79.7578964233398
-936 0 0 1.48942005634308 79.8553009033203
-937 0 0 1.49158000946045 79.9525985717773
-938 0 0 1.49374997615814 80.0500030517578
-939 0 0 1.49591994285583 80.1473999023438
-940 0 0 1.49809002876282 80.2447967529297
-941 0 0 1.50025999546051 80.3422012329102
-942 0 0 1.50243997573853 80.4395980834961
-943 0 0 1.50461995601654 80.5370025634766
-944 0 0 1.50680994987488 80.6343994140625
-945 0 0 1.50899994373322 80.7317962646484
-946 0 0 1.51119005680084 80.8292007446289
-947 0 0 1.51338994503021 80.9265975952148
-948 0 0 1.51558005809784 81.0240020751953
-949 0 0 1.51778995990753 81.1213989257813
-950 22 4 1.51998996734619 81.2188034057617
-951 0 0 1.52219998836517 81.3162994384766
-952 0 0 1.52441000938416 81.4136962890625
-953 0 0 1.52663004398346 81.511100769043
-954 0 0 1.52884995937347 81.6084976196289
-955 0 0 1.53106999397278 81.7059020996094
-956 0 0 1.53329002857208 81.8033981323242
-957 0 0 1.53551995754242 81.9008026123047
-958 0 0 1.53775000572205 81.9981994628906
-959 0 0 1.53998994827271 82.095703125
-960 0 0 1.54223001003265 82.1930999755859
-961 0 0 1.54446995258331 82.2904968261719
-962 0 0 1.54672002792358 82.3880004882813
-963 0 0 1.54896998405457 82.4853973388672
-964 0 0 1.55122005939484 82.5829010009766
-965 0 0 1.55347001552582 82.6802978515625
-966 0 0 1.55572998523712 82.7778015136719
-967 0 0 1.55799996852875 82.8751983642578
-968 0 0 1.56026005744934 82.9726028442383
-969 0 0 1.56253004074097 83.0700988769531
-970 0 0 1.56480002403259 83.1675033569336
-971 0 0 1.56708002090454 83.2649993896484
-972 0 0 1.56936001777649 83.3623962402344
-973 0 0 1.57164001464844 83.4598999023438
-974 0 0 1.57393002510071 83.5574035644531
-975 0 0 1.57622003555298 83.6548004150391
-976 0 0 1.57851004600525 83.7522964477539
-977 0 0 1.58080995082855 83.8497009277344
-978 0 0 1.58310997486115 83.9471969604492
-979 0 0 1.58540999889374 84.0446014404297
-980 0 0 1.58771002292633 84.1420974731445
-981 0 0 1.59001994132996 84.2396011352539
-982 0 0 1.59233999252319 84.3369979858398
-983 0 0 1.59465003013611 84.4345016479492
-984 0 0 1.59696996212006 84.5319976806641
-985 0 0 1.59929001331329 84.6294021606445
-986 0 0 1.60161995887756 84.7268981933594
-987 0 0 1.60395002365112 84.8244018554688
-988 0 0 1.60627996921539 84.9217987060547
-989 0 0 1.60862004756927 85.0193023681641
-990 0 0 1.61096000671387 85.1167984008789
-991 0 0 1.61329996585846 85.2142028808594
-992 0 0 1.61565005779266 85.3116989135742
-993 0 0 1.61800003051758 85.4092025756836
-994 0 0 1.62035000324249 85.5065994262695
-995 0 0 1.62270998954773 85.6041030883789
-996 0 0 1.62506997585297 85.7015991210938
-997 0 0 1.6274299621582 85.7991027832031
-998 0 0 1.62979996204376 85.8964996337891
-999 0 0 1.63216996192932 85.9940032958984
-1000 23 9 1.63453996181488 86.0914993286133
