-1000 43 9 -5.65818977355957 -17.8955993652344
-999 0 0 -5.65231990814209 -17.8929004669189
-998 0 0 -5.64645004272461 -17.890100479126
-997 0 0 -5.64057016372681 -17.8873996734619
-996 0 0 -5.63469982147217 -17.8847007751465
-995 0 0 -5.62882995605469 -17.8819999694824
-994 0 0 -5.62295007705688 -17.8791999816895
-993 0 0 -5.61707019805908 -17.8764991760254
-992 0 0 -5.61119985580444 -17.87380027771
-991 0 0 -5.60531997680664 -17.871000289917
-990 0 0 -5.59944009780884 -17.868200302124
-989 0 0 -5.59356021881104 -17.86549949646
-988 0 0 -5.58766984939575 -17.862699508667
-987 0 0 -5.58178997039795 -17.859899520874
-986 0 0 -5.57591009140015 -17.8570995330811
-985 0 0 -5.57002019882202 -17.8542995452881
-984 0 0 -5.56412982940674 -17.8514995574951
-983 0 0 -5.55824995040894 -17.8486995697021
-982 0 0 -5.55236005783081 -17.8458995819092
-981 0 0 -5.54647016525269 -17.8430995941162
-980 0 0 -5.5405797958374 -17.8402996063232
-979 0 0 -5.53467988967896 -17.8374004364014
-978 0 0 -5.52878999710083 -17.8346004486084
-977 0 0 -5.52290010452271 -17.8318004608154
-976 0 0 -5.51700019836426 -17.8288993835449
-975 0 0 -5.51109981536865 -17.826099395752
-974 0 0 -5.50520992279053 -17.8232002258301
-973 0 0 -5.49931001663208 -17.8202991485596
-972 0 0 -5.49341011047363 -17.8173999786377
-971 0 0 -5.48751020431519 -17.8145008087158
-970 0 0 -5.48159980773926 -17.8117008209229
-969 0 0 -5.47569990158081 -17.8087997436523
-968 0 0 -5.46979999542236 -17.8057994842529
-967 0 0 -5.46389007568359 -17.8029003143311
-966 0 0 -5.45798015594482 -17.7999992370605
-965 0 0 -5.45207977294922 -17.7971000671387
-964 0 0 -5.44616985321045 -17.7940998077393
-963 0 0 -5.44025993347168 -17.7912006378174
-962 0 0 -5.43435001373291 -17.788200378418
-961 0 0 -5.42843008041382 -17.7852993011475
-960 0 0 -5.42252016067505 -17.7823009490967
-959 0 0 -5.41660976409912 -17.7793998718262
-958 0 0 -5.41068983078003 -17.7763996124268
-957 0 0 -5.40476989746094 -17.7733993530273
-956 0 0 -5.39884996414185 -17.7703990936279
-955 0 0 -5.39294004440308 -17.7674007415771
-954 0 0 -5.38701009750366 -17.7644004821777
-953 0 0 -5.38109016418457 -17.7614002227783
-952 0 0 -5.37517023086548 -17.75830078125
-951 0 0 -5.36924982070923 -17.7553005218506
-950 42 4 -5.36331987380981 -17.7523002624512
-949 0 0 -5.35739994049072 -17.7492008209229
-948 0 0 -5.35146999359131 -17.7462005615234
-947 0 0 -5.34554004669189 -17.7430992126465
-946 0 0 -5.33961009979248 -17.7401008605957
-945 0 0 -5.33368015289307 -17.7369995117188
-944 0 0 -5.32775020599365 -17.7339000701904
-943 0 0 -5.32181978225708 -17.7308006286621
-942 0 0 -5.31587982177734 -17.7276992797852
-941 0 0 -5.30994987487793 -17.7245998382568
-940 0 0 -5.30400991439819 -17.7215003967285
-939 0 0 -5.29806995391846 -17.7183990478516
-938 0 0 -5.29212999343872 -17.7152004241943
-937 0 0 -5.28619003295898 -17.7120990753174
-936 0 0 -5.28025007247925 -17.7089996337891
-935 0 0 -5.27431011199951 -17.7057991027832
-934 0 0 -5.26837015151978 -17.702600479126
-933 0 0 -5.26242017745972 -17.699499130249
-932 0 0 -5.25648021697998 -17.6963005065918
-931 0 0 -5.25052976608276 -17.6930999755859
-930 0 0 -5.24457979202271 -17.6898994445801
-929 0 0 -5.23862981796265 -17.6867008209229
-928 0 0 -5.23267984390259 -17.683500289917
-927 0 0 -5.22672986984253 -17.6802997589111
-926 0 0 -5.22077989578247 -17.6770992279053
-925 0 0 -5.21481990814209 -17.6737995147705
-924 0 0 -5.20886993408203 -17.6706008911133
-923 0 0 -5.20290994644165 -17.6672992706299
-922 0 0 -5.19694995880127 -17.6641006469727
-921 0 0 -5.19099998474121 -17.6608009338379
-920 0 0 -5.18503999710083 -17.6574993133545
-919 0 0 -5.17906999588013 -17.6543006896973
-918 0 0 -5.17311000823975 -17.6509990692139
-917 0 0 -5.16715002059937 -17.6476993560791
-916 0 0 -5.16118001937866 -17.6443996429443
-915 0 0 -5.15522003173828 -17.6410007476807
-914 0 0 -5.14925003051758 -17.6376991271973
-913 0 0 -5.14328002929688 -17.6343994140625
-912 0 0 -5.13731002807617 -17.6310005187988
-911 0 0 -5.13134002685547 -17.6277008056641
-910 0 0 -5.12537002563477 -17.6243000030518
-909 0 0 -5.11940002441406 -17.621000289917
-908 0 0 -5.11342000961304 -17.6175994873047
-907 0 0 -5.10745000839233 -17.614200592041
-906 0 0 -5.10146999359131 -17.6107997894287
-905 0 0 -5.09548997879028 -17.607400894165
-904 0 0 -5.08951997756958 -17.6040000915527
-903 0 0 -5.08353996276855 -17.6005992889404
-902 0 0 -5.07754993438721 -17.5970993041992
-901 0 0 -5.07156991958618 -17.5937004089355
-900 41 4 -5.06558990478516 -17.5902004241943
-899 0 0 -5.05959987640381 -17.586799621582
-898 0 0 -5.05361986160278 -17.5832996368408
-897 0 0 -5.04762983322144 -17.5797996520996
-896 0 0 -5.04163980484009 -17.5764007568359
-895 0 0 -5.03564977645874 -17.5729007720947
-894 0 0 -5.02966022491455 -17.5694007873535
-893 0 0 -5.0236701965332 -17.5657997131348
-892 0 0 -5.01767015457153 -17.5622997283936
-891 0 0 -5.01168012619019 -17.5587997436523
-890 0 0 -5.00568008422852 -17.5552005767822
-889 0 0 -4.99969005584717 -17.551700592041
-888 0 0 -4.9936900138855 -17.5480995178223
-887 0 0 -4.98768997192383 -17.5445995330811
-886 0 0 -4.98168992996216 -17.5410003662109
-885 0 0 -4.97568988800049 -17.5373992919922
-884 0 0 -4.9696798324585 -17.5338001251221
-883 0 0 -4.96367979049683 -17.5301990509033
-882 0 0 -4.95767021179199 -17.5265998840332
-881 0 0 -4.95166015625 -17.5228996276855
-880 0 0 -4.94566011428833 -17.5193004608154
-879 0 0 -4.93965005874634 -17.5156993865967
-878 0 0 -4.93364000320435 -17.511999130249
-877 0 0 -4.92761993408203 -17.50830078125
-876 0 0 -4.92160987854004 -17.5046997070313
-875 0 0 -4.91559982299805 -17.5009994506836
-874 0 0 -4.90958023071289 -17.4972991943359
-873 0 0 -4.90356016159058 -17.4936008453369
-872 0 0 -4.89755010604858 -17.4899005889893
-871 0 0 -4.89153003692627 -17.4860992431641
-870 0 0 -4.88550996780396 -17.482400894165
-869 0 0 -4.87947988510132 -17.4787006378174
-868 0 0 -4.873459815979 -17.4748992919922
-867 0 0 -4.86744022369385 -17.4710998535156
-866 0 0 -4.86141014099121 -17.467399597168
-865 0 0 -4.85538005828857 -17.4636001586914
-864 0 0 -4.84934997558594 -17.4598007202148
-863 0 0 -4.84332990646362 -17.4559993743896
-862 0 0 -4.83728981018066 -17.4521007537842
-861 0 0 -4.83126020431519 -17.448299407959
-860 0 0 -4.82523012161255 -17.4444999694824
-859 0 0 -4.81919002532959 -17.4405994415283
-858 0 0 -4.81315994262695 -17.4368000030518
-857 0 0 -4.80711984634399 -17.4328994750977
-856 0 0 -4.80108022689819 -17.4290008544922
-855 0 0 -4.79504013061523 -17.4251003265381
-854 0 0 -4.78900003433228 -17.421199798584
-853 0 0 -4.78295993804932 -17.4172992706299
-852 0 0 -4.77691984176636 -17.4134006500244
-851 0 0 -4.77087020874023 -17.4094009399414
-850 40 4 -4.76482009887695 -17.4055004119873
-849 0 0 -4.75878000259399 -17.4015007019043
-848 0 0 -4.75272989273071 -17.3974990844727
-847 0 0 -4.74667978286743 -17.3936004638672
-846 0 0 -4.74063014984131 -17.3896007537842
-845 0 0 -4.73457002639771 -17.3855991363525
-844 0 0 -4.72851991653442 -17.3815002441406
-843 0 0 -4.72246980667114 -17.3775005340576
-842 0 0 -4.7164101600647 -17.3735008239746
-841 0 0 -4.71035003662109 -17.3694000244141
-840 0 0 -4.70428991317749 -17.3654003143311
-839 0 0 -4.69822978973389 -17.3612995147705
-838 0 0 -4.69217014312744 -17.3572006225586
-837 0 0 -4.68611001968384 -17.353099822998
-836 0 0 -4.68003988265991 -17.3490009307861
-835 0 0 -4.67398023605347 -17.3449001312256
-834 0 0 -4.66791009902954 -17.3407001495361
-833 0 0 -4.66183996200562 -17.3365993499756
-832 0 0 -4.65576982498169 -17.3323993682861
-831 0 0 -4.64970016479492 -17.3283004760742
-830 0 0 -4.643630027771 -17.3241004943848
-829 0 0 -4.63754987716675 -17.3199005126953
-828 0 0 -4.63148021697998 -17.3157005310059
-827 0 0 -4.62540006637573 -17.3115005493164
-826 0 0 -4.61932992935181 -17.3071994781494
-825 0 0 -4.61324977874756 -17.30299949646
-824 0 0 -4.60717010498047 -17.2987995147705
-823 0 0 -4.6010799407959 -17.2945003509521
-822 0 0 -4.59499979019165 -17.2901992797852
-821 0 0 -4.58892011642456 -17.2859001159668
-820 0 0 -4.58282995223999 -17.2816009521484
-819 0 0 -4.57673978805542 -17.2772998809814
-818 0 0 -4.57066011428833 -17.2730007171631
-817 0 0 -4.56456995010376 -17.2686004638672
-816 0 0 -4.55846977233887 -17.2642993927002
-815 0 0 -4.55238008499146 -17.2598991394043
-814 0 0 -4.54628992080688 -17.255500793457
-813 0 0 -4.54019021987915 -17.2511005401611
-812 0 0 -4.53410005569458 -17.2467002868652
-811 0 0 -4.52799987792969 -17.2423000335693
-810 0 0 -4.52190017700195 -17.2378997802734
-809 0 0 -4.51579999923706 -17.2334003448486
-808 0 0 -4.50969982147217 -17.2290000915527
-807 0 0 -4.50359010696411 -17.2245006561279
-806 0 0 -4.49748992919922 -17.2199993133545
-805 0 0 -4.49138021469116 -17.2154998779297
-804 0 0 -4.48527002334595 -17.2110004425049
-803 0 0 -4.47915983200073 -17.2064990997314
-802 0 0 -4.47305011749268 -17.2019004821777
-801 0 0 -4.46693992614746 -17.1973991394043
-800 39 4 -4.4608302116394 -17.1928005218506
-799 0 0 -4.45472002029419 -17.1881999969482
-798 0 0 -4.44859981536865 -17.1835994720459
-797 0 0 -4.44248008728027 -17.1790008544922
-796 0 0 -4.43635988235474 -17.1744003295898
-795 0 0 -4.43024015426636 -17.1697998046875
-794 0 0 -4.42411994934082 -17.1651000976563
-793 0 0 -4.41800022125244 -17.1604995727539
-792 0 0 -4.41187000274658 -17.1557998657227
-791 0 0 -4.40574979782104 -17.1511001586914
-790 0 0 -4.39962005615234 -17.1464004516602
-789 0 0 -4.39348983764648 -17.1415996551514
-788 0 0 -4.38736009597778 -17.1368999481201
-787 0 0 -4.38122987747192 -17.1322002410889
-786 0 0 -4.37510013580322 -17.1273994445801
-785 0 0 -4.36895990371704 -17.1226005554199
-784 0 0 -4.36283016204834 -17.1177997589111
-783 0 0 -4.35668992996216 -17.113000869751
-782 0 0 -4.35055017471313 -17.1082000732422
-781 0 0 -4.34440994262695 -17.1033000946045
-780 0 0 -4.33827018737793 -17.0984992980957
-779 0 0 -4.33212995529175 -17.093599319458
-778 0 0 -4.3259801864624 -17.0886993408203
-777 0 0 -4.31983995437622 -17.0837993621826
-776 0 0 -4.31369018554688 -17.0788993835449
-775 0 0 -4.30753993988037 -17.0739994049072
-774 0 0 -4.30139017105103 -17.0690002441406
-773 0 0 -4.29523992538452 -17.0641002655029
-772 0 0 -4.28909015655518 -17.0590991973877
-771 0 0 -4.28292989730835 -17.0541000366211
-770 0 0 -4.276780128479 -17.0491008758545
-769 0 0 -4.27061986923218 -17.0440998077393
-768 0 0 -4.26446008682251 -17.0389995574951
-767 0 0 -4.25829982757568 -17.0340003967285
-766 0 0 -4.25214004516602 -17.0289001464844
-765 0 0 -4.24596977233887 -17.0237998962402
-764 0 0 -4.2398099899292 -17.0186996459961
-763 0 0 -4.23364019393921 -17.013599395752
-762 0 0 -4.22746992111206 -17.0083999633789
-761 0 0 -4.22130012512207 -17.0032997131348
-760 0 0 -4.21512985229492 -16.9981002807617
-759 0 0 -4.20896005630493 -16.9929008483887
-758 0 0 -4.20278978347778 -16.987699508667
-757 0 0 -4.19660997390747 -16.9825000762939
-756 0 0 -4.19043016433716 -16.9771995544434
-755 0 0 -4.18425989151001 -16.9720001220703
-754 0 0 -4.1780800819397 -16.9666996002197
-753 0 0 -4.1718897819519 -16.9613990783691
-752 0 0 -4.16570997238159 -16.9561004638672
-751 0 0 -4.15953016281128 -16.9507999420166
-750 38 4 -4.15333986282349 -16.9454002380371
-749 0 0 -4.14715003967285 -16.9400997161865
-748 0 0 -4.14096021652222 -16.934700012207
-747 0 0 -4.13476991653442 -16.9293003082275
-746 0 0 -4.12858009338379 -16.923900604248
-745 0 0 -4.122389793396 -16.9185009002686
-744 0 0 -4.11618995666504 -16.9130001068115
-743 0 0 -4.10999011993408 -16.9074993133545
-742 0 0 -4.10379981994629 -16.9020004272461
-741 0 0 -4.09759998321533 -16.8964996337891
-740 0 0 -4.09139013290405 -16.8910007476807
-739 0 0 -4.08518981933594 -16.8854999542236
-738 0 0 -4.07898998260498 -16.8798999786377
-737 0 0 -4.0727801322937 -16.8743000030518
-736 0 0 -4.06656980514526 -16.8687992095947
-735 0 0 -4.06035995483398 -16.8631000518799
-734 0 0 -4.05415010452271 -16.8575000762939
-733 0 0 -4.04793977737427 -16.851900100708
-732 0 0 -4.04172992706299 -16.8462009429932
-731 0 0 -4.03551006317139 -16.8404998779297
-730 0 0 -4.02929019927979 -16.8348007202148
-729 0 0 -4.02306985855103 -16.8290996551514
-728 0 0 -4.01684999465942 -16.823299407959
-727 0 0 -4.01063013076782 -16.8174991607666
-726 0 0 -4.00440979003906 -16.8117008209229
-725 0 0 -3.99817991256714 -16.8059005737305
-724 0 0 -3.99196004867554 -16.8001003265381
-723 0 0 -3.98572993278503 -16.7943000793457
-722 0 0 -3.97950005531311 -16.7884006500244
-721 0 0 -3.97325992584229 -16.7824993133545
-720 0 0 -3.96703004837036 -16.7765998840332
-719 0 0 -3.96079993247986 -16.7707004547119
-718 0 0 -3.95456004142761 -16.7646999359131
-717 0 0 -3.94831991195679 -16.7588005065918
-716 0 0 -3.94208002090454 -16.752799987793
-715 0 0 -3.93583989143372 -16.7467994689941
-714 0 0 -3.92960000038147 -16.7406997680664
-713 0 0 -3.9233500957489 -16.7346992492676
-712 0 0 -3.91709995269775 -16.7285995483398
-711 0 0 -3.91086006164551 -16.7224998474121
-710 0 0 -3.90460991859436 -16.7164001464844
-709 0 0 -3.89835000038147 -16.7103004455566
-708 0 0 -3.8921000957489 -16.7040996551514
-707 0 0 -3.88584995269775 -16.6979007720947
-706 0 0 -3.87959003448486 -16.6916999816895
-705 0 0 -3.87333011627197 -16.6854991912842
-704 0 0 -3.8670699596405 -16.67919921875
-703 0 0 -3.86081004142761 -16.6730003356934
-702 0 0 -3.8545401096344 -16.6667003631592
-701 0 0 -3.84827995300293 -16.660400390625
-700 37 4 -3.84201002120972 -16.6539993286133
-699 0 0 -3.8357400894165 -16.6476993560791
-698 0 0 -3.82946991920471 -16.641300201416
-697 0 0 -3.8231999874115 -16.6348991394043
-696 0 0 -3.81693005561829 -16.6284999847412
-695 0 0 -3.81065011024475 -16.6219997406006
-694 0 0 -3.80436992645264 -16.61549949646
-693 0 0 -3.7980899810791 -16.6091003417969
-692 0 0 -3.79181003570557 -16.6025009155273
-691 0 0 -3.78553009033203 -16.5960006713867
-690 0 0 -3.77924990653992 -16.5893993377686
-689 0 0 -3.77295994758606 -16.582799911499
-688 0 0 -3.7666699886322 -16.5762004852295
-687 0 0 -3.76038002967834 -16.5695991516113
-686 0 0 -3.75409007072449 -16.5629005432129
-685 0 0 -3.74780011177063 -16.5562000274658
-684 0 0 -3.74149990081787 -16.5494995117188
-683 0 0 -3.73520994186401 -16.5428009033203
-682 0 0 -3.72890996932983 -16.5359992980957
-681 0 0 -3.72260999679565 -16.5291996002197
-680 0 0 -3.71631002426147 -16.5223999023438
-679 0 0 -3.71000003814697 -16.5156002044678
-678 0 0 -3.70370006561279 -16.5086994171143
-677 0 0 -3.69739007949829 -16.5018005371094
-676 0 0 -3.69108009338379 -16.4948997497559
-675 0 0 -3.68477010726929 -16.488000869751
-674 0 0 -3.67845010757446 -16.4810009002686
-673 0 0 -3.67213988304138 -16.4740009307861
-672 0 0 -3.66581988334656 -16.4669990539551
-671 0 0 -3.65949988365173 -16.4599990844727
-670 0 0 -3.65317988395691 -16.4528999328613
-669 0 0 -3.64685988426208 -16.44580078125
-668 0 0 -3.64053988456726 -16.43869972229
-667 0 0 -3.63421010971069 -16.4314994812012
-666 0 0 -3.62788009643555 -16.4244003295898
-665 0 0 -3.6215500831604 -16.417200088501
-664 0 0 -3.61522006988525 -16.4099006652832
-663 0 0 -3.60889005661011 -16.4027004241943
-662 0 0 -3.60255002975464 -16.3953990936279
-661 0 0 -3.59621000289917 -16.3880996704102
-660 0 0 -3.5898699760437 -16.3806991577148
-659 0 0 -3.58352994918823 -16.3733997344971
-658 0 0 -3.57718992233276 -16.3659992218018
-657 0 0 -3.57084989547729 -16.3584995269775
-656 0 0 -3.56450009346008 -16.3511009216309
-655 0 0 -3.55815005302429 -16.343599319458
-654 0 0 -3.5518000125885 -16.3360996246338
-653 0 0 -3.54544997215271 -16.3285007476807
-652 0 0 -3.5390899181366 -16.3209991455078
-651 0 0 -3.53273010253906 -16.3134002685547
-650 36 4 -3.52637004852295 -16.305700302124
-649 0 0 -3.52000999450684 -16.2980995178223
-648 0 0 -3.51364994049072 -16.2903995513916
-647 0 0 -3.50728988647461 -16.2826995849609
-646 0 0 -3.50092005729675 -16.2749004364014
-645 0 0 -3.49454998970032 -16.2670993804932
-644 0 0 -3.48817992210388 -16.2593002319336
-643 0 0 -3.48181009292603 -16.2514991760254
-642 0 0 -3.47543001174927 -16.2436008453369
-641 0 0 -3.46905994415283 -16.2357006072998
-640 0 0 -3.46268010139465 -16.2276992797852
-639 0 0 -3.4563000202179 -16.2198009490967
-638 0 0 -3.44990992546082 -16.211799621582
-637 0 0 -3.44353008270264 -16.2036991119385
-636 0 0 -3.43713998794556 -16.1956996917725
-635 0 0 -3.43074989318848 -16.1875991821289
-634 0 0 -3.42436003684998 -16.1793994903564
-633 0 0 -3.4179699420929 -16.1713008880615
-632 0 0 -3.41157007217407 -16.1630992889404
-631 0 0 -3.40516996383667 -16.1548004150391
-630 0 0 -3.39877009391785 -16.1466007232666
-629 0 0 -3.39236998558044 -16.1382999420166
-628 0 0 -3.38597011566162 -16.1298999786377
-627 0 0 -3.3795599937439 -16.1215991973877
-626 0 0 -3.37315011024475 -16.1131992340088
-625 0 0 -3.36673998832703 -16.104700088501
-624 0 0 -3.36033010482788 -16.0963001251221
-623 0 0 -3.35391998291016 -16.0877990722656
-622 0 0 -3.34750008583069 -16.0792007446289
-621 0 0 -3.34107995033264 -16.0706996917725
-620 0 0 -3.33466005325317 -16.0620994567871
-619 0 0 -3.32823991775513 -16.0534000396729
-618 0 0 -3.32181000709534 -16.0447006225586
-617 0 0 -3.31538009643555 -16.0359992980957
-616 0 0 -3.30894994735718 -16.0272006988525
-615 0 0 -3.30252003669739 -16.0184993743896
-614 0 0 -3.29608988761902 -16.0095996856689
-613 0 0 -3.28964996337891 -16.0007991790771
-612 0 0 -3.28321003913879 -15.9919004440308
-611 0 0 -3.27677011489868 -15.9828996658325
-610 0 0 -3.27032995223999 -15.9738998413086
-609 0 0 -3.26388001441956 -15.9649000167847
-608 0 0 -3.25743007659912 -15.9559001922607
-607 0 0 -3.25097990036011 -15.9468002319336
-606 0 0 -3.24452996253967 -15.9376001358032
-605 0 0 -3.23808002471924 -15.9285001754761
-604 0 0 -3.23162007331848 -15.9193000793457
-603 0 0 -3.22515988349915 -15.9099998474121
-602 0 0 -3.21869993209839 -15.9006996154785
-601 0 0 -3.21223998069763 -15.8914003372192
-600 35 4 -3.20577001571655 -15.8819999694824
-599 0 0 -3.19930005073547 -15.8725996017456
-598 0 0 -3.19283008575439 -15.8632001876831
-597 0 0 -3.18635988235474 -15.8536996841431
-596 0 0 -3.17987990379333 -15.8440999984741
-595 0 0 -3.17339992523193 -15.8346004486084
-594 0 0 -3.16691994667053 -15.8248996734619
-593 0 0 -3.16043996810913 -15.815299987793
-592 0 0 -3.15394997596741 -15.8056001663208
-591 0 0 -3.14746999740601 -15.7958002090454
-590 0 0 -3.14098000526428 -15.78600025177
-589 0 0 -3.13447999954224 -15.7762002944946
-588 0 0 -3.12799000740051 -15.766300201416
-587 0 0 -3.12149000167847 -15.7564001083374
-586 0 0 -3.11498999595642 -15.7465000152588
-585 0 0 -3.10848999023438 -15.7363996505737
-584 0 0 -3.10197997093201 -15.7264003753662
-583 0 0 -3.09546995162964 -15.7163000106812
-582 0 0 -3.08895993232727 -15.7061996459961
-581 0 0 -3.0824499130249 -15.6960000991821
-580 0 0 -3.07593989372253 -15.6857004165649
-579 0 0 -3.06942009925842 -15.6753997802734
-578 0 0 -3.06290006637573 -15.6651000976563
-577 0 0 -3.05638003349304 -15.6547002792358
-576 0 0 -3.04984998703003 -15.6443004608154
-575 0 0 -3.04331994056702 -15.6337995529175
-574 0 0 -3.036789894104 -15.6232995986938
-573 0 0 -3.03026008605957 -15.6127996444702
-572 0 0 -3.02372002601624 -15.6021003723145
-571 0 0 -3.0171799659729 -15.5915002822876
-570 0 0 -3.01063990592957 -15.5808000564575
-569 0 0 -3.00410008430481 -15.5699996948242
-568 0 0 -2.99755001068115 -15.5592002868652
-567 0 0 -2.9909999370575 -15.5482997894287
-566 0 0 -2.98445010185242 -15.5374002456665
-565 0 0 -2.97790002822876 -15.52649974823
-564 0 0 -2.97133994102478 -15.5153999328613
-563 0 0 -2.96478009223938 -15.5044002532959
-562 0 0 -2.9582200050354 -15.4933004379272
-561 0 0 -2.9516499042511 -15.4820995330811
-560 0 0 -2.94508004188538 -15.4708995819092
-559 0 0 -2.93850994110107 -15.4596004486084
-558 0 0 -2.93194007873535 -15.4482002258301
-557 0 0 -2.92535996437073 -15.436900138855
-556 0 0 -2.91878008842468 -15.4253997802734
-555 0 0 -2.91219997406006 -15.4139003753662
-554 0 0 -2.90561008453369 -15.4024000167847
-553 0 0 -2.89902997016907 -15.3908004760742
-552 0 0 -2.89243006706238 -15.3790998458862
-551 0 0 -2.88583993911743 -15.3674001693726
-550 34 4 -2.87924003601074 -15.3556003570557
-549 0 0 -2.87263989448547 -15.3437995910645
-548 0 0 -2.86603999137878 -15.3318996429443
-547 0 0 -2.85944008827209 -15.3199996948242
-546 0 0 -2.8528299331665 -15.3079996109009
-545 0 0 -2.84622001647949 -15.2959003448486
-544 0 0 -2.83960008621216 -15.2838001251221
-543 0 0 -2.83297991752625 -15.2715997695923
-542 0 0 -2.82635998725891 -15.2593002319336
-541 0 0 -2.81974005699158 -15.2469997406006
-540 0 0 -2.81311011314392 -15.2347002029419
-539 0 0 -2.80647993087769 -15.2222995758057
-538 0 0 -2.79984998703003 -15.2097997665405
-537 0 0 -2.79322004318237 -15.1971998214722
-536 0 0 -2.78658008575439 -15.1845998764038
-535 0 0 -2.77993988990784 -15.1718997955322
-534 0 0 -2.77328991889954 -15.1591997146606
-533 0 0 -2.76663994789124 -15.1464004516602
-532 0 0 -2.75998997688293 -15.1335000991821
-531 0 0 -2.75334000587463 -15.1205997467041
-530 0 0 -2.74668002128601 -15.1076002120972
-529 0 0 -2.74002003669739 -15.0944995880127
-528 0 0 -2.73335003852844 -15.0813999176025
-527 0 0 -2.72669005393982 -15.0682001113892
-526 0 0 -2.72002005577087 -15.0549001693726
-525 0 0 -2.71334004402161 -15.041600227356
-524 0 0 -2.70666003227234 -15.0282001495361
-523 0 0 -2.69998002052307 -15.0146999359131
-522 0 0 -2.6933000087738 -15.00119972229
-521 0 0 -2.68660998344421 -14.9876003265381
-520 0 0 -2.67991995811462 -14.9738998413086
-519 0 0 -2.67322993278503 -14.9602003097534
-518 0 0 -2.66652989387512 -14.9462995529175
-517 0 0 -2.65983009338379 -14.9323997497559
-516 0 0 -2.65313005447388 -14.9184999465942
-515 0 0 -2.64642000198364 -14.9043998718262
-514 0 0 -2.63970994949341 -14.8902997970581
-513 0 0 -2.63298988342285 -14.8760995864868
-512 0 0 -2.62627005577087 -14.8618001937866
-511 0 0 -2.61954998970032 -14.8474998474121
-510 0 0 -2.61282992362976 -14.8331003189087
-509 0 0 -2.60610008239746 -14.8185997009277
-508 0 0 -2.59937000274658 -14.8039999008179
-507 0 0 -2.59262990951538 -14.789400100708
-506 0 0 -2.58589005470276 -14.7746000289917
-505 0 0 -2.57914996147156 -14.7597999572754
-504 0 0 -2.57240009307861 -14.7448997497559
-503 0 0 -2.56564998626709 -14.7299995422363
-502 0 0 -2.55889010429382 -14.7149000167847
-501 0 0 -2.5521399974823 -14.6997995376587
-500 33 4 -2.54537010192871 -14.6845998764038
-499 0 0 -2.53860998153687 -14.6693000793457
-498 0 0 -2.53184008598328 -14.6539001464844
-497 0 0 -2.52506995201111 -14.6384000778198
-496 0 0 -2.5182900428772 -14.6229000091553
-495 0 0 -2.51150989532471 -14.6071996688843
-494 0 0 -2.50471997261047 -14.5915002822876
-493 0 0 -2.49793004989624 -14.5756998062134
-492 0 0 -2.49113988876343 -14.5598001480103
-491 0 0 -2.48433995246887 -14.5438003540039
-490 0 0 -2.47754001617432 -14.5277004241943
-489 0 0 -2.47074007987976 -14.5115995407104
-488 0 0 -2.4639298915863 -14.4953002929688
-487 0 0 -2.45711994171143 -14.4788999557495
-486 0 0 -2.45029997825623 -14.4624996185303
-485 0 0 -2.44348001480103 -14.4460000991821
-484 0 0 -2.43666005134583 -14.4293003082275
-483 0 0 -2.4298300743103 -14.4125995635986
-482 0 0 -2.42299008369446 -14.3957996368408
-481 0 0 -2.41616010665894 -14.3788995742798
-480 0 0 -2.40931010246277 -14.3618001937866
-479 0 0 -2.40247011184692 -14.3446998596191
-478 0 0 -2.39562010765076 -14.3275003433228
-477 0 0 -2.38876008987427 -14.3101997375488
-476 0 0 -2.3819100856781 -14.292799949646
-475 0 0 -2.37504005432129 -14.2753000259399
-474 0 0 -2.3681800365448 -14.2576999664307
-473 0 0 -2.36129999160767 -14.2399997711182
-472 0 0 -2.35442996025085 -14.2221002578735
-471 0 0 -2.34754991531372 -14.2041997909546
-470 0 0 -2.34066009521484 -14.1862001419067
-469 0 0 -2.33377003669739 -14.1680002212524
-468 0 0 -2.32687997817993 -14.1498003005981
-467 0 0 -2.31997990608215 -14.1314001083374
-466 0 0 -2.31308007240295 -14.1129999160767
-465 0 0 -2.30616998672485 -14.0944004058838
-464 0 0 -2.29924988746643 -14.0756998062134
-463 0 0 -2.29234004020691 -14.0569000244141
-462 0 0 -2.28541994094849 -14.0380001068115
-461 0 0 -2.27849006652832 -14.0190000534058
-460 0 0 -2.27155995368958 -13.9997997283936
-459 0 0 -2.26462006568909 -13.9806003570557
-458 0 0 -2.25767993927002 -13.961199760437
-457 0 0 -2.25073003768921 -13.9416999816895
-456 0 0 -2.24377989768982 -13.9221000671387
-455 0 0 -2.23682999610901 -13.9024000167847
-454 0 0 -2.22987008094788 -13.8824996948242
-453 0 0 -2.22289991378784 -13.8626003265381
-452 0 0 -2.21592998504639 -13.8424997329712
-451 0 0 -2.20896005630493 -13.8222999572754
-450 32 4 -2.20197010040283 -13.8018999099731
-449 0 0 -2.19498991966248 -13.7814998626709
-448 0 0 -2.18799996376038 -13.7608995437622
-447 0 0 -2.18099999427795 -13.7400999069214
-446 0 0 -2.17400002479553 -13.7193002700806
-445 0 0 -2.16699004173279 -13.6983003616333
-444 0 0 -2.15998005867004 -13.6772003173828
-443 0 0 -2.15296006202698 -13.6559000015259
-442 0 0 -2.14594006538391 -13.6344995498657
-441 0 0 -2.13891005516052 -13.6129999160767
-440 0 0 -2.13188004493713 -13.5913000106812
-439 0 0 -2.12484002113342 -13.5696001052856
-438 0 0 -2.11779999732971 -13.5475997924805
-437 0 0 -2.11074995994568 -13.5255002975464
-436 0 0 -2.10368990898132 -13.5032997131348
-435 0 0 -2.09663009643555 -13.4809999465942
-434 0 0 -2.08957004547119 -13.4584999084473
-433 0 0 -2.08248996734619 -13.4357995986938
-432 0 0 -2.07541990280151 -13.4130001068115
-431 0 0 -2.06833004951477 -13.3900995254517
-430 0 0 -2.06123995780945 -13.3669996261597
-429 0 0 -2.05415010452271 -13.3437004089355
-428 0 0 -2.04704999923706 -13.3203001022339
-427 0 0 -2.03994011878967 -13.296799659729
-426 0 0 -2.03282999992371 -13.273099899292
-425 0 0 -2.025710105896 -13.2491998672485
-424 0 0 -2.01858997344971 -13.2251996994019
-423 0 0 -2.01146006584167 -13.201000213623
-422 0 0 -2.00431990623474 -13.1766996383667
-421 0 0 -1.99717998504639 -13.1521997451782
-420 0 0 -1.99003005027771 -13.1274995803833
-419 0 0 -1.98286998271942 -13.1027002334595
-418 0 0 -1.97571003437042 -13.0776996612549
-417 0 0 -1.96853995323181 -13.0524997711182
-416 0 0 -1.96136999130249 -13.0271997451782
-415 0 0 -1.95419001579285 -13.0017004013062
-414 0 0 -1.94700002670288 -12.9759998321533
-413 0 0 -1.93981003761292 -12.9502000808716
-412 0 0 -1.93261003494263 -12.9240999221802
-411 0 0 -1.92541003227234 -12.8978996276855
-410 0 0 -1.91819000244141 -12.871600151062
-409 0 0 -1.9109799861908 -12.8450002670288
-408 0 0 -1.90374994277954 -12.8183002471924
-407 0 0 -1.89652001857758 -12.7912998199463
-406 0 0 -1.889279961586 -12.7642002105713
-405 0 0 -1.88203001022339 -12.7369003295898
-404 0 0 -1.87478005886078 -12.709400177002
-403 0 0 -1.86751997470856 -12.6817998886108
-402 0 0 -1.86026000976563 -12.6539001464844
-401 0 0 -1.85298001766205 -12.6258001327515
-400 31 4 -1.84570002555847 -12.5975999832153
-399 0 0 -1.8384200334549 -12.5691003799438
-398 0 0 -1.83112001419067 -12.5404996871948
-397 0 0 -1.82381999492645 -12.5115995407104
-396 0 0 -1.81650996208191 -12.4826002120972
-395 0 0 -1.80920004844666 -12.4533004760742
-394 0 0 -1.80188000202179 -12.4238996505737
-393 0 0 -1.7945499420166 -12.3942003250122
-392 0 0 -1.78720998764038 -12.3642997741699
-391 0 0 -1.77987003326416 -12.3341999053955
-390 0 0 -1.77251005172729 -12.3038997650146
-389 0 0 -1.76515996456146 -12.2734003067017
-388 0 0 -1.75778996944427 -12.2426996231079
-387 0 0 -1.75041997432709 -12.2117004394531
-386 0 0 -1.74302995204926 -12.1805000305176
-385 0 0 -1.73564994335175 -12.1491003036499
-384 0 0 -1.72825002670288 -12.1175003051758
-383 0 0 -1.7208399772644 -12.0857000350952
-382 0 0 -1.71343004703522 -12.0536003112793
-381 0 0 -1.70600998401642 -12.0213003158569
-380 0 0 -1.69859004020691 -11.9886999130249
-379 0 0 -1.69114995002747 -11.956000328064
-378 0 0 -1.68370997905731 -11.9230003356934
-377 0 0 -1.67625999450684 -11.8896999359131
-376 0 0 -1.66879999637604 -11.8562002182007
-375 0 0 -1.66132998466492 -11.8225002288818
-374 0 0 -1.6538599729538 -11.7884998321533
-373 0 0 -1.64637994766235 -11.7543001174927
-372 0 0 -1.63889002799988 -11.7199001312256
-371 0 0 -1.63138997554779 -11.6850996017456
-370 0 0 -1.62388002872467 -11.6501998901367
-369 0 0 -1.61636996269226 -11.6149997711182
-368 0 0 -1.60885000228882 -11.5795001983643
-367 0 0 -1.60132002830505 -11.5438003540039
-366 0 0 -1.59378004074097 -11.5078001022339
-365 0 0 -1.58623003959656 -11.4715003967285
-364 0 0 -1.57867002487183 -11.4350004196167
-363 0 0 -1.57111001014709 -11.3982000350952
-362 0 0 -1.56353998184204 -11.3612003326416
-361 0 0 -1.55596005916595 -11.3238000869751
-360 0 0 -1.54837000370026 -11.2862997055054
-359 0 0 -1.54077005386353 -11.2483997344971
-358 0 0 -1.5331699848175 -11.2103004455566
-357 0 0 -1.52555000782013 -11.171799659729
-356 0 0 -1.51793003082275 -11.1330995559692
-355 0 0 -1.51030004024506 -11.0942001342773
-354 0 0 -1.50266003608704 -11.0549001693726
-353 0 0 -1.49501001834869 -11.0153999328613
-352 0 0 -1.48736000061035 -10.9755001068115
-351 0 0 -1.47968995571136 -10.9354000091553
-350 30 4 -1.47202003002167 -10.8950004577637
-349 0 0 -1.46433997154236 -10.8542995452881
-348 0 0 -1.45665001869202 -10.8133001327515
-347 0 0 -1.44895005226135 -10.7720003128052
-346 0 0 -1.44123995304108 -10.7304000854492
-345 0 0 -1.43351995944977 -10.6885995864868
-344 0 0 -1.42579996585846 -10.6464004516602
-343 0 0 -1.41806995868683 -10.6038999557495
-342 0 0 -1.41032004356384 -10.5611000061035
-341 0 0 -1.40257000923157 -10.5179996490479
-340 0 0 -1.39481997489929 -10.4745998382568
-339 0 0 -1.38705003261566 -10.4308996200562
-338 0 0 -1.37926995754242 -10.3867998123169
-337 0 0 -1.37149000167847 -10.3424997329712
-336 0 0 -1.36370003223419 -10.2978000640869
-335 0 0 -1.35590004920959 -10.2529001235962
-334 0 0 -1.34809005260468 -10.2075996398926
-333 0 0 -1.34027004241943 -10.1619997024536
-332 0 0 -1.33244001865387 -10.1161003112793
-331 0 0 -1.32460999488831 -10.0698003768921
-330 0 0 -1.3167599439621 -10.0233001708984
-329 0 0 -1.30891001224518 -9.97640037536621
-328 0 0 -1.30104994773865 -9.92920017242432
-327 0 0 -1.29319000244141 -9.88166999816895
-326 0 0 -1.28531002998352 -9.83382034301758
-325 0 0 -1.27743005752563 -9.7856502532959
-324 0 0 -1.2695300579071 -9.73715019226074
-323 0 0 -1.26163005828857 -9.68832015991211
-322 0 0 -1.25373005867004 -9.63916969299316
-321 0 0 -1.24581003189087 -9.58967971801758
-320 0 0 -1.23789000511169 -9.539870262146
-319 0 0 -1.22994995117188 -9.48972988128662
-318 0 0 -1.22201001644135 -9.43925952911377
-317 0 0 -1.21406996250153 -9.38846969604492
-316 0 0 -1.20611000061035 -9.33734035491943
-315 0 0 -1.19815003871918 -9.28588008880615
-314 0 0 -1.19017994403839 -9.23408985137939
-313 0 0 -1.18219995498657 -9.18198013305664
-312 0 0 -1.17421996593475 -9.12952995300293
-311 0 0 -1.16621994972229 -9.07676029205322
-310 0 0 -1.15822005271912 -9.02365016937256
-309 0 0 -1.15022003650665 -8.97021961212158
-308 0 0 -1.14219999313354 -8.91646003723145
-307 0 0 -1.13417994976044 -8.862380027771
-306 0 0 -1.12616002559662 -8.80795955657959
-305 0 0 -1.11811995506287 -8.75321960449219
-304 0 0 -1.1100800037384 -8.69816017150879
-303 0 0 -1.10203003883362 -8.6427698135376
-302 0 0 -1.09397995471954 -8.58707046508789
-301 0 0 -1.08591997623444 -8.53104019165039
-300 29 4 -1.07784998416901 -8.47467994689941
-299 0 0 -1.06977999210358 -8.41802024841309
-298 0 0 -1.06169998645782 -8.36102962493896
-297 0 0 -1.05361998081207 -8.30373001098633
-296 0 0 -1.04551994800568 -8.24610996246338
-295 0 0 -1.03743004798889 -8.1881799697876
-294 0 0 -1.0293300151825 -8.12994003295898
-293 0 0 -1.02121996879578 -8.0713996887207
-292 0 0 -1.01310002803802 -8.01253986358643
-291 0 0 -1.00497996807098 -7.95339012145996
-290 0 0 -0.996860980987549 -7.89392995834351
-289 0 0 -0.988731026649475 -7.83416986465454
-288 0 0 -0.980597019195557 -7.77411985397339
-287 0 0 -0.972458004951477 -7.71376991271973
-286 0 0 -0.964313983917236 -7.65313005447388
-285 0 0 -0.956165015697479 -7.59219980239868
-284 0 0 -0.948010981082916 -7.53098011016846
-283 0 0 -0.939854025840759 -7.46948003768921
-282 0 0 -0.931690990924835 -7.4077000617981
-281 0 0 -0.923524975776672 -7.34564018249512
-280 0 0 -0.915354013442993 -7.28330993652344
-279 0 0 -0.907178997993469 -7.22070980072021
-278 0 0 -0.898999989032745 -7.15783977508545
-277 0 0 -0.890817999839783 -7.09469985961914
-276 0 0 -0.882631003856659 -7.03130006790161
-275 0 0 -0.874441027641296 -6.96764993667603
-274 0 0 -0.866246998310089 -6.90373992919922
-273 0 0 -0.858049988746643 -6.83958005905151
-272 0 0 -0.849848985671997 -6.77517986297607
-271 0 0 -0.841646015644073 -6.71052980422974
-270 0 0 -0.833437979221344 -6.64563989639282
-269 0 0 -0.825227975845337 -6.58052015304565
-268 0 0 -0.817014992237091 -6.51517009735107
-267 0 0 -0.808799028396606 -6.44958019256592
-266 0 0 -0.800580024719238 -6.38378000259399
-265 0 0 -0.792357981204987 -6.31774997711182
-264 0 0 -0.784133017063141 -6.25151014328003
-263 0 0 -0.775905013084412 -6.18505001068115
-262 0 0 -0.76767498254776 -6.11839008331299
-261 0 0 -0.759442985057831 -6.05151987075806
-260 0 0 -0.751208007335663 -5.98445987701416
-259 0 0 -0.742969989776611 -5.91719007492065
-258 0 0 -0.734731018543243 -5.84974002838135
-257 0 0 -0.726487994194031 -5.78210020065308
-256 0 0 -0.718244016170502 -5.71427011489868
-255 0 0 -0.709996998310089 -5.64626979827881
-254 0 0 -0.701748013496399 -5.57809019088745
-253 0 0 -0.693497002124786 -5.50973987579346
-252 0 0 -0.685244023799896 -5.44121980667114
-251 0 0 -0.676988005638123 -5.37252998352051
-250 28 4 -0.668730974197388 -5.30368995666504
-249 0 0 -0.660471022129059 -5.23470020294189
-248 0 0 -0.652208983898163 -5.16555023193359
-247 0 0 -0.64394599199295 -5.09625005722046
-246 0 0 -0.635680019855499 -5.02681016921997
-245 0 0 -0.627412021160126 -4.95724010467529
-244 0 0 -0.61914199590683 -4.88751983642578
-243 0 0 -0.610871016979218 -4.81767988204956
-242 0 0 -0.602596998214722 -4.74770021438599
-241 0 0 -0.594321012496948 -4.67760992050171
-240 0 0 -0.586043000221252 -4.6073899269104
-239 0 0 -0.577763020992279 -4.53705978393555
-238 0 0 -0.569481015205383 -4.46660995483398
-237 0 0 -0.561196982860565 -4.39604997634888
-236 0 0 -0.552909970283508 -4.32538986206055
-235 0 0 -0.544622004032135 -4.25462007522583
-234 0 0 -0.536330997943878 -4.18376016616821
-233 0 0 -0.528038024902344 -4.11280012130737
-232 0 0 -0.519743025302887 -4.04174995422363
-231 0 0 -0.511445999145508 -3.97060990333557
-230 0 0 -0.50314599275589 -3.89937996864319
-229 0 0 -0.494843989610672 -3.82806992530823
-228 0 0 -0.486539989709854 -3.75668001174927
-227 0 0 -0.478233009576797 -3.68520998954773
-226 0 0 -0.469924002885818 -3.61367988586426
-225 0 0 -0.461611986160278 -3.54206991195679
-224 0 0 -0.453298002481461 -3.47039008140564
-223 0 0 -0.444981008768082 -3.39864993095398
-222 0 0 -0.436661005020142 -3.32683992385864
-221 0 0 -0.428339004516602 -3.25498008728027
-220 0 0 -0.4200139939785 -3.18305993080139
-219 0 0 -0.41168600320816 -3.11108994483948
-218 0 0 -0.403355002403259 -3.03906011581421
-217 0 0 -0.395022004842758 -2.96698999404907
-216 0 0 -0.386685013771057 -2.8948700428009
-215 0 0 -0.378345012664795 -2.82270002365112
-214 0 0 -0.370002001523972 -2.75048995018005
-213 0 0 -0.361656993627548 -2.6782500743866
-212 0 0 -0.353307008743286 -2.60595989227295
-211 0 0 -0.344954997301102 -2.53363990783691
-210 0 0 -0.336598992347717 -2.46128010749817
-209 0 0 -0.328240007162094 -2.3889000415802
-208 0 0 -0.31987801194191 -2.31647992134094
-207 0 0 -0.311511993408203 -2.2440299987793
-206 0 0 -0.303142011165619 -2.17156004905701
-205 0 0 -0.294768989086151 -2.09907007217407
-204 0 0 -0.286392986774445 -2.02655005455017
-203 0 0 -0.278012990951538 -1.95401000976563
-202 0 0 -0.26962798833847 -1.88145005702972
-201 0 0 -0.261240988969803 -1.80886995792389
-200 27 4 -0.252849012613297 -1.73627996444702
-199 0 0 -0.244453996419907 -1.66366994380951
-198 0 0 -0.236054003238678 -1.59104001522064
-197 0 0 -0.227651000022888 -1.51840996742249
-196 0 0 -0.219244003295898 -1.44576001167297
-195 0 0 -0.210832998156548 -1.37310004234314
-194 0 0 -0.202417001128197 -1.30043005943298
-193 0 0 -0.193997994065285 -1.22775995731354
-192 0 0 -0.185573995113373 -1.15506994724274
-191 0 0 -0.177147001028061 -1.08238005638123
-190 0 0 -0.168715000152588 -1.00969004631042
-189 0 0 -0.160279005765915 -0.936990022659302
-188 0 0 -0.151839002966881 -0.864287972450256
-187 0 0 -0.143395006656647 -0.791583001613617
-186 0 0 -0.134947001934052 -0.718877017498016
-185 0 0 -0.126494005322456 -0.646169006824493
-184 0 0 -0.1180379986763 -0.57346099615097
-183 0 0 -0.109577000141144 -0.500752985477448
-182 0 0 -0.101112000644207 -0.428045988082886
-181 0 0 -0.0926423966884613 -0.355340003967285
-180 0 0 -0.084168903529644 -0.282637000083923
-179 0 0 -0.0756912976503372 -0.209934994578362
-178 0 0 -0.0672096014022827 -0.137236997485161
-177 0 0 -0.0587237998843193 -0.0645418018102646
-176 0 0 -0.0502340011298656 0.00814974959939718
-175 0 0 -0.0417401008307934 0.0808371976017952
-174 0 0 -0.0332421995699406 0.153520002961159
-173 0 0 -0.0247402992099524 0.226199001073837
-172 0 0 -0.0162346009165049 0.298871994018555
-171 0 0 -0.00772505020722747 0.371540993452072
-170 0 0 0.000788291974458843 0.44420400261879
-169 0 0 0.00930534955114126 0.516861021518707
-168 0 0 0.0178261008113623 0.589513003826141
-167 0 0 0.0263503007590771 0.662159025669098
-166 0 0 0.0348781011998653 0.734799027442932
-165 0 0 0.0434091985225677 0.807433009147644
-164 0 0 0.051943700760603 0.880060017108917
-163 0 0 0.0604813992977142 0.952682018280029
-162 0 0 0.0690222010016441 1.02530002593994
-161 0 0 0.0775659009814262 1.09791004657745
-160 0 0 0.0861126035451889 1.17051005363464
-159 0 0 0.0946620032191277 1.24310994148254
-158 0 0 0.103214003145695 1.3157000541687
-157 0 0 0.111768998205662 1.38828003406525
-156 0 0 0.120324999094009 1.46086001396179
-155 0 0 0.128885000944138 1.53342998027802
-154 0 0 0.137446001172066 1.60599994659424
-153 0 0 0.146008998155594 1.67856001853943
-152 0 0 0.154572993516922 1.75111997127533
-151 0 0 0.163139998912811 1.8236700296402
-150 26 4 0.171707004308701 1.89620995521545
-149 0 0 0.18027600646019 1.96875
-148 0 0 0.188846006989479 2.04129004478455
-147 0 0 0.197415992617607 2.11382007598877
-146 0 0 0.205987006425858 2.18635010719299
-145 0 0 0.214559003710747 2.25886988639832
-144 0 0 0.223130002617836 2.33137989044189
-143 0 0 0.231701999902725 2.4038999080658
-142 0 0 0.240272998809814 2.47640991210938
-141 0 0 0.248842999339104 2.54890990257263
-140 0 0 0.257412999868393 2.62140989303589
-139 0 0 0.265980988740921 2.69390988349915
-138 0 0 0.27454799413681 2.76641011238098
-137 0 0 0.2831130027771 2.83890008926392
-136 0 0 0.291676014661789 2.91139006614685
-135 0 0 0.300236999988556 2.98388004302979
-134 0 0 0.308795988559723 3.0563600063324
-133 0 0 0.317351013422012 3.12884998321533
-132 0 0 0.325902998447418 3.20132994651794
-131 0 0 0.334452003240585 3.27380990982056
-130 0 0 0.342997014522552 3.34628009796143
-129 0 0 0.351536989212036 3.41876006126404
-128 0 0 0.360073000192642 3.49123001098633
-127 0 0 0.368604004383087 3.56369996070862
-126 0 0 0.37712898850441 3.63617992401123
-125 0 0 0.382952988147736 3.68569993972778
-124 0 0 0.388772994279861 3.73522996902466
-123 0 0 0.394591003656387 3.78475999832153
-122 0 0 0.400406002998352 3.83429002761841
-121 0 0 0.406217008829117 3.88381004333496
-120 0 0 0.41202500462532 3.93334007263184
-119 0 0 0.417829990386963 3.98287010192871
-118 0 0 0.423631012439728 4.03239011764526
-117 0 0 0.42942801117897 4.08192014694214
-116 0 0 0.435221999883652 4.13144016265869
-115 0 0 0.441011011600494 4.18097019195557
-114 0 0 0.446796000003815 4.23049020767212
-113 0 0 0.452578008174896 4.28001022338867
-112 0 0 0.458353996276855 4.32953977584839
-111 0 0 0.464125990867615 4.37905979156494
-110 0 0 0.469893008470535 4.42857980728149
-109 0 0 0.475656002759933 4.47809982299805
-108 0 0 0.481413006782532 4.52762985229492
-107 0 0 0.487165004014969 4.57714986801147
-106 0 0 0.492911994457245 4.62666988372803
-105 0 0 0.498652994632721 4.67618989944458
-104 0 0 0.504388988018036 4.72570991516113
-103 0 0 0.510119020938873 4.77521991729736
-102 0 0 0.515842020511627 4.82473993301392
-101 0 0 0.52156001329422 4.87425994873047
-100 25 4 0.527270972728729 4.92377996444702
-99 0 0 0.532975971698761 4.97328996658325
-98 0 0 0.538673996925354 5.0228099822998
-97 0 0 0.544366002082825 5.07231998443604
-96 0 0 0.550050020217896 5.12182998657227
-95 0 0 0.555727005004883 5.1713399887085
-94 0 0 0.561397016048431 5.22084999084473
-93 0 0 0.567058980464935 5.27035999298096
-92 0 0 0.572713017463684 5.31986999511719
-91 0 0 0.578360021114349 5.3693699836731
-90 0 0 0.583998024463654 5.418869972229
-89 0 0 0.589628994464874 5.46837997436523
-88 0 0 0.595250010490417 5.51787996292114
-87 0 0 0.600862979888916 5.56736993789673
-86 0 0 0.606468021869659 5.61686992645264
-85 0 0 0.612062990665436 5.66635990142822
-84 0 0 0.617649018764496 5.71584987640381
-83 0 0 0.62322598695755 5.76533985137939
-82 0 0 0.628793001174927 5.81482982635498
-81 0 0 0.634351015090942 5.86430978775024
-80 0 0 0.639898002147675 5.91379022598267
-79 0 0 0.645434975624084 5.96327018737793
-78 0 0 0.650961995124817 6.01274013519287
-77 0 0 0.656477987766266 6.06221008300781
-76 0 0 0.661984026432037 6.11168003082275
-75 0 0 0.667478978633881 6.16113996505737
-74 0 0 0.672962009906769 6.21059989929199
-73 0 0 0.678434014320374 6.26004981994629
-72 0 0 0.683894991874695 6.30950021743774
-71 0 0 0.689343988895416 6.35895013809204
-70 0 0 0.694781005382538 6.40839004516602
-69 0 0 0.700205981731415 6.45781993865967
-68 0 0 0.705618023872375 6.50724983215332
-67 0 0 0.711018025875092 6.55668020248413
-66 0 0 0.716404974460602 6.60610008239746
-65 0 0 0.721778988838196 6.65550994873047
-64 0 0 0.727140009403229 6.70491981506348
-63 0 0 0.732487976551056 6.75432014465332
-62 0 0 0.737821996212006 6.80370998382568
-61 0 0 0.743142008781433 6.85309982299805
-60 0 0 0.748448014259338 6.90248012542725
-59 0 0 0.753740012645721 6.95184993743896
-58 0 0 0.759018003940582 7.00122022628784
-57 0 0 0.76428097486496 7.05058002471924
-56 0 0 0.769528985023499 7.09992980957031
-55 0 0 0.774762988090515 7.14927005767822
-54 0 0 0.779981017112732 7.19859981536865
-53 0 0 0.785183012485504 7.24793004989624
-52 0 0 0.790369987487793 7.29723978042603
-51 0 0 0.795542001724243 7.34654998779297
-50 24 4 0.800697028636932 7.39585018157959
-49 0 0 0.805836021900177 7.44513988494873
-48 0 0 0.810958981513977 7.49441003799438
-47 0 0 0.816065013408661 7.54368019104004
-46 0 0 0.821153998374939 7.59292984008789
-45 0 0 0.826225996017456 7.6421799659729
-44 0 0 0.831281006336212 7.69141006469727
-43 0 0 0.836319029331207 7.74064016342163
-42 0 0 0.841338992118835 7.78985023498535
-41 0 0 0.846341013908386 7.83904981613159
-40 0 0 0.85132497549057 7.88822984695435
-39 0 0 0.856290996074677 7.9374098777771
-38 0 0 0.861239016056061 7.98656988143921
-37 0 0 0.866168022155762 8.03571033477783
-36 0 0 0.871078014373779 8.0848503112793
-35 0 0 0.875970005989075 8.13397026062012
-34 0 0 0.880841970443726 8.18307971954346
-33 0 0 0.885694980621338 8.23217010498047
-32 0 0 0.890528976917267 8.28125
-31 0 0 0.895341992378235 8.33030986785889
-30 0 0 0.900137007236481 8.37936019897461
-29 0 0 0.904910981655121 8.42838954925537
-28 0 0 0.9096639752388 8.47741031646729
-27 0 0 0.914398014545441 8.52641010284424
-26 0 0 0.919111013412476 8.57538986206055
-25 0 0 0.923802971839905 8.62436008453369
-24 0 0 0.928475022315979 8.67331027984619
-23 0 0 0.933125019073486 8.72224044799805
-22 0 0 0.937753975391388 8.77116012573242
-21 0 0 0.942362010478973 8.82005977630615
-20 0 0 0.946947991847992 8.86894035339355
-19 0 0 0.95151299238205 8.917799949646
-18 0 0 0.956055998802185 8.96665000915527
-17 0 0 0.960577011108398 9.01546955108643
-16 0 0 0.96507602930069 9.06427955627441
-15 0 0 0.969551980495453 9.11306953430176
-14 0 0 0.974005997180939 9.16184043884277
-13 0 0 0.978438019752502 9.21059036254883
-12 0 0 0.982846021652222 9.25932025909424
-11 0 0 0.987232029438019 9.308030128479
-10 0 0 0.991594970226288 9.35671043395996
-9 0 0 0.99449098110199 9.38916015625
-8 0 0 0.996415972709656 9.41079044342041
-7 0 0 0.997696995735168 9.42520046234131
-6 0 0 0.998548984527588 9.43480968475342
-5 0 0 0.999117016792297 9.4412202835083
-4 0 0 0.999495983123779 9.44548988342285
-3 0 0 0.99974799156189 9.44834041595459
-2 0 0 0.999873995780945 9.44976043701172
1 0 0 1 9.45118045806885
1 0 0 1 9.45118045806885
-2 0 0 1.0001300573349 9.45261001586914
-3 0 0 1.00024998188019 9.45403003692627
-4 0 0 1.00049996376038 9.45687961578369
-5 0 0 1.00088000297546 9.46115016937256
-6 0 0 1.00144994258881 9.46755027770996
-7 0 0 1.00230002403259 9.47716045379639
-8 0 0 1.00356996059418 9.4915599822998
-9 0 0 1.00547003746033 9.51317024230957
-10 0 0 1.00831997394562 9.54557037353516
-11 0 0 1.01257002353668 9.59416007995605
-12 0 0 1.01679003238678 9.64272022247314
-13 0 0 1.02099001407623 9.69126987457275
-14 0 0 1.02516996860504 9.73978996276855
-15 0 0 1.02932000160217 9.78829002380371
-16 0 0 1.03345000743866 9.83675956726074
-17 0 0 1.0375599861145 9.88521957397461
-18 0 0 1.04164004325867 9.93365001678467
-19 0 0 1.0456999540329 9.9820499420166
-20 0 0 1.04972994327545 10.0304002761841
-21 0 0 1.05373001098633 10.078800201416
-22 0 0 1.05771994590759 10.1270999908447
-23 0 0 1.06166994571686 10.1754999160767
-24 0 0 1.06561005115509 10.2236995697021
-25 0 0 1.06950998306274 10.2720003128052
-26 0 0 1.07340002059937 10.3203001022339
-27 0 0 1.0772500038147 10.3684997558594
-28 0 0 1.08108997344971 10.4167003631592
-29 0 0 1.08489000797272 10.4647998809814
-30 0 0 1.08867001533508 10.5129995346069
-31 0 0 1.0924299955368 10.5611000061035
-32 0 0 1.09616005420685 10.6091995239258
-33 0 0 1.09986996650696 10.6572999954224
-34 0 0 1.10354995727539 10.7053003311157
-35 0 0 1.10720002651215 10.7532997131348
-36 0 0 1.11082994937897 10.8013000488281
-37 0 0 1.11442995071411 10.8493003845215
-38 0 0 1.1180100440979 10.8972997665405
-39 0 0 1.12155997753143 10.9451999664307
-40 0 0 1.12507998943329 10.9931001663208
-41 0 0 1.1285799741745 11.0410003662109
-42 0 0 1.13205003738403 11.0888004302979
-43 0 0 1.13549995422363 11.1365995407104
-44 0 0 1.13891994953156 11.1843996047974
-45 0 0 1.1423100233078 11.2321996688843
-46 0 0 1.14567995071411 11.279899597168
-47 0 0 1.14902997016907 11.3276996612549
-48 0 0 1.15234005451202 11.3753995895386
-49 0 0 1.15715003013611 11.4450998306274
-50 2 4 1.16190004348755 11.5148000717163
-51 0 0 1.16658997535706 11.584400177002
-52 0 0 1.17122995853424 11.6540002822876
-53 0 0 1.17580997943878 11.72350025177
-54 0 0 1.18033003807068 11.7930002212524
-55 0 0 1.18480002880096 11.8624000549316
-56 0 0 1.18921995162964 11.9317998886108
-57 0 0 1.19357001781464 12.0010995864868
-58 0 0 1.19787001609802 12.0704002380371
-59 0 0 1.2021199464798 12.1395998001099
-60 0 0 1.20631003379822 12.2087001800537
-61 0 0 1.2104400396347 12.2778997421265
-62 0 0 1.21451997756958 12.3468999862671
-63 0 0 1.21854996681213 12.4159002304077
-64 0 0 1.22250998020172 12.4849004745483
-65 0 0 1.22642004489899 12.5537996292114
-66 0 0 1.23028004169464 12.6225996017456
-67 0 0 1.23407995700836 12.6913995742798
-68 0 0 1.23783004283905 12.760199546814
-69 0 0 1.24152004718781 12.8289003372192
-70 0 0 1.24515998363495 12.8976001739502
-71 0 0 1.24873995780945 12.9661998748779
-72 0 0 1.25226998329163 13.0347995758057
-73 0 0 1.25574994087219 13.1033000946045
-74 0 0 1.2591700553894 13.171799659729
-75 0 0 1.26252996921539 13.2402000427246
-76 0 0 1.26584994792938 13.3086004257202
-77 0 0 1.26910996437073 13.3769998550415
-78 0 0 1.27232003211975 13.4453001022339
-79 0 0 1.27547001838684 13.5136003494263
-80 0 0 1.27857005596161 13.5818004608154
-81 0 0 1.28162002563477 13.6499996185303
-82 0 0 1.2846200466156 13.7180995941162
-83 0 0 1.2875599861145 13.7861995697021
-84 0 0 1.2904599905014 13.8542995452881
-85 0 0 1.29330003261566 13.9224004745483
-86 0 0 1.29609000682831 13.9904003143311
-87 0 0 1.29883003234863 14.0583000183105
-88 0 0 1.30151998996735 14.1262998580933
-89 0 0 1.30415999889374 14.1941995620728
-90 0 0 1.30675005912781 14.2621002197266
-91 0 0 1.30928003787994 14.3298997879028
-92 0 0 1.31176996231079 14.3977003097534
-93 0 0 1.31421005725861 14.4654998779297
-94 0 0 1.31659996509552 14.5332002639771
-95 0 0 1.31895005702972 14.6009998321533
-96 0 0 1.32123994827271 14.6687002182007
-97 0 0 1.32349002361298 14.7363004684448
-98 0 0 1.32568001747131 14.8039999008179
-99 0 0 1.32782995700836 14.871600151062
-100 3 4 1.32993996143341 14.9392004013062
-101 0 0 1.33199000358582 15.006799697876
-102 0 0 1.33399999141693 15.0742998123169
-103 0 0 1.33597004413605 15.141900062561
-104 0 0 1.33788001537323 15.209400177002
-105 0 0 1.33975994586945 15.2769002914429
-106 0 0 1.34158003330231 15.3444004058838
-107 0 0 1.34335994720459 15.4118995666504
-108 0 0 1.34510004520416 15.4792995452881
-109 0 0 1.34678995609283 15.546799659729
-110 0 0 1.3484400510788 15.6141996383667
-111 0 0 1.35004997253418 15.6815996170044
-112 0 0 1.35160994529724 15.7489995956421
-113 0 0 1.3531299829483 15.8163995742798
-114 0 0 1.35459995269775 15.8837995529175
-115 0 0 1.35602998733521 15.9511003494263
-116 0 0 1.35742998123169 16.0184993743896
-117 0 0 1.35877001285553 16.0858993530273
-118 0 0 1.3600800037384 16.1532001495361
-119 0 0 1.36135005950928 16.2206001281738
-120 0 0 1.36257994174957 16.2879009246826
-121 0 0 1.36375999450684 16.3553009033203
-122 0 0 1.36491000652313 16.4225997924805
-123 0 0 1.36600995063782 16.4899997711182
-124 0 0 1.36707997322083 16.557300567627
-125 0 0 1.36810994148254 16.6247005462646
-126 0 0 1.36909997463226 16.6919994354248
-127 0 0 1.37004995346069 16.7593994140625
-128 0 0 1.37095999717712 16.8267002105713
-129 0 0 1.37184000015259 16.894100189209
-130 0 0 1.37267994880676 16.9613990783691
-131 0 0 1.37347996234894 17.0287990570068
-132 0 0 1.37424004077911 17.0962009429932
-133 0 0 1.37496995925903 17.1636009216309
-134 0 0 1.37565994262695 17.2310009002686
-135 0 0 1.3763200044632 17.2984008789063
-136 0 0 1.37694001197815 17.3658008575439
-137 0 0 1.37752997875214 17.4332008361816
-138 0 0 1.37808001041412 17.5006999969482
-139 0 0 1.37860000133514 17.5680999755859
-140 0 0 1.37908005714417 17.6355991363525
-141 0 0 1.37952995300293 17.7031002044678
-142 0 0 1.37995004653931 17.7705993652344
-143 0 0 1.3803299665451 17.8381004333496
-144 0 0 1.38068997859955 17.9057006835938
-145 0 0 1.38100004196167 17.9731998443604
-146 0 0 1.38128995895386 18.0408000946045
-147 0 0 1.38154995441437 18.1084003448486
-148 0 0 1.38177001476288 18.1760005950928
-149 0 0 1.38197004795074 18.2436008453369
-150 4 4 1.38213002681732 18.31130027771
-151 0 0 1.38226997852325 18.378999710083
-152 0 0 1.38236999511719 18.4466991424561
-153 0 0 1.38243997097015 18.5144004821777
-154 0 0 1.38249003887177 18.5821990966797
-155 0 0 1.38250994682312 18.6499996185303
156 5 2 1.38250994682312 18.6550006866455
157 0 0 1.38249003887177 18.7227993011475
158 0 0 1.38244998455048 18.7907009124756
159 0 0 1.38238000869751 18.8584995269775
160 0 0 1.38227999210358 18.926399230957
161 0 0 1.382159948349 18.9944000244141
162 0 0 1.38200998306274 19.0622997283936
163 0 0 1.38182997703552 19.1303005218506
164 0 0 1.38162004947662 19.198299407959
165 0 0 1.38138997554779 19.2663993835449
166 0 0 1.3811399936676 19.3344993591309
167 0 0 1.38085997104645 19.4025993347168
168 0 0 1.38055002689362 19.4708003997803
169 0 0 1.38022005558014 19.5389003753662
170 0 0 1.37987005710602 19.6072006225586
171 0 0 1.37949001789093 19.6753997802734
172 0 0 1.3790899515152 19.7437000274658
173 0 0 1.37865996360779 19.8120994567871
174 0 0 1.37820994853973 19.8803997039795
175 0 0 1.37774002552032 19.9489002227783
176 0 0 1.37724995613098 20.0172996520996
177 0 0 1.37672996520996 20.0858001708984
178 0 0 1.37619996070862 20.1543006896973
179 0 0 1.3756400346756 20.222900390625
180 0 0 1.37505996227264 20.2915000915527
181 0 0 1.37445998191833 20.3600997924805
182 0 0 1.37383997440338 20.4288005828857
183 0 0 1.37320005893707 20.4974994659424
184 0 0 1.37253999710083 20.5662994384766
185 0 0 1.37186002731323 20.6350994110107
186 0 0 1.37116003036499 20.7040004730225
187 0 0 1.3704400062561 20.7728996276855
188 0 0 1.36970996856689 20.8418006896973
189 0 0 1.36895000934601 20.9108009338379
190 0 0 1.3681800365448 20.9797992706299
191 0 0 1.36739003658295 21.048900604248
192 0 0 1.36658000946045 21.1180000305176
193 0 0 1.36574995517731 21.1872005462646
194 0 0 1.36491000652313 21.2563991546631
195 0 0 1.36405003070831 21.3255996704102
196 0 0 1.36318004131317 21.3948993682861
197 0 0 1.36229002475739 21.4643001556396
198 0 0 1.36137998104095 21.5337009429932
199 0 0 1.36046004295349 21.603099822998
200 6 4 1.35951995849609 21.6725997924805
201 0 0 1.35856997966766 21.7420997619629
202 0 0 1.35759997367859 21.8117008209229
203 0 0 1.35661995410919 21.8812999725342
204 0 0 1.35562002658844 21.951000213623
205 0 0 1.35460996627808 22.0207004547119
206 0 0 1.35359001159668 22.0904998779297
207 0 0 1.35256004333496 22.1602993011475
208 0 0 1.3515100479126 22.2301006317139
209 0 0 1.35045003890991 22.2999992370605
210 0 0 1.34937000274658 22.3700008392334
211 0 0 1.34828996658325 22.4400005340576
212 0 0 1.34719002246857 22.5100994110107
213 0 0 1.34607994556427 22.5802001953125
214 0 0 1.34495997428894 22.6502990722656
215 0 0 1.34382998943329 22.7205009460449
216 0 0 1.34268999099731 22.7908000946045
217 0 0 1.3415299654007 22.8610992431641
218 0 0 1.34037005901337 22.9314002990723
219 0 0 1.33920001983643 23.0018005371094
220 0 0 1.33801996707916 23.0722999572754
221 0 0 1.33682000637054 23.1427993774414
222 0 0 1.33562004566193 23.2133007049561
223 0 0 1.3344099521637 23.283899307251
224 0 0 1.33318996429443 23.3544998168945
225 0 0 1.33195996284485 23.425199508667
226 0 0 1.33072996139526 23.496000289917
227 0 0 1.32948005199432 23.5667991638184
228 0 0 1.32823002338409 23.6375999450684
229 0 0 1.32696998119354 23.7084999084473
230 0 0 1.32570004463196 23.7793998718262
231 0 0 1.32442998886108 23.8504009246826
232 0 0 1.32314002513885 23.9214992523193
233 0 0 1.32184994220734 23.9925994873047
234 0 0 1.32055997848511 24.06369972229
235 0 0 1.31926000118256 24.1348991394043
236 0 0 1.31795001029968 24.2061004638672
237 0 0 1.31664001941681 24.2773990631104
238 0 0 1.31532001495361 24.3486995697021
239 0 0 1.31400001049042 24.4200992584229
240 0 0 1.3126699924469 24.4915008544922
241 0 0 1.31132996082306 24.5629997253418
242 0 0 1.30999004840851 24.6345996856689
243 0 0 1.30865001678467 24.7061004638672
244 0 0 1.30729997158051 24.7777996063232
245 0 0 1.30595004558563 24.8493995666504
246 0 0 1.30458998680115 24.921199798584
247 0 0 1.30323004722595 24.9929008483887
248 0 0 1.30186998844147 25.0646991729736
249 0 0 1.30050003528595 25.1366004943848
250 7 4 1.29912996292114 25.2084999084473
251 0 0 1.29776000976563 25.2805004119873
252 0 0 1.29639005661011 25.3525009155273
253 0 0 1.29500997066498 25.4244995117188
254 0 0 1.29363000392914 25.4965991973877
255 0 0 1.29224002361298 25.5687999725342
256 0 0 1.29086005687714 25.6410007476807
257 0 0 1.28946995735168 25.7131996154785
258 0 0 1.28808999061584 25.7854995727539
259 0 0 1.28670001029968 25.8579006195068
260 0 0 1.2853000164032 25.9302997589111
261 0 0 1.28391003608704 26.0027008056641
262 0 0 1.28252005577087 26.0751991271973
263 0 0 1.2811199426651 26.1476993560791
264 0 0 1.27972996234894 26.2203006744385
265 0 0 1.27832996845245 26.2929000854492
266 0 0 1.27693998813629 26.36549949646
267 0 0 1.27553999423981 26.4381999969482
268 0 0 1.27415001392365 26.5109996795654
269 0 0 1.27275002002716 26.5837993621826
270 0 0 1.27135002613068 26.6566009521484
271 0 0 1.26996004581451 26.7294998168945
272 0 0 1.26856005191803 26.8024997711182
273 0 0 1.26716995239258 26.8754005432129
274 0 0 1.26577997207642 26.9484996795654
275 0 0 1.26437997817993 27.0214996337891
276 0 0 1.26298999786377 27.0946998596191
277 0 0 1.26160001754761 27.1678009033203
278 0 0 1.26021003723145 27.2409992218018
279 0 0 1.25882995128632 27.3143005371094
280 0 0 1.25743997097015 27.3875007629395
281 0 0 1.25606000423431 27.4608993530273
282 0 0 1.25468003749847 27.5342998504639
283 0 0 1.25329995155334 27.6077003479004
284 0 0 1.2519199848175 27.6811008453369
285 0 0 1.25055003166199 27.7546997070313
286 0 0 1.24916994571686 27.8281993865967
287 0 0 1.24779999256134 27.9018001556396
288 0 0 1.24644005298615 27.9754009246826
289 0 0 1.24506998062134 28.0491008758545
290 0 0 1.24371004104614 28.1228008270264
291 0 0 1.24234998226166 28.1965999603271
292 0 0 1.24100005626678 28.2703990936279
293 0 0 1.2396399974823 28.3442993164063
294 0 0 1.23829996585846 28.4181995391846
295 0 0 1.23695003986359 28.4920997619629
296 0 0 1.23561000823975 28.5660991668701
297 0 0 1.23426997661591 28.640100479126
298 0 0 1.23292994499207 28.7141990661621
299 0 0 1.23160004615784 28.7882995605469
300 8 4 1.23028004169464 28.8624000549316
301 0 0 1.22895002365112 28.9365997314453
302 0 0 1.22764003276825 29.010799407959
303 0 0 1.22632002830505 29.0851001739502
304 0 0 1.22501003742218 29.1594009399414
305 0 0 1.22370004653931 29.2338008880615
306 0 0 1.22239995002747 29.3082008361816
307 0 0 1.22110998630524 29.3826007843018
308 0 0 1.21981000900269 29.4570999145508
309 0 0 1.21853005886078 29.5316009521484
310 0 0 1.21723997592926 29.6061992645264
311 0 0 1.21597003936768 29.6807994842529
312 0 0 1.21468997001648 29.755500793457
313 0 0 1.21343004703522 29.830099105835
314 0 0 1.21215999126434 29.904899597168
315 0 0 1.21090996265411 29.9796009063721
316 0 0 1.20965003967285 30.054500579834
317 0 0 1.20841002464294 30.1292991638184
318 0 0 1.20715999603271 30.2042007446289
319 0 0 1.20592999458313 30.2791004180908
320 0 0 1.20469999313354 30.3540992736816
321 0 0 1.20346999168396 30.4291000366211
322 0 0 1.2022500038147 30.5041999816895
323 0 0 1.20104002952576 30.5792999267578
324 0 0 1.19983005523682 30.6543998718262
325 0 0 1.19862997531891 30.7296009063721
326 0 0 1.19743001461029 30.8048000335693
327 0 0 1.19623994827271 30.8801002502441
328 0 0 1.19506001472473 30.9554004669189
329 0 0 1.19387996196747 31.0307998657227
330 0 0 1.19271004199982 31.1061992645264
331 0 0 1.19154000282288 31.1816005706787
332 0 0 1.19037997722626 31.2570991516113
333 0 0 1.18922996520996 31.3325996398926
334 0 0 1.18807995319366 31.4081001281738
335 0 0 1.18693995475769 31.483699798584
336 0 0 1.18580996990204 31.5594005584717
337 0 0 1.18467998504639 31.6350002288818
338 0 0 1.18356001377106 31.7108001708984
339 0 0 1.18244004249573 31.7865009307861
340 0 0 1.18132996559143 31.8623008728027
341 0 0 1.18023002147675 31.9381999969482
342 0 0 1.17913997173309 32.0140991210938
343 0 0 1.17805004119873 32.0900001525879
344 0 0 1.1769700050354 32.1660003662109
345 0 0 1.17588996887207 32.242000579834
346 0 0 1.17481994628906 32.318000793457
347 0 0 1.17376005649567 32.394100189209
348 0 0 1.17270994186401 32.4702987670898
349 0 0 1.17165994644165 32.5463981628418
350 9 4 1.17061996459961 32.6226997375488
351 0 0 1.16958999633789 32.6988983154297
352 0 0 1.16856002807617 32.7751998901367
353 0 0 1.16753995418549 32.8516006469727
354 0 0 1.16653001308441 32.9280014038086
355 0 0 1.16551995277405 33.0043983459473
356 0 0 1.1645200252533 33.0808982849121
357 0 0 1.16352999210358 33.157398223877
358 0 0 1.16254997253418 33.234001159668
359 0 0 1.16156995296478 33.3106002807617
360 0 0 1.16059994697571 33.3872985839844
361 0 0 1.15963995456696 33.4640007019043
362 0 0 1.1586799621582 33.540699005127
363 0 0 1.1577399969101 33.6175003051758
364 0 0 1.15680003166199 33.6943016052246
365 0 0 1.15585994720459 33.7711982727051
366 0 0 1.15494000911713 33.8480987548828
367 0 0 1.15401995182037 33.9250984191895
368 0 0 1.15311002731323 34.0021018981934
369 0 0 1.1521999835968 34.0791015625
370 0 0 1.15130996704102 34.1562004089355
371 0 0 1.15041995048523 34.2332992553711
372 0 0 1.14953994750977 34.3105010986328
373 0 0 1.1486599445343 34.3877983093262
374 0 0 1.14779996871948 34.4650001525879
375 0 0 1.14693999290466 34.5424003601074
376 0 0 1.14608001708984 34.619701385498
377 0 0 1.14523994922638 34.6971015930176
378 0 0 1.1444000005722 34.774600982666
379 0 0 1.14356994628906 34.8521003723145
380 0 0 1.14275002479553 34.9295997619629
381 0 0 1.14193999767303 35.0071983337402
382 0 0 1.14112997055054 35.0848999023438
383 0 0 1.14032995700836 35.1626014709473
384 0 0 1.13953995704651 35.2402992248535
385 0 0 1.13875997066498 35.3180999755859
386 0 0 1.13797998428345 35.3959007263184
387 0 0 1.13722002506256 35.4738006591797
388 0 0 1.13645005226135 35.551700592041
389 0 0 1.1356999874115 35.6296997070313
390 0 0 1.13496005535126 35.7076988220215
391 0 0 1.13422000408173 35.785701751709
392 0 0 1.13348996639252 35.8638000488281
393 0 0 1.13276994228363 35.9420013427734
394 0 0 1.13205003738403 36.0201988220215
395 0 0 1.13134002685547 36.0984992980957
396 0 0 1.13064002990723 36.1767997741699
397 0 0 1.12995004653931 36.2551002502441
398 0 0 1.12926995754242 36.3334999084473
399 0 0 1.12858998775482 36.4119987487793
400 10 4 1.12792003154755 36.4905014038086
401 0 0 1.1272599697113 36.5690002441406
402 0 0 1.12661004066467 36.6475982666016
403 0 0 1.12595999240875 36.7262992858887
404 0 0 1.12531995773315 36.8050003051758
405 0 0 1.12469005584717 36.8837013244629
406 0 0 1.12407004833221 36.9625015258789
407 0 0 1.12346005439758 37.0414009094238
408 0 0 1.12284994125366 37.1203002929688
409 0 0 1.12224996089935 37.1991996765137
410 0 0 1.12165999412537 37.2781982421875
411 0 0 1.12107002735138 37.3572998046875
412 0 0 1.12049996852875 37.4364013671875
413 0 0 1.11993002891541 37.5155982971191
414 0 0 1.1193699836731 37.594799041748
415 0 0 1.11881995201111 37.673999786377
416 0 0 1.11827003955841 37.7532997131348
417 0 0 1.11773002147675 37.8326988220215
418 0 0 1.1172000169754 37.9121017456055
419 0 0 1.11668002605438 37.9916000366211
420 0 0 1.11617004871368 38.0710983276367
421 0 0 1.1156599521637 38.1506996154785
422 0 0 1.11515998840332 38.2303009033203
423 0 0 1.11467003822327 38.310001373291
424 0 0 1.11417996883392 38.3897018432617
425 0 0 1.11371004581451 38.4695014953613
426 0 0 1.11324000358582 38.5493011474609
427 0 0 1.11277997493744 38.6291999816895
428 0 0 1.11231994628906 38.7092018127441
429 0 0 1.11187994480133 38.7891998291016
430 0 0 1.1114399433136 38.8692016601563
431 0 0 1.11100995540619 38.9492988586426
432 0 0 1.1105899810791 39.0294990539551
433 0 0 1.11017000675201 39.1096992492676
434 0 0 1.10976004600525 39.189998626709
435 0 0 1.10935997962952 39.2703018188477
436 0 0 1.1089700460434 39.350700378418
437 0 0 1.10859000682831 39.4311981201172
438 0 0 1.10820996761322 39.5116004943848
439 0 0 1.10783994197845 39.5922012329102
440 0 0 1.1074800491333 39.6727981567383
441 0 0 1.10713005065918 39.7535018920898
442 0 0 1.10678005218506 39.8342018127441
443 0 0 1.10643994808197 39.9150009155273
444 0 0 1.10610997676849 39.9958000183105
445 0 0 1.10579001903534 40.0766983032227
446 0 0 1.1054699420929 40.157600402832
447 0 0 1.10515999794006 40.2386016845703
448 0 0 1.10485994815826 40.3196983337402
449 0 0 1.10457003116608 40.4007987976074
450 11 4 1.1042799949646 40.4818992614746
451 0 0 1.10399997234344 40.5632019042969
452 0 0 1.10372996330261 40.6445007324219
453 0 0 1.1034699678421 40.7257995605469
454 0 0 1.10320997238159 40.807201385498
455 0 0 1.1029599905014 40.8886985778809
456 0 0 1.10272002220154 40.9701995849609
457 0 0 1.10248994827271 41.051700592041
458 0 0 1.10225999355316 41.1333999633789
459 0 0 1.10204005241394 41.2150993347168
460 0 0 1.10183000564575 41.2967987060547
461 0 0 1.10162997245789 41.3786010742188
462 0 0 1.10143005847931 41.4604988098145
463 0 0 1.10125005245209 41.5424003601074
464 0 0 1.10106003284454 41.6244010925293
465 0 0 1.10089004039764 41.7064018249512
466 0 0 1.10072004795074 41.788501739502
467 0 0 1.10055994987488 41.8707008361816
468 0 0 1.10040998458862 41.9528999328613
469 0 0 1.10027003288269 42.0351982116699
470 0 0 1.10012996196747 42.1175003051758
471 0 0 1.10000002384186 42.1999015808105
472 0 0 1.09987998008728 42.282398223877
473 0 0 1.09976994991302 42.3648986816406
474 0 0 1.09966003894806 42.4473991394043
475 0 0 1.09956002235413 42.530101776123
476 0 0 1.09947001934052 42.6128005981445
477 0 0 1.0993800163269 42.695499420166
478 0 0 1.09930002689362 42.7783012390137
479 0 0 1.09923005104065 42.861198425293
480 0 0 1.09916996955872 42.9440994262695
481 0 0 1.09911000728607 43.027099609375
482 0 0 1.09906995296478 43.1101989746094
483 0 0 1.09902000427246 43.1932983398438
484 0 0 1.09898996353149 43.2765007019043
485 0 0 1.09896004199982 43.3596992492676
486 0 0 1.09894001483917 43.443000793457
487 0 0 1.09893000125885 43.5264015197754
488 0 0 1.09893000125885 43.6097984313965
-489 12 2 1.09893000125885 43.6285018920898
-490 0 0 1.09893000125885 43.7120018005371
-491 0 0 1.09894001483917 43.7955017089844
-492 0 0 1.09896004199982 43.8791999816895
-493 0 0 1.09897994995117 43.9627990722656
-494 0 0 1.09902000427246 44.0466003417969
-495 0 0 1.09905004501343 44.1304016113281
-496 0 0 1.09909999370575 44.2141990661621
-497 0 0 1.09915995597839 44.2980995178223
-498 0 0 1.09922003746033 44.3820991516113
-499 0 0 1.09927999973297 44.4660987854004
-500 13 4 1.09935998916626 44.5502014160156
-501 0 0 1.09943997859955 44.6343994140625
-502 0 0 1.09952998161316 44.7186012268066
-503 0 0 1.09962999820709 44.8028984069824
-504 0 0 1.09973001480103 44.8872985839844
-505 0 0 1.09984004497528 44.9716987609863
-506 0 0 1.09995996952057 45.0560989379883
-507 0 0 1.10008001327515 45.1407012939453
-508 0 0 1.10021996498108 45.2252006530762
-509 0 0 1.1003600358963 45.3098983764648
-510 0 0 1.10049998760223 45.3945999145508
-511 0 0 1.10064995288849 45.4794006347656
-512 0 0 1.10081005096436 45.5642013549805
-513 0 0 1.10098004341125 45.6491012573242
-514 0 0 1.10115003585815 45.7341003417969
-515 0 0 1.1013400554657 45.8190994262695
-516 0 0 1.10151994228363 45.9042015075684
-517 0 0 1.1017199754715 45.9892997741699
-518 0 0 1.10192000865936 46.0745010375977
-519 0 0 1.10213005542755 46.1598014831543
-520 0 0 1.10233998298645 46.2450981140137
-521 0 0 1.10257005691528 46.3305015563965
-522 0 0 1.10280001163483 46.415901184082
-523 0 0 1.10302996635437 46.5013999938965
-524 0 0 1.10327005386353 46.5870018005371
-525 0 0 1.10352003574371 46.6725997924805
-526 0 0 1.10378003120422 46.75830078125
-527 0 0 1.10404002666473 46.8441009521484
-528 0 0 1.10432004928589 46.9299011230469
-529 0 0 1.10459005832672 47.0157012939453
-530 0 0 1.10487997531891 47.1016998291016
-531 0 0 1.10517001152039 47.1876983642578
-532 0 0 1.10546004772186 47.2737007141113
-533 0 0 1.10576999187469 47.3597984313965
-534 0 0 1.10608005523682 47.4459991455078
-535 0 0 1.10640001296997 47.5321998596191
-536 0 0 1.10671997070313 47.6184997558594
-537 0 0 1.1070499420166 47.7048988342285
-538 0 0 1.10739004611969 47.7913017272949
-539 0 0 1.10774004459381 47.877799987793
-540 0 0 1.10809004306793 47.964298248291
-541 0 0 1.10845005512238 48.0508995056152
-542 0 0 1.10880994796753 48.1375999450684
-543 0 0 1.10917997360229 48.2243003845215
-544 0 0 1.10956001281738 48.3110008239746
-545 0 0 1.1099499464035 48.3978996276855
-546 0 0 1.11033999919891 48.4847984313965
-547 0 0 1.11073994636536 48.5717010498047
-548 0 0 1.11114001274109 48.6586990356445
-549 0 0 1.11154997348785 48.7458000183105
-550 14 4 1.11196994781494 48.8329010009766
-551 0 0 1.11240005493164 48.9201011657715
-552 0 0 1.11283004283905 49.0074005126953
-553 0 0 1.11326003074646 49.0946998596191
-554 0 0 1.11371004581451 49.1820983886719
-555 0 0 1.11415994167328 49.2695007324219
-556 0 0 1.11461997032166 49.3569984436035
-557 0 0 1.11507999897003 49.4444999694824
-558 0 0 1.11555004119873 49.5321006774902
-559 0 0 1.11602997779846 49.619800567627
-560 0 0 1.11651003360748 49.7075004577637
-561 0 0 1.11699998378754 49.7952995300293
-562 0 0 1.11749994754791 49.8830986022949
-563 0 0 1.11800003051758 49.9710006713867
-564 0 0 1.11851000785828 50.0588989257813
-565 0 0 1.1190299987793 50.146900177002
-566 0 0 1.11954998970032 50.2350006103516
-567 0 0 1.12007999420166 50.3231010437012
-568 0 0 1.120609998703 50.4113006591797
-569 0 0 1.12115001678467 50.4995002746582
-570 0 0 1.12170004844666 50.5877990722656
-571 0 0 1.12224996089935 50.6762008666992
-572 0 0 1.12281000614166 50.7645988464355
-573 0 0 1.123379945755 50.8530006408691
-574 0 0 1.12395000457764 50.9415016174316
-575 0 0 1.1245299577713 51.030101776123
-576 0 0 1.12512004375458 51.1186981201172
-577 0 0 1.12571001052856 51.2074012756348
-578 0 0 1.12630999088287 51.296199798584
-579 0 0 1.12690997123718 51.3849983215332
-580 0 0 1.12751996517181 51.4738006591797
-581 0 0 1.12813997268677 51.5626983642578
-582 0 0 1.12875998020172 51.6516990661621
-583 0 0 1.129390001297 51.7406997680664
-584 0 0 1.1300300359726 51.8297996520996
-585 0 0 1.1306699514389 51.9188995361328
-586 0 0 1.13131999969482 52.0080986022949
-587 0 0 1.13197004795074 52.0973014831543
-588 0 0 1.1326299905777 52.1865997314453
-589 0 0 1.13329994678497 52.2759017944336
-590 0 0 1.13397002220154 52.3652992248535
-591 0 0 1.13464999198914 52.4547996520996
-592 0 0 1.13532996177673 52.5443000793457
-593 0 0 1.13602995872498 52.6338005065918
-594 0 0 1.1367199420929 52.7234001159668
-595 0 0 1.13742995262146 52.8130989074707
-596 0 0 1.1381299495697 52.9028015136719
-597 0 0 1.13884997367859 52.9925994873047
-598 0 0 1.13956999778748 53.0824012756348
-599 0 0 1.14030003547668 53.1721992492676
-600 15 4 1.1410299539566 53.2621994018555
-601 0 0 1.14177000522614 53.3521003723145
-602 0 0 1.1425199508667 53.4421997070313
-603 0 0 1.14327001571655 53.5321998596191
-604 0 0 1.14402997493744 53.6223983764648
-605 0 0 1.14479005336761 53.7125015258789
-606 0 0 1.14556002616882 53.8027992248535
-607 0 0 1.14632999897003 53.8930015563965
-608 0 0 1.14710998535156 53.9833984375
-609 0 0 1.14789998531342 54.0737991333008
-610 0 0 1.14868998527527 54.1641998291016
-611 0 0 1.14948999881744 54.2546997070313
-612 0 0 1.15030002593994 54.3451995849609
-613 0 0 1.15111005306244 54.4357986450195
-614 0 0 1.15192997455597 54.5264015197754
-615 0 0 1.15275001525879 54.6170997619629
-616 0 0 1.15357995033264 54.7078018188477
-617 0 0 1.15441000461578 54.7985992431641
-618 0 0 1.15524995326996 54.8894004821777
-619 0 0 1.15610003471375 54.9802017211914
-620 0 0 1.15694999694824 55.0712013244629
-621 0 0 1.15779995918274 55.1621017456055
-622 0 0 1.15866994857788 55.253101348877
-623 0 0 1.15954005718231 55.3442001342773
-624 0 0 1.16041004657745 55.4352989196777
-625 0 0 1.16129004955292 55.5265007019043
-626 0 0 1.16217994689941 55.6176986694336
-627 0 0 1.1630699634552 55.7089004516602
-628 0 0 1.16396999359131 55.8002014160156
-629 0 0 1.16487002372742 55.8914985656738
-630 0 0 1.16577994823456 55.9828987121582
-631 0 0 1.16668999195099 56.0742988586426
-632 0 0 1.16761004924774 56.1657981872559
-633 0 0 1.16854000091553 56.2573013305664
-634 0 0 1.16946995258331 56.3488998413086
-635 0 0 1.17041003704071 56.4404983520508
-636 0 0 1.17135000228882 56.5321998596191
-637 0 0 1.17229998111725 56.6239013671875
-638 0 0 1.17324995994568 56.7155990600586
-639 0 0 1.17420995235443 56.8073997497559
-640 0 0 1.17517995834351 56.8992004394531
-641 0 0 1.17614996433258 56.9911003112793
-642 0 0 1.17711997032166 57.0830001831055
-643 0 0 1.17809998989105 57.1749992370605
-644 0 0 1.17909002304077 57.2669982910156
-645 0 0 1.18008005619049 57.359001159668
-646 0 0 1.18107998371124 57.451099395752
-647 0 0 1.18209004402161 57.5432014465332
-648 0 0 1.18308997154236 57.6353988647461
-649 0 0 1.18411004543304 57.7276000976563
-650 16 4 1.18513000011444 57.8199005126953
-651 0 0 1.18614995479584 57.9122009277344
-652 0 0 1.18719005584717 58.0045013427734
-653 0 0 1.18822002410889 58.0969009399414
-654 0 0 1.18926000595093 58.1893005371094
-655 0 0 1.19031000137329 58.2817001342773
-656 0 0 1.19135999679565 58.3741989135742
-657 0 0 1.19242000579834 58.4668006896973
-658 0 0 1.19348001480103 58.559398651123
-659 0 0 1.19455003738403 58.6520004272461
-660 0 0 1.19562995433807 58.7445983886719
-661 0 0 1.1967099905014 58.8372993469238
-662 0 0 1.19779002666473 58.9300994873047
-663 0 0 1.1988799571991 59.0228004455566
-664 0 0 1.19997000694275 59.1156005859375
-665 0 0 1.20107996463776 59.2084999084473
-666 0 0 1.20218002796173 59.301399230957
-667 0 0 1.20328998565674 59.3942985534668
-668 0 0 1.20440995693207 59.4873008728027
-669 0 0 1.20553004741669 59.5802993774414
-670 0 0 1.20666003227234 59.6733016967773
-671 0 0 1.20779001712799 59.7663993835449
-672 0 0 1.20893001556396 59.8595008850098
-673 0 0 1.21007001399994 59.9525985717773
-674 0 0 1.21122002601624 60.0457992553711
-675 0 0 1.21237003803253 60.1389999389648
-676 0 0 1.21352994441986 60.2322998046875
-677 0 0 1.21468997001648 60.3255996704102
-678 0 0 1.21586000919342 60.4188995361328
-679 0 0 1.21703004837036 60.5122985839844
-680 0 0 1.21820998191833 60.6057014465332
-681 0 0 1.2193900346756 60.6991004943848
-682 0 0 1.22057998180389 60.7925987243652
-683 0 0 1.22177004814148 60.8860015869141
-684 0 0 1.2229700088501 60.9795989990234
-685 0 0 1.22417998313904 61.0731010437012
-686 0 0 1.22538995742798 61.1666984558105
-687 0 0 1.22660005092621 61.2603988647461
-688 0 0 1.22782003879547 61.3540000915527
-689 0 0 1.22904002666473 61.4477005004883
-690 0 0 1.23027002811432 61.5415000915527
-691 0 0 1.23151004314423 61.6352005004883
-692 0 0 1.23275005817413 61.7290000915527
-693 0 0 1.23398995399475 61.8228988647461
-694 0 0 1.23523998260498 61.9166984558105
-695 0 0 1.23649001121521 62.0106010437012
-696 0 0 1.23775005340576 62.1044998168945
-697 0 0 1.23901998996735 62.1985015869141
-698 0 0 1.2402800321579 62.2924995422363
-699 0 0 1.2415599822998 62.3865013122559
-700 17 4 1.242840051651 62.480598449707
-701 0 0 1.24412000179291 62.5746002197266
-702 0 0 1.24540996551514 62.668701171875
-703 0 0 1.24670004844666 62.7629013061523
-704 0 0 1.24800002574921 62.8569984436035
-705 0 0 1.24930000305176 62.9511985778809
-706 0 0 1.25060999393463 63.0455017089844
-707 0 0 1.2519199848175 63.1397018432617
-708 0 0 1.2532399892807 63.234001159668
-709 0 0 1.2545599937439 63.3283004760742
-710 0 0 1.25589001178741 63.4226989746094
-711 0 0 1.25722002983093 63.5169982910156
-712 0 0 1.25855994224548 63.611400604248
-713 0 0 1.25989997386932 63.7058982849121
-714 0 0 1.26125001907349 63.8003005981445
-715 0 0 1.26259994506836 63.8947982788086
-716 0 0 1.26396000385284 63.9892997741699
-717 0 0 1.26531994342804 64.0839004516602
-718 0 0 1.26668000221252 64.1783981323242
-719 0 0 1.26804995536804 64.2730026245117
-720 0 0 1.26943004131317 64.3675994873047
-721 0 0 1.27081000804901 64.4623031616211
-722 0 0 1.27218997478485 64.556999206543
-723 0 0 1.27357995510101 64.6517028808594
-724 0 0 1.27497005462646 64.7463989257813
-725 0 0 1.27637004852295 64.8411026000977
-726 0 0 1.27778005599976 64.9358978271484
-727 0 0 1.27918004989624 65.0307006835938
-728 0 0 1.28059995174408 65.1255035400391
-729 0 0 1.28200995922089 65.2203979492188
-730 0 0 1.28343999385834 65.315299987793
-731 0 0 1.28486001491547 65.4102020263672
-732 0 0 1.28629004955292 65.5050964355469
-733 0 0 1.2877299785614 65.5999984741211
-734 0 0 1.28917002677917 65.6949996948242
-735 0 0 1.29060995578766 65.7900009155273
-736 0 0 1.29206001758575 65.8850021362305
-737 0 0 1.29351997375488 65.9801025390625
-738 0 0 1.29497003555298 66.0751037597656
-739 0 0 1.29644000530243 66.1701965332031
-740 0 0 1.29789996147156 66.2652969360352
-741 0 0 1.29937994480133 66.3604965209961
-742 0 0 1.30085003376007 66.4555969238281
-743 0 0 1.30233001708984 66.5507965087891
-744 0 0 1.30382001399994 66.6460037231445
-745 0 0 1.30531001091003 66.7412033081055
-746 0 0 1.30681002140045 66.8365020751953
-747 0 0 1.30830001831055 66.9318008422852
-748 0 0 1.30981004238129 67.027099609375
-749 0 0 1.31131994724274 67.1223983764648
-750 18 4 1.31282997131348 67.2176971435547
-751 0 0 1.31435000896454 67.313102722168
-752 0 0 1.3158700466156 67.4084014892578
-753 0 0 1.31738996505737 67.5037994384766
-754 0 0 1.31892001628876 67.5992965698242
-755 0 0 1.32045996189117 67.6947021484375
-756 0 0 1.32200002670288 67.7901000976563
-757 0 0 1.3235399723053 67.8855972290039
-758 0 0 1.32509005069733 67.9811019897461
-759 0 0 1.32664000988007 68.0765991210938
-760 0 0 1.32819998264313 68.1722030639648
-761 0 0 1.32975995540619 68.2677001953125
-762 0 0 1.33132004737854 68.3632965087891
-763 0 0 1.33289003372192 68.4589004516602
-764 0 0 1.33447003364563 68.5544967651367
-765 0 0 1.33605003356934 68.6501998901367
-766 0 0 1.33763003349304 68.7457962036133
-767 0 0 1.33922004699707 68.8414993286133
-768 0 0 1.34080994129181 68.9372024536133
-769 0 0 1.34239995479584 69.0328979492188
-770 0 0 1.34399998188019 69.1286010742188
-771 0 0 1.34561002254486 69.2244033813477
-772 0 0 1.34721994400024 69.3200988769531
-773 0 0 1.34882998466492 69.415901184082
-774 0 0 1.35045003890991 69.5117034912109
-775 0 0 1.35206997394562 69.6074981689453
-776 0 0 1.35370004177094 69.7033004760742
-777 0 0 1.35532999038696 69.799201965332
-778 0 0 1.35696005821228 69.8951034545898
-779 0 0 1.35860002040863 69.9908981323242
-780 0 0 1.36023998260498 70.086799621582
-781 0 0 1.36188995838165 70.1828002929688
-782 0 0 1.36354005336761 70.2787017822266
-783 0 0 1.36520004272461 70.3746032714844
-784 0 0 1.36685001850128 70.4705963134766
-785 0 0 1.3685200214386 70.5665969848633
-786 0 0 1.37019002437592 70.66259765625
-787 0 0 1.37186002731323 70.7585983276367
-788 0 0 1.37354004383087 70.8545989990234
-789 0 0 1.37521994113922 70.9506988525391
-790 0 0 1.37689995765686 71.0466995239258
-791 0 0 1.37858998775482 71.1427993774414
-792 0 0 1.38028001785278 71.238899230957
-793 0 0 1.38197994232178 71.3349990844727
-794 0 0 1.38367998600006 71.4310989379883
-795 0 0 1.38539004325867 71.5271987915039
-796 0 0 1.38709998130798 71.6233978271484
-797 0 0 1.38881003856659 71.7194976806641
-798 0 0 1.39052999019623 71.8156967163086
-799 0 0 1.39224994182587 71.9119033813477
-800 19 4 1.39398002624512 72.0081024169922
-801 0 0 1.39570999145508 72.1043014526367
-802 0 0 1.39743995666504 72.2005996704102
-803 0 0 1.39918005466461 72.2967987060547
-804 0 0 1.4009200334549 72.3930969238281
-805 0 0 1.4026700258255 72.4893035888672
-806 0 0 1.40442001819611 72.5856018066406
-807 0 0 1.40618002414703 72.6819000244141
-808 0 0 1.40794003009796 72.7781982421875
-809 0 0 1.40970003604889 72.8744964599609
-810 0 0 1.41147005558014 72.9709014892578
-811 0 0 1.4132399559021 73.0671997070313
-812 0 0 1.41500997543335 73.1635971069336
-813 0 0 1.41679000854492 73.2600021362305
-814 0 0 1.41857004165649 73.3563003540039
-815 0 0 1.4203599691391 73.4526977539063
-816 0 0 1.42215001583099 73.5491027832031
-817 0 0 1.42394995689392 73.6455993652344
-818 0 0 1.42575001716614 73.7419967651367
-819 0 0 1.42754995822906 73.8384017944336
-820 0 0 1.4293600320816 73.9348983764648
-821 0 0 1.43116998672485 74.0314025878906
-822 0 0 1.4329799413681 74.1278991699219
-823 0 0 1.43480002880096 74.2242965698242
-824 0 0 1.43663001060486 74.32080078125
-825 0 0 1.43844997882843 74.4173965454102
-826 0 0 1.44028997421265 74.5139007568359
-827 0 0 1.44211995601654 74.6103973388672
-828 0 0 1.44395995140076 74.7070007324219
-829 0 0 1.44579994678497 74.8034973144531
-830 0 0 1.44764995574951 74.9001007080078
-831 0 0 1.44949996471405 74.996696472168
-832 0 0 1.45135998725891 75.0932006835938
-833 0 0 1.45320999622345 75.1897964477539
-834 0 0 1.45508003234863 75.2864990234375
-835 0 0 1.45694005489349 75.3831024169922
-836 0 0 1.45880997180939 75.4796981811523
-837 0 0 1.46069002151489 75.576301574707
-838 0 0 1.46256995201111 75.6729965209961
-839 0 0 1.46445000171661 75.7695999145508
-840 0 0 1.46633994579315 75.8663024902344
-841 0 0 1.46823000907898 75.9629974365234
-842 0 0 1.47011995315552 76.059700012207
-843 0 0 1.47202003002167 76.1564025878906
-844 0 0 1.47391998767853 76.2530975341797
-845 0 0 1.47582995891571 76.3498001098633
-846 0 0 1.47774004936218 76.4465026855469
-847 0 0 1.47965002059937 76.5431976318359
-848 0 0 1.48157000541687 76.6399993896484
-849 0 0 1.48348999023438 76.736701965332
-850 20 4 1.48540997505188 76.8335037231445
-851 0 0 1.48733997344971 76.9301986694336
-852 0 0 1.48927998542786 77.0270004272461
-853 0 0 1.49120998382568 77.1238021850586
-854 0 0 1.49314999580383 77.2205963134766
-855 0 0 1.4951000213623 77.3173980712891
-856 0 0 1.49705004692078 77.4141998291016
-857 0 0 1.49899995326996 77.5110015869141
-858 0 0 1.50094997882843 77.6078033447266
-859 0 0 1.50291001796722 77.7045974731445
-860 0 0 1.50487995147705 77.8014984130859
-861 0 0 1.50683999061584 77.8983001708984
-862 0 0 1.50882005691528 77.9952011108398
-863 0 0 1.51078999042511 78.0920028686523
-864 0 0 1.51277005672455 78.1889038085938
-865 0 0 1.5147500038147 78.2857971191406
-866 0 0 1.51673996448517 78.3825988769531
-867 0 0 1.51873004436493 78.4794998168945
-868 0 0 1.5207200050354 78.5764007568359
-869 0 0 1.52271997928619 78.6733016967773
-870 0 0 1.52471995353699 78.7702026367188
-871 0 0 1.5267299413681 78.8671035766602
-872 0 0 1.52874004840851 78.9641036987305
-873 0 0 1.53075003623962 79.0609970092773
-874 0 0 1.53277003765106 79.1578979492188
-875 0 0 1.5347900390625 79.2548980712891
-876 0 0 1.53681004047394 79.3517990112305
-877 0 0 1.5388400554657 79.4487991333008
-878 0 0 1.54086995124817 79.5457000732422
-879 0 0 1.54290997982025 79.6427001953125
-880 0 0 1.54495000839233 79.7397003173828
-881 0 0 1.54699003696442 79.8366012573242
-882 0 0 1.54903995990753 79.9336013793945
-883 0 0 1.55109000205994 80.0306015014648
-884 0 0 1.55314004421234 80.1276016235352
-885 0 0 1.55519998073578 80.2246017456055
-886 0 0 1.55726003646851 80.3216018676758
-887 0 0 1.55932998657227 80.4186019897461
-888 0 0 1.56140005588531 80.5156021118164
-889 0 0 1.56347000598907 80.6127014160156
-890 0 0 1.56554996967316 80.7097015380859
-891 0 0 1.56763005256653 80.8067016601563
-892 0 0 1.56971001625061 80.9038009643555
-893 0 0 1.57179999351501 81.0008010864258
-894 0 0 1.57388997077942 81.0978012084961
-895 0 0 1.57598996162415 81.1949005126953
-896 0 0 1.57808995246887 81.2919998168945
-897 0 0 1.5801899433136 81.3889999389648
-898 0 0 1.58229994773865 81.4860992431641
-899 0 0 1.5844099521637 81.5831985473633
-900 21 4 1.58651995658875 81.6801986694336
-901 0 0 1.58863997459412 81.7772979736328
-902 0 0 1.59075999259949 81.874397277832
-903 0 0 1.59289002418518 81.9714965820313
-904 0 0 1.59502005577087 82.068603515625
-905 0 0 1.59714996814728 82.1657028198242
-906 0 0 1.59929001331329 82.2628021240234
-907 0 0 1.60143005847931 82.3599014282227
-908 0 0 1.60356998443604 82.4570007324219
-909 0 0 1.60572004318237 82.5541000366211
-910 0 0 1.60786998271942 82.6512985229492
-911 0 0 1.61003005504608 82.7483978271484
-912 0 0 1.61217999458313 82.8454971313477
-913 0 0 1.61434996128082 82.9425964355469
-914 0 0 1.61651003360748 83.0398025512695
-915 0 0 1.61868000030518 83.1369018554688
-916 0 0 1.62085998058319 83.2341003417969
-917 0 0 1.62302994728088 83.3311996459961
-918 0 0 1.62521004676819 83.4283981323242
-919 0 0 1.62740004062653 83.5254974365234
-920 0 0 1.62959003448486 83.6227035522461
-921 0 0 1.6317800283432 83.7198028564453
-922 0 0 1.63397002220154 83.8170013427734
-923 0 0 1.6361700296402 83.9141998291016
-924 0 0 1.63838005065918 84.0112991333008
-925 0 0 1.64058005809784 84.1084976196289
-926 0 0 1.64278995990753 84.2057037353516
-927 0 0 1.64500999450684 84.3029022216797
-928 0 0 1.64723002910614 84.4000015258789
-929 0 0 1.64944994449615 84.497200012207
-930 0 0 1.65166997909546 84.5943984985352
-931 0 0 1.65390002727509 84.6915969848633
-932 0 0 1.65612995624542 84.7888031005859
-933 0 0 1.65837001800537 84.8860015869141
-934 0 0 1.66060996055603 84.9832000732422
-935 0 0 1.66285002231598 85.0803985595703
-936 0 0 1.66509997844696 85.1775970458984
-937 0 0 1.66735005378723 85.2748031616211
-938 0 0 1.66960000991821 85.3720016479492
-939 0 0 1.67185997962952 85.4692001342773
-940 0 0 1.67411994934082 85.5664978027344
-941 0 0 1.67639005184174 85.6636962890625
-942 0 0 1.67866003513336 85.7609024047852
-943 0 0 1.68093001842499 85.8581008911133
-944 0 0 1.68321001529694 85.9552993774414
-945 0 0 1.68549001216888 86.0525970458984
-946 0 0 1.68777000904083 86.1498031616211
-947 0 0 1.6900600194931 86.2470016479492
-948 0 0 1.69235002994537 86.3442993164063
-949 0 0 1.69464004039764 86.4414978027344
-950 22 4 1.69693994522095 86.5386962890625
-951 0 0 1.69923996925354 86.6360015869141
-952 0 0 1.70155000686646 86.7332000732422
-953 0 0 1.70386004447937 86.8303985595703
-954 0 0 1.706169962883 86.9276962280273
-955 0 0 1.70848000049591 87.02490234375
-956 0 0 1.71080005168915 87.122200012207
-957 0 0 1.71312999725342 87.2193984985352
-958 0 0 1.71545994281769 87.3167037963867
-959 0 0 1.71779000759125 87.4139022827148
-960 0 0 1.72011995315552 87.5111999511719
-961 0 0 1.7224600315094 87.6083984375
-962 0 0 1.72479999065399 87.7057037353516
-963 0 0 1.72714996337891 87.8029022216797
-964 0 0 1.72950005531311 87.9001998901367
-965 0 0 1.73185002803802 87.9973983764648
-966 0 0 1.73421001434326 88.0947036743164
-967 0 0 1.7365700006485 88.1920013427734
-968 0 0 1.73892998695374 88.2891998291016
-969 0 0 1.74129998683929 88.3864974975586
-970 0 0 1.74366998672485 88.4837036132813
-971 0 0 1.74603998661041 88.5810012817383
-972 0 0 1.74842000007629 88.6782989501953
-973 0 0 1.75080001354218 88.7754974365234
-974 0 0 1.75319004058838 88.872802734375
-975 0 0 1.75557994842529 88.970100402832
-976 0 0 1.7579699754715 89.0672988891602
-977 0 0 1.76037001609802 89.1645965576172
-978 0 0 1.76277005672455 89.2619018554688
-979 0 0 1.76516997814178 89.3591995239258
-980 0 0 1.76758003234863 89.4563980102539
-981 0 0 1.76998996734619 89.5537033081055
-982 0 0 1.77240002155304 89.6510009765625
-983 0 0 1.77481997013092 89.7481994628906
-984 0 0 1.77725005149841 89.8454971313477
-985 0 0 1.77967000007629 89.9428024291992
-986 0 0 1.7820999622345 90.0401000976563
-987 0 0 1.78453004360199 90.1372985839844
-988 0 0 1.78697001934052 90.2345962524414
-989 0 0 1.78940999507904 90.331901550293
-990 0 0 1.79184997081757 90.42919921875
-991 0 0 1.79429996013641 90.5263977050781
-992 0 0 1.79674994945526 90.6237030029297
-993 0 0 1.79920995235443 90.7210006713867
-994 0 0 1.8016699552536 90.8182983398438
-995 0 0 1.80412995815277 90.9154968261719
-996 0 0 1.80659997463226 91.0128021240234
-997 0 0 1.80905997753143 91.1100997924805
-998 0 0 1.81154000759125 91.2073974609375
-999 0 0 1.81401002407074 91.3046035766602
-1000 23 9 1.81649994850159 91.4019012451172
