-1000 43 9 -5.30118989944458 -15.1322002410889
-999 0 0 -5.29582977294922 -15.1302995681763
-998 0 0 -5.29048013687134 -15.1282997131348
-997 0 0 -5.28512001037598 -15.1263999938965
-996 0 0 -5.27975988388062 -15.124400138855
-995 0 0 -5.27440023422241 -15.1224002838135
-994 0 0 -5.26904010772705 -15.120400428772
-993 0 0 -5.26367998123169 -15.1184997558594
-992 0 0 -5.25831985473633 -15.1164999008179
-991 0 0 -5.25296020507813 -15.1145000457764
-990 0 0 -5.24760007858276 -15.1125001907349
-989 0 0 -5.24222993850708 -15.1105003356934
-988 0 0 -5.23686981201172 -15.1084995269775
-987 0 0 -5.23150014877319 -15.106499671936
-986 0 0 -5.22614002227783 -15.1044998168945
-985 0 0 -5.22076988220215 -15.1023998260498
-984 0 0 -5.21540021896362 -15.1003999710083
-983 0 0 -5.21003007888794 -15.0984001159668
-982 0 0 -5.20466995239258 -15.0964002609253
-981 0 0 -5.19929981231689 -15.0943002700806
-980 0 0 -5.19393014907837 -15.0923004150391
-979 0 0 -5.18854999542236 -15.0902004241943
-978 0 0 -5.18317985534668 -15.0881996154785
-977 0 0 -5.17781019210815 -15.0860996246338
-976 0 0 -5.17244005203247 -15.0840997695923
-975 0 0 -5.16705989837646 -15.0819997787476
-974 0 0 -5.16169023513794 -15.0798997879028
-973 0 0 -5.15631008148193 -15.0778999328613
-972 0 0 -5.15092992782593 -15.0757999420166
-971 0 0 -5.14555978775024 -15.0736999511719
-970 0 0 -5.1401801109314 -15.0715999603271
-969 0 0 -5.13479995727539 -15.0694999694824
-968 0 0 -5.12941980361938 -15.0673999786377
-967 0 0 -5.12404012680054 -15.065299987793
-966 0 0 -5.11865997314453 -15.0631999969482
-965 0 0 -5.11327981948853 -15.0611000061035
-964 0 0 -5.10789012908936 -15.0590000152588
-963 0 0 -5.10250997543335 -15.0569000244141
-962 0 0 -5.09712982177734 -15.0546998977661
-961 0 0 -5.09174013137817 -15.0525999069214
-960 0 0 -5.08634996414185 -15.0504999160767
-959 0 0 -5.08096981048584 -15.0482997894287
-958 0 0 -5.07558012008667 -15.046199798584
-957 0 0 -5.07018995285034 -15.043999671936
-956 0 0 -5.06479978561401 -15.0418996810913
-955 0 0 -5.05941009521484 -15.0396995544434
-954 0 0 -5.05401992797852 -15.0375003814697
-953 0 0 -5.04863023757935 -15.035400390625
-952 0 0 -5.04324007034302 -15.0332002639771
-951 0 0 -5.03784990310669 -15.0310001373291
-950 42 4 -5.0324501991272 -15.0288000106812
-949 0 0 -5.02706003189087 -15.0265998840332
-948 0 0 -5.02165985107422 -15.0243997573853
-947 0 0 -5.01627016067505 -15.0221996307373
-946 0 0 -5.0108699798584 -15.0200004577637
-945 0 0 -5.00546979904175 -15.0178003311157
-944 0 0 -5.00007009506226 -15.0156002044678
-943 0 0 -4.99466991424561 -15.0134000778198
-942 0 0 -4.98927021026611 -15.0110998153687
-941 0 0 -4.98387002944946 -15.0088996887207
-940 0 0 -4.97846984863281 -15.0066995620728
-939 0 0 -4.97307014465332 -15.0044002532959
-938 0 0 -4.96766996383667 -15.0022001266479
-937 0 0 -4.9622597694397 -14.9998998641968
-936 0 0 -4.95686006546021 -14.9975996017456
-935 0 0 -4.95144987106323 -14.995400428772
-934 0 0 -4.94604015350342 -14.9931001663208
-933 0 0 -4.94063997268677 -14.9907999038696
-932 0 0 -4.93522977828979 -14.9884996414185
-931 0 0 -4.92982006072998 -14.9863004684448
-930 0 0 -4.92440986633301 -14.9840002059937
-929 0 0 -4.91900014877319 -14.9816999435425
-928 0 0 -4.91358995437622 -14.9793996810913
-927 0 0 -4.90818023681641 -14.9770002365112
-926 0 0 -4.90276002883911 -14.9746999740601
-925 0 0 -4.89734983444214 -14.9723997116089
-924 0 0 -4.89194011688232 -14.970100402832
-923 0 0 -4.88651990890503 -14.9678001403809
-922 0 0 -4.88110017776489 -14.9653997421265
-921 0 0 -4.87568998336792 -14.9631004333496
-920 0 0 -4.87026977539063 -14.9607000350952
-919 0 0 -4.86485004425049 -14.958399772644
-918 0 0 -4.85942983627319 -14.956000328064
-917 0 0 -4.85401010513306 -14.9535999298096
-916 0 0 -4.84858989715576 -14.9512996673584
-915 0 0 -4.84317016601563 -14.9489002227783
-914 0 0 -4.83774995803833 -14.9464998245239
-913 0 0 -4.83232021331787 -14.9441003799438
-912 0 0 -4.82690000534058 -14.9416999816895
-911 0 0 -4.82146978378296 -14.9392995834351
-910 0 0 -4.81605005264282 -14.936900138855
-909 0 0 -4.81061983108521 -14.9344997406006
-908 0 0 -4.80519008636475 -14.9321002960205
-907 0 0 -4.79976987838745 -14.9295997619629
-906 0 0 -4.79434013366699 -14.9272003173828
-905 0 0 -4.78890991210938 -14.9247999191284
-904 0 0 -4.78348016738892 -14.9223003387451
-903 0 0 -4.77803993225098 -14.9198999404907
-902 0 0 -4.77261018753052 -14.9174003601074
-901 0 0 -4.7671799659729 -14.914999961853
-900 41 4 -4.76174020767212 -14.9125003814697
-899 0 0 -4.7563099861145 -14.9099998474121
-898 0 0 -4.75087022781372 -14.9075002670288
-897 0 0 -4.7454400062561 -14.9050998687744
-896 0 0 -4.73999977111816 -14.9026002883911
-895 0 0 -4.73456001281738 -14.9000997543335
-894 0 0 -4.72911977767944 -14.8976001739502
-893 0 0 -4.72368001937866 -14.8950996398926
-892 0 0 -4.71823978424072 -14.8924999237061
-891 0 0 -4.71280002593994 -14.8900003433228
-890 0 0 -4.707359790802 -14.8874998092651
-889 0 0 -4.7019100189209 -14.8849000930786
-888 0 0 -4.69646978378296 -14.882399559021
-887 0 0 -4.69102001190186 -14.8797998428345
-886 0 0 -4.68557977676392 -14.8773002624512
-885 0 0 -4.68013000488281 -14.8746995925903
-884 0 0 -4.67468023300171 -14.872200012207
-883 0 0 -4.66923999786377 -14.8696002960205
-882 0 0 -4.66379022598267 -14.8669996261597
-881 0 0 -4.6583399772644 -14.8643999099731
-880 0 0 -4.6528902053833 -14.8618001937866
-879 0 0 -4.64742994308472 -14.8591995239258
-878 0 0 -4.64198017120361 -14.8565998077393
-877 0 0 -4.63652992248535 -14.8540000915527
-876 0 0 -4.63107013702393 -14.8514003753662
-875 0 0 -4.62561988830566 -14.8486995697021
-874 0 0 -4.62016010284424 -14.8460998535156
-873 0 0 -4.61470985412598 -14.8435001373291
-872 0 0 -4.60925006866455 -14.8408002853394
-871 0 0 -4.60378980636597 -14.8381996154785
-870 0 0 -4.59833002090454 -14.8354997634888
-869 0 0 -4.59287023544312 -14.832799911499
-868 0 0 -4.58740997314453 -14.8301000595093
-867 0 0 -4.58195018768311 -14.8275003433228
-866 0 0 -4.5764799118042 -14.8247995376587
-865 0 0 -4.57102012634277 -14.8220996856689
-864 0 0 -4.56554985046387 -14.8193998336792
-863 0 0 -4.56009006500244 -14.8166999816895
-862 0 0 -4.55461978912354 -14.8138999938965
-861 0 0 -4.54914999008179 -14.8112001419067
-860 0 0 -4.54369020462036 -14.808500289917
-859 0 0 -4.53821992874146 -14.805700302124
-858 0 0 -4.53275012969971 -14.8030004501343
-857 0 0 -4.5272798538208 -14.8002004623413
-856 0 0 -4.52180004119873 -14.7974996566772
-855 0 0 -4.51632976531982 -14.7946996688843
-854 0 0 -4.51085996627808 -14.7918996810913
-853 0 0 -4.50538015365601 -14.7890996932983
-852 0 0 -4.4999098777771 -14.7862997055054
-851 0 0 -4.49443006515503 -14.7834997177124
-850 40 4 -4.48895978927612 -14.7806997299194
-849 0 0 -4.48347997665405 -14.7778997421265
-848 0 0 -4.47800016403198 -14.7750997543335
-847 0 0 -4.47251987457275 -14.7722997665405
-846 0 0 -4.46704006195068 -14.7693996429443
-845 0 0 -4.46155977249146 -14.7665996551514
-844 0 0 -4.45606994628906 -14.7636995315552
-843 0 0 -4.45059013366699 -14.7608995437622
-842 0 0 -4.44510984420776 -14.7580003738403
-841 0 0 -4.43962001800537 -14.7551002502441
-840 0 0 -4.4341402053833 -14.7523002624512
-839 0 0 -4.42864990234375 -14.749400138855
-838 0 0 -4.42316007614136 -14.7465000152588
-837 0 0 -4.41766977310181 -14.7435998916626
-836 0 0 -4.41217994689941 -14.7405996322632
-835 0 0 -4.40669012069702 -14.7377004623413
-834 0 0 -4.40119981765747 -14.7348003387451
-833 0 0 -4.39570999145508 -14.7319002151489
-832 0 0 -4.39022016525269 -14.7288999557495
-831 0 0 -4.38471984863281 -14.7259998321533
-830 0 0 -4.37923002243042 -14.7229995727539
-829 0 0 -4.37373018264771 -14.7200002670288
-828 0 0 -4.36822986602783 -14.7170000076294
-827 0 0 -4.36274003982544 -14.7140998840332
-826 0 0 -4.35724020004272 -14.7110996246338
-825 0 0 -4.35173988342285 -14.7081003189087
-824 0 0 -4.34624004364014 -14.7051000595093
-823 0 0 -4.34074020385742 -14.7019996643066
-822 0 0 -4.33522987365723 -14.6990003585815
-821 0 0 -4.32973003387451 -14.6960000991821
-820 0 0 -4.3242301940918 -14.6928997039795
-819 0 0 -4.3187198638916 -14.6899003982544
-818 0 0 -4.31321001052856 -14.6868000030518
-817 0 0 -4.30771017074585 -14.6836996078491
-816 0 0 -4.30219984054565 -14.680700302124
-815 0 0 -4.29668998718262 -14.6775999069214
-814 0 0 -4.29118013381958 -14.6745004653931
-813 0 0 -4.28566980361938 -14.6714000701904
-812 0 0 -4.28015995025635 -14.6682996749878
-811 0 0 -4.27465009689331 -14.6651000976563
-810 0 0 -4.26913022994995 -14.6619997024536
-809 0 0 -4.26361989974976 -14.6589002609253
-808 0 0 -4.2581000328064 -14.6556997299194
-807 0 0 -4.25259017944336 -14.6526002883911
-806 0 0 -4.24706983566284 -14.6493997573853
-805 0 0 -4.24154996871948 -14.6462001800537
-804 0 0 -4.23603010177612 -14.6429996490479
-803 0 0 -4.23051023483276 -14.6398000717163
-802 0 0 -4.22498989105225 -14.6365995407104
-801 0 0 -4.21947002410889 -14.6333999633789
-800 39 4 -4.21394014358521 -14.6302003860474
-799 0 0 -4.20841979980469 -14.6269998550415
-798 0 0 -4.20289993286133 -14.6237001419067
-797 0 0 -4.19737005233765 -14.6204996109009
-796 0 0 -4.19184017181396 -14.6171998977661
-795 0 0 -4.18630981445313 -14.6140003204346
-794 0 0 -4.18078994750977 -14.6106996536255
-793 0 0 -4.17526006698608 -14.6073999404907
-792 0 0 -4.16972017288208 -14.604100227356
-791 0 0 -4.16418981552124 -14.6007995605469
-790 0 0 -4.15865993499756 -14.5974998474121
-789 0 0 -4.15313005447388 -14.5942001342773
-788 0 0 -4.14759016036987 -14.5908002853394
-787 0 0 -4.14205980300903 -14.5874996185303
-786 0 0 -4.13651990890503 -14.5840997695923
-785 0 0 -4.13098001480103 -14.5808000564575
-784 0 0 -4.12544012069702 -14.5774002075195
-783 0 0 -4.11990022659302 -14.5740003585815
-782 0 0 -4.11435985565186 -14.5705995559692
-781 0 0 -4.10881996154785 -14.5671997070313
-780 0 0 -4.10328006744385 -14.5637998580933
-779 0 0 -4.09773015975952 -14.5604000091553
-778 0 0 -4.09218978881836 -14.5570001602173
-777 0 0 -4.08663988113403 -14.5535001754761
-776 0 0 -4.08109998703003 -14.5501003265381
-775 0 0 -4.0755500793457 -14.5466003417969
-774 0 0 -4.07000017166138 -14.5431003570557
-773 0 0 -4.06444978713989 -14.5396003723145
-772 0 0 -4.05889987945557 -14.5361995697021
-771 0 0 -4.05334997177124 -14.532600402832
-770 0 0 -4.04780006408691 -14.5291004180908
-769 0 0 -4.04224014282227 -14.5256004333496
-768 0 0 -4.03669023513794 -14.5221004486084
-767 0 0 -4.03112983703613 -14.518500328064
-766 0 0 -4.02557992935181 -14.5150003433228
-765 0 0 -4.02002000808716 -14.5114002227783
-764 0 0 -4.01446008682251 -14.5078001022339
-763 0 0 -4.00890016555786 -14.5041999816895
-762 0 0 -4.00333976745605 -14.500599861145
-761 0 0 -3.99778008460999 -14.4969997406006
-760 0 0 -3.99220991134644 -14.4933996200562
-759 0 0 -3.98664999008179 -14.489800453186
-758 0 0 -3.98108005523682 -14.4861001968384
-757 0 0 -3.97551989555359 -14.4825000762939
-756 0 0 -3.96994996070862 -14.4787998199463
-755 0 0 -3.96438002586365 -14.4750995635986
-754 0 0 -3.95881009101868 -14.4714002609253
-753 0 0 -3.95323991775513 -14.4677000045776
-752 0 0 -3.94766998291016 -14.46399974823
-751 0 0 -3.94210004806519 -14.4603004455566
-750 38 4 -3.93653011322021 -14.456600189209
-749 0 0 -3.93094992637634 -14.4527997970581
-748 0 0 -3.92537999153137 -14.4490995407104
-747 0 0 -3.91980004310608 -14.4453001022339
-746 0 0 -3.91422009468079 -14.441499710083
-745 0 0 -3.90863990783691 -14.4377002716064
-744 0 0 -3.90305995941162 -14.4338998794556
-743 0 0 -3.89748001098633 -14.430100440979
-742 0 0 -3.89190006256104 -14.4263000488281
-741 0 0 -3.88632011413574 -14.4224004745483
-740 0 0 -3.88072991371155 -14.4186000823975
-739 0 0 -3.87514996528625 -14.4146995544434
-738 0 0 -3.86956000328064 -14.4109001159668
-737 0 0 -3.86398005485535 -14.4069995880127
-736 0 0 -3.85839009284973 -14.4031000137329
-735 0 0 -3.85279989242554 -14.3992004394531
-734 0 0 -3.84720993041992 -14.3951997756958
-733 0 0 -3.84161996841431 -14.391300201416
-732 0 0 -3.83601999282837 -14.3872995376587
-731 0 0 -3.83043003082275 -14.3833999633789
-730 0 0 -3.82483005523682 -14.3794002532959
-729 0 0 -3.8192400932312 -14.3753995895386
-728 0 0 -3.81364011764526 -14.3713998794556
-727 0 0 -3.80803990364075 -14.3674001693726
-726 0 0 -3.80243992805481 -14.3634004592896
-725 0 0 -3.79683995246887 -14.3593997955322
-724 0 0 -3.79123997688293 -14.355299949646
-723 0 0 -3.785640001297 -14.3512001037598
-722 0 0 -3.78003001213074 -14.3472003936768
-721 0 0 -3.7744300365448 -14.3430995941162
-720 0 0 -3.76882004737854 -14.33899974823
-719 0 0 -3.7632200717926 -14.3348999023438
-718 0 0 -3.75761008262634 -14.3306999206543
-717 0 0 -3.75200009346008 -14.3266000747681
-716 0 0 -3.74639010429382 -14.3224000930786
-715 0 0 -3.74078011512756 -14.3183002471924
-714 0 0 -3.73516011238098 -14.3141002655029
-713 0 0 -3.72954988479614 -14.3099002838135
-712 0 0 -3.72392988204956 -14.305700302124
-711 0 0 -3.7183198928833 -14.3014001846313
-710 0 0 -3.71269989013672 -14.2972002029419
-709 0 0 -3.70707988739014 -14.2929000854492
-708 0 0 -3.70145988464355 -14.2887001037598
-707 0 0 -3.69583988189697 -14.2843999862671
-706 0 0 -3.69022011756897 -14.2800998687744
-705 0 0 -3.68459010124207 -14.2757997512817
-704 0 0 -3.67897009849548 -14.2714996337891
-703 0 0 -3.67334008216858 -14.2671003341675
-702 0 0 -3.667720079422 -14.2628002166748
-701 0 0 -3.66209006309509 -14.2583999633789
-700 37 4 -3.65646004676819 -14.253999710083
-699 0 0 -3.65083003044128 -14.2496004104614
-698 0 0 -3.64520001411438 -14.2452001571655
-697 0 0 -3.63956999778748 -14.2407999038696
-696 0 0 -3.63392996788025 -14.2363996505737
-695 0 0 -3.62829995155334 -14.2319002151489
-694 0 0 -3.62265992164612 -14.2273998260498
-693 0 0 -3.61701989173889 -14.222900390625
-692 0 0 -3.61138010025024 -14.2184000015259
-691 0 0 -3.60574007034302 -14.2138996124268
-690 0 0 -3.60010004043579 -14.209400177002
-689 0 0 -3.59446001052856 -14.2048997879028
-688 0 0 -3.58881998062134 -14.2003002166748
-687 0 0 -3.58316993713379 -14.1956996917725
-686 0 0 -3.57752990722656 -14.1911001205444
-685 0 0 -3.57188010215759 -14.1864995956421
-684 0 0 -3.56623005867004 -14.1819000244141
-683 0 0 -3.5605800151825 -14.177300453186
-682 0 0 -3.55492997169495 -14.1725997924805
-681 0 0 -3.5492799282074 -14.1679000854492
-680 0 0 -3.54362010955811 -14.163200378418
-679 0 0 -3.53797006607056 -14.1584997177124
-678 0 0 -3.53231000900269 -14.1538000106812
-677 0 0 -3.52664995193481 -14.1491003036499
-676 0 0 -3.52099990844727 -14.1443004608154
-675 0 0 -3.51534008979797 -14.1394996643066
-674 0 0 -3.50967001914978 -14.1347999572754
-673 0 0 -3.50400996208191 -14.1300001144409
-672 0 0 -3.49834990501404 -14.1251001358032
-671 0 0 -3.49268007278442 -14.1203002929688
-670 0 0 -3.48702001571655 -14.1154003143311
-669 0 0 -3.48134994506836 -14.1106004714966
-668 0 0 -3.47568011283875 -14.1056995391846
-667 0 0 -3.47001004219055 -14.1007995605469
-666 0 0 -3.46433997154236 -14.0958995819092
-665 0 0 -3.45866990089417 -14.0909004211426
-664 0 0 -3.45299005508423 -14.0860004425049
-663 0 0 -3.44731998443604 -14.081000328064
-662 0 0 -3.44163990020752 -14.076000213623
-661 0 0 -3.43596005439758 -14.0710000991821
-660 0 0 -3.43027997016907 -14.065899848938
-659 0 0 -3.42459988594055 -14.0608997344971
-658 0 0 -3.41892004013062 -14.0558004379272
-657 0 0 -3.4132399559021 -14.0508003234863
-656 0 0 -3.40755009651184 -14.045599937439
-655 0 0 -3.40187001228333 -14.0404996871948
-654 0 0 -3.39617991447449 -14.035400390625
-653 0 0 -3.39049005508423 -14.0302000045776
-652 0 0 -3.38479995727539 -14.0250997543335
-651 0 0 -3.37911009788513 -14.0199003219604
-650 36 4 -3.37342000007629 -14.0145998001099
-649 0 0 -3.36771988868713 -14.0094003677368
-648 0 0 -3.36203002929688 -14.0041999816895
-647 0 0 -3.35632991790771 -13.9989004135132
-646 0 0 -3.35063004493713 -13.9935998916626
-645 0 0 -3.34492993354797 -13.9883003234863
-644 0 0 -3.33923006057739 -13.9829998016357
-643 0 0 -3.33352994918823 -13.9776000976563
-642 0 0 -3.32783007621765 -13.9722003936768
-641 0 0 -3.32211995124817 -13.9668998718262
-640 0 0 -3.31641006469727 -13.9614000320435
-639 0 0 -3.31070995330811 -13.956000328064
-638 0 0 -3.3050000667572 -13.9505996704102
-637 0 0 -3.29928994178772 -13.9450998306274
-636 0 0 -3.29357004165649 -13.9395999908447
-635 0 0 -3.28785991668701 -13.934100151062
-634 0 0 -3.28214001655579 -13.9286003112793
-633 0 0 -3.2764298915863 -13.9230003356934
-632 0 0 -3.27070999145508 -13.9174003601074
-631 0 0 -3.26499009132385 -13.9118003845215
-630 0 0 -3.25926995277405 -13.9062004089355
-629 0 0 -3.25355005264282 -13.9006004333496
-628 0 0 -3.2478199005127 -13.8949003219604
-627 0 0 -3.24210000038147 -13.8892002105713
-626 0 0 -3.23637008666992 -13.8835000991821
-625 0 0 -3.23063993453979 -13.877799987793
-624 0 0 -3.22491002082825 -13.8720998764038
-623 0 0 -3.2191801071167 -13.8662996292114
-622 0 0 -3.21344995498657 -13.8605003356934
-621 0 0 -3.2077100276947 -13.854700088501
-620 0 0 -3.20198011398315 -13.8488998413086
-619 0 0 -3.19623994827271 -13.8430004119873
-618 0 0 -3.19050002098083 -13.8371000289917
-617 0 0 -3.18476009368896 -13.8311996459961
-616 0 0 -3.17901992797852 -13.8253002166748
-615 0 0 -3.17328000068665 -13.8193998336792
-614 0 0 -3.16753005981445 -13.8134002685547
-613 0 0 -3.16178011894226 -13.8073997497559
-612 0 0 -3.15603995323181 -13.8014001846313
-611 0 0 -3.15029001235962 -13.7952995300293
-610 0 0 -3.14454007148743 -13.7892999649048
-609 0 0 -3.13878011703491 -13.7832002639771
-608 0 0 -3.13302993774414 -13.777099609375
-607 0 0 -3.12726998329163 -13.770899772644
-606 0 0 -3.12152004241943 -13.7648000717163
-605 0 0 -3.11576008796692 -13.7586002349854
-604 0 0 -3.10999989509583 -13.7524003982544
-603 0 0 -3.10422992706299 -13.7461004257202
-602 0 0 -3.09846997261047 -13.7398996353149
-601 0 0 -3.09270000457764 -13.7335996627808
-600 35 4 -3.08694005012512 -13.7272996902466
-599 0 0 -3.08117008209229 -13.7208995819092
-598 0 0 -3.07540011405945 -13.714599609375
-597 0 0 -3.06962990760803 -13.7082004547119
-596 0 0 -3.06384992599487 -13.7018003463745
-595 0 0 -3.05807995796204 -13.6953001022339
-594 0 0 -3.05229997634888 -13.6888999938965
-593 0 0 -3.04651999473572 -13.6823997497559
-592 0 0 -3.04074001312256 -13.6759004592896
-591 0 0 -3.0349600315094 -13.6693000793457
-590 0 0 -3.02917003631592 -13.6626996994019
-589 0 0 -3.02339005470276 -13.6561002731323
-588 0 0 -3.01760005950928 -13.6494998931885
-587 0 0 -3.0118100643158 -13.6429004669189
-586 0 0 -3.00602006912231 -13.6361999511719
-585 0 0 -3.00023007392883 -13.6295003890991
-584 0 0 -2.99444007873535 -13.6226997375488
-583 0 0 -2.98864006996155 -13.6160001754761
-582 0 0 -2.98284006118774 -13.6091995239258
-581 0 0 -2.97704005241394 -13.6023998260498
-580 0 0 -2.97124004364014 -13.5954999923706
-579 0 0 -2.96544003486633 -13.5886001586914
-578 0 0 -2.95963001251221 -13.5817003250122
-577 0 0 -2.9538300037384 -13.5747995376587
-576 0 0 -2.94801998138428 -13.5677995681763
-575 0 0 -2.94220995903015 -13.5607995986938
-574 0 0 -2.93639993667603 -13.5537996292114
-573 0 0 -2.93057990074158 -13.5466995239258
-572 0 0 -2.92477011680603 -13.5396995544434
-571 0 0 -2.91895008087158 -13.5325002670288
-570 0 0 -2.91313004493713 -13.5254001617432
-569 0 0 -2.90731000900269 -13.5181999206543
-568 0 0 -2.90148997306824 -13.5109996795654
-567 0 0 -2.89565992355347 -13.5038003921509
-566 0 0 -2.88983988761902 -13.4965000152588
-565 0 0 -2.88401007652283 -13.4891996383667
-564 0 0 -2.87818002700806 -13.4819002151489
-563 0 0 -2.87234997749329 -13.4744997024536
-562 0 0 -2.86650991439819 -13.4671001434326
-561 0 0 -2.860680103302 -13.4596996307373
-560 0 0 -2.85484004020691 -13.4521999359131
-559 0 0 -2.84899997711182 -13.4447002410889
-558 0 0 -2.84315991401672 -13.4371995925903
-557 0 0 -2.83731007575989 -13.4295997619629
-556 0 0 -2.83147001266479 -13.4219999313354
-555 0 0 -2.82561993598938 -13.414400100708
-554 0 0 -2.81977009773254 -13.4067001342773
-553 0 0 -2.81392002105713 -13.3990001678467
-552 0 0 -2.80805993080139 -13.391300201416
-551 0 0 -2.80221009254456 -13.3836002349854
-550 34 4 -2.79635000228882 -13.3758001327515
-549 0 0 -2.79048991203308 -13.3678998947144
-548 0 0 -2.78463006019592 -13.3600997924805
-547 0 0 -2.77876996994019 -13.3521995544434
-546 0 0 -2.77290010452271 -13.3442001342773
-545 0 0 -2.76703000068665 -13.336199760437
-544 0 0 -2.76115989685059 -13.328200340271
-543 0 0 -2.75529003143311 -13.3201999664307
-542 0 0 -2.74941992759705 -13.3121004104614
-541 0 0 -2.74354004859924 -13.3039999008179
-540 0 0 -2.73765993118286 -13.2958002090454
-539 0 0 -2.73178005218506 -13.2875995635986
-538 0 0 -2.72589993476868 -13.2793998718262
-537 0 0 -2.72001004219055 -13.2711000442505
-536 0 0 -2.71412992477417 -13.2628002166748
-535 0 0 -2.70824003219604 -13.2544002532959
-534 0 0 -2.70233988761902 -13.2461004257202
-533 0 0 -2.69644999504089 -13.2376003265381
-532 0 0 -2.69056010246277 -13.2292003631592
-531 0 0 -2.68465995788574 -13.2207002639771
-530 0 0 -2.67876005172729 -13.2121000289917
-529 0 0 -2.67284989356995 -13.2034997940063
-528 0 0 -2.6669499874115 -13.194899559021
-527 0 0 -2.66104006767273 -13.1862001419067
-526 0 0 -2.65512990951538 -13.1774997711182
-525 0 0 -2.64921998977661 -13.1688003540039
-524 0 0 -2.64331007003784 -13.1599998474121
-523 0 0 -2.63738989830017 -13.1512002944946
-522 0 0 -2.63146996498108 -13.1422996520996
-521 0 0 -2.62555003166199 -13.1333999633789
-520 0 0 -2.6196300983429 -13.124400138855
-519 0 0 -2.6136999130249 -13.1154003143311
-518 0 0 -2.60777997970581 -13.1063003540039
-517 0 0 -2.6018500328064 -13.0972995758057
-516 0 0 -2.59591007232666 -13.0881004333496
-515 0 0 -2.58997988700867 -13.0789003372192
-514 0 0 -2.58403992652893 -13.0697002410889
-513 0 0 -2.57809996604919 -13.0605001449585
-512 0 0 -2.57216000556946 -13.0510997772217
-511 0 0 -2.5662100315094 -13.0417995452881
-510 0 0 -2.56027007102966 -13.0324001312256
-509 0 0 -2.5543200969696 -13.0228996276855
-508 0 0 -2.54836010932922 -13.0134000778198
-507 0 0 -2.54240989685059 -13.0038995742798
-506 0 0 -2.53644990921021 -12.9942998886108
-505 0 0 -2.53048992156982 -12.9846000671387
-504 0 0 -2.52452993392944 -12.9749002456665
-503 0 0 -2.51855993270874 -12.9652004241943
-502 0 0 -2.51259994506836 -12.9554004669189
-501 0 0 -2.50662994384766 -12.9455995559692
-500 33 4 -2.50064992904663 -12.9357004165649
-499 0 0 -2.49467992782593 -12.9258003234863
-498 0 0 -2.4886999130249 -12.9158000946045
-497 0 0 -2.48271989822388 -12.9056997299194
-496 0 0 -2.47673010826111 -12.8957004547119
-495 0 0 -2.47075009346008 -12.8854999542236
-494 0 0 -2.46476006507874 -12.8753004074097
-493 0 0 -2.45877003669739 -12.8650999069214
-492 0 0 -2.45276999473572 -12.8548002243042
-491 0 0 -2.44676995277405 -12.8444004058838
-490 0 0 -2.44076991081238 -12.8339996337891
-489 0 0 -2.43477010726929 -12.8235998153687
-488 0 0 -2.42876005172729 -12.813099861145
-487 0 0 -2.42276000976563 -12.8024997711182
-486 0 0 -2.41673994064331 -12.7918996810913
-485 0 0 -2.41072988510132 -12.7812004089355
-484 0 0 -2.40471005439758 -12.7705001831055
-483 0 0 -2.39868998527527 -12.7596998214722
-482 0 0 -2.39266991615295 -12.74880027771
-481 0 0 -2.3866400718689 -12.7378997802734
-480 0 0 -2.38060998916626 -12.7270002365112
-479 0 0 -2.37457990646362 -12.7159004211426
-478 0 0 -2.36855006217957 -12.7048997879028
-477 0 0 -2.36250996589661 -12.693699836731
-476 0 0 -2.35647010803223 -12.6824998855591
-475 0 0 -2.35041999816895 -12.6712999343872
-474 0 0 -2.34436988830566 -12.6598997116089
-473 0 0 -2.33832001686096 -12.6485996246338
-472 0 0 -2.33226990699768 -12.6371002197266
-471 0 0 -2.32621002197266 -12.625599861145
-470 0 0 -2.32014989852905 -12.6140003204346
-469 0 0 -2.31409001350403 -12.6023998260498
-468 0 0 -2.30802011489868 -12.5907001495361
-467 0 0 -2.30194997787476 -12.5789003372192
-466 0 0 -2.29588007926941 -12.567099571228
-465 0 0 -2.28979992866516 -12.5551996231079
-464 0 0 -2.28372001647949 -12.5432996749878
-463 0 0 -2.27764010429382 -12.5312004089355
-462 0 0 -2.27154994010925 -12.5192003250122
-461 0 0 -2.26546001434326 -12.5069999694824
-460 0 0 -2.25937008857727 -12.4947996139526
-459 0 0 -2.25326991081238 -12.4825000762939
-458 0 0 -2.24716997146606 -12.470100402832
-457 0 0 -2.24107003211975 -12.4576997756958
-456 0 0 -2.23496007919312 -12.4451999664307
-455 0 0 -2.2288498878479 -12.4326000213623
-454 0 0 -2.22273993492126 -12.4198999404907
-453 0 0 -2.21661996841431 -12.4071998596191
-452 0 0 -2.21050000190735 -12.3943996429443
-451 0 0 -2.20438003540039 -12.3816003799438
-450 32 4 -2.19825005531311 -12.3685998916626
-449 0 0 -2.19212007522583 -12.3556003570557
-448 0 0 -2.18598008155823 -12.3424997329712
-447 0 0 -2.17984008789063 -12.3292999267578
-446 0 0 -2.17370009422302 -12.3161001205444
-445 0 0 -2.1675500869751 -12.3028001785278
-444 0 0 -2.16140007972717 -12.289400100708
-443 0 0 -2.15524005889893 -12.275899887085
-442 0 0 -2.14908003807068 -12.2622995376587
-441 0 0 -2.14292001724243 -12.2487001419067
-440 0 0 -2.13674998283386 -12.2349996566772
-439 0 0 -2.13057994842529 -12.2211999893188
-438 0 0 -2.12440991401672 -12.2073001861572
-437 0 0 -2.11823010444641 -12.1933002471924
-436 0 0 -2.11205005645752 -12.1793003082275
-435 0 0 -2.10585999488831 -12.1651000976563
-434 0 0 -2.09966993331909 -12.150899887085
-433 0 0 -2.09348011016846 -12.1365995407104
-432 0 0 -2.08728003501892 -12.122200012207
-431 0 0 -2.08106994628906 -12.1077003479004
-430 0 0 -2.07487010955811 -12.0930995941162
-429 0 0 -2.06865000724792 -12.0784997940063
-428 0 0 -2.06243991851807 -12.06369972229
-427 0 0 -2.05622005462646 -12.0488996505737
-426 0 0 -2.04998993873596 -12.0339002609253
-425 0 0 -2.04376006126404 -12.0188999176025
-424 0 0 -2.03752994537354 -12.0038003921509
-423 0 0 -2.03129005432129 -11.9885997772217
-422 0 0 -2.02504992485046 -11.9731998443604
-421 0 0 -2.0188000202179 -11.957799911499
-420 0 0 -2.01255011558533 -11.9422998428345
-419 0 0 -2.00628995895386 -11.9266996383667
-418 0 0 -2.00003004074097 -11.91100025177
-417 0 0 -1.99375998973846 -11.8951997756958
-416 0 0 -1.98749005794525 -11.8793001174927
-415 0 0 -1.98122000694275 -11.8633003234863
-414 0 0 -1.97493994235992 -11.8472003936768
-413 0 0 -1.96864998340607 -11.831000328064
-412 0 0 -1.96236002445221 -11.8147001266479
-411 0 0 -1.95606994628906 -11.7981996536255
-410 0 0 -1.94976997375488 -11.7817001342773
-409 0 0 -1.94345998764038 -11.7650995254517
-408 0 0 -1.93715000152588 -11.7482995986938
-407 0 0 -1.93083000183105 -11.731499671936
-406 0 0 -1.92451000213623 -11.7145004272461
-405 0 0 -1.91819000244141 -11.6974000930786
-404 0 0 -1.91185998916626 -11.6801996231079
-403 0 0 -1.90551996231079 -11.6628999710083
-402 0 0 -1.89918005466461 -11.6455001831055
-401 0 0 -1.89283001422882 -11.6280002593994
-400 31 4 -1.88647997379303 -11.6103000640869
-399 0 0 -1.88012003898621 -11.5924997329712
-398 0 0 -1.87375998497009 -11.5746002197266
-397 0 0 -1.86739003658295 -11.5565996170044
-396 0 0 -1.86100995540619 -11.5384998321533
-395 0 0 -1.85462999343872 -11.5201997756958
-394 0 0 -1.84825003147125 -11.5017995834351
-393 0 0 -1.84186005592346 -11.4833002090454
-392 0 0 -1.83545994758606 -11.4646997451782
-391 0 0 -1.82904994487762 -11.4458999633789
-390 0 0 -1.82263994216919 -11.4270000457764
-389 0 0 -1.81623005867004 -11.4079999923706
-388 0 0 -1.80981004238129 -11.3887996673584
-387 0 0 -1.80338001251221 -11.3695001602173
-386 0 0 -1.79694998264313 -11.3500995635986
-385 0 0 -1.79051005840302 -11.3304996490479
-384 0 0 -1.78406000137329 -11.3107995986938
-383 0 0 -1.77760994434357 -11.2909002304077
-382 0 0 -1.77114999294281 -11.2709999084473
-381 0 0 -1.76468002796173 -11.2508001327515
-380 0 0 -1.75820994377136 -11.2305002212524
-379 0 0 -1.75172996520996 -11.2101001739502
-378 0 0 -1.74524998664856 -11.1895999908447
-377 0 0 -1.73874998092651 -11.1688003540039
-376 0 0 -1.73225998878479 -11.1479997634888
-375 0 0 -1.72574996948242 -11.1269998550415
-374 0 0 -1.71923995018005 -11.1057996749878
-373 0 0 -1.71272003650665 -11.0845003128052
-372 0 0 -1.70618999004364 -11.0629997253418
-371 0 0 -1.69965994358063 -11.0412998199463
-370 0 0 -1.69312000274658 -11.0194997787476
-369 0 0 -1.68657004833221 -10.9975996017456
-368 0 0 -1.68001997470856 -10.9755001068115
-367 0 0 -1.67346000671387 -10.953200340271
-366 0 0 -1.66689002513885 -10.930700302124
-365 0 0 -1.66031002998352 -10.9081001281738
-364 0 0 -1.65372002124786 -10.8852996826172
-363 0 0 -1.64713001251221 -10.8622999191284
-362 0 0 -1.64052999019623 -10.8392000198364
-361 0 0 -1.63391995429993 -10.815899848938
-360 0 0 -1.62731003761292 -10.7924003601074
-359 0 0 -1.62068998813629 -10.7686996459961
-358 0 0 -1.61406004428864 -10.7448997497559
-357 0 0 -1.60741996765137 -10.7208995819092
-356 0 0 -1.60076999664307 -10.6965999603271
-355 0 0 -1.59411001205444 -10.6722002029419
-354 0 0 -1.58745002746582 -10.6476001739502
-353 0 0 -1.58078002929688 -10.6229000091553
-352 0 0 -1.57410001754761 -10.597900390625
-351 0 0 -1.56740999221802 -10.572699546814
-350 30 4 -1.56070995330811 -10.5473003387451
-349 0 0 -1.55400002002716 -10.5218000411987
-348 0 0 -1.54728996753693 -10.496000289917
-347 0 0 -1.54056000709534 -10.4700002670288
-346 0 0 -1.53383004665375 -10.4437999725342
-345 0 0 -1.52708995342255 -10.4174003601074
-344 0 0 -1.52033996582031 -10.3908004760742
-343 0 0 -1.51357996463776 -10.3640003204346
-342 0 0 -1.50680994987488 -10.3369998931885
-341 0 0 -1.50003004074097 -10.3098001480103
-340 0 0 -1.49323999881744 -10.2822999954224
-339 0 0 -1.4864399433136 -10.254599571228
-338 0 0 -1.47962999343872 -10.2266998291016
-337 0 0 -1.47282004356384 -10.1985998153687
-336 0 0 -1.46598994731903 -10.1702003479004
-335 0 0 -1.45914995670319 -10.1415996551514
-334 0 0 -1.45230996608734 -10.1127004623413
-333 0 0 -1.44544994831085 -10.0837001800537
-332 0 0 -1.43858003616333 -10.0544004440308
-331 0 0 -1.4316999912262 -10.0248003005981
-330 0 0 -1.42481994628906 -9.99501991271973
-329 0 0 -1.41791999340057 -9.96496963500977
-328 0 0 -1.41101002693176 -9.93467998504639
-327 0 0 -1.40409004688263 -9.90412998199463
-326 0 0 -1.39716005325317 -9.87333011627197
-325 0 0 -1.3902200460434 -9.84226989746094
-324 0 0 -1.3832700252533 -9.81095027923584
-323 0 0 -1.37629997730255 -9.77937030792236
-322 0 0 -1.3693300485611 -9.74752044677734
-321 0 0 -1.36234998703003 -9.71539974212646
-320 0 0 -1.35535001754761 -9.68301010131836
-319 0 0 -1.34834003448486 -9.65034008026123
-318 0 0 -1.3413200378418 -9.61740016937256
-317 0 0 -1.33429002761841 -9.58417987823486
-316 0 0 -1.3272500038147 -9.55068016052246
-315 0 0 -1.32018995285034 -9.51688003540039
-314 0 0 -1.31313002109528 -9.4827995300293
-313 0 0 -1.30604994297028 -9.44843006134033
-312 0 0 -1.29895997047424 -9.41376972198486
-311 0 0 -1.29184997081757 -9.37880039215088
-310 0 0 -1.28473997116089 -9.34354019165039
-309 0 0 -1.27760994434357 -9.30797004699707
-308 0 0 -1.27047002315521 -9.2721004486084
-307 0 0 -1.26331996917725 -9.23591041564941
-306 0 0 -1.25615000724792 -9.19941997528076
-305 0 0 -1.2489800453186 -9.16261005401611
-304 0 0 -1.24179005622864 -9.12547969818115
-303 0 0 -1.23458003997803 -9.0880298614502
-302 0 0 -1.22737002372742 -9.05025005340576
-301 0 0 -1.22013998031616 -9.01214981079102
-300 29 4 -1.21289002895355 -8.97371959686279
-299 0 0 -1.20563995838165 -8.93494987487793
-298 0 0 -1.1983699798584 -8.89585018157959
-297 0 0 -1.19108998775482 -8.85641002655029
-296 0 0 -1.1837899684906 -8.81663036346436
-295 0 0 -1.17648005485535 -8.77649974822998
-294 0 0 -1.16916000843048 -8.73602962493896
-293 0 0 -1.16182005405426 -8.69521045684814
-292 0 0 -1.15446996688843 -8.65402984619141
-291 0 0 -1.14710998535156 -8.61250019073486
-290 0 0 -1.13972997665405 -8.57061004638672
-289 0 0 -1.13233995437622 -8.52836036682129
-288 0 0 -1.12493002414703 -8.48573970794678
-287 0 0 -1.11750996112823 -8.4427604675293
-286 0 0 -1.1100800037384 -8.39941024780273
-285 0 0 -1.10263001918793 -8.35569000244141
-284 0 0 -1.09516000747681 -8.31159973144531
-283 0 0 -1.08768999576569 -8.26712989807129
-282 0 0 -1.08019995689392 -8.22227954864502
-281 0 0 -1.0726900100708 -8.17704963684082
-280 0 0 -1.06517004966736 -8.13144016265869
-279 0 0 -1.0576399564743 -8.08545017242432
-278 0 0 -1.0500899553299 -8.03907012939453
-277 0 0 -1.04252994060516 -7.99230003356934
-276 0 0 -1.03495001792908 -7.94513988494873
-275 0 0 -1.02735996246338 -7.89759016036987
-274 0 0 -1.01974999904633 -7.84963989257813
-273 0 0 -1.01213002204895 -7.80130004882813
-272 0 0 -1.00450003147125 -7.75257015228271
-271 0 0 -0.996851980686188 -7.70343017578125
-270 0 0 -0.989189982414246 -7.65390014648438
-269 0 0 -0.981513023376465 -7.60397005081177
-268 0 0 -0.973821997642517 -7.55363988876343
-267 0 0 -0.966117978096008 -7.50291013717651
-266 0 0 -0.958398997783661 -7.45177984237671
-265 0 0 -0.950666010379791 -7.40023994445801
-264 0 0 -0.942919015884399 -7.3483099937439
-263 0 0 -0.935158014297485 -7.29596996307373
-262 0 0 -0.92738401889801 -7.24321985244751
-261 0 0 -0.919596016407013 -7.19008016586304
-260 0 0 -0.911794006824493 -7.13653993606567
-259 0 0 -0.903979003429413 -7.08259010314941
-258 0 0 -0.896151006221771 -7.02825021743774
-257 0 0 -0.888309001922607 -6.97349977493286
-256 0 0 -0.880454003810883 -6.91836023330688
-255 0 0 -0.872586011886597 -6.86282014846802
-254 0 0 -0.864705979824066 -6.80687999725342
-253 0 0 -0.856812000274658 -6.75054979324341
-252 0 0 -0.848905980587006 -6.69383001327515
-251 0 0 -0.840987980365753 -6.63672018051147
-250 28 4 -0.83305698633194 -6.57921981811523
-249 0 0 -0.825114011764526 -6.52132987976074
-248 0 0 -0.81716001033783 -6.46305990219116
-247 0 0 -0.809193015098572 -6.40440988540649
-246 0 0 -0.801214993000031 -6.34538984298706
-245 0 0 -0.793226003646851 -6.2859902381897
-244 0 0 -0.785224974155426 -6.22622013092041
-243 0 0 -0.777212977409363 -6.16607999801636
-242 0 0 -0.769191026687622 -6.10557985305786
-241 0 0 -0.761157989501953 -6.04472017288208
-240 0 0 -0.753113985061646 -5.98351001739502
-239 0 0 -0.74506002664566 -5.92193984985352
-238 0 0 -0.736997008323669 -5.86003017425537
-237 0 0 -0.72892302274704 -5.79777002334595
-236 0 0 -0.720839977264404 -5.73517990112305
-235 0 0 -0.712747991085052 -5.67224979400635
-234 0 0 -0.704645991325378 -5.60900020599365
-233 0 0 -0.696534991264343 -5.54542016983032
-232 0 0 -0.688416004180908 -5.48153018951416
-231 0 0 -0.680288016796112 -5.41732978820801
-230 0 0 -0.672151982784271 -5.35280990600586
-229 0 0 -0.664008021354675 -5.28800010681152
-228 0 0 -0.655855000019073 -5.22289991378784
-227 0 0 -0.647696018218994 -5.15749979019165
-226 0 0 -0.639527976512909 -5.09181976318359
-225 0 0 -0.631353974342346 -5.02586984634399
-224 0 0 -0.623171985149384 -4.95964002609253
-223 0 0 -0.614983022212982 -4.89314985275269
-222 0 0 -0.606787979602814 -4.82639980316162
-221 0 0 -0.598586022853851 -4.75939989089966
-220 0 0 -0.590377986431122 -4.69216012954712
-219 0 0 -0.582163989543915 -4.62467002868652
-218 0 0 -0.573943018913269 -4.55695009231567
-217 0 0 -0.565716981887817 -4.48899984359741
-216 0 0 -0.557484984397888 -4.42083978652954
-215 0 0 -0.549247980117798 -4.35245990753174
-214 0 0 -0.54100501537323 -4.28387022018433
-213 0 0 -0.532756984233856 -4.21507978439331
-212 0 0 -0.524504005908966 -4.14609003067017
-211 0 0 -0.516246020793915 -4.07692003250122
-210 0 0 -0.507983982563019 -4.00755977630615
-209 0 0 -0.499716013669968 -3.93803000450134
-208 0 0 -0.491443991661072 -3.86831998825073
-207 0 0 -0.483166992664337 -3.79844999313354
-206 0 0 -0.474886000156403 -3.7284300327301
-205 0 0 -0.466600000858307 -3.65825009346008
-204 0 0 -0.45831099152565 -3.58791995048523
-203 0 0 -0.450017005205154 -3.51745009422302
-202 0 0 -0.441718995571136 -3.44685006141663
-201 0 0 -0.43341600894928 -3.37612009048462
-200 27 4 -0.425110012292862 -3.30525994300842
-199 0 0 -0.416799992322922 -3.23428988456726
-198 0 0 -0.408486008644104 -3.16319990158081
-197 0 0 -0.400168001651764 -3.09200000762939
-196 0 0 -0.391846001148224 -3.02069997787476
-195 0 0 -0.383520990610123 -2.94929003715515
-194 0 0 -0.375191003084183 -2.87779998779297
-193 0 0 -0.366858005523682 -2.80622005462646
-192 0 0 -0.358521014451981 -2.73454999923706
-191 0 0 -0.350180000066757 -2.66280007362366
-190 0 0 -0.341834992170334 -2.59097003936768
-189 0 0 -0.333487004041672 -2.51906991004944
-188 0 0 -0.325134009122849 -2.44710993766785
-187 0 0 -0.316778004169464 -2.37508010864258
-186 0 0 -0.30841800570488 -2.3029899597168
-185 0 0 -0.300054013729095 -2.23083996772766
-184 0 0 -0.29168701171875 -2.15863990783691
-183 0 0 -0.283315002918243 -2.08639001846313
-182 0 0 -0.274939000606537 -2.01410007476807
-181 0 0 -0.266559988260269 -1.9417599439621
-180 0 0 -0.258175998926163 -1.86937999725342
-179 0 0 -0.249788999557495 -1.79697000980377
-178 0 0 -0.241396993398666 -1.72451996803284
-177 0 0 -0.233000993728638 -1.65204000473022
-176 0 0 -0.224601000547409 -1.57951998710632
-175 0 0 -0.216196998953819 -1.5069899559021
-174 0 0 -0.20778900384903 -1.4344300031662
-173 0 0 -0.199377000331879 -1.36184000968933
-172 0 0 -0.190960004925728 -1.28924000263214
-171 0 0 -0.182539999485016 -1.21661996841431
-170 0 0 -0.174114003777504 -1.14398002624512
-169 0 0 -0.165684998035431 -1.07132995128632
-168 0 0 -0.157251000404358 -0.998670995235443
-167 0 0 -0.148812994360924 -0.925997972488403
-166 0 0 -0.14037099480629 -0.853316009044647
-165 0 0 -0.131924003362656 -0.780627012252808
-164 0 0 -0.12347300350666 -0.707930982112885
-163 0 0 -0.115016996860504 -0.635231018066406
-162 0 0 -0.106558002531528 -0.562527000904083
-161 0 0 -0.0980935022234917 -0.489820003509521
-160 0 0 -0.0896250978112221 -0.417111992835999
-159 0 0 -0.0811522975564003 -0.344404011964798
-158 0 0 -0.0726753026247025 -0.271696001291275
-157 0 0 -0.0641940981149673 -0.198990002274513
-156 0 0 -0.0557085983455181 -0.126285001635551
-155 0 0 -0.0472191013395786 -0.0535839013755322
-154 0 0 -0.0387253984808922 0.0191140994429588
-153 0 0 -0.0302277002483606 0.0918079018592834
-152 0 0 -0.0217260997742414 0.164497002959251
-151 0 0 -0.0132207004353404 0.23718099296093
-150 26 4 -0.0047113997861743 0.30985900759697
-149 0 0 0.00380151998251677 0.382530987262726
-148 0 0 0.0123180001974106 0.455197006464005
-147 0 0 0.0208378992974758 0.5278559923172
-146 0 0 0.0293611995875835 0.600507974624634
-145 0 0 0.0378875993192196 0.673152029514313
-144 0 0 0.046417098492384 0.745788991451263
-143 0 0 0.0549494996666908 0.818418025970459
-142 0 0 0.0634844973683357 0.89103901386261
-141 0 0 0.0720221027731895 0.963652014732361
-140 0 0 0.0805618986487389 1.03626000881195
-139 0 0 0.0891038998961449 1.10885000228882
-138 0 0 0.0976478010416031 1.18143999576569
-137 0 0 0.106192998588085 1.25401997566223
-136 0 0 0.114739999175072 1.32658994197845
-135 0 0 0.123288996517658 1.39916002750397
-134 0 0 0.131837993860245 1.47170996665955
-133 0 0 0.140386998653412 1.54425001144409
-132 0 0 0.148937001824379 1.61679005622864
-131 0 0 0.157487004995346 1.68931996822357
-130 0 0 0.166036993265152 1.76183998584747
-129 0 0 0.174585998058319 1.83433997631073
-128 0 0 0.183133006095886 1.90683996677399
-127 0 0 0.191679999232292 1.97933995723724
-126 0 0 0.200224995613098 2.05182003974915
-125 0 0 0.208766996860504 2.12428998947144
-124 0 0 0.21730700135231 2.1967499256134
-123 0 0 0.225843995809555 2.26920008659363
-122 0 0 0.2343769967556 2.34165000915527
-121 0 0 0.242906004190445 2.41407990455627
-120 0 0 0.251430988311768 2.48650002479553
-119 0 0 0.259950995445251 2.55890989303589
-118 0 0 0.268465995788574 2.6313099861145
-117 0 0 0.276973992586136 2.70370006561279
-116 0 0 0.285475999116898 2.77607989311218
-115 0 0 0.293971002101898 2.84843993186951
-114 0 0 0.302457988262177 2.92079997062683
-113 0 0 0.310936003923416 2.99312996864319
-112 0 0 0.319406002759933 3.06545996665955
-111 0 0 0.32786700129509 3.13776993751526
-110 0 0 0.336317002773285 3.21006989479065
-109 0 0 0.344756007194519 3.28235006332397
-108 0 0 0.353184014558792 3.35460996627808
-107 0 0 0.361598998308182 3.42686009407043
-106 0 0 0.37000098824501 3.49908995628357
-105 0 0 0.3783900141716 3.57130002975464
-104 0 0 0.386765003204346 3.64349007606506
-103 0 0 0.395123988389969 3.71566009521484
-102 0 0 0.403466999530792 3.78781008720398
-101 0 0 0.411792993545532 3.85993003845215
-100 25 4 0.420102000236511 3.93203997612
-99 0 0 0.428393006324768 4.00410985946655
-98 0 0 0.43666398525238 4.07615995407104
-97 0 0 0.444916009902954 4.14819002151489
-96 0 0 0.453146010637283 4.22018003463745
-95 0 0 0.461355000734329 4.29214000701904
-94 0 0 0.469541996717453 4.36407995223999
-93 0 0 0.477703988552094 4.43596982955933
-92 0 0 0.485843002796173 4.50784015655518
-91 0 0 0.493955999612808 4.57966995239258
-90 0 0 0.502043008804321 4.65146017074585
-89 0 0 0.510102987289429 4.72319984436035
-88 0 0 0.518135011196136 4.79490995407104
-87 0 0 0.5261390209198 4.86658000946045
-86 0 0 0.534111976623535 4.93819999694824
-85 0 0 0.542053997516632 5.00976991653442
-84 0 0 0.549965023994446 5.08129978179932
-83 0 0 0.55784398317337 5.15277004241943
-82 0 0 0.565688014030457 5.22419023513794
-81 0 0 0.573499023914337 5.29555988311768
-80 0 0 0.581273019313812 5.36686992645264
-79 0 0 0.589012026786804 5.43811988830566
-78 0 0 0.596713006496429 5.50930976867676
-77 0 0 0.604376018047333 5.58044004440308
-76 0 0 0.611999988555908 5.6515097618103
-75 0 0 0.619584023952484 5.72250986099243
-74 0 0 0.62712699174881 5.7934398651123
-73 0 0 0.634627997875214 5.86429977416992
-72 0 0 0.642086982727051 5.93508005142212
-71 0 0 0.649501979351044 6.00579977035522
-70 0 0 0.656871974468231 6.07642984390259
-69 0 0 0.664197027683258 6.1469898223877
-68 0 0 0.671476006507874 6.21747016906738
-67 0 0 0.678708016872406 6.28785991668701
-66 0 0 0.68589198589325 6.35817003250122
-65 0 0 0.693027973175049 6.42839002609253
-64 0 0 0.700114011764526 6.49851989746094
-63 0 0 0.707150995731354 6.56857013702393
-62 0 0 0.714136004447937 6.63851976394653
-61 0 0 0.721069991588593 6.70838022232056
-60 0 0 0.727950990200043 6.7781400680542
-59 0 0 0.734780013561249 6.84779977798462
-58 0 0 0.741554975509644 6.9173698425293
-57 0 0 0.748274981975555 6.98683023452759
-56 0 0 0.754940986633301 7.0561900138855
-55 0 0 0.761551022529602 7.12545013427734
-54 0 0 0.76810497045517 7.19461011886597
-53 0 0 0.774603009223938 7.26364994049072
-52 0 0 0.781042993068695 7.33259010314941
-51 0 0 0.787424981594086 7.40142011642456
-50 24 4 0.793749988079071 7.47013998031616
-49 0 0 0.800014972686768 7.53875017166138
-48 0 0 0.806222021579742 7.60724020004272
-47 0 0 0.812368988990784 7.67563009262085
-46 0 0 0.818455994129181 7.74388980865479
-45 0 0 0.824482977390289 7.81204986572266
-44 0 0 0.830448985099792 7.8800802230835
-43 0 0 0.83635401725769 7.94799995422363
-42 0 0 0.842198014259338 8.01580047607422
-41 0 0 0.84798002243042 8.0834903717041
-40 0 0 0.853700995445251 8.15106010437012
-39 0 0 0.859359979629517 8.2185001373291
-38 0 0 0.864956021308899 8.28582954406738
-37 0 0 0.87049001455307 8.35303974151611
-36 0 0 0.875961005687714 8.42012977600098
-35 0 0 0.881370007991791 8.48709964752197
-34 0 0 0.88671600818634 8.55395030975342
-33 0 0 0.891997992992401 8.62067985534668
-32 0 0 0.897217988967896 8.68729019165039
-31 0 0 0.902374982833862 8.75378036499023
-30 0 0 0.907468020915985 8.82015037536621
-29 0 0 0.912497997283936 8.88640022277832
-28 0 0 0.91746598482132 8.95252990722656
-27 0 0 0.92237001657486 9.01854991912842
-26 0 0 0.927210986614227 9.08444023132324
-25 0 0 0.931988000869751 9.15021991729736
-24 0 0 0.936703026294708 9.2158899307251
-23 0 0 0.941354990005493 9.2814302444458
-22 0 0 0.945945024490356 9.34687042236328
-21 0 0 0.950470983982086 9.41217994689941
-20 0 0 0.954935014247894 9.47739028930664
-19 0 0 0.959336996078491 9.54248046875
-18 0 0 0.963675975799561 9.60746002197266
-17 0 0 0.967953026294708 9.67232036590576
-16 0 0 0.972168028354645 9.73707962036133
-15 0 0 0.976321995258331 9.80173015594482
-14 0 0 0.980413973331451 9.86627006530762
-13 0 0 0.984444975852966 9.93070983886719
-12 0 0 0.988415002822876 9.99503993988037
-11 0 0 0.992323994636536 10.0593004226685
-10 0 0 0.994961023330688 10.103099822998
-9 0 0 0.996703028678894 10.1323003768921
-8 0 0 0.997857987880707 10.1517000198364
-7 0 0 0.99862402677536 10.1646995544434
-6 0 0 0.999134004116058 10.1732997894287
-5 0 0 0.999472975730896 10.1791000366211
-4 0 0 0.999698996543884 10.182900428772
-3 0 0 0.9998499751091 10.1855001449585
-2 0 0 0.999925017356873 10.1868000030518
1 0 0 1 10.188099861145
1 0 0 1 10.188099861145
-2 0 0 1.00007998943329 10.1892995834351
-3 0 0 1.00014996528625 10.1906003952026
-4 0 0 1.0003000497818 10.1932001113892
-5 0 0 1.00053000450134 10.1969995498657
-6 0 0 1.00085997581482 10.2027997970581
-7 0 0 1.00136995315552 10.2114000320435
-8 0 0 1.00212001800537 10.2243995666504
-9 0 0 1.00325000286102 10.243800163269
-10 0 0 1.00493001937866 10.2728996276855
-11 0 0 1.00742995738983 10.316499710083
-12 0 0 1.0110399723053 10.3802003860474
-13 0 0 1.01459002494812 10.4437999725342
-14 0 0 1.01807999610901 10.5073003768921
-15 0 0 1.02151000499725 10.5707998275757
-16 0 0 1.02488994598389 10.6340999603271
-17 0 0 1.02820003032684 10.6974000930786
-18 0 0 1.03146004676819 10.7604999542236
-19 0 0 1.0346599817276 10.8235998153687
-20 0 0 1.03780996799469 10.8865995407104
-21 0 0 1.04088997840881 10.9495000839233
-22 0 0 1.04392004013062 11.0123996734619
-23 0 0 1.04690003395081 11.0750999450684
-24 0 0 1.04981994628906 11.1378002166748
-25 0 0 1.05269002914429 11.200400352478
-26 0 0 1.05550003051758 11.262900352478
-27 0 0 1.05824995040894 11.3253002166748
-28 0 0 1.06096005439758 11.3877000808716
-29 0 0 1.06360995769501 11.4499998092651
-30 0 0 1.06620001792908 11.5122003555298
-31 0 0 1.06875002384186 11.5743999481201
-32 0 0 1.07123994827271 11.6365003585815
-33 0 0 1.07368004322052 11.6984996795654
-34 0 0 1.0760600566864 11.7604999542236
-35 0 0 1.07840001583099 11.8224000930786
-36 0 0 1.08068001270294 11.8843002319336
-37 0 0 1.0829199552536 11.9460000991821
-38 0 0 1.08510005474091 12.0078001022339
-39 0 0 1.08723998069763 12.0694999694824
-40 0 0 1.08932995796204 12.1310997009277
-41 0 0 1.0913599729538 12.1927003860474
-42 0 0 1.09335005283356 12.2541999816895
-43 0 0 1.09528994560242 12.3156995773315
-44 0 0 1.09719002246857 12.3772001266479
-45 0 0 1.09903001785278 12.4385995864868
-46 0 0 1.10082995891571 12.4998998641968
-47 0 0 1.10258996486664 12.56130027771
-48 0 0 1.10429000854492 12.6225996017456
-49 0 0 1.10594999790192 12.6837997436523
-50 2 4 1.10757005214691 12.7449998855591
-51 0 0 1.1091400384903 12.8062000274658
-52 0 0 1.11066997051239 12.8674001693726
-53 0 0 1.11214995384216 12.9285001754761
-54 0 0 1.11359000205994 12.9896001815796
-55 0 0 1.11498999595642 13.0506000518799
-56 0 0 1.11634004116058 13.1117000579834
-57 0 0 1.11765003204346 13.1726999282837
-58 0 0 1.11891996860504 13.233699798584
-59 0 0 1.12014997005463 13.2946996688843
-60 0 0 1.12133002281189 13.3556003570557
-61 0 0 1.12248003482819 13.416600227356
-62 0 0 1.12357997894287 13.477499961853
-63 0 0 1.12465000152588 13.5383996963501
-64 0 0 1.12566995620728 13.5993003845215
-65 0 0 1.12665998935699 13.6602001190186
-66 0 0 1.1275999546051 13.7210998535156
-67 0 0 1.12850999832153 13.7819995880127
-68 0 0 1.12937998771667 13.8429002761841
-69 0 0 1.13021004199982 13.9036998748779
-70 0 0 1.13101005554199 13.964599609375
-71 0 0 1.13176000118256 14.0255002975464
-72 0 0 1.13249003887177 14.0862998962402
-73 0 0 1.13317000865936 14.1471996307373
-74 0 0 1.13382005691528 14.2080001831055
-75 0 0 1.13443005084991 14.2688999176025
-76 0 0 1.13501000404358 14.3297996520996
-77 0 0 1.13555002212524 14.390700340271
-78 0 0 1.13605999946594 14.4516000747681
-79 0 0 1.13654005527496 14.5124998092651
-80 0 0 1.1369800567627 14.5733995437622
-81 0 0 1.13739001750946 14.6343002319336
-82 0 0 1.13776004314423 14.6953001022339
-83 0 0 1.13811004161835 14.756199836731
-84 0 0 1.13841998577118 14.8171997070313
-85 0 0 1.13868999481201 14.8781995773315
-86 0 0 1.1389399766922 14.9392004013062
-87 0 0 1.13916003704071 15.0002002716064
-88 0 0 1.13934004306793 15.0612001419067
-89 0 0 1.13950002193451 15.1223001480103
-90 0 0 1.1396199464798 15.1834001541138
-91 0 0 1.13971996307373 15.2445001602173
-92 0 0 1.13978004455566 15.305700302124
-93 0 0 1.13981997966766 15.3668003082275
-94 3 2 1.13982999324799 15.4148998260498
95 0 0 1.13980996608734 15.4762001037598
96 0 0 1.13977003097534 15.5374002456665
97 0 0 1.13970005512238 15.5986995697021
98 0 0 1.13961005210876 15.6599998474121
99 0 0 1.13947999477386 15.7213001251221
100 4 4 1.13933002948761 15.7826995849609
101 0 0 1.13915002346039 15.8440999984741
102 0 0 1.13894999027252 15.9055995941162
103 0 0 1.13872003555298 15.9670000076294
104 0 0 1.13847005367279 16.028600692749
105 0 0 1.13819003105164 16.0900993347168
106 0 0 1.13788998126984 16.1516990661621
107 0 0 1.13756000995636 16.213399887085
108 0 0 1.13721001148224 16.2749996185303
109 0 0 1.13682997226715 16.336799621582
110 0 0 1.13643002510071 16.3985004425049
111 0 0 1.13601005077362 16.4603004455566
112 0 0 1.13557004928589 16.5221996307373
113 0 0 1.13510000705719 16.5841007232666
114 0 0 1.13461005687714 16.6459999084473
115 0 0 1.13409996032715 16.7080001831055
116 0 0 1.13356995582581 16.7700004577637
117 0 0 1.13302004337311 16.8320999145508
118 0 0 1.13244998455048 16.8941993713379
119 0 0 1.13185000419617 16.9563999176025
120 0 0 1.13124001026154 17.0186004638672
121 0 0 1.13060998916626 17.0809001922607
122 0 0 1.12995004653931 17.1432991027832
123 0 0 1.12927997112274 17.2056007385254
124 0 0 1.12858998775482 17.2681007385254
125 0 0 1.12787997722626 17.3304996490479
126 0 0 1.12715995311737 17.3931007385254
127 0 0 1.12641000747681 17.4556999206543
128 0 0 1.12565004825592 17.5182991027832
129 0 0 1.1248699426651 17.5809993743896
130 0 0 1.12407004833221 17.6438007354736
131 0 0 1.12326002120972 17.706600189209
132 0 0 1.12242996692657 17.7693996429443
133 0 0 1.12158000469208 17.8323993682861
134 0 0 1.12072002887726 17.895299911499
135 0 0 1.11985003948212 17.9584007263184
136 0 0 1.11895000934601 18.0214996337891
137 0 0 1.1180499792099 18.0846004486084
138 0 0 1.11713004112244 18.1478004455566
139 0 0 1.11618995666504 18.2110996246338
140 0 0 1.11523997783661 18.2744007110596
141 0 0 1.11427998542786 18.3377990722656
142 0 0 1.11329996585846 18.4011993408203
143 0 0 1.11231005191803 18.4647006988525
144 0 0 1.11131000518799 18.528299331665
145 0 0 1.11029005050659 18.5918998718262
146 0 0 1.10926997661591 18.6555004119873
147 0 0 1.10822999477386 18.7192993164063
148 0 0 1.1071799993515 18.7831001281738
149 0 0 1.10610997676849 18.8469009399414
150 5 4 1.10503995418549 18.9108009338379
151 0 0 1.10396003723145 18.9748001098633
152 0 0 1.10285997390747 19.0389003753662
153 0 0 1.10176002979279 19.1030006408691
154 0 0 1.10064005851746 19.1671009063721
155 0 0 1.09951996803284 19.2313003540039
156 0 0 1.09837996959686 19.2956008911133
157 0 0 1.09723997116089 19.3600006103516
158 0 0 1.09607994556427 19.4244003295898
159 0 0 1.09492003917694 19.4888000488281
160 0 0 1.09375 19.5533008575439
161 0 0 1.09256994724274 19.6179008483887
162 0 0 1.09139001369476 19.6826000213623
163 0 0 1.09019005298615 19.7472991943359
164 0 0 1.08898997306824 19.8120002746582
165 0 0 1.0877799987793 19.8768997192383
166 0 0 1.08657002449036 19.9417991638184
167 0 0 1.08534002304077 20.0067005157471
168 0 0 1.08411002159119 20.0716991424561
169 0 0 1.0828800201416 20.1368007659912
170 0 0 1.08164000511169 20.2019004821777
171 0 0 1.08038997650146 20.2670993804932
172 0 0 1.07913994789124 20.3323001861572
173 0 0 1.07788002490997 20.3976993560791
174 0 0 1.07661998271942 20.4629993438721
175 0 0 1.07535004615784 20.5284996032715
176 0 0 1.07406997680664 20.593900680542
177 0 0 1.07280004024506 20.6595001220703
178 0 0 1.07151997089386 20.7250995635986
179 0 0 1.07023000717163 20.7908000946045
180 0 0 1.0689400434494 20.8565006256104
181 0 0 1.06764996051788 20.9223003387451
182 0 0 1.06634998321533 20.9881000518799
183 0 0 1.06505000591278 21.0540008544922
184 0 0 1.06375002861023 21.1200008392334
185 0 0 1.06245005130768 21.1860008239746
186 0 0 1.06113994121552 21.2520999908447
187 0 0 1.05982995033264 21.3181991577148
188 0 0 1.05851995944977 21.3843994140625
189 0 0 1.05719995498657 21.4507007598877
190 0 0 1.0558899641037 21.5170001983643
191 0 0 1.0545699596405 21.5834007263184
192 0 0 1.05324995517731 21.6497993469238
193 0 0 1.05192995071411 21.7162990570068
194 0 0 1.05060994625092 21.7828006744385
195 0 0 1.04928994178772 21.8493995666504
196 0 0 1.04797005653381 21.9160003662109
197 0 0 1.0466400384903 21.9827003479004
198 0 0 1.0453200340271 22.0494995117188
199 0 0 1.0440000295639 22.1163005828857
200 6 4 1.04267001152039 22.1832008361816
201 0 0 1.04135000705719 22.2500991821289
202 0 0 1.04003000259399 22.3171005249023
203 0 0 1.0387099981308 22.3840999603271
204 0 0 1.0373899936676 22.4512004852295
205 0 0 1.03606998920441 22.5182991027832
206 0 0 1.03474998474121 22.5855007171631
207 0 0 1.03342998027802 22.6527996063232
208 0 0 1.03210997581482 22.720100402832
209 0 0 1.03079998493195 22.7873992919922
210 0 0 1.02947998046875 22.8549003601074
211 0 0 1.02816998958588 22.9223003387451
212 0 0 1.026859998703 22.9897994995117
213 0 0 1.02555000782013 23.0573997497559
214 0 0 1.02425003051758 23.125
215 0 0 1.0229400396347 23.192699432373
216 0 0 1.02163994312286 23.2604007720947
217 0 0 1.02033996582031 23.3281993865967
218 0 0 1.01905000209808 23.3959999084473
219 0 0 1.01776003837585 23.4638996124268
220 0 0 1.01646995544434 23.5317993164063
221 0 0 1.01517999172211 23.5998001098633
222 0 0 1.0139000415802 23.6678009033203
223 0 0 1.012619972229 23.7359008789063
224 0 0 1.0113400220871 23.8040008544922
225 0 0 1.01006996631622 23.872200012207
226 0 0 1.00880002975464 23.9405002593994
227 0 0 1.00752997398376 24.0086994171143
228 0 0 1.0062700510025 24.0771007537842
229 0 0 1.00501000881195 24.1455001831055
230 0 0 1.00375998020172 24.2138996124268
231 0 0 1.00250995159149 24.2824001312256
232 0 0 1.00126004219055 24.3509006500244
233 0 0 1.00002002716064 24.4195003509521
234 0 0 0.998785018920898 24.4881000518799
235 0 0 0.997554004192352 24.5568008422852
236 0 0 0.996326982975006 24.6254997253418
237 0 0 0.995104014873505 24.694299697876
238 0 0 0.993887007236481 24.7632007598877
239 0 0 0.992675006389618 24.8320007324219
240 0 0 0.991466999053955 24.9009990692139
241 0 0 0.990265011787415 24.9699001312256
242 0 0 0.98906797170639 25.0389995574951
243 0 0 0.987875998020172 25.1079998016357
244 0 0 0.98668897151947 25.1772003173828
245 0 0 0.985508024692535 25.2462997436523
246 0 0 0.984332978725433 25.3155002593994
247 0 0 0.983161985874176 25.3847999572754
248 0 0 0.981998026371002 25.4540996551514
249 0 0 0.980839014053345 25.5235004425049
250 7 4 0.97968602180481 25.5928993225098
251 0 0 0.978538990020752 25.6623992919922
252 0 0 0.977397978305817 25.7318992614746
253 0 0 0.976262986660004 25.801399230957
254 0 0 0.975134015083313 25.8710994720459
255 0 0 0.9740110039711 25.9407005310059
256 0 0 0.972894012928009 26.0104007720947
257 0 0 0.971782982349396 26.0802001953125
258 0 0 0.970678985118866 26.1499996185303
259 0 0 0.969579994678497 26.2198009490967
260 0 0 0.968488991260529 26.2896995544434
261 0 0 0.967402994632721 26.3596992492676
262 0 0 0.966323971748352 26.4297008514404
263 0 0 0.965251982212067 26.4997005462646
264 0 0 0.964186012744904 26.5697994232178
265 0 0 0.963127017021179 26.6399993896484
266 0 0 0.962073981761932 26.7101993560791
267 0 0 0.961027979850769 26.7803993225098
268 0 0 0.959989011287689 26.850700378418
269 0 0 0.958957016468048 26.9211006164551
270 0 0 0.957930982112885 26.9915008544922
271 0 0 0.956911981105804 27.0618991851807
272 0 0 0.955901026725769 27.1324005126953
273 0 0 0.954895973205566 27.2028999328613
274 0 0 0.953898012638092 27.2735004425049
275 0 0 0.952907025814056 27.3442001342773
276 0 0 0.951923012733459 27.4148998260498
277 0 0 0.950945973396301 27.4855995178223
278 0 0 0.949976027011871 27.5564002990723
279 0 0 0.949014008045197 27.6273002624512
280 0 0 0.948058009147644 27.6982002258301
281 0 0 0.947109997272491 27.769100189209
282 0 0 0.946169018745422 27.8400993347168
283 0 0 0.945235013961792 27.9111995697021
284 0 0 0.9443079829216 27.9822998046875
285 0 0 0.943388998508453 28.0534992218018
286 0 0 0.942476987838745 28.1247005462646
287 0 0 0.94157201051712 28.1958999633789
288 0 0 0.940675020217896 28.2672004699707
289 0 0 0.939785003662109 28.3386001586914
290 0 0 0.938902020454407 28.4099998474121
291 0 0 0.938027024269104 28.4815006256104
292 0 0 0.93715900182724 28.55299949646
293 0 0 0.936299026012421 28.6245994567871
294 0 0 0.93544602394104 28.6963005065918
295 0 0 0.934601008892059 28.7679996490479
296 0 0 0.933763027191162 28.8397006988525
297 0 0 0.932932019233704 28.9115009307861
298 0 0 0.932110011577606 28.9834003448486
299 0 0 0.931294023990631 29.0552997589111
300 8 4 0.930486977100372 29.1271991729736
301 0 0 0.929686009883881 29.1993007659912
302 0 0 0.928893983364105 29.2712993621826
303 0 0 0.928108990192413 29.3435001373291
304 0 0 0.92733097076416 29.4157009124756
305 0 0 0.926562011241913 29.4878997802734
306 0 0 0.925799012184143 29.5601997375488
307 0 0 0.925045013427734 29.6326007843018
308 0 0 0.924297988414764 29.7049999237061
309 0 0 0.923559010028839 29.7775001525879
310 0 0 0.922827005386353 29.8500003814697
311 0 0 0.922102987766266 29.9225997924805
312 0 0 0.921387016773224 29.9953002929688
313 0 0 0.920678019523621 30.068000793457
314 0 0 0.919977009296417 30.1406993865967
315 0 0 0.919283986091614 30.2136001586914
316 0 0 0.918597996234894 30.2863998413086
317 0 0 0.917919993400574 30.3593997955322
318 0 0 0.917249977588654 30.4323997497559
319 0 0 0.916588008403778 30.505500793457
320 0 0 0.915933012962341 30.5785999298096
321 0 0 0.915286004543304 30.6518001556396
322 0 0 0.914646983146667 30.7250003814697
323 0 0 0.914014995098114 30.7982997894287
324 0 0 0.91339099407196 30.8717002868652
325 0 0 0.912774980068207 30.9451999664307
326 0 0 0.912165999412537 31.0186996459961
327 0 0 0.911565005779266 31.0921993255615
328 0 0 0.910971999168396 31.1658000946045
329 0 0 0.910386979579926 31.2395000457764
330 0 0 0.909808993339539 31.3132991790771
331 0 0 0.909238994121552 31.3871002197266
332 0 0 0.908676981925964 31.4610004425049
333 0 0 0.908122003078461 31.5349006652832
334 0 0 0.907576024532318 31.6089000701904
335 0 0 0.907037019729614 31.6830005645752
336 0 0 0.906504988670349 31.7572002410889
337 0 0 0.905981004238129 31.8313999176025
338 0 0 0.905465006828308 31.9055995941162
339 0 0 0.904956996440887 31.9799995422363
340 0 0 0.904456973075867 32.0544013977051
341 0 0 0.903963983058929 32.1287994384766
342 0 0 0.903478980064392 32.2033996582031
343 0 0 0.903001010417938 32.2779998779297
344 0 0 0.902531027793884 32.3526992797852
345 0 0 0.902068972587585 32.4273986816406
346 0 0 0.901615023612976 32.5022010803223
347 0 0 0.901167988777161 32.5770988464355
348 0 0 0.90072900056839 32.6520004272461
349 0 0 0.900296986103058 32.7271003723145
350 9 4 0.899873018264771 32.8021011352539
351 0 0 0.899456977844238 32.8773002624512
352 0 0 0.899048984050751 32.9524993896484
353 0 0 0.898648023605347 33.0278015136719
354 0 0 0.898254990577698 33.103199005127
355 0 0 0.897868990898132 33.1786003112793
356 0 0 0.897490978240967 33.2541007995605
357 0 0 0.897121012210846 33.3297004699707
358 0 0 0.896758019924164 33.4053993225098
359 0 0 0.896403014659882 33.4810981750488
360 0 0 0.896055996417999 33.5569000244141
361 0 0 0.8957160115242 33.6328010559082
362 0 0 0.895384013652802 33.7086982727051
363 0 0 0.895058989524841 33.7846984863281
364 0 0 0.894742012023926 33.8608016967773
365 0 0 0.89443302154541 33.9370002746582
366 0 0 0.894131004810333 34.0131988525391
367 0 0 0.89383602142334 34.0895004272461
368 0 0 0.893549025058746 34.165901184082
369 0 0 0.893270015716553 34.2424011230469
370 0 0 0.892997980117798 34.3189010620117
371 0 0 0.892733991146088 34.3955001831055
372 0 0 0.892477989196777 34.4721984863281
373 0 0 0.892228007316589 34.548999786377
374 0 0 0.891987025737762 34.6258010864258
375 0 0 0.891753017902374 34.7027015686035
376 0 0 0.891525983810425 34.7797012329102
377 0 0 0.89130699634552 34.8568000793457
378 0 0 0.891094982624054 34.9338989257813
379 0 0 0.890891015529633 35.0111999511719
380 0 0 0.89069402217865 35.0885009765625
381 0 0 0.890505015850067 35.1657981872559
382 0 0 0.890322983264923 35.2433013916016
383 0 0 0.890148997306824 35.32080078125
384 0 0 0.889981985092163 35.3983993530273
385 0 0 0.889823019504547 35.4761009216309
386 0 0 0.88967102766037 35.5539016723633
387 0 0 0.889526009559631 35.6318016052246
388 0 0 0.889388978481293 35.7097015380859
389 0 0 0.889258980751038 35.7877006530762
390 0 0 0.889137029647827 35.8657989501953
391 0 0 0.889020979404449 35.9439010620117
392 0 0 0.888913989067078 36.0222015380859
393 0 0 0.888813018798828 36.1004981994629
394 0 0 0.888720989227295 36.1789016723633
395 0 0 0.888634979724884 36.2574005126953
396 0 0 0.888557016849518 36.3359985351563
397 0 0 0.88848602771759 36.4146003723145
398 0 0 0.888422012329102 36.4934005737305
399 0 0 0.888365983963013 36.5722007751465
400 10 4 0.888316988945007 36.6511001586914
401 0 0 0.888275027275085 36.7299995422363
402 0 0 0.888240993022919 36.8091011047363
403 0 0 0.888213992118835 36.8881988525391
404 0 0 0.888194024562836 36.967399597168
405 0 0 0.88818097114563 37.0467987060547
406 0 0 0.888176023960114 37.1260986328125
407 11 2 0.888176023960114 37.1450996398926
-408 0 0 0.888179004192352 37.2244987487793
-409 0 0 0.888189971446991 37.3041000366211
-410 0 0 0.888207972049713 37.3838005065918
-411 0 0 0.888233006000519 37.4635009765625
-412 0 0 0.888266026973724 37.5433006286621
-413 0 0 0.888306021690369 37.6231994628906
-414 0 0 0.88835197687149 37.7032012939453
-415 0 0 0.888405978679657 37.7832984924316
-416 0 0 0.888468027114868 37.8633995056152
-417 0 0 0.888535976409912 37.9435997009277
-418 0 0 0.888611972332001 38.023998260498
-419 0 0 0.888693988323212 38.1044006347656
-420 0 0 0.888783991336823 38.1848983764648
-421 0 0 0.888881027698517 38.2653999328613
-422 0 0 0.888984978199005 38.3460998535156
-423 0 0 0.889096021652222 38.4267997741699
-424 0 0 0.889214992523193 38.5075988769531
-425 0 0 0.889339983463287 38.5885009765625
-426 0 0 0.889472007751465 38.6694984436035
-427 0 0 0.889612019062042 38.7505989074707
-428 0 0 0.889757990837097 38.8317985534668
-429 0 0 0.889912009239197 38.9129981994629
-430 0 0 0.890073001384735 38.9943008422852
-431 0 0 0.890240013599396 39.0756988525391
-432 0 0 0.890415012836456 39.1571998596191
-433 0 0 0.890596985816956 39.2388000488281
-434 0 0 0.890784978866577 39.320499420166
-435 0 0 0.890981018543243 39.4021987915039
-436 0 0 0.891183972358704 39.484001159668
-437 0 0 0.891393005847931 39.5660018920898
-438 0 0 0.891610026359558 39.6479988098145
-439 0 0 0.891833007335663 39.7299995422363
-440 0 0 0.892063975334167 39.812198638916
-441 0 0 0.892301023006439 39.8945007324219
-442 0 0 0.892544984817505 39.9767990112305
-443 0 0 0.892796993255615 40.0592002868652
-444 0 0 0.893055021762848 40.1417007446289
-445 0 0 0.893320024013519 40.2243003845215
-446 0 0 0.893592000007629 40.306999206543
-447 0 0 0.893871009349823 40.3898010253906
-448 0 0 0.894155979156494 40.472599029541
-449 0 0 0.89444899559021 40.5555992126465
-450 12 4 0.894747972488403 40.638599395752
-451 0 0 0.89505398273468 40.7216987609863
-452 0 0 0.895367026329041 40.8049011230469
-453 0 0 0.895686984062195 40.8880996704102
-454 0 0 0.896013021469116 40.9715003967285
-455 0 0 0.896346986293793 41.0549011230469
-456 0 0 0.896686971187592 41.1384010314941
-457 0 0 0.897033989429474 41.2220001220703
-458 0 0 0.897387027740479 41.3056983947754
-459 0 0 0.897747993469238 41.3894996643066
-460 0 0 0.89811497926712 41.4733009338379
-461 0 0 0.898488998413086 41.557300567627
-462 0 0 0.898868978023529 41.641300201416
-463 0 0 0.899255990982056 41.725399017334
-464 0 0 0.899649977684021 41.8096008300781
-465 0 0 0.90005099773407 41.893798828125
-466 0 0 0.900457978248596 41.978199005127
-467 0 0 0.900871992111206 42.0625991821289
-468 0 0 0.901292979717255 42.1472015380859
-469 0 0 0.901719987392426 42.2318000793457
-470 0 0 0.90215402841568 42.3163986206055
-471 0 0 0.902593970298767 42.4011993408203
-472 0 0 0.903041005134583 42.4860000610352
-473 0 0 0.903495013713837 42.5709991455078
-474 0 0 0.903954982757568 42.6559982299805
-475 0 0 0.904421985149384 42.7411003112793
-476 0 0 0.904895007610321 42.8261985778809
-477 0 0 0.905375003814697 42.9114990234375
-478 0 0 0.905861020088196 42.9967994689941
-479 0 0 0.906354010105133 43.0822982788086
-480 0 0 0.906853973865509 43.1677017211914
-481 0 0 0.907360017299652 43.2532997131348
-482 0 0 0.907872021198273 43.3390007019043
-483 0 0 0.908390998840332 43.4247016906738
-484 0 0 0.908915996551514 43.5105018615723
-485 0 0 0.909448027610779 43.5964012145996
-486 0 0 0.909986019134521 43.6823997497559
-487 0 0 0.910530984401703 43.7685012817383
-488 0 0 0.911082029342651 43.8545989990234
-489 0 0 0.911638975143433 43.9407997131348
-490 0 0 0.912203013896942 44.027099609375
-491 0 0 0.912773013114929 44.1134986877441
-492 0 0 0.913349986076355 44.1999015808105
-493 0 0 0.913932979106903 44.2864990234375
-494 0 0 0.914521992206573 44.3731002807617
-495 0 0 0.915117979049683 44.4598007202148
-496 0 0 0.915719985961914 44.546501159668
-497 0 0 0.916328012943268 44.6333999633789
-498 0 0 0.91694301366806 44.7202987670898
-499 0 0 0.917563021183014 44.807300567627
-500 13 4 0.918191015720367 44.8942985534668
-501 0 0 0.918824017047882 44.9814987182617
-502 0 0 0.919462978839874 45.0686988830566
-503 0 0 0.92010897397995 45.1559982299805
-504 0 0 0.920760989189148 45.2434005737305
-505 0 0 0.921419024467468 45.3307991027832
-506 0 0 0.922083973884583 45.4183006286621
-507 0 0 0.922753989696503 45.5059013366699
-508 0 0 0.923430979251862 45.5936012268066
-509 0 0 0.924113988876343 45.6813011169434
-510 0 0 0.924803018569946 45.7691993713379
-511 0 0 0.925498008728027 45.8571014404297
-512 0 0 0.926199972629547 45.9449996948242
-513 0 0 0.926907002925873 46.0331001281738
-514 0 0 0.927621006965637 46.1212005615234
-515 0 0 0.928340017795563 46.209400177002
-516 0 0 0.929066002368927 46.2975997924805
-517 0 0 0.929796993732452 46.3858985900879
-518 0 0 0.930535018444061 46.4743003845215
-519 0 0 0.931279003620148 46.562801361084
-520 0 0 0.932029008865356 46.6514015197754
-521 0 0 0.932784020900726 46.7400016784668
-522 0 0 0.933546006679535 46.8286018371582
-523 0 0 0.934314012527466 46.9174003601074
-524 0 0 0.935087025165558 47.0061988830566
-525 0 0 0.935867011547089 47.095100402832
-526 0 0 0.936653017997742 47.1841011047363
-527 0 0 0.937443971633911 47.2731018066406
-528 0 0 0.938241004943848 47.3622016906738
-529 0 0 0.939045011997223 47.4514007568359
-530 0 0 0.939854025840759 47.540599822998
-531 0 0 0.940669000148773 47.6299018859863
-532 0 0 0.941489994525909 47.7192993164063
-533 0 0 0.942315995693207 47.8087005615234
-534 0 0 0.943148970603943 47.8982009887695
-535 0 0 0.943987011909485 47.9878005981445
-536 0 0 0.944831013679504 48.0774002075195
-537 0 0 0.945680975914001 48.1670989990234
-538 0 0 0.946537017822266 48.2569007873535
-539 0 0 0.947398006916046 48.3466987609863
-540 0 0 0.948265016078949 48.4365997314453
-541 0 0 0.949137985706329 48.5265998840332
-542 0 0 0.950016975402832 48.6166000366211
-543 0 0 0.950900971889496 48.7066993713379
-544 0 0 0.951790988445282 48.7967987060547
-545 0 0 0.95268702507019 48.8870010375977
-546 0 0 0.953588008880615 48.9772987365723
-547 0 0 0.954495012760162 49.0676002502441
-548 0 0 0.955407977104187 49.1580009460449
-549 0 0 0.956326007843018 49.2485008239746
-550 14 4 0.957249999046326 49.3390007019043
-551 0 0 0.958178997039795 49.4295997619629
-552 0 0 0.959114015102386 49.5201988220215
-553 0 0 0.960054993629456 49.6110000610352
-554 0 0 0.961000978946686 49.7016983032227
-555 0 0 0.961952984333038 49.7924995422363
-556 0 0 0.962909996509552 49.8833999633789
-557 0 0 0.963873028755188 49.9743995666504
-558 0 0 0.96484100818634 50.0653991699219
-559 0 0 0.965815007686615 50.1563987731934
-560 0 0 0.966794013977051 50.247501373291
-561 0 0 0.967778027057648 50.3386993408203
-562 0 0 0.968768000602722 50.4299011230469
-563 0 0 0.969763994216919 50.5211982727051
-564 0 0 0.970764994621277 50.6125984191895
-565 0 0 0.971771001815796 50.7039985656738
-566 0 0 0.972783029079437 50.7953987121582
-567 0 0 0.973800003528595 50.8869018554688
-568 0 0 0.974821984767914 50.9785003662109
-569 0 0 0.975849986076355 51.0700988769531
-570 0 0 0.976882994174957 51.1618003845215
-571 0 0 0.977922022342682 51.2535018920898
-572 0 0 0.978964984416962 51.3452987670898
-573 0 0 0.980014979839325 51.4370994567871
-574 0 0 0.981069028377533 51.5289993286133
-575 0 0 0.982128024101257 51.6209983825684
-576 0 0 0.983192980289459 51.7130012512207
-577 0 0 0.984263002872467 51.8050003051758
-578 0 0 0.985338985919952 51.8970985412598
-579 0 0 0.986419022083282 51.989200592041
-580 0 0 0.98750501871109 52.0814018249512
-581 0 0 0.988596022129059 52.173698425293
-582 0 0 0.989691972732544 52.265998840332
-583 0 0 0.990792989730835 52.3582992553711
-584 0 0 0.991899013519287 52.4506988525391
-585 0 0 0.993010997772217 52.5432014465332
-586 0 0 0.994127988815308 52.6357002258301
-587 0 0 0.995248973369598 52.728199005127
-588 0 0 0.996375977993011 52.82080078125
-589 0 0 0.997507989406586 52.913501739502
-590 0 0 0.998645007610321 53.0060997009277
-591 0 0 0.999786972999573 53.0988998413086
-592 0 0 1.00092995166779 53.1916999816895
-593 0 0 1.0020899772644 53.2845001220703
-594 0 0 1.0032399892807 53.3773994445801
-595 0 0 1.00441002845764 53.4702987670898
-596 0 0 1.00557005405426 53.5633010864258
-597 0 0 1.00673997402191 53.6562995910645
-598 0 0 1.00792002677917 53.7492980957031
-599 0 0 1.00909996032715 53.842399597168
-600 15 4 1.01029002666473 53.9356002807617
-601 0 0 1.01147997379303 54.0288009643555
-602 0 0 1.01268005371094 54.1220016479492
-603 0 0 1.01388001441956 54.2153015136719
-604 0 0 1.0150899887085 54.3086013793945
-605 0 0 1.01629996299744 54.4019012451172
-606 0 0 1.01751005649567 54.4953002929688
-607 0 0 1.01874005794525 54.5887985229492
-608 0 0 1.01996004581451 54.682300567627
-609 0 0 1.0211900472641 54.7757987976074
-610 0 0 1.02242994308472 54.8694000244141
-611 0 0 1.02366995811462 54.9630012512207
-612 0 0 1.02490997314453 55.0565986633301
-613 0 0 1.02616000175476 55.1502990722656
-614 0 0 1.02742004394531 55.2439994812012
-615 0 0 1.02867996692657 55.3377990722656
-616 0 0 1.02994000911713 55.4315986633301
-617 0 0 1.03120994567871 55.5255012512207
-618 0 0 1.03248000144958 55.6194000244141
-619 0 0 1.03375995159149 55.7132987976074
-620 0 0 1.03504002094269 55.807201385498
-621 0 0 1.03632998466492 55.9011993408203
-622 0 0 1.03761994838715 55.9953002929688
-623 0 0 1.03892004489899 56.089298248291
-624 0 0 1.04022002220154 56.1834983825684
-625 0 0 1.04153001308441 56.2775993347168
-626 0 0 1.04284000396729 56.3717994689941
-627 0 0 1.04416000843048 56.4659996032715
-628 0 0 1.04546999931335 56.5602989196777
-629 0 0 1.04680001735687 56.6544990539551
-630 0 0 1.04813003540039 56.7489013671875
-631 0 0 1.04946005344391 56.8432006835938
-632 0 0 1.05079996585846 56.9375991821289
-633 0 0 1.0521399974823 57.0320014953613
-634 0 0 1.05349004268646 57.1264991760254
-635 0 0 1.05483996868134 57.2210006713867
-636 0 0 1.05620002746582 57.3154983520508
-637 0 0 1.05755996704102 57.410099029541
-638 0 0 1.0589200258255 57.5046997070313
-639 0 0 1.06028997898102 57.5993003845215
-640 0 0 1.06166994571686 57.6940002441406
-641 0 0 1.06305003166199 57.7886009216309
-642 0 0 1.06442999839783 57.8833999633789
-643 0 0 1.06581997871399 57.978099822998
-644 0 0 1.06720995903015 58.0728988647461
-645 0 0 1.0686000585556 58.1677017211914
-646 0 0 1.07000005245209 58.2625999450684
-647 0 0 1.0714099407196 58.3573989868164
-648 0 0 1.07281994819641 58.4523010253906
-649 0 0 1.07422995567322 58.5472984313965
-650 16 4 1.07564997673035 58.6422004699707
-651 0 0 1.07706999778748 58.7372016906738
-652 0 0 1.07850003242493 58.8321990966797
-653 0 0 1.07992994785309 58.9272994995117
-654 0 0 1.08136999607086 59.0223999023438
-655 0 0 1.08280003070831 59.1175003051758
-656 0 0 1.08424997329712 59.2126007080078
-657 0 0 1.08570003509521 59.3078002929688
-658 0 0 1.08714997768402 59.4029998779297
-659 0 0 1.08861005306244 59.4981994628906
-660 0 0 1.09007000923157 59.5933990478516
-661 0 0 1.0915299654007 59.6887016296387
-662 0 0 1.09300005435944 59.7840003967285
-663 0 0 1.09447002410889 59.8792991638184
-664 0 0 1.09595000743866 59.9747009277344
-665 0 0 1.09742999076843 60.0699996948242
-666 0 0 1.09891998767853 60.1654014587402
-667 0 0 1.10040998458862 60.2608985900879
-668 0 0 1.10189998149872 60.3563003540039
-669 0 0 1.10339999198914 60.4518013000488
-670 0 0 1.10490000247955 60.5472984313965
-671 0 0 1.10641002655029 60.6427993774414
-672 0 0 1.10792005062103 60.7383995056152
-673 0 0 1.10943996906281 60.8339004516602
-674 0 0 1.11096000671387 60.929500579834
-675 0 0 1.11248004436493 61.0251007080078
-676 0 0 1.11400997638702 61.1208000183105
-677 0 0 1.11554002761841 61.2164993286133
-678 0 0 1.1170699596405 61.3120994567871
-679 0 0 1.11861002445221 61.407901763916
-680 0 0 1.12015998363495 61.5036010742188
-681 0 0 1.12170004844666 61.5993003845215
-682 0 0 1.12325000762939 61.6950988769531
-683 0 0 1.12480998039246 61.790901184082
-684 0 0 1.12636995315552 61.8866996765137
-685 0 0 1.12793004512787 61.9826011657715
-686 0 0 1.12950003147125 62.0783996582031
-687 0 0 1.13107001781464 62.1743011474609
-688 0 0 1.13265001773834 62.2701988220215
-689 0 0 1.13423001766205 62.3661994934082
-690 0 0 1.13581001758575 62.462100982666
-691 0 0 1.13740003108978 62.5581016540527
-692 0 0 1.13899004459381 62.6540985107422
-693 0 0 1.14058005809784 62.7500991821289
-694 0 0 1.1421799659729 62.8460998535156
-695 0 0 1.14379000663757 62.9421005249023
-696 0 0 1.14539003372192 63.038200378418
-697 0 0 1.14699995517731 63.1343002319336
-698 0 0 1.1486200094223 63.2304000854492
-699 0 0 1.15023994445801 63.3264999389648
-700 17 4 1.151859998703 63.4226989746094
-701 0 0 1.153480052948 63.518798828125
-702 0 0 1.15511000156403 63.6150016784668
-703 0 0 1.15674996376038 63.7112007141113
-704 0 0 1.15839004516602 63.8073997497559
-705 0 0 1.16003000736237 63.9035987854004
-706 0 0 1.16166996955872 63.9999008178711
-707 0 0 1.16331994533539 64.0960998535156
-708 0 0 1.16498005390167 64.1923980712891
-709 0 0 1.16663002967834 64.2886962890625
-710 0 0 1.16829001903534 64.3850021362305
-711 0 0 1.16996002197266 64.4813995361328
-712 0 0 1.17163002490997 64.5776977539063
-713 0 0 1.17330002784729 64.6741027832031
-714 0 0 1.17497003078461 64.7704010009766
-715 0 0 1.17665004730225 64.8667984008789
-716 0 0 1.17833995819092 64.9633026123047
-717 0 0 1.18002998828888 65.059700012207
-718 0 0 1.18172001838684 65.1560974121094
-719 0 0 1.1834100484848 65.2526016235352
-720 0 0 1.1851099729538 65.3490982055664
-721 0 0 1.18681001663208 65.4455032348633
-722 0 0 1.1885199546814 65.5419998168945
-723 0 0 1.19023001194 65.6386032104492
-724 0 0 1.19193994998932 65.7350997924805
-725 0 0 1.19366002082825 65.8315963745117
-726 0 0 1.19537997245789 65.9281997680664
-727 0 0 1.19710004329681 66.0248031616211
-728 0 0 1.19883000850677 66.1213989257813
-729 0 0 1.20055997371674 66.2180023193359
-730 0 0 1.20229995250702 66.3145980834961
-731 0 0 1.20403003692627 66.4112014770508
-732 0 0 1.20578002929688 66.5078964233398
-733 0 0 1.20752000808716 66.6044998168945
-734 0 0 1.20927000045776 66.7012023925781
-735 0 0 1.21103000640869 66.7978973388672
-736 0 0 1.2127799987793 66.8945999145508
-737 0 0 1.21454000473022 66.9913024902344
-738 0 0 1.21631002426147 67.0879974365234
-739 0 0 1.21808004379272 67.184700012207
-740 0 0 1.21984994411469 67.2815017700195
-741 0 0 1.22161996364594 67.3781967163086
-742 0 0 1.22339999675751 67.4749984741211
-743 0 0 1.22518002986908 67.5718002319336
-744 0 0 1.22696995735168 67.6686019897461
-745 0 0 1.22876000404358 67.7654037475586
-746 0 0 1.23055005073547 67.8621978759766
-747 0 0 1.2323499917984 67.9589996337891
-748 0 0 1.23415005207062 68.0558013916016
-749 0 0 1.23594999313354 68.152702331543
-750 18 4 1.23775994777679 68.2494964599609
-751 0 0 1.23957002162933 68.3463973999023
-752 0 0 1.24138998985291 68.4432983398438
-753 0 0 1.24319994449615 68.5401992797852
-754 0 0 1.24502003192902 68.6371002197266
-755 0 0 1.24685001373291 68.734001159668
-756 0 0 1.2486799955368 68.8309020996094
-757 0 0 1.2505099773407 68.9279022216797
-758 0 0 1.25234997272491 69.0248031616211
-759 0 0 1.25417995452881 69.1218032836914
-760 0 0 1.25602996349335 69.2186965942383
-761 0 0 1.25786995887756 69.3156967163086
-762 0 0 1.2597199678421 69.4126968383789
-763 0 0 1.26157999038696 69.5096969604492
-764 0 0 1.2634299993515 69.6066970825195
-765 0 0 1.26529002189636 69.7036972045898
-766 0 0 1.26716005802155 69.8006973266602
-767 0 0 1.26901996135712 69.8976974487305
-768 0 0 1.2708899974823 69.9947967529297
-769 0 0 1.27277004718781 70.091796875
-770 0 0 1.2746399641037 70.1889038085938
-771 0 0 1.2765200138092 70.2858963012695
-772 0 0 1.27840995788574 70.3830032348633
-773 0 0 1.28030002117157 70.4801025390625
-774 0 0 1.28218996524811 70.5772018432617
-775 0 0 1.28408002853394 70.6743011474609
-776 0 0 1.2859799861908 70.7714004516602
-777 0 0 1.28787994384766 70.8684997558594
-778 0 0 1.28978002071381 70.9655990600586
-779 0 0 1.29168999195099 71.0626983642578
-780 0 0 1.29359996318817 71.1598968505859
-781 0 0 1.29551994800568 71.2570037841797
-782 0 0 1.29744005203247 71.3542022705078
-783 0 0 1.29936003684998 71.451301574707
-784 0 0 1.30128002166748 71.5485000610352
-785 0 0 1.30321002006531 71.6456985473633
-786 0 0 1.30514001846313 71.7427978515625
-787 0 0 1.30708003044128 71.8399963378906
-788 0 0 1.30902004241943 71.9372024536133
-789 0 0 1.31096005439758 72.0344009399414
-790 0 0 1.31290996074677 72.1315994262695
-791 0 0 1.31484997272491 72.2288970947266
-792 0 0 1.31681001186371 72.3261032104492
-793 0 0 1.31876003742218 72.4233016967773
-794 0 0 1.32071995735168 72.5205993652344
-795 0 0 1.32267999649048 72.6177978515625
-796 0 0 1.32465004920959 72.7149963378906
-797 0 0 1.32661998271942 72.8123016357422
-798 0 0 1.32859003543854 72.9095993041992
-799 0 0 1.33056998252869 73.0067977905273
-800 19 4 1.3325400352478 73.1041030883789
-801 0 0 1.33452999591827 73.2014007568359
-802 0 0 1.33650994300842 73.298698425293
-803 0 0 1.33850002288818 73.3960037231445
-804 0 0 1.34048998355865 73.4933013916016
-805 0 0 1.34248995780945 73.5905990600586
-806 0 0 1.34449005126953 73.6878967285156
-807 0 0 1.34649002552032 73.7852020263672
-808 0 0 1.34850001335144 73.8824996948242
-809 0 0 1.35049998760223 73.9797973632813
-810 0 0 1.35251998901367 74.0771026611328
-811 0 0 1.35452997684479 74.1744995117188
-812 0 0 1.35654997825623 74.2717971801758
-813 0 0 1.35856997966766 74.3692016601563
-814 0 0 1.36059999465942 74.4664993286133
-815 0 0 1.36263000965118 74.5639038085938
-816 0 0 1.36466002464294 74.6612014770508
-817 0 0 1.36670005321503 74.7585983276367
-818 0 0 1.3687299489975 74.8560028076172
-819 0 0 1.3707799911499 74.9533004760742
-820 0 0 1.37282001972198 75.0506973266602
-821 0 0 1.3748699426651 75.1481018066406
-822 0 0 1.3769199848175 75.2454986572266
-823 0 0 1.37898004055023 75.342903137207
-824 0 0 1.38103997707367 75.440299987793
-825 0 0 1.3831000328064 75.5376968383789
-826 0 0 1.38515996932983 75.6351013183594
-827 0 0 1.38723003864288 75.7324981689453
-828 0 0 1.38929998874664 75.8299026489258
-829 0 0 1.39137995243073 75.9272994995117
-830 0 0 1.39345002174377 76.0246963500977
-831 0 0 1.39553999900818 76.1221008300781
-832 0 0 1.39761996269226 76.219596862793
-833 0 0 1.39971005916595 76.3170013427734
-834 0 0 1.40180003643036 76.4143981933594
-835 0 0 1.40389001369476 76.5119018554688
-836 0 0 1.40599000453949 76.6092987060547
-837 0 0 1.40808999538422 76.7068023681641
-838 0 0 1.41019999980927 76.80419921875
-839 0 0 1.41229999065399 76.9017028808594
-840 0 0 1.41440999507904 76.9990997314453
-841 0 0 1.41653001308441 77.0966033935547
-842 0 0 1.41865003108978 77.1940002441406
-843 0 0 1.42077004909515 77.2914962768555
-844 0 0 1.42288994789124 77.3889999389648
-845 0 0 1.42501997947693 77.4863967895508
-846 0 0 1.42715001106262 77.5839004516602
-847 0 0 1.42928004264832 77.681396484375
-848 0 0 1.43141996860504 77.7789001464844
-849 0 0 1.43356001377106 77.8764038085938
-850 20 4 1.43570005893707 77.9738006591797
-851 0 0 1.43784999847412 78.0712966918945
-852 0 0 1.44000005722046 78.1688003540039
-853 0 0 1.44214999675751 78.2662963867188
-854 0 0 1.44430994987488 78.3638000488281
-855 0 0 1.44646000862122 78.4613037109375
-856 0 0 1.44862997531891 78.5587997436523
-857 0 0 1.45079004764557 78.6563034057617
-858 0 0 1.45296001434326 78.7537994384766
-859 0 0 1.45512998104095 78.8513031005859
-860 0 0 1.45730996131897 78.9487991333008
-861 0 0 1.45948994159698 79.0463027954102
-862 0 0 1.46167004108429 79.1438980102539
-863 0 0 1.46386003494263 79.2414016723633
-864 0 0 1.46604001522064 79.3388977050781
-865 0 0 1.46823000907898 79.4364013671875
-866 0 0 1.47043001651764 79.5338973999023
-867 0 0 1.4726300239563 79.6315002441406
-868 0 0 1.47483003139496 79.7289962768555
-869 0 0 1.47703003883362 79.8264999389648
-870 0 0 1.47923994064331 79.9240036010742
-871 0 0 1.48144996166229 80.021598815918
-872 0 0 1.4836699962616 80.1191024780273
-873 0 0 1.48588001728058 80.2165985107422
-874 0 0 1.48810005187988 80.3142013549805
-875 0 0 1.49032998085022 80.4116973876953
-876 0 0 1.49256002902985 80.5092010498047
-877 0 0 1.49478995800018 80.6067962646484
-878 0 0 1.49702000617981 80.7042999267578
-879 0 0 1.49925994873047 80.8019027709961
-880 0 0 1.50150001049042 80.8993988037109
-881 0 0 1.50373995304108 80.9970016479492
-882 0 0 1.50598001480103 81.0944976806641
-883 0 0 1.50822997093201 81.1921005249023
-884 0 0 1.51048994064331 81.2895965576172
-885 0 0 1.51274001598358 81.3871994018555
-886 0 0 1.51499998569489 81.4847030639648
-887 0 0 1.51725995540619 81.5822982788086
-888 0 0 1.5195300579071 81.679801940918
-889 0 0 1.52180004119873 81.7773971557617
-890 0 0 1.52407002449036 81.8749008178711
-891 0 0 1.5263500213623 81.9725036621094
-892 0 0 1.52862000465393 82.0699996948242
-893 0 0 1.5309100151062 82.1676025390625
-894 0 0 1.53319001197815 82.2651977539063
-895 0 0 1.53548002243042 82.3627014160156
-896 0 0 1.53777003288269 82.4602966308594
-897 0 0 1.54006004333496 82.5578002929688
-898 0 0 1.54235994815826 82.655403137207
-899 0 0 1.54465997219086 82.7529983520508
-900 21 4 1.54697000980377 82.8505020141602
-901 0 0 1.54927003383636 82.9480972290039
-902 0 0 1.55158996582031 83.0456008911133
-903 0 0 1.55390000343323 83.1432037353516
-904 0 0 1.55622005462646 83.2407989501953
-905 0 0 1.55853998661041 83.3383026123047
-906 0 0 1.56086003780365 83.4358978271484
-907 0 0 1.56318998336792 83.5335006713867
-908 0 0 1.56552004814148 83.6309967041016
-909 0 0 1.56784999370575 83.7285995483398
-910 0 0 1.57018995285034 83.8262023925781
-911 0 0 1.57253003120422 83.923698425293
-912 0 0 1.57486999034882 84.0213012695313
-913 0 0 1.57720994949341 84.118896484375
-914 0 0 1.57956004142761 84.2164001464844
-915 0 0 1.58192002773285 84.3140029907227
-916 0 0 1.58427000045776 84.4115982055664
-917 0 0 1.586629986763 84.5091018676758
-918 0 0 1.58898997306824 84.6066970825195
-919 0 0 1.5913599729538 84.7042007446289
-920 0 0 1.59372997283936 84.8018035888672
-921 0 0 1.59609997272491 84.8993988037109
-922 0 0 1.59846997261047 84.9969024658203
-923 0 0 1.60084998607635 85.0944976806641
-924 0 0 1.60322999954224 85.1921005249023
-925 0 0 1.60562002658844 85.2895965576172
-926 0 0 1.60800004005432 85.3871994018555
-927 0 0 1.61039996147156 85.4848022460938
-928 0 0 1.61278998851776 85.5822982788086
-929 0 0 1.61519002914429 85.6799011230469
-930 0 0 1.61758995056152 85.7773971557617
-931 0 0 1.61998999118805 85.875
-932 0 0 1.6224000453949 85.9726028442383
-933 0 0 1.62480998039246 86.0700988769531
-934 0 0 1.6272200345993 86.1677017211914
-935 0 0 1.62963998317719 86.2651977539063
-936 0 0 1.63206005096436 86.3628005981445
-937 0 0 1.63447999954224 86.4604034423828
-938 0 0 1.63690996170044 86.5578994750977
-939 0 0 1.63934004306793 86.6555023193359
-940 0 0 1.64177000522614 86.7529983520508
-941 0 0 1.64420998096466 86.8506011962891
-942 0 0 1.64664995670319 86.9480972290039
-943 0 0 1.649090051651 87.0457000732422
-944 0 0 1.65154004096985 87.1432037353516
-945 0 0 1.6539900302887 87.2407989501953
-946 0 0 1.65644001960754 87.3383026123047
-947 0 0 1.65890002250671 87.4358978271484
-948 0 0 1.66136002540588 87.5334014892578
-949 0 0 1.66382002830505 87.6309967041016
-950 22 4 1.66628003120422 87.7285003662109
-951 0 0 1.66875004768372 87.8261032104492
-952 0 0 1.67121994495392 87.9235992431641
-953 0 0 1.67369997501373 88.0212020874023
-954 0 0 1.67618000507355 88.1186981201172
-955 0 0 1.67866003513336 88.2163009643555
-956 0 0 1.68114995956421 88.3137969970703
-957 0 0 1.68362998962402 88.4113006591797
-958 0 0 1.68613004684448 88.508903503418
-959 0 0 1.68861997127533 88.6063995361328
-960 0 0 1.69112002849579 88.7039031982422
-961 0 0 1.69361996650696 88.8014984130859
-962 0 0 1.69612002372742 88.8990020751953
-963 0 0 1.69862997531891 88.9964981079102
-964 0 0 1.70114004611969 89.0941009521484
-965 0 0 1.7036600112915 89.1915969848633
-966 0 0 1.70617997646332 89.2891006469727
-967 0 0 1.70869994163513 89.3865966796875
-968 0 0 1.71122002601624 89.4841995239258
-969 0 0 1.71375000476837 89.5817031860352
-970 0 0 1.71627998352051 89.67919921875
-971 0 0 1.71880996227264 89.7767028808594
-972 0 0 1.7213499546051 89.8741989135742
-973 0 0 1.72388994693756 89.9718017578125
-974 0 0 1.72643995285034 90.0692977905273
-975 0 0 1.7289799451828 90.1668014526367
-976 0 0 1.73152995109558 90.2642974853516
-977 0 0 1.73408997058868 90.3618011474609
-978 0 0 1.73664999008179 90.4592971801758
-979 0 0 1.73921000957489 90.5568008422852
-980 0 0 1.74177002906799 90.654296875
-981 0 0 1.74433994293213 90.7518005371094
-982 0 0 1.74690997600555 90.8492965698242
-983 0 0 1.74948000907898 90.9468002319336
-984 0 0 1.75206005573273 91.0442962646484
-985 0 0 1.75463998317719 91.1417999267578
-986 0 0 1.75722002983093 91.2393035888672
-987 0 0 1.75980997085571 91.336799621582
-988 0 0 1.76240003108978 91.4343032836914
-989 0 0 1.76498997211456 91.5317993164063
-990 0 0 1.76759004592896 91.6292037963867
-991 0 0 1.77019000053406 91.7266998291016
-992 0 0 1.77278995513916 91.8242034912109
-993 0 0 1.77540004253387 91.9216995239258
-994 0 0 1.7780100107193 92.0190963745117
-995 0 0 1.78061997890472 92.1166000366211
-996 0 0 1.78323996067047 92.2141036987305
-997 0 0 1.78585994243622 92.3115997314453
-998 0 0 1.78849005699158 92.4089965820313
-999 0 0 1.79111003875732 92.5065002441406
-1000 23 9 1.79374003410339 92.6039962768555
