-1000 43 9 -5.27473020553589 -15.1232004165649
-999 0 0 -5.26937007904053 -15.1212997436523
-998 0 0 -5.26400995254517 -15.1192998886108
-997 0 0 -5.2586498260498 -15.1173000335693
-996 0 0 -5.2532901763916 -15.1153001785278
-995 0 0 -5.24792003631592 -15.1133003234863
-994 0 0 -5.24255990982056 -15.1113004684448
-993 0 0 -5.2371997833252 -15.109299659729
-992 0 0 -5.23183012008667 -15.1072998046875
-991 0 0 -5.22646999359131 -15.105299949646
-990 0 0 -5.22109985351563 -15.1033000946045
-989 0 0 -5.21574020385742 -15.101300239563
-988 0 0 -5.21037006378174 -15.0992002487183
-987 0 0 -5.20499992370605 -15.0972003936768
-986 0 0 -5.19962978363037 -15.0951995849609
-985 0 0 -5.19426012039185 -15.0930995941162
-984 0 0 -5.18888998031616 -15.0910997390747
-983 0 0 -5.18351984024048 -15.08899974823
-982 0 0 -5.17815017700195 -15.0869998931885
-981 0 0 -5.17278003692627 -15.0848999023438
-980 0 0 -5.16739988327026 -15.0829000473022
-979 0 0 -5.16203022003174 -15.0808000564575
-978 0 0 -5.15665006637573 -15.0787000656128
-977 0 0 -5.15127992630005 -15.0766000747681
-976 0 0 -5.14589977264404 -15.0746002197266
-975 0 0 -5.1405200958252 -15.0725002288818
-974 0 0 -5.13514995574951 -15.0704002380371
-973 0 0 -5.12976980209351 -15.0683002471924
-972 0 0 -5.12439012527466 -15.0662002563477
-971 0 0 -5.11900997161865 -15.0641002655029
-970 0 0 -5.11362981796265 -15.0620002746582
-969 0 0 -5.1082501411438 -15.0598001480103
-968 0 0 -5.10285997390747 -15.0577001571655
-967 0 0 -5.09747982025146 -15.0556001663208
-966 0 0 -5.09209012985229 -15.0535001754761
-965 0 0 -5.08670997619629 -15.0513000488281
-964 0 0 -5.08131980895996 -15.0492000579834
-963 0 0 -5.07594013214111 -15.0469999313354
-962 0 0 -5.07054996490479 -15.0448999404907
-961 0 0 -5.06515979766846 -15.0426998138428
-960 0 0 -5.05977010726929 -15.040599822998
-959 0 0 -5.05437994003296 -15.0383996963501
-958 0 0 -5.04898977279663 -15.0361995697021
-957 0 0 -5.04360008239746 -15.0340995788574
-956 0 0 -5.03820991516113 -15.0319004058838
-955 0 0 -5.03282022476196 -15.0297002792358
-954 0 0 -5.02742004394531 -15.0275001525879
-953 0 0 -5.02202987670898 -15.0253000259399
-952 0 0 -5.01663017272949 -15.023099899292
-951 0 0 -5.01124000549316 -15.020899772644
-950 42 4 -5.00583982467651 -15.0186996459961
-949 0 0 -5.00044012069702 -15.0165004730225
-948 0 0 -4.99504995346069 -15.0143003463745
-947 0 0 -4.98964977264404 -15.0120000839233
-946 0 0 -4.98425006866455 -15.0097999572754
-945 0 0 -4.9788498878479 -15.0075998306274
-944 0 0 -4.97345018386841 -15.0052995681763
-943 0 0 -4.96803998947144 -15.0031003952026
-942 0 0 -4.96263980865479 -15.0008001327515
-941 0 0 -4.95724010467529 -14.9986000061035
-940 0 0 -4.95182991027832 -14.9962997436523
-939 0 0 -4.94643020629883 -14.9940004348755
-938 0 0 -4.94102001190186 -14.9917001724243
-937 0 0 -4.93560981750488 -14.9895000457764
-936 0 0 -4.93021011352539 -14.9871997833252
-935 0 0 -4.92479991912842 -14.9849004745483
-934 0 0 -4.9193902015686 -14.9826002120972
-933 0 0 -4.91398000717163 -14.980299949646
-932 0 0 -4.90856981277466 -14.9779996871948
-931 0 0 -4.90315008163452 -14.975700378418
-930 0 0 -4.89773988723755 -14.9732999801636
-929 0 0 -4.89233016967773 -14.9709997177124
-928 0 0 -4.88690996170044 -14.9687004089355
-927 0 0 -4.88149976730347 -14.9664001464844
-926 0 0 -4.87608003616333 -14.96399974823
-925 0 0 -4.87066984176636 -14.9617004394531
-924 0 0 -4.86525011062622 -14.9593000411987
-923 0 0 -4.85982990264893 -14.9569997787476
-922 0 0 -4.85441017150879 -14.9546003341675
-921 0 0 -4.84898996353149 -14.9521999359131
-920 0 0 -4.84357023239136 -14.9497995376587
-919 0 0 -4.83815002441406 -14.9475002288818
-918 0 0 -4.83272981643677 -14.9450998306274
-917 0 0 -4.82730007171631 -14.9427003860474
-916 0 0 -4.82187986373901 -14.940299987793
-915 0 0 -4.81646013259888 -14.9378995895386
-914 0 0 -4.81102991104126 -14.9355001449585
-913 0 0 -4.8056001663208 -14.9329996109009
-912 0 0 -4.80017995834351 -14.9306001663208
-911 0 0 -4.79475021362305 -14.9281997680664
-910 0 0 -4.78931999206543 -14.9258003234863
-909 0 0 -4.78388977050781 -14.9232997894287
-908 0 0 -4.77846002578735 -14.9209003448486
-907 0 0 -4.77302980422974 -14.918399810791
-906 0 0 -4.76760005950928 -14.9160003662109
-905 0 0 -4.76215982437134 -14.9134998321533
-904 0 0 -4.75673007965088 -14.91100025177
-903 0 0 -4.75128984451294 -14.9084997177124
-902 0 0 -4.74586009979248 -14.9061002731323
-901 0 0 -4.74041986465454 -14.9035997390747
-900 41 4 -4.73499011993408 -14.9011001586914
-899 0 0 -4.72954988479614 -14.8985996246338
-898 0 0 -4.72411012649536 -14.8961000442505
-897 0 0 -4.71866989135742 -14.893500328064
-896 0 0 -4.71323013305664 -14.8909997940063
-895 0 0 -4.7077898979187 -14.888500213623
-894 0 0 -4.70235013961792 -14.8859996795654
-893 0 0 -4.69689989089966 -14.8833999633789
-892 0 0 -4.69146013259888 -14.8809003829956
-891 0 0 -4.68600988388062 -14.8782997131348
-890 0 0 -4.68057012557983 -14.8756999969482
-889 0 0 -4.67511987686157 -14.8732004165649
-888 0 0 -4.66968011856079 -14.8705997467041
-887 0 0 -4.66422986984253 -14.8680000305176
-886 0 0 -4.65878009796143 -14.8654003143311
-885 0 0 -4.65332984924316 -14.8627996444702
-884 0 0 -4.64788007736206 -14.8601999282837
-883 0 0 -4.6424298286438 -14.8576002120972
-882 0 0 -4.63697004318237 -14.8549995422363
-881 0 0 -4.63151979446411 -14.8523998260498
-880 0 0 -4.62607002258301 -14.8498001098633
-879 0 0 -4.62061023712158 -14.8471002578735
-878 0 0 -4.61515998840332 -14.8444995880127
-877 0 0 -4.60970020294189 -14.8418998718262
-876 0 0 -4.60423994064331 -14.8392000198364
-875 0 0 -4.59878015518188 -14.8365001678467
-874 0 0 -4.59332990646362 -14.8339004516602
-873 0 0 -4.5878701210022 -14.8311996459961
-872 0 0 -4.58239984512329 -14.8284997940063
-871 0 0 -4.57694005966187 -14.8257999420166
-870 0 0 -4.57147979736328 -14.8231000900269
-869 0 0 -4.56602001190186 -14.8204002380371
-868 0 0 -4.56055021286011 -14.8177003860474
-867 0 0 -4.55508995056152 -14.8149995803833
-866 0 0 -4.54962015151978 -14.8122997283936
-865 0 0 -4.54414987564087 -14.8094997406006
-864 0 0 -4.53869009017944 -14.8067998886108
-863 0 0 -4.53321981430054 -14.8041000366211
-862 0 0 -4.52775001525879 -14.8013000488281
-861 0 0 -4.52228021621704 -14.7986001968384
-860 0 0 -4.51680994033813 -14.7958002090454
-859 0 0 -4.51133012771606 -14.7930002212524
-858 0 0 -4.50585985183716 -14.7902002334595
-857 0 0 -4.50039005279541 -14.7874002456665
-856 0 0 -4.49490976333618 -14.7846002578735
-855 0 0 -4.48943996429443 -14.7818002700806
-854 0 0 -4.48396015167236 -14.7790002822876
-853 0 0 -4.47847986221313 -14.7762002944946
-852 0 0 -4.47300004959106 -14.7734003067017
-851 0 0 -4.46752977371216 -14.7705001831055
-850 40 4 -4.46204996109009 -14.7677001953125
-849 0 0 -4.4565601348877 -14.7649002075195
-848 0 0 -4.45107984542847 -14.7620000839233
-847 0 0 -4.4456000328064 -14.7590999603271
-846 0 0 -4.44012022018433 -14.7562999725342
-845 0 0 -4.43462991714478 -14.753399848938
-844 0 0 -4.42915010452271 -14.7504997253418
-843 0 0 -4.42365980148315 -14.7475996017456
-842 0 0 -4.41816997528076 -14.7447004318237
-841 0 0 -4.41268014907837 -14.7418003082275
-840 0 0 -4.40719985961914 -14.7389001846313
-839 0 0 -4.40171003341675 -14.7358999252319
-838 0 0 -4.39621019363403 -14.7329998016357
-837 0 0 -4.39071989059448 -14.7300996780396
-836 0 0 -4.38523006439209 -14.7271003723145
-835 0 0 -4.3797402381897 -14.724100112915
-834 0 0 -4.37423992156982 -14.7211999893188
-833 0 0 -4.36875009536743 -14.7181997299194
-832 0 0 -4.36324977874756 -14.7152004241943
-831 0 0 -4.35774993896484 -14.7122001647949
-830 0 0 -4.35226011276245 -14.7091999053955
-829 0 0 -4.34675979614258 -14.7061996459961
-828 0 0 -4.34125995635986 -14.703200340271
-827 0 0 -4.33576011657715 -14.7002000808716
-826 0 0 -4.33024978637695 -14.6970996856689
-825 0 0 -4.32474994659424 -14.6941003799438
-824 0 0 -4.31925010681152 -14.6911001205444
-823 0 0 -4.31373977661133 -14.6879997253418
-822 0 0 -4.30823993682861 -14.6849002838135
-821 0 0 -4.30273008346558 -14.6817998886108
-820 0 0 -4.29722023010254 -14.6787996292114
-819 0 0 -4.29170989990234 -14.6757001876831
-818 0 0 -4.28621006011963 -14.6725997924805
-817 0 0 -4.28070020675659 -14.6695003509521
-816 0 0 -4.27517986297607 -14.6662998199463
-815 0 0 -4.26967000961304 -14.663200378418
-814 0 0 -4.26416015625 -14.6600999832153
-813 0 0 -4.2586498260498 -14.6569004058838
-812 0 0 -4.25312995910645 -14.6538000106812
-811 0 0 -4.24761009216309 -14.6506004333496
-810 0 0 -4.24209976196289 -14.6473999023438
-809 0 0 -4.23657989501953 -14.6443004608154
-808 0 0 -4.23106002807617 -14.6410999298096
-807 0 0 -4.22554016113281 -14.637900352478
-806 0 0 -4.22001981735229 -14.6346998214722
-805 0 0 -4.21449995040894 -14.6314001083374
-804 0 0 -4.20898008346558 -14.6281995773315
-803 0 0 -4.20345020294189 -14.625
-802 0 0 -4.19792985916138 -14.6217002868652
-801 0 0 -4.1923999786377 -14.6184997558594
-800 39 4 -4.18688011169434 -14.6152000427246
-799 0 0 -4.18135023117065 -14.6119003295898
-798 0 0 -4.17581987380981 -14.608699798584
-797 0 0 -4.17028999328613 -14.6054000854492
-796 0 0 -4.16476011276245 -14.6021003723145
-795 0 0 -4.15923023223877 -14.5987997055054
-794 0 0 -4.15369987487793 -14.5953998565674
-793 0 0 -4.14816999435425 -14.5921001434326
-792 0 0 -4.14263010025024 -14.5888004302979
-791 0 0 -4.13710021972656 -14.5853996276855
-790 0 0 -4.1315598487854 -14.5820999145508
-789 0 0 -4.1260199546814 -14.5787000656128
-788 0 0 -4.12049007415771 -14.5753002166748
-787 0 0 -4.11495018005371 -14.5719003677368
-786 0 0 -4.10940980911255 -14.5684995651245
-785 0 0 -4.10386991500854 -14.5650997161865
-784 0 0 -4.09833002090454 -14.5616998672485
-783 0 0 -4.09278011322021 -14.5583000183105
-782 0 0 -4.08724021911621 -14.5548000335693
-781 0 0 -4.08168983459473 -14.5514001846313
-780 0 0 -4.07614994049072 -14.5479001998901
-779 0 0 -4.0706000328064 -14.5444002151489
-778 0 0 -4.06505012512207 -14.5410003662109
-777 0 0 -4.05950021743774 -14.5375003814697
-776 0 0 -4.05394983291626 -14.5340003967285
-775 0 0 -4.04839992523193 -14.5305004119873
-774 0 0 -4.04285001754761 -14.5269002914429
-773 0 0 -4.03730010986328 -14.5234003067017
-772 0 0 -4.03174018859863 -14.5199003219604
-771 0 0 -4.02618980407715 -14.516300201416
-770 0 0 -4.0206298828125 -14.5127000808716
-769 0 0 -4.01507997512817 -14.5092000961304
-768 0 0 -4.00952005386353 -14.5055999755859
-767 0 0 -4.00396013259888 -14.5019998550415
-766 0 0 -3.99839997291565 -14.4983997344971
-765 0 0 -3.992840051651 -14.4947996139526
-764 0 0 -3.98727989196777 -14.4911003112793
-763 0 0 -3.9817099571228 -14.4875001907349
-762 0 0 -3.97615003585815 -14.4837999343872
-761 0 0 -3.97058010101318 -14.4801998138428
-760 0 0 -3.96501994132996 -14.4764995574951
-759 0 0 -3.95945000648499 -14.4728002548218
-758 0 0 -3.95388007164001 -14.4690999984741
-757 0 0 -3.94830989837646 -14.4653997421265
-756 0 0 -3.94273996353149 -14.4617004394531
-755 0 0 -3.93717002868652 -14.4580001831055
-754 0 0 -3.93160009384155 -14.4541997909546
-753 0 0 -3.92601990699768 -14.4504995346069
-752 0 0 -3.92044997215271 -14.4467000961304
-751 0 0 -3.91487002372742 -14.4428997039795
-750 38 4 -3.90930008888245 -14.4391002655029
-749 0 0 -3.90371990203857 -14.4352998733521
-748 0 0 -3.89813995361328 -14.4315004348755
-747 0 0 -3.89256000518799 -14.4277000427246
-746 0 0 -3.8869800567627 -14.4238996505737
-745 0 0 -3.8814001083374 -14.4200000762939
-744 0 0 -3.87581992149353 -14.4161996841431
-743 0 0 -3.87022995948792 -14.4123001098633
-742 0 0 -3.86465001106262 -14.4083995819092
-741 0 0 -3.85906004905701 -14.4045000076294
-740 0 0 -3.85347008705139 -14.4006004333496
-739 0 0 -3.8478798866272 -14.3966999053955
-738 0 0 -3.84228992462158 -14.3928003311157
-737 0 0 -3.83669996261597 -14.3887996673584
-736 0 0 -3.83111000061035 -14.3849000930786
-735 0 0 -3.82552003860474 -14.3809003829956
-734 0 0 -3.8199200630188 -14.3768997192383
-733 0 0 -3.81433010101318 -14.3729000091553
-732 0 0 -3.80872988700867 -14.3689002990723
-731 0 0 -3.80313992500305 -14.3648996353149
-730 0 0 -3.79753994941711 -14.3607997894287
-729 0 0 -3.79193997383118 -14.3568000793457
-728 0 0 -3.78633999824524 -14.3527002334595
-727 0 0 -3.7807400226593 -14.3486995697021
-726 0 0 -3.77513003349304 -14.3445997238159
-725 0 0 -3.7695300579071 -14.3404998779297
-724 0 0 -3.76392006874084 -14.3364000320435
-723 0 0 -3.75832009315491 -14.332200050354
-722 0 0 -3.75271010398865 -14.3281002044678
-721 0 0 -3.74710011482239 -14.3239002227783
-720 0 0 -3.74148988723755 -14.3198003768921
-719 0 0 -3.73587989807129 -14.3156003952026
-718 0 0 -3.73026990890503 -14.3114004135132
-717 0 0 -3.72465991973877 -14.3072004318237
-716 0 0 -3.71903991699219 -14.3030004501343
-715 0 0 -3.71342992782593 -14.2987003326416
-714 0 0 -3.70780992507935 -14.2945003509521
-713 0 0 -3.70218992233276 -14.2902002334595
-712 0 0 -3.6965799331665 -14.28600025177
-711 0 0 -3.69095993041992 -14.2817001342773
-710 0 0 -3.68532991409302 -14.2774000167847
-709 0 0 -3.67970991134644 -14.2729997634888
-708 0 0 -3.67408990859985 -14.2686996459961
-707 0 0 -3.66845989227295 -14.2643995285034
-706 0 0 -3.66283988952637 -14.2600002288818
-705 0 0 -3.65721011161804 -14.2555999755859
-704 0 0 -3.65158009529114 -14.25119972229
-703 0 0 -3.64595007896423 -14.2468004226685
-702 0 0 -3.64032006263733 -14.2424001693726
-701 0 0 -3.63469004631042 -14.2379999160767
-700 37 4 -3.62906002998352 -14.2334995269775
-699 0 0 -3.62343001365662 -14.229100227356
-698 0 0 -3.61778998374939 -14.2245998382568
-697 0 0 -3.61214995384216 -14.220100402832
-696 0 0 -3.60651993751526 -14.2156000137329
-695 0 0 -3.60087990760803 -14.2110004425049
-694 0 0 -3.59524011611938 -14.2065000534058
-693 0 0 -3.58960008621216 -14.2018995285034
-692 0 0 -3.58395004272461 -14.1974000930786
-691 0 0 -3.57831001281738 -14.1927995681763
-690 0 0 -3.57266998291016 -14.1881999969482
-689 0 0 -3.56701993942261 -14.1836004257202
-688 0 0 -3.56136989593506 -14.1788997650146
-687 0 0 -3.55572009086609 -14.1743001937866
-686 0 0 -3.55007004737854 -14.1695995330811
-685 0 0 -3.54442000389099 -14.1648998260498
-684 0 0 -3.53876996040344 -14.1602001190186
-683 0 0 -3.53311991691589 -14.1555004119873
-682 0 0 -3.5274600982666 -14.1507997512817
-681 0 0 -3.52181005477905 -14.1459999084473
-680 0 0 -3.51614999771118 -14.141300201416
-679 0 0 -3.51048994064331 -14.1365003585815
-678 0 0 -3.50482988357544 -14.1316995620728
-677 0 0 -3.49917006492615 -14.1268997192383
-676 0 0 -3.49351000785828 -14.1219997406006
-675 0 0 -3.48783993721008 -14.1171998977661
-674 0 0 -3.48218011856079 -14.1122999191284
-673 0 0 -3.4765100479126 -14.1073999404907
-672 0 0 -3.47084999084473 -14.102499961853
-671 0 0 -3.46517992019653 -14.0975999832153
-670 0 0 -3.45951008796692 -14.0927000045776
-669 0 0 -3.45384001731873 -14.0876998901367
-668 0 0 -3.44815993309021 -14.0826997756958
-667 0 0 -3.4424901008606 -14.0777997970581
-666 0 0 -3.43681001663208 -14.0727996826172
-665 0 0 -3.43113994598389 -14.0677003860474
-664 0 0 -3.42546010017395 -14.0627002716064
-663 0 0 -3.41978001594543 -14.0576000213623
-662 0 0 -3.41409993171692 -14.0525999069214
-661 0 0 -3.40842008590698 -14.0474996566772
-660 0 0 -3.40272998809814 -14.0423002243042
-659 0 0 -3.39704990386963 -14.0371999740601
-658 0 0 -3.39136004447937 -14.0320997238159
-657 0 0 -3.38567996025085 -14.0269002914429
-656 0 0 -3.3799901008606 -14.0216999053955
-655 0 0 -3.37430000305176 -14.0165004730225
-654 0 0 -3.36860990524292 -14.0113000869751
-653 0 0 -3.36291003227234 -14.0059995651245
-652 0 0 -3.3572199344635 -14.0006999969482
-651 0 0 -3.35153007507324 -13.9954996109009
-650 36 4 -3.34582996368408 -13.9902000427246
-649 0 0 -3.3401300907135 -13.9848003387451
-648 0 0 -3.33442997932434 -13.9794998168945
-647 0 0 -3.32873010635376 -13.974100112915
-646 0 0 -3.3230299949646 -13.9687004089355
-645 0 0 -3.3173201084137 -13.9632997512817
-644 0 0 -3.31161999702454 -13.9579000473022
-643 0 0 -3.30591011047363 -13.9525003433228
-642 0 0 -3.30020999908447 -13.9469995498657
-641 0 0 -3.29450011253357 -13.941499710083
-640 0 0 -3.28878998756409 -13.9359998703003
-639 0 0 -3.28307008743286 -13.9305000305176
-638 0 0 -3.27735996246338 -13.9249000549316
-637 0 0 -3.27164006233215 -13.9194002151489
-636 0 0 -3.26592993736267 -13.913800239563
-635 0 0 -3.26021003723145 -13.9082002639771
-634 0 0 -3.25448989868164 -13.9025001525879
-633 0 0 -3.24876999855042 -13.896900177002
-632 0 0 -3.24305009841919 -13.8912000656128
-631 0 0 -3.23731994628906 -13.8854999542236
-630 0 0 -3.23160004615784 -13.8797998428345
-629 0 0 -3.22586989402771 -13.8740997314453
-628 0 0 -3.22013998031616 -13.8683004379272
-627 0 0 -3.21442008018494 -13.8625001907349
-626 0 0 -3.20867991447449 -13.8566999435425
-625 0 0 -3.20295000076294 -13.8508996963501
-624 0 0 -3.19722008705139 -13.8450002670288
-623 0 0 -3.19147992134094 -13.8392000198364
-622 0 0 -3.18573999404907 -13.8332996368408
-621 0 0 -3.18001008033752 -13.8274002075195
-620 0 0 -3.17426991462708 -13.8213996887207
-619 0 0 -3.16851997375488 -13.8154001235962
-618 0 0 -3.16278004646301 -13.8094997406006
-617 0 0 -3.15704011917114 -13.8034000396729
-616 0 0 -3.15128993988037 -13.7974004745483
-615 0 0 -3.14553999900818 -13.7912998199463
-614 0 0 -3.13979005813599 -13.7853002548218
-613 0 0 -3.13404011726379 -13.7791996002197
-612 0 0 -3.12828993797302 -13.7729997634888
-611 0 0 -3.12253999710083 -13.766900062561
-610 0 0 -3.11678004264832 -13.7607002258301
-609 0 0 -3.1110200881958 -13.7545003890991
-608 0 0 -3.10525989532471 -13.7482995986938
-607 0 0 -3.09949994087219 -13.7419996261597
-606 0 0 -3.09373998641968 -13.7356996536255
-605 0 0 -3.08798003196716 -13.7293996810913
-604 0 0 -3.08221006393433 -13.7230997085571
-603 0 0 -3.07645010948181 -13.7166996002197
-602 0 0 -3.0706799030304 -13.7103996276855
-601 0 0 -3.06490993499756 -13.7039003372192
-600 35 4 -3.05913996696472 -13.6975002288818
-599 0 0 -3.05335998535156 -13.6911001205444
-598 0 0 -3.04759001731873 -13.6845998764038
-597 0 0 -3.04181003570557 -13.6780996322632
-596 0 0 -3.03603005409241 -13.6715002059937
-595 0 0 -3.03025007247925 -13.664999961853
-594 0 0 -3.02447009086609 -13.6583995819092
-593 0 0 -3.01869010925293 -13.6517000198364
-592 0 0 -3.01290011405945 -13.6450996398926
-591 0 0 -3.00711989402771 -13.6384000778198
-590 0 0 -3.00132989883423 -13.6316995620728
-589 0 0 -2.99553990364075 -13.625
-588 0 0 -2.98973989486694 -13.618200302124
-587 0 0 -2.98394989967346 -13.6113996505737
-586 0 0 -2.97815990447998 -13.6045999526978
-585 0 0 -2.97235989570618 -13.5978002548218
-584 0 0 -2.96655988693237 -13.5909004211426
-583 0 0 -2.96076011657715 -13.5839996337891
-582 0 0 -2.95496010780334 -13.5770998001099
-581 0 0 -2.94915008544922 -13.5700998306274
-580 0 0 -2.94335007667542 -13.563099861145
-579 0 0 -2.93754005432129 -13.5560998916626
-578 0 0 -2.93173003196716 -13.5490999221802
-577 0 0 -2.92592000961304 -13.5419998168945
-576 0 0 -2.92009997367859 -13.5348997116089
-575 0 0 -2.91428995132446 -13.5277996063232
-574 0 0 -2.90846991539001 -13.5206003189087
-573 0 0 -2.90265011787415 -13.5134000778198
-572 0 0 -2.8968300819397 -13.506199836731
-571 0 0 -2.89101004600525 -13.4989004135132
-570 0 0 -2.8851900100708 -13.4916000366211
-569 0 0 -2.87935996055603 -13.484299659729
-568 0 0 -2.87352991104126 -13.476900100708
-567 0 0 -2.86770009994507 -13.4694995880127
-566 0 0 -2.8618700504303 -13.4621000289917
-565 0 0 -2.85604000091553 -13.4547004699707
-564 0 0 -2.85019993782043 -13.4471998214722
-563 0 0 -2.84436011314392 -13.4397001266479
-562 0 0 -2.83853006362915 -13.4321002960205
-561 0 0 -2.83267998695374 -13.4245004653931
-560 0 0 -2.82683992385864 -13.4168996810913
-559 0 0 -2.82100009918213 -13.4091997146606
-558 0 0 -2.81515002250671 -13.4015998840332
-557 0 0 -2.8092999458313 -13.3937997817993
-556 0 0 -2.80345010757446 -13.3860998153687
-555 0 0 -2.79759001731873 -13.3782997131348
-554 0 0 -2.79173994064331 -13.3704996109009
-553 0 0 -2.78588008880615 -13.3626003265381
-552 0 0 -2.78001999855042 -13.354700088501
-551 0 0 -2.77415990829468 -13.3467998504639
-550 34 4 -2.76830005645752 -13.3388004302979
-549 0 0 -2.76242995262146 -13.3308000564575
-548 0 0 -2.7565701007843 -13.3227996826172
-547 0 0 -2.75069999694824 -13.3147001266479
-546 0 0 -2.74482011795044 -13.3065996170044
-545 0 0 -2.73895001411438 -13.2983999252319
-544 0 0 -2.73307991027832 -13.2902002334595
-543 0 0 -2.72720003128052 -13.2819995880127
-542 0 0 -2.72131991386414 -13.2737998962402
-541 0 0 -2.71544003486633 -13.2655000686646
-540 0 0 -2.70954990386963 -13.2571001052856
-539 0 0 -2.7036600112915 -13.2487001419067
-538 0 0 -2.69777989387512 -13.2403001785278
-537 0 0 -2.691890001297 -13.2319002151489
-536 0 0 -2.68599009513855 -13.2234001159668
-535 0 0 -2.68009996414185 -13.2147998809814
-534 0 0 -2.6742000579834 -13.2062997817993
-533 0 0 -2.66829991340637 -13.1976003646851
-532 0 0 -2.66240000724792 -13.1890001296997
-531 0 0 -2.65649008750916 -13.1802997589111
-530 0 0 -2.65058994293213 -13.1715002059937
-529 0 0 -2.64468002319336 -13.1627998352051
-528 0 0 -2.63877010345459 -13.1539001464844
-527 0 0 -2.63284993171692 -13.1450996398926
-526 0 0 -2.62694001197815 -13.1361999511719
-525 0 0 -2.62102007865906 -13.1272001266479
-524 0 0 -2.61509990692139 -13.118200302124
-523 0 0 -2.60917997360229 -13.1091995239258
-522 0 0 -2.60325002670288 -13.1000995635986
-521 0 0 -2.59733009338379 -13.0909996032715
-520 0 0 -2.5913999080658 -13.0818004608154
-519 0 0 -2.58545994758606 -13.0726003646851
-518 0 0 -2.57953000068665 -13.0633001327515
-517 0 0 -2.57359004020691 -13.0539999008179
-516 0 0 -2.56765007972717 -13.0446996688843
-515 0 0 -2.56170988082886 -13.0353002548218
-514 0 0 -2.55576992034912 -13.025899887085
-513 0 0 -2.54981994628906 -13.0164003372192
-512 0 0 -2.543869972229 -13.006799697876
-511 0 0 -2.53791999816895 -12.9973001480103
-510 0 0 -2.53197002410889 -12.9876003265381
-509 0 0 -2.52601003646851 -12.9778995513916
-508 0 0 -2.52005004882813 -12.9681997299194
-507 0 0 -2.51409006118774 -12.958399772644
-506 0 0 -2.50812005996704 -12.9485998153687
-505 0 0 -2.50216007232666 -12.93869972229
-504 0 0 -2.49619007110596 -12.9287996292114
-503 0 0 -2.49021005630493 -12.9188003540039
-502 0 0 -2.48424005508423 -12.9088001251221
-501 0 0 -2.4782600402832 -12.898699760437
-500 33 4 -2.47228002548218 -12.8886003494263
-499 0 0 -2.46630001068115 -12.878399848938
-498 0 0 -2.4603099822998 -12.868200302124
-497 0 0 -2.45431995391846 -12.8578996658325
-496 0 0 -2.44832992553711 -12.8475999832153
-495 0 0 -2.44233989715576 -12.8372001647949
-494 0 0 -2.43634009361267 -12.8267002105713
-493 0 0 -2.430340051651 -12.8162002563477
-492 0 0 -2.42434000968933 -12.805700302124
-491 0 0 -2.41832995414734 -12.7951002120972
-490 0 0 -2.41232991218567 -12.7843999862671
-489 0 0 -2.40631008148193 -12.773699760437
-488 0 0 -2.40030002593994 -12.762900352478
-487 0 0 -2.39427995681763 -12.7520999908447
-486 0 0 -2.38825988769531 -12.7412004470825
-485 0 0 -2.38224005699158 -12.7301998138428
-484 0 0 -2.37621998786926 -12.7192001342773
-483 0 0 -2.37018990516663 -12.7082004547119
-482 0 0 -2.36416006088257 -12.6969995498657
-481 0 0 -2.35811996459961 -12.6857995986938
-480 0 0 -2.35208010673523 -12.674599647522
-479 0 0 -2.34604001045227 -12.6632995605469
-478 0 0 -2.33999991416931 -12.6519002914429
-477 0 0 -2.33395004272461 -12.6405000686646
-476 0 0 -2.32789993286133 -12.628999710083
-475 0 0 -2.32185006141663 -12.6174001693726
-474 0 0 -2.31578993797302 -12.6057996749878
-473 0 0 -2.309730052948 -12.5940999984741
-472 0 0 -2.30366992950439 -12.5824003219604
-471 0 0 -2.29760003089905 -12.5705995559692
-470 0 0 -2.29153990745544 -12.5586996078491
-469 0 0 -2.28545999526978 -12.546799659729
-468 0 0 -2.27939009666443 -12.5347995758057
-467 0 0 -2.27330994606018 -12.5227003097534
-466 0 0 -2.26723003387451 -12.5104999542236
-465 0 0 -2.26114010810852 -12.4982995986938
-464 0 0 -2.25504994392395 -12.4860000610352
-463 0 0 -2.24896001815796 -12.4736995697021
-462 0 0 -2.24286007881165 -12.4612998962402
-461 0 0 -2.23675990104675 -12.4488000869751
-460 0 0 -2.23065996170044 -12.4362001419067
-459 0 0 -2.2245500087738 -12.4236001968384
-458 0 0 -2.21844005584717 -12.4109001159668
-457 0 0 -2.21233010292053 -12.398099899292
-456 0 0 -2.206209897995 -12.385199546814
-455 0 0 -2.20008993148804 -12.3723001480103
-454 0 0 -2.19396996498108 -12.359299659729
-453 0 0 -2.1878399848938 -12.3461999893188
-452 0 0 -2.18171000480652 -12.3331003189087
-451 0 0 -2.17557001113892 -12.319899559021
-450 32 4 -2.16943001747131 -12.3065004348755
-449 0 0 -2.16329002380371 -12.2931995391846
-448 0 0 -2.15714001655579 -12.2797002792358
-447 0 0 -2.15099000930786 -12.2662000656128
-446 0 0 -2.14484000205994 -12.2524995803833
-445 0 0 -2.13867998123169 -12.2388000488281
-444 0 0 -2.13251996040344 -12.2250003814697
-443 0 0 -2.12634992599487 -12.211199760437
-442 0 0 -2.1201798915863 -12.1971998214722
-441 0 0 -2.11401009559631 -12.1831998825073
-440 0 0 -2.10783004760742 -12.1690998077393
-439 0 0 -2.10164999961853 -12.1548004150391
-438 0 0 -2.09545993804932 -12.1406002044678
-437 0 0 -2.08927011489868 -12.12619972229
-436 0 0 -2.08308005332947 -12.1117000579834
-435 0 0 -2.07687997817993 -12.0971002578735
-434 0 0 -2.0706799030304 -12.0825004577637
-433 0 0 -2.06447005271912 -12.0677995681763
-432 0 0 -2.05825996398926 -12.0529003143311
-431 0 0 -2.05204010009766 -12.0380001068115
-430 0 0 -2.04581999778748 -12.0229997634888
-429 0 0 -2.03959989547729 -12.0079002380371
-428 0 0 -2.03337001800537 -11.9926996231079
-427 0 0 -2.02712988853455 -11.9773998260498
-426 0 0 -2.02090001106262 -11.9619998931885
-425 0 0 -2.01465010643005 -11.9464998245239
-424 0 0 -2.00840997695923 -11.9308996200562
-423 0 0 -2.00215005874634 -11.9153003692627
-422 0 0 -1.99590003490448 -11.8994998931885
-421 0 0 -1.9896399974823 -11.8836002349854
-420 0 0 -1.9833699464798 -11.867600440979
-419 0 0 -1.97710001468658 -11.8514995574951
-418 0 0 -1.97082996368408 -11.8353004455566
-417 0 0 -1.96455001831055 -11.8190002441406
-416 0 0 -1.95826005935669 -11.8025999069214
-415 0 0 -1.95196998119354 -11.7861003875732
-414 0 0 -1.94568002223969 -11.7694997787476
-413 0 0 -1.93938004970551 -11.7526998519897
-412 0 0 -1.93306994438171 -11.7358999252319
-411 0 0 -1.92675995826721 -11.7189998626709
-410 0 0 -1.92043995857239 -11.7018995285034
-409 0 0 -1.91411995887756 -11.684700012207
-408 0 0 -1.90779995918274 -11.6674003601074
-407 0 0 -1.90146994590759 -11.6499996185303
-406 0 0 -1.89513003826141 -11.6324996948242
-405 0 0 -1.88879001140594 -11.6148996353149
-404 0 0 -1.88243997097015 -11.5971002578735
-403 0 0 -1.87609004974365 -11.5791997909546
-402 0 0 -1.86972999572754 -11.5612001419067
-401 0 0 -1.86336994171143 -11.5431003570557
-400 31 4 -1.85699999332428 -11.5249004364014
-399 0 0 -1.85062003135681 -11.5065002441406
-398 0 0 -1.84423995018005 -11.4879999160767
-397 0 0 -1.83785998821259 -11.4694004058838
-396 0 0 -1.83147001266479 -11.4505996704102
-395 0 0 -1.82507002353668 -11.4317998886108
-394 0 0 -1.81866002082825 -11.4126996994019
-393 0 0 -1.81225001811981 -11.3936004638672
-392 0 0 -1.80584001541138 -11.3743000030518
-391 0 0 -1.79941999912262 -11.3549003601074
-390 0 0 -1.79298996925354 -11.3353996276855
-389 0 0 -1.78655004501343 -11.3156995773315
-388 0 0 -1.78011000156403 -11.2958002090454
-387 0 0 -1.77366995811462 -11.275899887085
-386 0 0 -1.76721000671387 -11.2558002471924
-385 0 0 -1.76075005531311 -11.2355003356934
-384 0 0 -1.75428998470306 -11.2151002883911
-383 0 0 -1.74782001972198 -11.1946001052856
-382 0 0 -1.74134004116058 -11.1738996505737
-381 0 0 -1.73485004901886 -11.1529998779297
-380 0 0 -1.72836005687714 -11.1319999694824
-379 0 0 -1.72186005115509 -11.1108999252319
-378 0 0 -1.71535003185272 -11.089599609375
-377 0 0 -1.70884001255035 -11.0680999755859
-376 0 0 -1.70231997966766 -11.0465002059937
-375 0 0 -1.69579005241394 -11.0247001647949
-374 0 0 -1.68926000595093 -11.002799987793
-373 0 0 -1.68271994590759 -10.9806995391846
-372 0 0 -1.67616999149323 -10.958399772644
-371 0 0 -1.66961002349854 -10.9359998703003
-370 0 0 -1.66305005550385 -10.9133996963501
-369 0 0 -1.65647995471954 -10.8906002044678
-368 0 0 -1.64989995956421 -10.8676996231079
-367 0 0 -1.64331996440887 -10.8445997238159
-366 0 0 -1.6367199420929 -10.8212995529175
-365 0 0 -1.63012003898621 -10.7978000640869
-364 0 0 -1.6235100030899 -10.7741003036499
-363 0 0 -1.6168999671936 -10.7503004074097
-362 0 0 -1.61027002334595 -10.726300239563
-361 0 0 -1.603639960289 -10.7020998001099
-360 0 0 -1.59700000286102 -10.6777000427246
-359 0 0 -1.59035003185272 -10.6532001495361
-358 0 0 -1.5836900472641 -10.628399848938
-357 0 0 -1.57702994346619 -10.6034002304077
-356 0 0 -1.57035005092621 -10.5783004760742
-355 0 0 -1.56367003917694 -10.5529003143311
-354 0 0 -1.55698001384735 -10.5274000167847
-353 0 0 -1.55027997493744 -10.5016002655029
-352 0 0 -1.54357004165649 -10.475700378418
-351 0 0 -1.53685998916626 -10.4495000839233
-350 30 4 -1.53013002872467 -10.4231004714966
-349 0 0 -1.52339005470276 -10.3965997695923
-348 0 0 -1.51664996147156 -10.3697996139526
-347 0 0 -1.50989997386932 -10.3428001403809
-346 0 0 -1.50313997268677 -10.3155002593994
-345 0 0 -1.49635994434357 -10.2881002426147
-344 0 0 -1.48958003520966 -10.2603998184204
-343 0 0 -1.48278999328613 -10.2325000762939
-342 0 0 -1.47599005699158 -10.204400062561
-341 0 0 -1.46917998790741 -10.1760997772217
-340 0 0 -1.46236002445221 -10.147500038147
-339 0 0 -1.45553004741669 -10.1187000274658
-338 0 0 -1.44869005680084 -10.089599609375
-337 0 0 -1.44184005260468 -10.0602998733521
-336 0 0 -1.43498003482819 -10.0307998657227
-335 0 0 -1.42811000347137 -10.0010004043579
-334 0 0 -1.42122995853424 -9.97097015380859
-333 0 0 -1.41434001922607 -9.94069004058838
-332 0 0 -1.4074399471283 -9.91016006469727
-331 0 0 -1.40052998065948 -9.87936973571777
-330 0 0 -1.39361000061035 -9.84832954406738
-329 0 0 -1.38666999340057 -9.81702995300293
-328 0 0 -1.3797299861908 -9.78546047210693
-327 0 0 -1.3727799654007 -9.75362014770508
-326 0 0 -1.36581003665924 -9.72152042388916
-325 0 0 -1.35882997512817 -9.68914031982422
-324 0 0 -1.35184001922607 -9.65649032592773
-323 0 0 -1.34484004974365 -9.62355995178223
-322 0 0 -1.33782994747162 -9.59035015106201
-321 0 0 -1.33080995082855 -9.55685997009277
-320 0 0 -1.32377004623413 -9.52307987213135
-319 0 0 -1.31673002243042 -9.48900985717773
-318 0 0 -1.30966997146606 -9.45464038848877
-317 0 0 -1.30260002613068 -9.41998958587646
-316 0 0 -1.29551994800568 -9.38502979278564
-315 0 0 -1.28841996192932 -9.34978008270264
-314 0 0 -1.28131997585297 -9.31420993804932
-313 0 0 -1.27419996261597 -9.27834987640381
-312 0 0 -1.26707005500793 -9.2421703338623
-311 0 0 -1.25992000102997 -9.20567989349365
-310 0 0 -1.252769947052 -9.168869972229
-309 0 0 -1.24559998512268 -9.13173961639404
-308 0 0 -1.23842000961304 -9.09428977966309
-307 0 0 -1.23122000694275 -9.05652046203613
-306 0 0 -1.22400999069214 -9.01842021942139
-305 0 0 -1.21678996086121 -8.97998046875
-304 0 0 -1.20956003665924 -8.9412202835083
-303 0 0 -1.20230996608734 -8.90211009979248
-302 0 0 -1.19505000114441 -8.86266994476318
-301 0 0 -1.18778002262115 -8.82287979125977
-300 29 4 -1.18049001693726 -8.78275012969971
-299 0 0 -1.17318999767303 -8.74227046966553
-298 0 0 -1.16587996482849 -8.70143985748291
-297 0 0 -1.15855002403259 -8.66024971008301
-296 0 0 -1.15120995044708 -8.61870956420898
-295 0 0 -1.14385998249054 -8.57680034637451
-294 0 0 -1.13648998737335 -8.5345401763916
-293 0 0 -1.12910997867584 -8.49190998077393
-292 0 0 -1.12170994281769 -8.44890975952148
-291 0 0 -1.1143000125885 -8.40554046630859
-290 0 0 -1.1068799495697 -8.36180019378662
-289 0 0 -1.09943997859955 -8.31768035888672
-288 0 0 -1.09198999404907 -8.27318000793457
-287 0 0 -1.08451998233795 -8.22830963134766
-286 0 0 -1.07703995704651 -8.18305015563965
-285 0 0 -1.06954002380371 -8.13741016387939
-284 0 0 -1.06203997135162 -8.09138965606689
-283 0 0 -1.05450999736786 -8.04496955871582
-282 0 0 -1.04698002338409 -7.99815988540649
-281 0 0 -1.03942000865936 -7.95097017288208
-280 0 0 -1.03185999393463 -7.90336990356445
-279 0 0 -1.02427995204926 -7.8553900718689
-278 0 0 -1.01669001579285 -7.80700016021729
-277 0 0 -1.00908005237579 -7.75822019577026
-276 0 0 -1.00145995616913 -7.70904016494751
-275 0 0 -0.993820011615753 -7.6594500541687
-274 0 0 -0.986169993877411 -7.60946989059448
-273 0 0 -0.978506028652191 -7.55908012390137
-272 0 0 -0.970827996730804 -7.50828981399536
-271 0 0 -0.96313601732254 -7.45709991455078
-270 0 0 -0.955429971218109 -7.40549993515015
-269 0 0 -0.947709977626801 -7.35348987579346
-268 0 0 -0.939976990222931 -7.30108022689819
-267 0 0 -0.932229995727539 -7.24827003479004
-266 0 0 -0.924470007419586 -7.19504976272583
-265 0 0 -0.916696012020111 -7.14142990112305
-264 0 0 -0.908909022808075 -7.08739995956421
-263 0 0 -0.901108026504517 -7.03296995162964
-262 0 0 -0.893294990062714 -6.97813987731934
-261 0 0 -0.885468006134033 -6.92290019989014
-260 0 0 -0.877628982067108 -6.86726999282837
-259 0 0 -0.869776010513306 -6.81124019622803
-258 0 0 -0.86191201210022 -6.75480985641479
-257 0 0 -0.854034006595612 -6.69797992706299
-256 0 0 -0.84614497423172 -6.64076995849609
-255 0 0 -0.838243007659912 -6.58315992355347
-254 0 0 -0.83032900094986 -6.52515983581543
-253 0 0 -0.822404026985168 -6.46678018569946
-252 0 0 -0.814467012882233 -6.40801000595093
-251 0 0 -0.806518018245697 -6.3488597869873
-250 28 4 -0.798557996749878 -6.28934001922607
-249 0 0 -0.79058700799942 -6.22944021224976
-248 0 0 -0.782604992389679 -6.16916990280151
-247 0 0 -0.77461302280426 -6.10854005813599
-246 0 0 -0.766610026359558 -6.04754018783569
-245 0 0 -0.758596003055573 -5.9861798286438
-244 0 0 -0.750572979450226 -5.92446994781494
-243 0 0 -0.74253898859024 -5.86241006851196
-242 0 0 -0.734495997428894 -5.80001020431519
-241 0 0 -0.726444005966187 -5.73725986480713
-240 0 0 -0.718382000923157 -5.67418003082275
-239 0 0 -0.710310995578766 -5.61076021194458
-238 0 0 -0.702232003211975 -5.54702997207642
-237 0 0 -0.694142997264862 -5.48297023773193
-236 0 0 -0.68604701757431 -5.41859006881714
-235 0 0 -0.677941977977753 -5.35390996932983
-234 0 0 -0.66982901096344 -5.28892993927002
-233 0 0 -0.661707997322083 -5.2236499786377
-232 0 0 -0.653580009937286 -5.15807008743286
-231 0 0 -0.645443975925446 -5.092209815979
-230 0 0 -0.637301027774811 -5.02607011795044
-229 0 0 -0.629151999950409 -4.95966005325317
-228 0 0 -0.620994985103607 -4.89298009872437
-227 0 0 -0.612832009792328 -4.82603979110718
-226 0 0 -0.604662001132965 -4.75884008407593
-225 0 0 -0.596486985683441 -4.69140005111694
-224 0 0 -0.588304996490479 -4.62371015548706
-223 0 0 -0.580116987228394 -4.55578994750977
-222 0 0 -0.571923971176147 -4.48764991760254
-221 0 0 -0.563724994659424 -4.41927003860474
-220 0 0 -0.555519998073578 -4.35068988800049
-219 0 0 -0.547309994697571 -4.28188991546631
-218 0 0 -0.539095997810364 -4.21289014816284
-217 0 0 -0.530875980854034 -4.14369010925293
-216 0 0 -0.522651016712189 -4.07429981231689
-215 0 0 -0.514421999454498 -4.00473022460938
-214 0 0 -0.506187975406647 -3.9349799156189
-213 0 0 -0.497949004173279 -3.86506009101868
-212 0 0 -0.489706009626389 -3.79497003555298
-211 0 0 -0.481458991765976 -3.7247200012207
-210 0 0 -0.473206996917725 -3.65432000160217
-209 0 0 -0.464951992034912 -3.58377003669739
-208 0 0 -0.456692010164261 -3.51307988166809
-207 0 0 -0.448428004980087 -3.44225001335144
-206 0 0 -0.440160006284714 -3.3712899684906
-205 0 0 -0.43188801407814 -3.30020999908447
-204 0 0 -0.423611998558044 -3.22901010513306
-203 0 0 -0.41533300280571 -3.15769004821777
-202 0 0 -0.407049000263214 -3.08626008033752
-201 0 0 -0.398761987686157 -3.01472997665405
-200 27 4 -0.390471011400223 -2.94309997558594
-199 0 0 -0.382176995277405 -2.87137007713318
-198 0 0 -0.373878002166748 -2.79956007003784
-197 0 0 -0.36557599902153 -2.72764992713928
-196 0 0 -0.357270002365112 -2.65566992759705
-195 0 0 -0.348960995674133 -2.58361005783081
-194 0 0 -0.340647011995316 -2.51148009300232
-193 0 0 -0.332329988479614 -2.43929004669189
-192 0 0 -0.324009001255035 -2.36701989173889
-191 0 0 -0.315683990716934 -2.29469990730286
-190 0 0 -0.307355999946594 -2.22232007980347
-189 0 0 -0.299023985862732 -2.14988994598389
-188 0 0 -0.290686994791031 -2.07739996910095
-187 0 0 -0.282346993684769 -2.00486993789673
-186 0 0 -0.274002999067307 -1.93229997158051
-185 0 0 -0.265655010938644 -1.85968995094299
-184 0 0 -0.25730299949646 -1.78703999519348
-183 0 0 -0.248946994543076 -1.71434998512268
-182 0 0 -0.240586996078491 -1.64163994789124
-181 0 0 -0.232223004102707 -1.56888997554779
-180 0 0 -0.223855003714561 -1.4961199760437
-179 0 0 -0.215482994914055 -1.42332994937897
-178 0 0 -0.207105994224548 -1.35051000118256
-177 0 0 -0.198725000023842 -1.2776700258255
-176 0 0 -0.190339997410774 -1.20482003688812
-175 0 0 -0.181951001286507 -1.1319500207901
-174 0 0 -0.173557996749878 -1.05905997753143
-173 0 0 -0.165160000324249 -0.986168026924133
-172 0 0 -0.156757995486259 -0.913260996341705
-171 0 0 -0.14835199713707 -0.840345978736877
-170 0 0 -0.13994100689888 -0.76742297410965
-169 0 0 -0.131525993347168 -0.694494009017944
-168 0 0 -0.123107001185417 -0.621560990810394
-167 0 0 -0.114683002233505 -0.548623979091644
-166 0 0 -0.106255002319813 -0.475685000419617
-165 0 0 -0.0978228002786636 -0.402743995189667
-164 0 0 -0.0893862992525101 -0.329802989959717
-163 0 0 -0.0809456035494804 -0.256862998008728
-162 0 0 -0.0725006982684135 -0.183924004435539
-161 0 0 -0.0640515983104706 -0.11098799854517
-160 0 0 -0.0555984005331993 -0.0380546003580093
-159 0 0 -0.0471412017941475 0.0348751991987228
-158 0 0 -0.0386799983680248 0.107800997793674
-157 0 0 -0.0302149001508951 0.180720999836922
-156 0 0 -0.0217460002750158 0.253636986017227
-155 0 0 -0.0132734002545476 0.326546013355255
-154 0 0 -0.00479714013636112 0.3994500041008
-153 0 0 0.00368261989206076 0.472346991300583
-152 0 0 0.0121657997369766 0.545237004756927
-151 0 0 0.0206521991640329 0.61811900138855
-150 26 4 0.0291416998952627 0.69099497795105
-149 0 0 0.0376342013478279 0.763862013816833
-148 0 0 0.0461294017732143 0.836722016334534
-147 0 0 0.0546272993087769 0.909573972225189
-146 0 0 0.0631275996565819 0.982416987419128
-145 0 0 0.0716302022337914 1.05525004863739
-144 0 0 0.0801346972584724 1.12808001041412
-143 0 0 0.0886410996317863 1.20089995861053
-142 0 0 0.0971489995718002 1.27371001243591
-141 0 0 0.105658002197742 1.34651005268097
-140 0 0 0.114169001579285 1.41929996013641
-139 0 0 0.122680000960827 1.49207997322083
-138 0 0 0.131191000342369 1.56485998630524
-137 0 0 0.139703005552292 1.637619972229
-136 0 0 0.148213997483253 1.71037995815277
-135 0 0 0.156725004315376 1.78313004970551
-134 0 0 0.165234997868538 1.85585999488831
-133 0 0 0.1737439930439 1.9285900592804
-132 0 0 0.182252004742622 2.00131011009216
-131 0 0 0.190757006406784 2.07401990890503
-130 0 0 0.199259996414185 2.14671993255615
-129 0 0 0.207760006189346 2.21940994262695
-128 0 0 0.216257005929947 2.29208993911743
-127 0 0 0.224749997258186 2.36475992202759
-126 0 0 0.233238995075226 2.43741989135742
-125 0 0 0.241723001003265 2.51007008552551
-124 0 0 0.250202000141144 2.58270001411438
-123 0 0 0.258675009012222 2.65532994270325
-122 0 0 0.267141997814178 2.72794008255005
-121 0 0 0.275602012872696 2.80053997039795
-120 0 0 0.284054011106491 2.87313008308411
-119 0 0 0.292499005794525 2.94570994377136
-118 0 0 0.300933986902237 3.01827001571655
-117 0 0 0.309361010789871 3.09082007408142
-116 0 0 0.317777991294861 3.16335010528564
-115 0 0 0.326184004545212 3.23586010932922
-114 0 0 0.334578990936279 3.30836009979248
-113 0 0 0.342961013317108 3.38085007667542
-112 0 0 0.351332008838654 3.45331001281738
-111 0 0 0.359688013792038 3.52575993537903
-110 0 0 0.368030995130539 3.59819006919861
-109 0 0 0.376358985900879 3.67058992385864
-108 0 0 0.384671002626419 3.74298000335693
-107 0 0 0.392966985702515 3.81534004211426
-106 0 0 0.40124499797821 3.88767004013062
-105 0 0 0.409505009651184 3.95999002456665
-104 0 0 0.417746990919113 4.0322699546814
-103 0 0 0.425969004631042 4.1045298576355
-102 0 0 0.434170007705688 4.17676019668579
-101 0 0 0.442350000143051 4.24896001815796
-100 25 4 0.450506985187531 4.32111978530884
-99 0 0 0.458640992641449 4.39326000213623
-98 0 0 0.466751992702484 4.46535015106201
-97 0 0 0.474837005138397 4.53740978240967
-96 0 0 0.482896000146866 4.60943984985352
-95 0 0 0.490929007530212 4.68141984939575
-94 0 0 0.498934000730515 4.7533597946167
-93 0 0 0.506910026073456 4.82526016235352
-92 0 0 0.514856994152069 4.89710998535156
-91 0 0 0.522773027420044 4.96892023086548
-90 0 0 0.530658006668091 5.04067993164063
-89 0 0 0.538510024547577 5.112380027771
-88 0 0 0.546329021453857 5.18403005599976
-87 0 0 0.55411297082901 5.2556300163269
-86 0 0 0.561863005161285 5.32716989517212
-85 0 0 0.569576025009155 5.39865016937256
-84 0 0 0.577252984046936 5.47007989883423
-83 0 0 0.584891021251678 5.54142999649048
-82 0 0 0.592490017414093 5.61273002624512
-81 0 0 0.600049018859863 5.68394994735718
-80 0 0 0.607568025588989 5.7551097869873
-79 0 0 0.615045011043549 5.82618999481201
-78 0 0 0.622479021549225 5.89721012115479
-77 0 0 0.629869997501373 5.96814012527466
-76 0 0 0.637216985225677 6.03900003433228
-75 0 0 0.64451801776886 6.10977983474731
-74 0 0 0.651773989200592 6.18048000335693
-73 0 0 0.65898197889328 6.25109004974365
-72 0 0 0.666143000125885 6.32161998748779
-71 0 0 0.673255026340485 6.39205980300903
-70 0 0 0.680317997932434 6.46240997314453
-69 0 0 0.687331020832062 6.53266000747681
-68 0 0 0.694293022155762 6.6028299331665
-67 0 0 0.701202988624573 6.67290019989014
-66 0 0 0.70806097984314 6.74286985397339
-65 0 0 0.714865982532501 6.81273984909058
-64 0 0 0.721617996692657 6.8825101852417
-63 0 0 0.728314995765686 6.95217990875244
-62 0 0 0.734956979751587 7.02174997329712
-61 0 0 0.741542994976044 7.09120988845825
-60 0 0 0.748073995113373 7.160560131073
-59 0 0 0.754546999931335 7.22981023788452
-58 0 0 0.760963976383209 7.29894018173218
-57 0 0 0.7673220038414 7.36796998977661
-56 0 0 0.773622989654541 7.43688011169434
-55 0 0 0.779864013195038 7.50568008422852
-54 0 0 0.786046028137207 7.57435989379883
-53 0 0 0.792168974876404 7.64293003082275
-52 0 0 0.79823100566864 7.71138000488281
-51 0 0 0.804233014583588 7.77971982955933
-50 24 4 0.810175001621246 7.84792995452881
-49 0 0 0.816054999828339 7.91602993011475
-48 0 0 0.821874022483826 7.98401021957397
-47 0 0 0.827630996704102 8.05185985565186
-46 0 0 0.833325982093811 8.11960029602051
-45 0 0 0.838958024978638 8.18721008300781
-44 0 0 0.84452897310257 8.25469970703125
-43 0 0 0.850036978721619 8.3220796585083
-42 0 0 0.855481028556824 8.38932037353516
-41 0 0 0.860863983631134 8.45645046234131
-40 0 0 0.866182029247284 8.52344989776611
-39 0 0 0.871438026428223 8.59033012390137
-38 0 0 0.876631021499634 8.65709018707275
-37 0 0 0.881760001182556 8.72373008728027
-36 0 0 0.886825978755951 8.79024028778076
-35 0 0 0.891828000545502 8.85663986206055
-34 0 0 0.896767020225525 8.9229097366333
-33 0 0 0.901642978191376 8.9890604019165
-32 0 0 0.906454980373383 9.05508995056152
-31 0 0 0.911203980445862 9.12100028991699
-30 0 0 0.915889978408813 9.18679046630859
-29 0 0 0.920512974262238 9.25245952606201
-28 0 0 0.925073027610779 9.3180103302002
-27 0 0 0.929569005966187 9.38344955444336
-26 0 0 0.934002995491028 9.44876956939697
-25 0 0 0.938374996185303 9.51397037506104
-24 0 0 0.942682981491089 9.57905960083008
-23 0 0 0.94692999124527 9.64402961730957
-22 0 0 0.951113998889923 9.70890045166016
-21 0 0 0.955236971378326 9.77365016937256
-20 0 0 0.959298014640808 9.83829021453857
-19 0 0 0.963297009468079 9.90281963348389
-18 0 0 0.967235028743744 9.96724033355713
-17 0 0 0.971112012863159 10.0315999984741
-16 0 0 0.974928021430969 10.0958003997803
-15 0 0 0.97868400812149 10.1598997116089
-14 0 0 0.982379972934723 10.2238998413086
-13 0 0 0.986015975475311 10.2877998352051
-12 0 0 0.989592015743256 10.3515996932983
-11 0 0 0.993107974529266 10.4153003692627
-10 0 0 0.995477974414825 10.4587001800537
-9 0 0 0.997042000293732 10.4877004623413
-8 0 0 0.998079001903534 10.5069999694824
-7 0 0 0.998766005039215 10.5199003219604
-6 0 0 0.999224007129669 10.5284004211426
-5 0 0 0.999527990818024 10.5340995788574
-4 0 0 0.999729990959167 10.5378999710083
-3 0 0 0.999864995479584 10.5404996871948
-2 0 0 0.999933004379272 10.5417995452881
1 0 0 1 10.5430002212524
1 0 0 1 10.5430002212524
-2 0 0 1.00006997585297 10.5443000793457
-3 0 0 1.0001300573349 10.545599937439
-4 0 0 1.00027000904083 10.5481004714966
-5 0 0 1.0004700422287 10.5518999099731
-6 0 0 1.00076997280121 10.5576000213623
-7 0 0 1.00123000144958 10.5662002563477
-8 0 0 1.00189995765686 10.5790004730225
-9 0 0 1.00291001796722 10.5982999801636
-10 0 0 1.00442004203796 10.6270999908447
-11 0 0 1.00665998458862 10.6703996658325
-12 0 0 1.00987994670868 10.7335996627808
-13 0 0 1.01304996013641 10.796799659729
-14 0 0 1.0161600112915 10.8598003387451
-15 0 0 1.01920998096466 10.9228000640869
-16 0 0 1.02219998836517 10.9856004714966
-17 0 0 1.02514004707336 11.0483999252319
-18 0 0 1.02803003787994 11.1111001968384
-19 0 0 1.03085994720459 11.1738004684448
-20 0 0 1.03363001346588 11.2363004684448
-21 0 0 1.03635001182556 11.2988004684448
-22 0 0 1.03901994228363 11.3612003326416
-23 0 0 1.04163002967834 11.4235000610352
-24 0 0 1.04419004917145 11.4857997894287
-25 0 0 1.04670000076294 11.5479001998901
-26 0 0 1.04914999008179 11.6100997924805
-27 0 0 1.05155003070831 11.6721000671387
-28 0 0 1.05390000343323 11.7341003417969
-29 0 0 1.05620002746582 11.7959995269775
-30 0 0 1.0584499835968 11.8578996658325
-31 0 0 1.06064999103546 11.9196996688843
-32 0 0 1.0628000497818 11.9813995361328
-33 0 0 1.0648900270462 12.0431003570557
-34 0 0 1.06693994998932 12.104700088501
-35 0 0 1.0689400434494 12.1662998199463
-36 0 0 1.07088994979858 12.2278003692627
-37 0 0 1.07279002666473 12.2892999649048
-38 0 0 1.07465004920959 12.350700378418
-39 0 0 1.07644999027252 12.4120998382568
-40 0 0 1.07820999622345 12.47350025177
-41 0 0 1.07992994785309 12.5347995758057
-42 0 0 1.08159005641937 12.5959997177124
-43 0 0 1.0832200050354 12.6571998596191
-44 0 0 1.08478999137878 12.7184000015259
-45 0 0 1.08632004261017 12.7796001434326
-46 0 0 1.08781003952026 12.8407001495361
-47 0 0 1.08924996852875 12.9017000198364
-48 0 0 1.09064996242523 12.9628000259399
-49 0 0 1.09201002120972 13.0237998962402
-50 2 4 1.09332001209259 13.0847997665405
-51 0 0 1.09458994865417 13.1457996368408
-52 0 0 1.09581995010376 13.2067003250122
-53 0 0 1.09701001644135 13.2676000595093
-54 0 0 1.09815001487732 13.3284997940063
-55 0 0 1.09925997257233 13.3893995285034
-56 0 0 1.10031998157501 13.4503002166748
-57 0 0 1.1013400554657 13.5110998153687
-58 0 0 1.10232996940613 13.5719003677368
-59 0 0 1.10327005386353 13.6326999664307
-60 0 0 1.10417997837067 13.6934995651245
-61 0 0 1.10503995418549 13.7543001174927
-62 0 0 1.10587000846863 13.8150997161865
-63 0 0 1.10666000843048 13.8759002685547
-64 0 0 1.10740995407104 13.9366998672485
-65 0 0 1.10812997817993 13.9974002838135
-66 0 0 1.10880994796753 14.0581998825073
-67 0 0 1.10944998264313 14.1190004348755
-68 0 0 1.11005997657776 14.1796998977661
-69 0 0 1.11063003540039 14.2405004501343
-70 0 0 1.11116003990173 14.3011999130249
-71 0 0 1.11167001724243 14.3620004653931
-72 0 0 1.11213004589081 14.4228000640869
-73 0 0 1.11256003379822 14.4835996627808
-74 0 0 1.11295998096466 14.5444002151489
-75 0 0 1.11333000659943 14.6051998138428
-76 0 0 1.1136599779129 14.6660003662109
-77 0 0 1.1139600276947 14.7267999649048
-78 0 0 1.11423003673553 14.7875995635986
-79 0 0 1.11445999145508 14.84850025177
-80 0 0 1.11467003822327 14.9092998504639
-81 0 0 1.11484003067017 14.9701995849609
-82 0 0 1.1149799823761 15.0311002731323
-83 0 0 1.11510002613068 15.0920000076294
-84 0 0 1.11518001556396 15.1528997421265
-85 0 0 1.11522996425629 15.2138996124268
-86 0 0 1.11524999141693 15.2749004364014
-87 3 2 1.11524999141693 15.2912998199463
88 0 0 1.11523997783661 15.3522996902466
89 0 0 1.11520004272461 15.4133996963501
90 0 0 1.11512005329132 15.4743995666504
91 0 0 1.11502003669739 15.5354995727539
92 0 0 1.11489999294281 15.5965995788574
93 0 0 1.11474001407623 15.6576995849609
94 0 0 1.11456000804901 15.7188997268677
95 0 0 1.11435997486115 15.7800998687744
96 0 0 1.11412000656128 15.8413000106812
97 0 0 1.11386001110077 15.9026002883911
98 0 0 1.11357998847961 15.9638996124268
99 0 0 1.11327004432678 16.0251998901367
100 4 4 1.11293005943298 16.0865993499756
101 0 0 1.11257004737854 16.1480007171631
102 0 0 1.11219000816345 16.209400177002
103 0 0 1.11178004741669 16.2709007263184
104 0 0 1.11135005950928 16.3323993682861
105 0 0 1.11090004444122 16.3938999176025
106 0 0 1.1104199886322 16.4554996490479
107 0 0 1.10992002487183 16.5172004699707
108 0 0 1.10940003395081 16.578800201416
109 0 0 1.10886001586914 16.6404991149902
110 0 0 1.10828995704651 16.702299118042
111 0 0 1.10771000385284 16.7640991210938
112 0 0 1.10710000991821 16.8258991241455
113 0 0 1.10646998882294 16.8878002166748
114 0 0 1.10581994056702 16.9496994018555
115 0 0 1.10515999794006 17.0116996765137
116 0 0 1.10447001457214 17.0736999511719
117 0 0 1.10376000404358 17.135799407959
118 0 0 1.10303997993469 17.1979007720947
119 0 0 1.10229003429413 17.2600002288818
120 0 0 1.10152995586395 17.3222999572754
121 0 0 1.10074996948242 17.38450050354
122 0 0 1.09994995594025 17.4468002319336
123 0 0 1.09913003444672 17.5091991424561
124 0 0 1.09829998016357 17.5715999603271
125 0 0 1.09745001792908 17.6340007781982
126 0 0 1.09658002853394 17.6965007781982
127 0 0 1.09570002555847 17.7590999603271
128 0 0 1.09479999542236 17.8216991424561
129 0 0 1.09388995170593 17.8843002319336
130 0 0 1.09296000003815 17.94700050354
131 0 0 1.09201002120972 18.0097999572754
132 0 0 1.09105002880096 18.0725994110107
133 0 0 1.09008002281189 18.1354999542236
134 0 0 1.08908998966217 18.1984004974365
135 0 0 1.08808994293213 18.2614002227783
136 0 0 1.08706998825073 18.3243999481201
137 0 0 1.08604001998901 18.3875007629395
138 0 0 1.08500003814697 18.4505996704102
139 0 0 1.08395004272461 18.5137996673584
140 0 0 1.0828800201416 18.5769996643066
141 0 0 1.08179998397827 18.6403007507324
142 0 0 1.08071005344391 18.7036991119385
143 0 0 1.07960999011993 18.7670993804932
144 0 0 1.0784900188446 18.8304996490479
145 0 0 1.07737004756927 18.894100189209
146 0 0 1.0762300491333 18.9575996398926
147 0 0 1.075080037117 19.0212001800537
148 0 0 1.07393002510071 19.0848999023438
149 0 0 1.07275998592377 19.1487007141113
150 5 4 1.07158005237579 19.2124004364014
151 0 0 1.07039999961853 19.2763004302979
152 0 0 1.06920003890991 19.3402004241943
153 0 0 1.067999958992 19.4041004180908
154 0 0 1.06678998470306 19.4680995941162
155 0 0 1.06555998325348 19.5321998596191
156 0 0 1.06433999538422 19.5963001251221
157 0 0 1.06309998035431 19.6604995727539
158 0 0 1.06184995174408 19.7247009277344
159 0 0 1.06060004234314 19.7889995574951
160 0 0 1.05934000015259 19.8533000946045
161 0 0 1.05806994438171 19.9176998138428
162 0 0 1.05680000782013 19.9822006225586
163 0 0 1.05552005767822 20.0466003417969
164 0 0 1.0542299747467 20.1112003326416
165 0 0 1.05294001102448 20.1758003234863
166 0 0 1.05164003372192 20.24049949646
167 0 0 1.05034005641937 20.3052005767822
168 0 0 1.04902994632721 20.3698997497559
169 0 0 1.04771995544434 20.4347991943359
170 0 0 1.04639995098114 20.4995994567871
171 0 0 1.04507994651794 20.5645999908447
172 0 0 1.04375004768372 20.6294994354248
173 0 0 1.0424200296402 20.6945991516113
174 0 0 1.04107999801636 20.7595996856689
175 0 0 1.03973996639252 20.824800491333
176 0 0 1.03840005397797 20.8899993896484
177 0 0 1.0370500087738 20.9552001953125
178 0 0 1.03569996356964 21.0205001831055
179 0 0 1.03435003757477 21.0858001708984
180 0 0 1.03298997879028 21.1511993408203
181 0 0 1.03163003921509 21.2166996002197
182 0 0 1.0302699804306 21.2821998596191
183 0 0 1.02891004085541 21.3477001190186
184 0 0 1.0275399684906 21.4132995605469
185 0 0 1.02618002891541 21.4789009094238
186 0 0 1.0248099565506 21.5445995330811
187 0 0 1.02344000339508 21.6103992462158
188 0 0 1.02207005023956 21.6762008666992
189 0 0 1.02069997787476 21.742000579834
190 0 0 1.01933002471924 21.8078994750977
191 0 0 1.0179500579834 21.87380027771
192 0 0 1.01657998561859 21.9398002624512
193 0 0 1.01521003246307 22.0058002471924
194 0 0 1.01382994651794 22.0718994140625
195 0 0 1.01245999336243 22.1380996704102
196 0 0 1.01108002662659 22.2042007446289
197 0 0 1.00970995426178 22.2705001831055
198 0 0 1.00834000110626 22.3367004394531
199 0 0 1.00696003437042 22.4029998779297
200 6 4 1.00558996200562 22.4694004058838
201 0 0 1.0042200088501 22.5358009338379
202 0 0 1.00285005569458 22.6023006439209
203 0 0 1.00147998332977 22.6688003540039
204 0 0 1.00011003017426 22.7353000640869
205 0 0 0.998749017715454 22.8019008636475
206 0 0 0.997385025024414 22.8686008453369
207 0 0 0.996022999286652 22.9351997375488
208 0 0 0.99466198682785 23.0020008087158
209 0 0 0.993304014205933 23.0687007904053
210 0 0 0.991948008537292 23.1354999542236
211 0 0 0.990594983100891 23.2024002075195
212 0 0 0.989243984222412 23.2693004608154
213 0 0 0.987895011901855 23.3362998962402
214 0 0 0.986549019813538 23.4032001495361
215 0 0 0.985206007957458 23.4703006744385
216 0 0 0.983865976333618 23.5373992919922
217 0 0 0.982528984546661 23.6044998168945
218 0 0 0.981195986270905 23.6716003417969
219 0 0 0.97986501455307 23.7388000488281
220 0 0 0.978537976741791 23.8061008453369
221 0 0 0.977214992046356 23.8733997344971
222 0 0 0.97589498758316 23.9407005310059
223 0 0 0.974578976631165 24.0081005096436
224 0 0 0.973266005516052 24.0755004882813
225 0 0 0.971957981586456 24.1429004669189
226 0 0 0.970654010772705 24.2103996276855
227 0 0 0.969353020191193 24.2779998779297
228 0 0 0.968056976795197 24.3456001281738
229 0 0 0.966765999794006 24.413200378418
230 0 0 0.965478003025055 24.480899810791
231 0 0 0.964196026325226 24.5485992431641
232 0 0 0.962916970252991 24.6163005828857
233 0 0 0.961643993854523 24.6840991973877
234 0 0 0.960375010967255 24.7518997192383
235 0 0 0.959110975265503 24.8197994232178
236 0 0 0.957852005958557 24.8876991271973
237 0 0 0.956597983837128 24.9556007385254
238 0 0 0.955349028110504 25.0235996246338
239 0 0 0.954105019569397 25.0916996002197
240 0 0 0.952866017818451 25.1597003936768
241 0 0 0.951632976531982 25.2278003692627
242 0 0 0.95040500164032 25.2959995269775
243 0 0 0.949181973934174 25.364200592041
244 0 0 0.947965025901794 25.4323997497559
245 0 0 0.946753025054932 25.5006999969482
246 0 0 0.945546984672546 25.5690002441406
247 0 0 0.944347023963928 25.637300491333
248 0 0 0.943152010440826 25.7056999206543
249 0 0 0.941963016986847 25.7742004394531
250 7 4 0.940779983997345 25.8425998687744
251 0 0 0.939602971076965 25.9111995697021
252 0 0 0.938431978225708 25.979700088501
253 0 0 0.937267005443573 26.0482997894287
254 0 0 0.936106979846954 26.1168994903564
255 0 0 0.934953987598419 26.1856002807617
256 0 0 0.933807015419006 26.2542991638184
257 0 0 0.932667016983032 26.3230991363525
258 0 0 0.931532025337219 26.3918991088867
259 0 0 0.930404007434845 26.4606990814209
260 0 0 0.929282009601593 26.5296001434326
261 0 0 0.92816698551178 26.5984992980957
262 0 0 0.927057981491089 26.6674995422363
263 0 0 0.92595499753952 26.736499786377
264 0 0 0.92485898733139 26.8055000305176
265 0 0 0.923768997192383 26.8745994567871
266 0 0 0.922685980796814 26.9437999725342
267 0 0 0.921609997749329 27.0128993988037
268 0 0 0.920539975166321 27.0820999145508
269 0 0 0.919476985931396 27.1513996124268
270 0 0 0.918420016765594 27.2206993103027
271 0 0 0.917370021343231 27.2900009155273
272 0 0 0.916326999664307 27.3593997955322
273 0 0 0.915291011333466 27.4288005828857
274 0 0 0.914261996746063 27.4983005523682
275 0 0 0.913239002227783 27.5678005218506
276 0 0 0.912222981452942 27.6373996734619
277 0 0 0.911213994026184 27.7070007324219
278 0 0 0.910212993621826 27.7765998840332
279 0 0 0.909217000007629 27.8463001251221
280 0 0 0.908228993415833 27.9160003662109
281 0 0 0.907248020172119 27.9857997894287
282 0 0 0.906274020671844 28.0555992126465
283 0 0 0.905306994915009 28.1254997253418
284 0 0 0.904347002506256 28.1954002380371
285 0 0 0.903393983840942 28.2653007507324
286 0 0 0.902447998523712 28.3353004455566
287 0 0 0.901508986949921 28.4053993225098
288 0 0 0.900577008724213 28.4754009246826
289 0 0 0.899653017520905 28.5456008911133
290 0 0 0.898734986782074 28.6158008575439
291 0 0 0.897825002670288 28.6860008239746
292 0 0 0.89692097902298 28.7562999725342
293 0 0 0.896025002002716 28.8265991210938
294 0 0 0.895135998725891 28.896900177002
295 0 0 0.894254982471466 28.967399597168
296 0 0 0.893379986286163 29.0377998352051
297 0 0 0.89251297712326 29.1082992553711
298 0 0 0.891653001308441 29.1788997650146
299 0 0 0.890799999237061 29.2495002746582
300 8 4 0.889953970909119 29.3201007843018
301 0 0 0.889115989208221 29.3908004760742
302 0 0 0.888284027576447 29.4615993499756
303 0 0 0.887461006641388 29.5324001312256
304 0 0 0.886644005775452 29.6032009124756
305 0 0 0.885834991931915 29.6741008758545
306 0 0 0.885031998157501 29.7451000213623
307 0 0 0.884238004684448 29.8160991668701
308 0 0 0.883449971675873 29.8871994018555
309 0 0 0.882669985294342 29.9582996368408
310 0 0 0.88189697265625 30.0293998718262
311 0 0 0.881130993366241 30.1005992889404
312 0 0 0.880373001098633 30.1718997955322
313 0 0 0.879621982574463 30.243200302124
314 0 0 0.878877997398376 30.3145999908447
315 0 0 0.878140985965729 30.3859996795654
316 0 0 0.877412021160126 30.4575004577637
317 0 0 0.876689970493317 30.5289993286133
318 0 0 0.875976026058197 30.6005992889404
319 0 0 0.875268995761871 30.6721992492676
320 0 0 0.874568998813629 30.7439002990723
321 0 0 0.873875975608826 30.8155994415283
322 0 0 0.873190999031067 30.8873996734619
323 0 0 0.872512996196747 30.9592990875244
324 0 0 0.87184202671051 31.0312004089355
325 0 0 0.871177971363068 31.1032009124756
326 0 0 0.870522022247314 31.175199508667
327 0 0 0.869872987270355 31.2472991943359
328 0 0 0.869231998920441 31.3194007873535
329 0 0 0.868596971035004 31.3915996551514
330 0 0 0.867969989776611 31.4638996124268
331 0 0 0.867350995540619 31.5361995697021
332 0 0 0.866738021373749 31.6086006164551
333 0 0 0.866132974624634 31.6809997558594
334 0 0 0.865535020828247 31.7534999847412
335 0 0 0.864944994449615 31.826000213623
336 0 0 0.864360988140106 31.8985996246338
337 0 0 0.863785028457642 31.9713001251221
338 0 0 0.863215982913971 32.0439987182617
339 0 0 0.862654983997345 32.1167984008789
340 0 0 0.862101018428802 32.1897010803223
341 0 0 0.861554026603699 32.2625999450684
342 0 0 0.861014008522034 32.3356018066406
343 0 0 0.860481023788452 32.4085998535156
344 0 0 0.859956026077271 32.4817008972168
345 0 0 0.859438002109528 32.5549011230469
346 0 0 0.858927011489868 32.628101348877
347 0 0 0.858422994613647 32.7014007568359
348 0 0 0.85792601108551 32.7747993469238
349 0 0 0.857437014579773 32.848201751709
350 9 4 0.856954991817474 32.9216995239258
351 0 0 0.856480002403259 32.9952011108398
352 0 0 0.856011986732483 33.0688018798828
353 0 0 0.855552017688751 33.1425018310547
354 0 0 0.855098009109497 33.2163009643555
355 0 0 0.854651987552643 33.2901000976563
356 0 0 0.854212999343872 33.3639984130859
357 0 0 0.85378098487854 33.4379005432129
358 0 0 0.853356003761292 33.5119018554688
359 0 0 0.852937996387482 33.5859985351563
360 0 0 0.852527976036072 33.6601982116699
361 0 0 0.852123975753784 33.7344017028809
362 0 0 0.851728022098541 33.8087005615234
363 0 0 0.851338982582092 33.882999420166
364 0 0 0.850956976413727 33.9574012756348
365 0 0 0.850582003593445 34.0318984985352
366 0 0 0.850214004516602 34.1064987182617
367 0 0 0.849852979183197 34.1810989379883
368 0 0 0.849498987197876 34.2559013366699
369 0 0 0.849152028560638 34.3306007385254
370 0 0 0.848812997341156 34.4054985046387
371 0 0 0.848479986190796 34.4804000854492
372 0 0 0.848154008388519 34.5554008483887
373 0 0 0.847836017608643 34.6304016113281
374 0 0 0.847523987293243 34.7056007385254
375 0 0 0.847220003604889 34.7807998657227
376 0 0 0.846921980381012 34.8560981750488
377 0 0 0.84663200378418 34.9314002990723
378 0 0 0.846347987651825 35.0069007873535
379 0 0 0.846071004867554 35.0824012756348
380 0 0 0.845802009105682 35.157901763916
381 0 0 0.845538973808289 35.2336006164551
382 0 0 0.845283985137939 35.3092994689941
383 0 0 0.845035016536713 35.3851013183594
384 0 0 0.844793021678925 35.4609985351563
385 0 0 0.844558000564575 35.5368995666504
386 0 0 0.844330012798309 35.6129989624023
387 0 0 0.844108998775482 35.6890983581543
388 0 0 0.843895018100739 35.7652015686035
389 0 0 0.843688011169434 35.8414993286133
390 0 0 0.843487977981567 35.9178009033203
391 0 0 0.843294024467468 35.9942016601563
392 0 0 0.843107998371124 36.0707015991211
393 0 0 0.842927992343903 36.1473007202148
394 0 0 0.842755019664764 36.2238998413086
395 0 0 0.842589020729065 36.3005981445313
396 0 0 0.842429995536804 36.3773994445801
397 0 0 0.842278003692627 36.4542999267578
398 0 0 0.842132985591888 36.5312995910645
399 0 0 0.841993987560272 36.6082992553711
400 10 4 0.84186202287674 36.6853981018066
401 0 0 0.841736972332001 36.7625999450684
402 0 0 0.84161901473999 36.839900970459
403 0 0 0.841507971286774 36.9171981811523
404 0 0 0.841403007507324 36.994701385498
405 0 0 0.841305017471313 37.0722007751465
406 0 0 0.841214001178741 37.1497993469238
407 0 0 0.841130018234253 37.2274017333984
408 0 0 0.841051995754242 37.3051986694336
409 0 0 0.840981006622314 37.382999420166
410 0 0 0.840916991233826 37.4608993530273
411 0 0 0.84086000919342 37.5388984680176
412 0 0 0.840808987617493 37.617000579834
413 0 0 0.840764999389648 37.6952018737793
414 0 0 0.840727984905243 37.7733993530273
415 0 0 0.84069699048996 37.8516998291016
416 0 0 0.84067302942276 37.9301986694336
417 0 0 0.840655982494354 38.0085983276367
418 0 0 0.840646028518677 38.0872001647949
419 0 0 0.840641975402832 38.165901184082
420 11 2 0.840641975402832 38.1729011535645
-421 0 0 0.840645015239716 38.2517013549805
-422 0 0 0.840655028820038 38.3305015563965
-423 0 0 0.840672016143799 38.4094009399414
-424 0 0 0.840695023536682 38.4883995056152
-425 0 0 0.840725004673004 38.5675010681152
-426 0 0 0.840761005878448 38.6467018127441
-427 0 0 0.840803980827332 38.7258987426758
-428 0 0 0.840853989124298 38.8053016662598
-429 0 0 0.840910017490387 38.8847007751465
-430 0 0 0.840973019599915 38.9641990661621
-431 0 0 0.84104198217392 39.0438003540039
-432 0 0 0.841117978096008 39.1234016418457
-433 0 0 0.841199994087219 39.2032012939453
-434 0 0 0.841288983821869 39.2830009460449
-435 0 0 0.841385006904602 39.3629989624023
-436 0 0 0.841486990451813 39.443000793457
-437 0 0 0.841594994068146 39.5231018066406
-438 0 0 0.841709971427917 39.603199005127
-439 0 0 0.841831982135773 39.6834983825684
-440 0 0 0.84196001291275 39.763801574707
-441 0 0 0.842094004154205 39.8442993164063
-442 0 0 0.842235028743744 39.9248008728027
-443 0 0 0.842383027076721 40.0054016113281
-444 0 0 0.842536985874176 40.0861015319824
-445 0 0 0.842697024345398 40.1669006347656
-446 0 0 0.842863976955414 40.2476997375488
-447 0 0 0.843037009239197 40.3287010192871
-448 0 0 0.843216001987457 40.4096984863281
-449 0 0 0.843402028083801 40.4907989501953
-450 12 4 0.843595027923584 40.5721015930176
-451 0 0 0.843793988227844 40.6533012390137
-452 0 0 0.843999028205872 40.7346992492676
-453 0 0 0.844210028648376 40.8162002563477
-454 0 0 0.84442800283432 40.8977012634277
-455 0 0 0.844653010368347 40.9794006347656
-456 0 0 0.844883024692535 41.0611000061035
-457 0 0 0.845120012760162 41.1428985595703
-458 0 0 0.845363974571228 41.2248001098633
-459 0 0 0.8456130027771 41.3068008422852
-460 0 0 0.84586900472641 41.388801574707
-461 0 0 0.846131026744843 41.4710006713867
-462 0 0 0.846400022506714 41.5531997680664
-463 0 0 0.846674978733063 41.6355018615723
-464 0 0 0.846956014633179 41.7179985046387
-465 0 0 0.847243010997772 41.8003997802734
-466 0 0 0.847536981105804 41.882999420166
-467 0 0 0.847836971282959 41.9656982421875
-468 0 0 0.848142981529236 42.0484008789063
-469 0 0 0.848455011844635 42.1313018798828
-470 0 0 0.848774015903473 42.2141990661621
-471 0 0 0.849098980426788 42.2971992492676
-472 0 0 0.849430024623871 42.380298614502
-473 0 0 0.849767029285431 42.4635009765625
-474 0 0 0.850109994411469 42.5466995239258
-475 0 0 0.85045999288559 42.6301002502441
-476 0 0 0.850816011428833 42.7135009765625
-477 0 0 0.851177990436554 42.7970008850098
-478 0 0 0.851545989513397 42.8805999755859
-479 0 0 0.851920008659363 42.964298248291
-480 0 0 0.852299988269806 43.0480995178223
-481 0 0 0.852687001228333 43.1319999694824
-482 0 0 0.85307902097702 43.2159004211426
-483 0 0 0.853478014469147 43.2999000549316
-484 0 0 0.853883028030396 43.3839988708496
-485 0 0 0.854294002056122 43.4682006835938
-486 0 0 0.85471099615097 43.5525016784668
-487 0 0 0.855134010314941 43.6369018554688
-488 0 0 0.85556298494339 43.7212982177734
-489 0 0 0.855997979640961 43.8058013916016
-490 0 0 0.856438994407654 43.8903999328613
-491 0 0 0.856886029243469 43.9751014709473
-492 0 0 0.857339024543762 44.0598983764648
-493 0 0 0.857797980308533 44.1447982788086
-494 0 0 0.858264029026031 44.2296981811523
-495 0 0 0.858735024929047 44.3148002624512
-496 0 0 0.859211981296539 44.3998985290527
-497 0 0 0.859695017337799 44.4850997924805
-498 0 0 0.860184013843536 44.5703010559082
-499 0 0 0.860678970813751 44.6557006835938
-500 13 4 0.861180007457733 44.7411003112793
-501 0 0 0.861687004566193 44.8265991210938
-502 0 0 0.862200021743774 44.9122009277344
-503 0 0 0.862717986106873 44.9978981018066
-504 0 0 0.863242983818054 45.0836982727051
-505 0 0 0.863774001598358 45.1694984436035
-506 0 0 0.864310026168823 45.2554016113281
-507 0 0 0.864852011203766 45.3414001464844
-508 0 0 0.865400016307831 45.4275016784668
-509 0 0 0.865953981876373 45.5136985778809
-510 0 0 0.866514027118683 45.5998992919922
-511 0 0 0.867079973220825 45.6862983703613
-512 0 0 0.867650985717773 45.7727012634277
-513 0 0 0.868228018283844 45.8591003417969
-514 0 0 0.868811011314392 45.9457015991211
-515 0 0 0.869400024414063 46.032299041748
-516 0 0 0.869993984699249 46.1190986633301
-517 0 0 0.87059497833252 46.2058982849121
-518 0 0 0.871200978755951 46.2927017211914
-519 0 0 0.871812999248505 46.3796997070313
-520 0 0 0.872430026531219 46.4667015075684
-521 0 0 0.873053014278412 46.5537986755371
-522 0 0 0.873682022094727 46.640998840332
-523 0 0 0.874316990375519 46.7282981872559
-524 0 0 0.874957025051117 46.815601348877
-525 0 0 0.875603020191193 46.9029998779297
-526 0 0 0.876254975795746 46.9905014038086
-527 0 0 0.876911997795105 47.0779991149902
-528 0 0 0.877574980258942 47.165699005127
-529 0 0 0.878243982791901 47.2533988952637
-530 0 0 0.878917992115021 47.3412017822266
-531 0 0 0.879598021507263 47.4290008544922
-532 0 0 0.880284011363983 47.5169982910156
-533 0 0 0.880975008010864 47.6049995422363
-534 0 0 0.881671011447906 47.6930999755859
-535 0 0 0.882372975349426 47.7812004089355
-536 0 0 0.883081018924713 47.869499206543
-537 0 0 0.883794009685516 47.9578018188477
-538 0 0 0.884513020515442 48.0461006164551
-539 0 0 0.885236978530884 48.1346015930176
-540 0 0 0.885967016220093 48.2230987548828
-541 0 0 0.886702001094818 48.3116989135742
-542 0 0 0.887443006038666 48.4002990722656
-543 0 0 0.888189017772675 48.4891014099121
-544 0 0 0.888940989971161 48.5778999328613
-545 0 0 0.889698028564453 48.6668014526367
-546 0 0 0.890461027622223 48.7556991577148
-547 0 0 0.891228973865509 48.8446998596191
-548 0 0 0.892001986503601 48.9337997436523
-549 0 0 0.892781019210815 49.0228996276855
-550 14 4 0.893564999103546 49.1122016906738
-551 0 0 0.894354999065399 49.2014007568359
-552 0 0 0.895150005817413 49.2907981872559
-553 0 0 0.895950019359589 49.380199432373
-554 0 0 0.896755993366241 49.4696998596191
-555 0 0 0.897566974163055 49.5592994689941
-556 0 0 0.898383021354675 49.6488990783691
-557 0 0 0.899205029010773 49.7386016845703
-558 0 0 0.900031983852386 49.8283004760742
-559 0 0 0.900864005088806 49.9182014465332
-560 0 0 0.901700973510742 50.0080986022949
-561 0 0 0.902544021606445 50.0979995727539
-562 0 0 0.903392016887665 50.1879997253418
-563 0 0 0.904245018959045 50.2780990600586
-564 0 0 0.905103981494904 50.3683013916016
-565 0 0 0.905966997146606 50.4584999084473
-566 0 0 0.906835973262787 50.548698425293
-567 0 0 0.907710015773773 50.6390991210938
-568 0 0 0.908590018749237 50.7294998168945
-569 0 0 0.909474015235901 50.8199005126953
-570 0 0 0.910363972187042 50.9104995727539
-571 0 0 0.911257982254028 51.0010986328125
-572 0 0 0.912158012390137 51.0917015075684
-573 0 0 0.913062989711761 51.1823997497559
-574 0 0 0.913972973823547 51.2732009887695
-575 0 0 0.914888024330139 51.3639984130859
-576 0 0 0.915808975696564 51.4548988342285
-577 0 0 0.916733980178833 51.5457992553711
-578 0 0 0.917663991451263 51.6367988586426
-579 0 0 0.918600022792816 51.7279014587402
-580 0 0 0.919539988040924 51.8190002441406
-581 0 0 0.920485973358154 51.9101982116699
-582 0 0 0.921436011791229 52.0014991760254
-583 0 0 0.922390997409821 52.0928001403809
-584 0 0 0.923352003097534 52.1841011047363
-585 0 0 0.924317002296448 52.2755012512207
-586 0 0 0.925288021564484 52.367000579834
-587 0 0 0.926262974739075 52.4584999084473
-588 0 0 0.927242994308472 52.5500984191895
-589 0 0 0.928228974342346 52.6417999267578
-590 0 0 0.929219007492065 52.7333984375
-591 0 0 0.930213987827301 52.8251991271973
-592 0 0 0.931213974952698 52.9169998168945
-593 0 0 0.9322190284729 53.0088005065918
-594 0 0 0.933228015899658 53.1007995605469
-595 0 0 0.934243023395538 53.192699432373
-596 0 0 0.935262024402618 53.2846984863281
-597 0 0 0.936285972595215 53.3768005371094
-598 0 0 0.937314987182617 53.4688987731934
-599 0 0 0.938349008560181 53.5611000061035
-600 15 4 0.93938797712326 53.6533012390137
-601 0 0 0.940430998802185 53.7456016540527
-602 0 0 0.941479980945587 53.8378982543945
-603 0 0 0.942532002925873 53.9303016662598
-604 0 0 0.943589985370636 54.0227012634277
-605 0 0 0.94465297460556 54.1152000427246
-606 0 0 0.945720016956329 54.2076988220215
-607 0 0 0.946792006492615 54.3003005981445
-608 0 0 0.9478679895401 54.3928985595703
-609 0 0 0.948948979377747 54.4855995178223
-610 0 0 0.950034976005554 54.5783004760742
-611 0 0 0.951125979423523 54.6711006164551
-612 0 0 0.952220976352692 54.7639007568359
-613 0 0 0.953320980072021 54.8568000793457
-614 0 0 0.954425990581512 54.9496994018555
-615 0 0 0.955534994602203 55.0427017211914
-616 0 0 0.956649005413055 55.1357002258301
-617 0 0 0.957767009735107 55.2286987304688
-618 0 0 0.958890020847321 55.3218002319336
-619 0 0 0.96001797914505 55.4150009155273
-620 0 0 0.961149990558624 55.5082015991211
-621 0 0 0.962285995483398 55.6013984680176
-622 0 0 0.963428020477295 55.6946983337402
-623 0 0 0.96457302570343 55.7879981994629
-624 0 0 0.965723991394043 55.8814010620117
-625 0 0 0.966877996921539 55.9748001098633
-626 0 0 0.968038022518158 56.0681991577148
-627 0 0 0.969201028347015 56.1617012023926
-628 0 0 0.97036999464035 56.255199432373
-629 0 0 0.971542000770569 56.3488006591797
-630 0 0 0.972719013690948 56.4424018859863
-631 0 0 0.973900973796844 56.5360984802246
-632 0 0 0.975086987018585 56.6297988891602
-633 0 0 0.976276993751526 56.7234992980957
-634 0 0 0.977472007274628 56.8172988891602
-635 0 0 0.978671014308929 56.9112014770508
-636 0 0 0.979875028133392 57.0050010681152
-637 0 0 0.98108297586441 57.0988998413086
-638 0 0 0.982294976711273 57.1929016113281
-639 0 0 0.983511984348297 57.2868003845215
-640 0 0 0.984732985496521 57.3809013366699
-641 0 0 0.985957980155945 57.4748992919922
-642 0 0 0.98718798160553 57.5690002441406
-643 0 0 0.988421976566315 57.663200378418
-644 0 0 0.989660024642944 57.7573013305664
-645 0 0 0.99090301990509 57.8515014648438
-646 0 0 0.992150008678436 57.94580078125
-647 0 0 0.993400990962982 58.0401000976563
-648 0 0 0.994656026363373 58.1343994140625
-649 0 0 0.99591600894928 58.2286987304688
-650 16 4 0.997179985046387 58.3231010437012
-651 0 0 0.998448014259338 58.4175987243652
-652 0 0 0.999719977378845 58.5120010375977
-653 0 0 1.00100004673004 58.6064987182617
-654 0 0 1.00227999687195 58.701000213623
-655 0 0 1.00355994701385 58.7956008911133
-656 0 0 1.00485002994537 58.8902015686035
-657 0 0 1.0061399936676 58.9847984313965
-658 0 0 1.00743997097015 59.0794982910156
-659 0 0 1.00873994827271 59.1741981506348
-660 0 0 1.01005005836487 59.2689018249512
-661 0 0 1.01136004924774 59.3637008666992
-662 0 0 1.01267004013062 59.4584999084473
-663 0 0 1.01399004459381 59.5532989501953
-664 0 0 1.01531004905701 59.6482009887695
-665 0 0 1.01663994789124 59.7430992126465
-666 0 0 1.01796996593475 59.8380012512207
-667 0 0 1.01929998397827 59.9329986572266
-668 0 0 1.02064001560211 60.0279006958008
-669 0 0 1.02198004722595 60.1230010986328
-670 0 0 1.02332997322083 60.2179985046387
-671 0 0 1.02468001842499 60.3130989074707
-672 0 0 1.02603995800018 60.4081993103027
-673 0 0 1.02739000320435 60.5032997131348
-674 0 0 1.02875995635986 60.5984992980957
-675 0 0 1.03012001514435 60.6936988830566
-676 0 0 1.03148996829987 60.7888984680176
-677 0 0 1.032870054245 60.8842010498047
-678 0 0 1.03425002098083 60.9794006347656
-679 0 0 1.03562998771667 61.0746994018555
-680 0 0 1.03701996803284 61.1701011657715
-681 0 0 1.038409948349 61.2653999328613
-682 0 0 1.03980004787445 61.3608016967773
-683 0 0 1.04120004177094 61.4561996459961
-684 0 0 1.04260003566742 61.551700592041
-685 0 0 1.04401004314423 61.6472015380859
-686 0 0 1.04542005062103 61.7425994873047
-687 0 0 1.04683005809784 61.8381996154785
-688 0 0 1.04824995994568 61.9337005615234
-689 0 0 1.04966998100281 62.0293006896973
-690 0 0 1.05109000205994 62.1249008178711
-691 0 0 1.05252003669739 62.2205009460449
-692 0 0 1.05395996570587 62.3162002563477
-693 0 0 1.05539000034332 62.4118003845215
-694 0 0 1.0568300485611 62.5074996948242
-695 0 0 1.0582799911499 62.603199005127
-696 0 0 1.059730052948 62.6990013122559
-697 0 0 1.0611799955368 62.7947998046875
-698 0 0 1.0626300573349 62.8904991149902
-699 0 0 1.06409001350403 62.986400604248
-700 17 4 1.06555998325348 63.0821990966797
-701 0 0 1.0670200586319 63.1781005859375
-702 0 0 1.06849002838135 63.2738990783691
-703 0 0 1.06997001171112 63.3698997497559
-704 0 0 1.07144999504089 63.4658012390137
-705 0 0 1.07292997837067 63.5616989135742
-706 0 0 1.07441997528076 63.6576995849609
-707 0 0 1.07590997219086 63.7537002563477
-708 0 0 1.07739996910095 63.8497009277344
-709 0 0 1.07889997959137 63.94580078125
-710 0 0 1.08039999008179 64.0418014526367
-711 0 0 1.0819000005722 64.1379013061523
-712 0 0 1.08341002464294 64.234001159668
-713 0 0 1.08492004871368 64.3301010131836
-714 0 0 1.08643996715546 64.4263000488281
-715 0 0 1.08796000480652 64.5223999023438
-716 0 0 1.08948004245758 64.6185989379883
-717 0 0 1.09099996089935 64.7147979736328
-718 0 0 1.09253001213074 64.8109970092773
-719 0 0 1.09406995773315 64.9073028564453
-720 0 0 1.09561002254486 65.0035018920898
-721 0 0 1.09714996814728 65.0998001098633
-722 0 0 1.09869003295898 65.1960983276367
-723 0 0 1.10023999214172 65.2923965454102
-724 0 0 1.10178995132446 65.3887023925781
-725 0 0 1.10335004329681 65.4850997924805
-726 0 0 1.10490000247955 65.5814971923828
-727 0 0 1.10646998882294 65.6778030395508
-728 0 0 1.108029961586 65.7742004394531
-729 0 0 1.10959994792938 65.8706970214844
-730 0 0 1.11117994785309 65.9671020507813
-731 0 0 1.11275005340576 66.0635986328125
-732 0 0 1.11433005332947 66.1600036621094
-733 0 0 1.11591994762421 66.2565002441406
-734 0 0 1.11749994754791 66.3529968261719
-735 0 0 1.11908996105194 66.4496002197266
-736 0 0 1.12068998813629 66.5460968017578
-737 0 0 1.12229001522064 66.6427001953125
-738 0 0 1.12389004230499 66.7391967773438
-739 0 0 1.12548995018005 66.8358001708984
-740 0 0 1.12709999084473 66.9324035644531
-741 0 0 1.1287100315094 67.0290985107422
-742 0 0 1.1303299665451 67.1257019042969
-743 0 0 1.1319500207901 67.222297668457
-744 0 0 1.13356995582581 67.3190002441406
-745 0 0 1.13520002365112 67.4157028198242
-746 0 0 1.13681995868683 67.5123977661133
-747 0 0 1.13846004009247 67.6091003417969
-748 0 0 1.1400899887085 67.7058029174805
-749 0 0 1.14172995090485 67.8025970458984
-750 18 4 1.14338004589081 67.899299621582
-751 0 0 1.14502000808716 67.9961013793945
-752 0 0 1.14666998386383 68.092903137207
-753 0 0 1.1483199596405 68.189697265625
-754 0 0 1.1499799489975 68.2864990234375
-755 0 0 1.15164005756378 68.38330078125
-756 0 0 1.15330994129181 68.4801025390625
-757 0 0 1.15497004985809 68.5770034790039
-758 0 0 1.15664005279541 68.6737976074219
-759 0 0 1.15831995010376 68.7706985473633
-760 0 0 1.15998995304108 68.8675994873047
-761 0 0 1.16166996955872 68.9645004272461
-762 0 0 1.16335999965668 69.0614013671875
-763 0 0 1.16504001617432 69.1583023071289
-764 0 0 1.16673004627228 69.2553024291992
-765 0 0 1.16842997074127 69.3522033691406
-766 0 0 1.17013001441956 69.4492034912109
-767 0 0 1.17183005809784 69.5462036132813
-768 0 0 1.17352998256683 69.6430969238281
-769 0 0 1.17524003982544 69.7400970458984
-770 0 0 1.17694997787476 69.8371963500977
-771 0 0 1.17866003513336 69.934196472168
-772 0 0 1.180379986763 70.0311965942383
-773 0 0 1.18210005760193 70.1281967163086
-774 0 0 1.18382000923157 70.2253036499023
-775 0 0 1.18554997444153 70.3224029541016
-776 0 0 1.18728005886078 70.4194030761719
-777 0 0 1.18902003765106 70.5165023803711
-778 0 0 1.19075000286102 70.6136016845703
-779 0 0 1.19248998165131 70.7107009887695
-780 0 0 1.19423997402191 70.8078994750977
-781 0 0 1.19597995281219 70.9049987792969
-782 0 0 1.1977299451828 71.0020980834961
-783 0 0 1.19948995113373 71.0992965698242
-784 0 0 1.20123994350433 71.196403503418
-785 0 0 1.20299994945526 71.2936019897461
-786 0 0 1.20476996898651 71.3908004760742
-787 0 0 1.20652997493744 71.4879989624023
-788 0 0 1.20829999446869 71.5851974487305
-789 0 0 1.21008002758026 71.6824035644531
-790 0 0 1.21185004711151 71.7796020507813
-791 0 0 1.21362996101379 71.8768005371094
-792 0 0 1.21542000770569 71.9739990234375
-793 0 0 1.21720004081726 72.0712966918945
-794 0 0 1.21898996829987 72.1685028076172
-795 0 0 1.22078001499176 72.2658004760742
-796 0 0 1.22257995605469 72.3630981445313
-797 0 0 1.2243800163269 72.4602966308594
-798 0 0 1.22617995738983 72.5576019287109
-799 0 0 1.22799003124237 72.654899597168
-800 19 4 1.2297899723053 72.752197265625
-801 0 0 1.23160994052887 72.8495025634766
-802 0 0 1.23342001438141 72.9468002319336
-803 0 0 1.23523998260498 73.0441970825195
-804 0 0 1.23705995082855 73.1415023803711
-805 0 0 1.23889005184174 73.2388000488281
-806 0 0 1.24071002006531 73.3361968994141
-807 0 0 1.2425400018692 73.4336013793945
-808 0 0 1.24437999725342 73.5308990478516
-809 0 0 1.24621999263763 73.628303527832
-810 0 0 1.24805998802185 73.725700378418
-811 0 0 1.24989998340607 73.8230972290039
-812 0 0 1.25174999237061 73.9205017089844
-813 0 0 1.25360000133514 74.0178985595703
-814 0 0 1.25545001029968 74.1153030395508
-815 0 0 1.25731003284454 74.2126998901367
-816 0 0 1.2591700553894 74.3100967407227
-817 0 0 1.26102995872498 74.4075012207031
-818 0 0 1.26289999485016 74.504997253418
-819 0 0 1.26476001739502 74.6024017333984
-820 0 0 1.26663994789124 74.6998977661133
-821 0 0 1.26850998401642 74.7973022460938
-822 0 0 1.27039003372192 74.8947982788086
-823 0 0 1.27226996421814 74.9922027587891
-824 0 0 1.27416002750397 75.0896987915039
-825 0 0 1.27603995800018 75.1872024536133
-826 0 0 1.27794003486633 75.2846984863281
-827 0 0 1.27982997894287 75.3822021484375
-828 0 0 1.28173005580902 75.4796981811523
-829 0 0 1.28363001346588 75.5772018432617
-830 0 0 1.28552997112274 75.6746978759766
-831 0 0 1.28743994235992 75.7722015380859
-832 0 0 1.2893500328064 75.8696975708008
-833 0 0 1.29126000404358 75.9672012329102
-834 0 0 1.29317998886108 76.0647964477539
-835 0 0 1.29509997367859 76.1623001098633
-836 0 0 1.29701995849609 76.2598037719727
-837 0 0 1.2989399433136 76.3573989868164
-838 0 0 1.30086994171143 76.4549026489258
-839 0 0 1.30280005931854 76.5524978637695
-840 0 0 1.3047399520874 76.6501007080078
-841 0 0 1.30667996406555 76.7475967407227
-842 0 0 1.3086199760437 76.8451995849609
-843 0 0 1.31055998802185 76.9428024291992
-844 0 0 1.31251001358032 77.040397644043
-845 0 0 1.31446003913879 77.1379013061523
-846 0 0 1.31640994548798 77.2354965209961
-847 0 0 1.31836998462677 77.3330993652344
-848 0 0 1.32033002376556 77.4307022094727
-849 0 0 1.32228994369507 77.5282974243164
-850 20 4 1.32425999641418 77.6259002685547
-851 0 0 1.3262300491333 77.7236022949219
-852 0 0 1.32819998264313 77.8211975097656
-853 0 0 1.33017003536224 77.9188003540039
-854 0 0 1.33214998245239 78.0164031982422
-855 0 0 1.33413004875183 78.1139984130859
-856 0 0 1.3361200094223 78.2117004394531
-857 0 0 1.33809995651245 78.3093032836914
-858 0 0 1.34010004997253 78.4069976806641
-859 0 0 1.34209001064301 78.5046005249023
-860 0 0 1.3440899848938 78.6022033691406
-861 0 0 1.34608995914459 78.6998977661133
-862 0 0 1.34809005260468 78.7975997924805
-863 0 0 1.35009002685547 78.8952026367188
-864 0 0 1.35210001468658 78.9928970336914
-865 0 0 1.3541100025177 79.0904998779297
-866 0 0 1.35613000392914 79.1882019042969
-867 0 0 1.35815000534058 79.2858963012695
-868 0 0 1.36017000675201 79.3835983276367
-869 0 0 1.36219000816345 79.481201171875
-870 0 0 1.36422002315521 79.5789031982422
-871 0 0 1.36625003814697 79.6765975952148
-872 0 0 1.36828005313873 79.774299621582
-873 0 0 1.37031996250153 79.8720016479492
-874 0 0 1.37235999107361 79.9697036743164
-875 0 0 1.37440001964569 80.0673980712891
-876 0 0 1.37644994258881 80.1651000976563
-877 0 0 1.37849998474121 80.2628021240234
-878 0 0 1.38055002689362 80.3604965209961
-879 0 0 1.38259994983673 80.4581985473633
-880 0 0 1.38466000556946 80.5559005737305
-881 0 0 1.3867199420929 80.6536026000977
-882 0 0 1.38879001140594 80.7512969970703
-883 0 0 1.39084994792938 80.8489990234375
-884 0 0 1.39292001724243 80.9468002319336
-885 0 0 1.39499998092651 81.0445022583008
-886 0 0 1.39707005023956 81.1421966552734
-887 0 0 1.39915001392365 81.2398986816406
-888 0 0 1.40122997760773 81.3376998901367
-889 0 0 1.40331995487213 81.4354019165039
-890 0 0 1.40541005134583 81.5330963134766
-891 0 0 1.40750002861023 81.6308975219727
-892 0 0 1.40959000587463 81.7285995483398
-893 0 0 1.41168999671936 81.8264007568359
-894 0 0 1.41378998756409 81.9241027832031
-895 0 0 1.41589999198914 82.0217971801758
-896 0 0 1.41799998283386 82.1195983886719
-897 0 0 1.42010998725891 82.2173004150391
-898 0 0 1.42221999168396 82.3151016235352
-899 0 0 1.42434000968933 82.4128036499023
-900 21 4 1.4264600276947 82.5105972290039
-901 0 0 1.42858004570007 82.6082992553711
-902 0 0 1.43070995807648 82.7061004638672
-903 0 0 1.43282997608185 82.8039016723633
-904 0 0 1.43496000766754 82.9016036987305
-905 0 0 1.43710005283356 82.999397277832
-906 0 0 1.43923997879028 83.0970993041992
-907 0 0 1.4413800239563 83.1949005126953
-908 0 0 1.44351994991302 83.2927017211914
-909 0 0 1.44567000865936 83.3904037475586
-910 0 0 1.44781005382538 83.4881973266602
-911 0 0 1.44997000694275 83.5859985351563
-912 0 0 1.4521199464798 83.6837005615234
-913 0 0 1.45428001880646 83.7815017700195
-914 0 0 1.45643997192383 83.8793029785156
-915 0 0 1.45861005783081 83.9770965576172
-916 0 0 1.46077001094818 84.0747985839844
-917 0 0 1.46293997764587 84.1725997924805
-918 0 0 1.46511995792389 84.2704010009766
-919 0 0 1.46730005741119 84.3682022094727
-920 0 0 1.46948003768921 84.4658966064453
-921 0 0 1.47166001796722 84.5636978149414
-922 0 0 1.47383999824524 84.6614990234375
-923 0 0 1.47602999210358 84.7593002319336
-924 0 0 1.47821998596191 84.8571014404297
-925 0 0 1.48041999340057 84.9549026489258
-926 0 0 1.48262000083923 85.0525970458984
-927 0 0 1.48482000827789 85.1503982543945
-928 0 0 1.48702001571655 85.2481994628906
-929 0 0 1.48923003673553 85.3460006713867
-930 0 0 1.49144005775452 85.4438018798828
-931 0 0 1.49364995956421 85.5416030883789
-932 0 0 1.49586999416351 85.6393966674805
-933 0 0 1.49809002876282 85.7370986938477
-934 0 0 1.50030994415283 85.8348999023438
-935 0 0 1.50253999233246 85.9327011108398
-936 0 0 1.50477004051208 86.0305023193359
-937 0 0 1.50699996948242 86.128303527832
-938 0 0 1.50923001766205 86.2260971069336
-939 0 0 1.51146996021271 86.3238983154297
-940 0 0 1.51371002197266 86.4216995239258
-941 0 0 1.51594996452332 86.519401550293
-942 0 0 1.51820003986359 86.6172027587891
-943 0 0 1.52044999599457 86.7149963378906
-944 0 0 1.52269995212555 86.8127975463867
-945 0 0 1.52496004104614 86.9105987548828
-946 0 0 1.52722001075745 87.0083999633789
-947 0 0 1.52947998046875 87.106201171875
-948 0 0 1.53174996376038 87.2040023803711
-949 0 0 1.53401005268097 87.3018035888672
-950 22 4 1.53629004955292 87.3995971679688
-951 0 0 1.53856003284454 87.4972991943359
-952 0 0 1.54084002971649 87.595100402832
-953 0 0 1.54312002658844 87.6929016113281
-954 0 0 1.54540002346039 87.7907028198242
-955 0 0 1.54769003391266 87.8884963989258
-956 0 0 1.54998004436493 87.9862976074219
-957 0 0 1.5522700548172 88.084098815918
-958 0 0 1.5545699596405 88.1819000244141
-959 0 0 1.5568699836731 88.2797012329102
-960 0 0 1.55917000770569 88.3774032592773
-961 0 0 1.56147003173828 88.4751968383789
-962 0 0 1.56377995014191 88.572998046875
-963 0 0 1.56608998775482 88.6707992553711
-964 0 0 1.56841003894806 88.7686004638672
-965 0 0 1.57072997093201 88.8664016723633
-966 0 0 1.57305002212524 88.9642028808594
-967 0 0 1.57536995410919 89.061897277832
-968 0 0 1.57770001888275 89.1596984863281
-969 0 0 1.58002996444702 89.2574996948242
-970 0 0 1.58236002922058 89.3553009033203
-971 0 0 1.58468997478485 89.4531021118164
-972 0 0 1.58703005313873 89.5507965087891
-973 0 0 1.58938002586365 89.6485977172852
-974 0 0 1.59171998500824 89.7463989257813
-975 0 0 1.59406995773315 89.8442001342773
-976 0 0 1.59642004966736 89.9420013427734
-977 0 0 1.5987800359726 90.0397033691406
-978 0 0 1.60113000869751 90.1374969482422
-979 0 0 1.60348999500275 90.2352981567383
-980 0 0 1.60585999488831 90.3330993652344
-981 0 0 1.60822999477386 90.4308013916016
-982 0 0 1.61059999465942 90.5286026000977
-983 0 0 1.61296999454498 90.6264038085938
-984 0 0 1.61533999443054 90.7240982055664
-985 0 0 1.61772000789642 90.8218994140625
-986 0 0 1.62011003494263 90.9197006225586
-987 0 0 1.62249004840851 91.0174026489258
-988 0 0 1.62487995624542 91.1151962280273
-989 0 0 1.62726998329163 91.2129974365234
-990 0 0 1.62967002391815 91.3106994628906
-991 0 0 1.63206994533539 91.4085006713867
-992 0 0 1.63446998596191 91.5062026977539
-993 0 0 1.63687002658844 91.6039962768555
-994 0 0 1.639279961586 91.7017974853516
-995 0 0 1.64169001579285 91.7994995117188
-996 0 0 1.64409995079041 91.8973007202148
-997 0 0 1.64652001857758 91.995002746582
-998 0 0 1.64893996715546 92.0927963256836
-999 0 0 1.65136003494263 92.1904983520508
-1000 23 9 1.65378999710083 92.2882995605469
