-1000 43 9 -5.31276988983154 -15.1288995742798
-999 0 0 -5.30740976333618 -15.1268997192383
-998 0 0 -5.3020601272583 -15.1248998641968
-997 0 0 -5.29670000076294 -15.1230001449585
-996 0 0 -5.29133987426758 -15.121000289917
-995 0 0 -5.2859902381897 -15.1190004348755
-994 0 0 -5.28063011169434 -15.1169996261597
-993 0 0 -5.27526998519897 -15.1149997711182
-992 0 0 -5.26990985870361 -15.1129999160767
-991 0 0 -5.26455020904541 -15.1110000610352
-990 0 0 -5.25919008255005 -15.1090002059937
-989 0 0 -5.25382995605469 -15.1070003509521
-988 0 0 -5.24846982955933 -15.1049995422363
-987 0 0 -5.2431001663208 -15.1029996871948
-986 0 0 -5.23774003982544 -15.1009998321533
-985 0 0 -5.23236989974976 -15.0989999771118
-984 0 0 -5.22700977325439 -15.0968999862671
-983 0 0 -5.22164011001587 -15.0949001312256
-982 0 0 -5.21626996994019 -15.0929002761841
-981 0 0 -5.21090984344482 -15.0908002853394
-980 0 0 -5.2055401802063 -15.0888004302979
-979 0 0 -5.20017004013062 -15.0867004394531
-978 0 0 -5.19479990005493 -15.0846996307373
-977 0 0 -5.18943023681641 -15.0825996398926
-976 0 0 -5.18406009674072 -15.0804996490479
-975 0 0 -5.17867994308472 -15.0784997940063
-974 0 0 -5.17330980300903 -15.0763998031616
-973 0 0 -5.16794013977051 -15.0742998123169
-972 0 0 -5.1625599861145 -15.0721998214722
-971 0 0 -5.15718984603882 -15.0700998306274
-970 0 0 -5.15181016921997 -15.0679998397827
-969 0 0 -5.14643001556396 -15.065899848938
-968 0 0 -5.14104986190796 -15.0637998580933
-967 0 0 -5.13568019866943 -15.0616998672485
-966 0 0 -5.13030004501343 -15.0595998764038
-965 0 0 -5.12491989135742 -15.0574998855591
-964 0 0 -5.11954021453857 -15.0553998947144
-963 0 0 -5.11415004730225 -15.0531997680664
-962 0 0 -5.10876989364624 -15.0510997772217
-961 0 0 -5.10339021682739 -15.048999786377
-960 0 0 -5.09800004959106 -15.046799659729
-959 0 0 -5.09261989593506 -15.0446996688843
-958 0 0 -5.08723020553589 -15.0424995422363
-957 0 0 -5.08185005187988 -15.0403003692627
-956 0 0 -5.07645988464355 -15.038200378418
-955 0 0 -5.07107019424438 -15.03600025177
-954 0 0 -5.06568002700806 -15.0338001251221
-953 0 0 -5.06028985977173 -15.0317001342773
-952 0 0 -5.05490016937256 -15.0295000076294
-951 0 0 -5.04951000213623 -15.0272998809814
-950 42 4 -5.0441198348999 -15.0250997543335
-949 0 0 -5.03873014450073 -15.0228996276855
-948 0 0 -5.03332996368408 -15.0207004547119
-947 0 0 -5.02793979644775 -15.018500328064
-946 0 0 -5.02254009246826 -15.016300201416
-945 0 0 -5.01714992523193 -15.0139999389648
-944 0 0 -5.01175022125244 -15.0117998123169
-943 0 0 -5.00635004043579 -15.0095996856689
-942 0 0 -5.00095987319946 -15.0073003768921
-941 0 0 -4.99556016921997 -15.0051002502441
-940 0 0 -4.99015998840332 -15.0029001235962
-939 0 0 -4.98475980758667 -15.000599861145
-938 0 0 -4.97935009002686 -14.9982995986938
-937 0 0 -4.97394990921021 -14.9961004257202
-936 0 0 -4.96855020523071 -14.993800163269
-935 0 0 -4.96315002441406 -14.9914999008179
-934 0 0 -4.95773983001709 -14.9892997741699
-933 0 0 -4.9523401260376 -14.9870004653931
-932 0 0 -4.94692993164063 -14.9847002029419
-931 0 0 -4.94152021408081 -14.9823999404907
-930 0 0 -4.93611001968384 -14.9800996780396
-929 0 0 -4.93070983886719 -14.9778003692627
-928 0 0 -4.92530012130737 -14.9755001068115
-927 0 0 -4.9198899269104 -14.9731998443604
-926 0 0 -4.91447019577026 -14.9708003997803
-925 0 0 -4.90906000137329 -14.9685001373291
-924 0 0 -4.90364980697632 -14.9661998748779
-923 0 0 -4.8982400894165 -14.9638004302979
-922 0 0 -4.89281988143921 -14.9615001678467
-921 0 0 -4.88741016387939 -14.9590997695923
-920 0 0 -4.8819899559021 -14.9568004608154
-919 0 0 -4.87657022476196 -14.954400062561
-918 0 0 -4.87116003036499 -14.9519996643066
-917 0 0 -4.8657398223877 -14.9497003555298
-916 0 0 -4.86032009124756 -14.9472999572754
-915 0 0 -4.85489988327026 -14.944899559021
-914 0 0 -4.84948015213013 -14.9425001144409
-913 0 0 -4.84405994415283 -14.9400997161865
-912 0 0 -4.83863019943237 -14.9377002716064
-911 0 0 -4.83320999145508 -14.9352998733521
-910 0 0 -4.82778978347778 -14.932900428772
-909 0 0 -4.82236003875732 -14.9305000305176
-908 0 0 -4.81692981719971 -14.9280004501343
-907 0 0 -4.81151008605957 -14.9256000518799
-906 0 0 -4.80607986450195 -14.9231004714966
-905 0 0 -4.80065011978149 -14.9207000732422
-904 0 0 -4.79521989822388 -14.9182996749878
-903 0 0 -4.78979015350342 -14.9158000946045
-902 0 0 -4.7843599319458 -14.9132995605469
-901 0 0 -4.77893018722534 -14.9109001159668
-900 41 4 -4.77349996566772 -14.9083995819092
-899 0 0 -4.76806020736694 -14.9059000015259
-898 0 0 -4.76262998580933 -14.9034004211426
-897 0 0 -4.75719022750854 -14.900899887085
-896 0 0 -4.75176000595093 -14.8984003067017
-895 0 0 -4.74631977081299 -14.895899772644
-894 0 0 -4.74088001251221 -14.8934001922607
-893 0 0 -4.73544979095459 -14.8908996582031
-892 0 0 -4.73001003265381 -14.8882999420166
-891 0 0 -4.72456979751587 -14.8858003616333
-890 0 0 -4.71913003921509 -14.8832998275757
-889 0 0 -4.71367979049683 -14.8807001113892
-888 0 0 -4.70824003219604 -14.8781995773315
-887 0 0 -4.70279979705811 -14.875599861145
-886 0 0 -4.697350025177 -14.8730001449585
-885 0 0 -4.69190979003906 -14.8704996109009
-884 0 0 -4.68646001815796 -14.8678998947144
-883 0 0 -4.68101978302002 -14.8653001785278
-882 0 0 -4.67557001113892 -14.8627004623413
-881 0 0 -4.67011976242065 -14.8600997924805
-880 0 0 -4.66466999053955 -14.8575000762939
-879 0 0 -4.65922021865845 -14.8549003601074
-878 0 0 -4.65376996994019 -14.8522996902466
-877 0 0 -4.64832019805908 -14.8496999740601
-876 0 0 -4.6428599357605 -14.8470001220703
-875 0 0 -4.63741016387939 -14.8444004058838
-874 0 0 -4.63195991516113 -14.8416996002197
-873 0 0 -4.62650012969971 -14.8390998840332
-872 0 0 -4.62103986740112 -14.8364000320435
-871 0 0 -4.61559009552002 -14.8338003158569
-870 0 0 -4.61012983322144 -14.8311004638672
-869 0 0 -4.60467004776001 -14.8283996582031
-868 0 0 -4.59920978546143 -14.8256998062134
-867 0 0 -4.59375 -14.8229999542236
-866 0 0 -4.58829021453857 -14.8203001022339
-865 0 0 -4.58282995223999 -14.8176002502441
-864 0 0 -4.57736015319824 -14.8149003982544
-863 0 0 -4.57189989089966 -14.8121995925903
-862 0 0 -4.56643009185791 -14.8094997406006
-861 0 0 -4.56096982955933 -14.8066997528076
-860 0 0 -4.55550003051758 -14.8039999008179
-859 0 0 -4.55003023147583 -14.8011999130249
-858 0 0 -4.54455995559692 -14.7985000610352
-857 0 0 -4.53909015655518 -14.7957000732422
-856 0 0 -4.53361988067627 -14.7929000854492
-855 0 0 -4.52815008163452 -14.7902002334595
-854 0 0 -4.52267980575562 -14.7874002456665
-853 0 0 -4.51721000671387 -14.7846002578735
-852 0 0 -4.5117301940918 -14.7818002700806
-851 0 0 -4.50625991821289 -14.7790002822876
-850 40 4 -4.50078010559082 -14.7761001586914
-849 0 0 -4.49530982971191 -14.7733001708984
-848 0 0 -4.48983001708984 -14.7705001831055
-847 0 0 -4.48435020446777 -14.7677001953125
-846 0 0 -4.47886991500854 -14.7648000717163
-845 0 0 -4.47339010238647 -14.7618999481201
-844 0 0 -4.46790981292725 -14.7590999603271
-843 0 0 -4.46243000030518 -14.756199836731
-842 0 0 -4.45695018768311 -14.7532997131348
-841 0 0 -4.45145988464355 -14.7504997253418
-840 0 0 -4.44598007202148 -14.7475996017456
-839 0 0 -4.44048976898193 -14.7447004318237
-838 0 0 -4.43500995635986 -14.7417001724243
-837 0 0 -4.42952013015747 -14.7388000488281
-836 0 0 -4.42402982711792 -14.7358999252319
-835 0 0 -4.41854000091553 -14.7329998016357
-834 0 0 -4.41305017471313 -14.7299995422363
-833 0 0 -4.40755987167358 -14.7271003723145
-832 0 0 -4.40207004547119 -14.724100112915
-831 0 0 -4.3965802192688 -14.7211999893188
-830 0 0 -4.39107990264893 -14.7181997299194
-829 0 0 -4.38559007644653 -14.7152004241943
-828 0 0 -4.38009023666382 -14.7122001647949
-827 0 0 -4.37458992004395 -14.7091999053955
-826 0 0 -4.36910009384155 -14.7061996459961
-825 0 0 -4.36359977722168 -14.703200340271
-824 0 0 -4.35809993743896 -14.7002000808716
-823 0 0 -4.35260009765625 -14.6970996856689
-822 0 0 -4.34709978103638 -14.6941003799438
-821 0 0 -4.34159994125366 -14.6911001205444
-820 0 0 -4.33609008789063 -14.6879997253418
-819 0 0 -4.33058977127075 -14.6849002838135
-818 0 0 -4.32507991790771 -14.6819000244141
-817 0 0 -4.319580078125 -14.6787996292114
-816 0 0 -4.31407022476196 -14.6757001876831
-815 0 0 -4.30855989456177 -14.6725997924805
-814 0 0 -4.30306005477905 -14.6695003509521
-813 0 0 -4.29755020141602 -14.6663999557495
-812 0 0 -4.29203987121582 -14.663200378418
-811 0 0 -4.28652000427246 -14.6600999832153
-810 0 0 -4.28101015090942 -14.6569995880127
-809 0 0 -4.27549982070923 -14.6538000106812
-808 0 0 -4.26997995376587 -14.6506996154785
-807 0 0 -4.26447010040283 -14.647500038147
-806 0 0 -4.25895023345947 -14.6443004608154
-805 0 0 -4.25343990325928 -14.6410999298096
-804 0 0 -4.24792003631592 -14.637900352478
-803 0 0 -4.24240016937256 -14.6346998214722
-802 0 0 -4.23687982559204 -14.6315002441406
-801 0 0 -4.23135995864868 -14.6282997131348
-800 39 4 -4.225830078125 -14.625
-799 0 0 -4.22031021118164 -14.6218004226685
-798 0 0 -4.21478986740112 -14.6185998916626
-797 0 0 -4.20925998687744 -14.6153001785278
-796 0 0 -4.20374011993408 -14.6120004653931
-795 0 0 -4.19820976257324 -14.608699798584
-794 0 0 -4.19267988204956 -14.6055002212524
-793 0 0 -4.18715000152588 -14.6021995544434
-792 0 0 -4.1816201210022 -14.5987997055054
-791 0 0 -4.17608976364136 -14.5954999923706
-790 0 0 -4.17055988311768 -14.5922002792358
-789 0 0 -4.16503000259399 -14.5888996124268
-788 0 0 -4.15949010848999 -14.5854997634888
-787 0 0 -4.15396022796631 -14.582200050354
-786 0 0 -4.14841985702515 -14.578800201416
-785 0 0 -4.14288997650146 -14.575400352478
-784 0 0 -4.13735008239746 -14.5719995498657
-783 0 0 -4.13181018829346 -14.5685997009277
-782 0 0 -4.12626981735229 -14.5651998519897
-781 0 0 -4.12072992324829 -14.5618000030518
-780 0 0 -4.11519002914429 -14.5584001541138
-779 0 0 -4.10965013504028 -14.5550003051758
-778 0 0 -4.10410022735596 -14.5515003204346
-777 0 0 -4.09855985641479 -14.5481004714966
-776 0 0 -4.09300994873047 -14.5445995330811
-775 0 0 -4.08747005462646 -14.5410995483398
-774 0 0 -4.08192014694214 -14.5375995635986
-773 0 0 -4.07636976242065 -14.5340995788574
-772 0 0 -4.07081985473633 -14.5305995941162
-771 0 0 -4.065269947052 -14.527099609375
-770 0 0 -4.05972003936768 -14.5235996246338
-769 0 0 -4.05416011810303 -14.5200004577637
-768 0 0 -4.0486102104187 -14.5165004730225
-767 0 0 -4.04304981231689 -14.512900352478
-766 0 0 -4.03749990463257 -14.5094003677368
-765 0 0 -4.03193998336792 -14.5058002471924
-764 0 0 -4.02638006210327 -14.5022001266479
-763 0 0 -4.02083015441895 -14.4986000061035
-762 0 0 -4.0152702331543 -14.4949998855591
-761 0 0 -4.00969982147217 -14.4912996292114
-760 0 0 -4.00413990020752 -14.4877004623413
-759 0 0 -3.99857997894287 -14.4840002059937
-758 0 0 -3.9930100440979 -14.4804000854492
-757 0 0 -3.98744988441467 -14.4766998291016
-756 0 0 -3.9818799495697 -14.4729995727539
-755 0 0 -3.97632002830505 -14.4693002700806
-754 0 0 -3.97075009346008 -14.4656000137329
-753 0 0 -3.96517992019653 -14.4618997573853
-752 0 0 -3.95960998535156 -14.4582004547119
-751 0 0 -3.95404005050659 -14.4545001983643
-750 38 4 -3.9484601020813 -14.4506998062134
-749 0 0 -3.94288992881775 -14.4469995498657
-748 0 0 -3.93730998039246 -14.4432001113892
-747 0 0 -3.93174004554749 -14.4393997192383
-746 0 0 -3.92616009712219 -14.4356002807617
-745 0 0 -3.92057991027832 -14.4317998886108
-744 0 0 -3.91499996185303 -14.4280004501343
-743 0 0 -3.90942001342773 -14.4240999221802
-742 0 0 -3.90384006500244 -14.4202995300293
-741 0 0 -3.89826011657715 -14.4163999557495
-740 0 0 -3.89267992973328 -14.4125995635986
-739 0 0 -3.88708996772766 -14.4086999893188
-738 0 0 -3.88151001930237 -14.4048004150391
-737 0 0 -3.87592005729675 -14.400899887085
-736 0 0 -3.87033009529114 -14.3970003128052
-735 0 0 -3.86473989486694 -14.3930997848511
-734 0 0 -3.85914993286133 -14.3891000747681
-733 0 0 -3.85355997085571 -14.385199546814
-732 0 0 -3.8479700088501 -14.381199836731
-731 0 0 -3.84238004684448 -14.3772001266479
-730 0 0 -3.83678007125854 -14.3732004165649
-729 0 0 -3.83119010925293 -14.3691997528076
-728 0 0 -3.82558989524841 -14.3652000427246
-727 0 0 -3.81998991966248 -14.3612003326416
-726 0 0 -3.81438994407654 -14.3570995330811
-725 0 0 -3.8087899684906 -14.353099822998
-724 0 0 -3.80318999290466 -14.3489999771118
-723 0 0 -3.79759001731873 -14.3449001312256
-722 0 0 -3.79199004173279 -14.3408002853394
-721 0 0 -3.78638005256653 -14.3367004394531
-720 0 0 -3.78078007698059 -14.3325996398926
-719 0 0 -3.77517008781433 -14.3284997940063
-718 0 0 -3.76956009864807 -14.3242998123169
-717 0 0 -3.76395010948181 -14.3201999664307
-716 0 0 -3.75833988189697 -14.3159999847412
-715 0 0 -3.75272989273071 -14.3118000030518
-714 0 0 -3.74711990356445 -14.3076000213623
-713 0 0 -3.74150991439819 -14.3034000396729
-712 0 0 -3.73588991165161 -14.2992000579834
-711 0 0 -3.73027992248535 -14.2948999404907
-710 0 0 -3.72465991973877 -14.2906999588013
-709 0 0 -3.71903991699219 -14.2863998413086
-708 0 0 -3.71341991424561 -14.2820997238159
-707 0 0 -3.70779991149902 -14.2777996063232
-706 0 0 -3.70217990875244 -14.2735004425049
-705 0 0 -3.69654989242554 -14.2692003250122
-704 0 0 -3.69092988967896 -14.2648000717163
-703 0 0 -3.68530011177063 -14.2604999542236
-702 0 0 -3.67968010902405 -14.2560997009277
-701 0 0 -3.67405009269714 -14.2517004013062
-700 37 4 -3.66842007637024 -14.2473001480103
-699 0 0 -3.66279006004333 -14.2428998947144
-698 0 0 -3.65716004371643 -14.2384996414185
-697 0 0 -3.65153002738953 -14.2340002059937
-696 0 0 -3.6458899974823 -14.2295999526978
-695 0 0 -3.6402599811554 -14.2250995635986
-694 0 0 -3.63461995124817 -14.2206001281738
-693 0 0 -3.62898993492126 -14.2160997390747
-692 0 0 -3.62334990501404 -14.2116003036499
-691 0 0 -3.61771011352539 -14.2069997787476
-690 0 0 -3.61207008361816 -14.2025003433228
-689 0 0 -3.60642004013062 -14.1978998184204
-688 0 0 -3.60078001022339 -14.1933002471924
-687 0 0 -3.59512996673584 -14.18869972229
-686 0 0 -3.58948993682861 -14.184100151062
-685 0 0 -3.58383989334106 -14.1794996261597
-684 0 0 -3.57819008827209 -14.1747999191284
-683 0 0 -3.57254004478455 -14.1702003479004
-682 0 0 -3.566890001297 -14.1654996871948
-681 0 0 -3.56123995780945 -14.1607999801636
-680 0 0 -3.5555899143219 -14.1561002731323
-679 0 0 -3.54993009567261 -14.1513996124268
-678 0 0 -3.54428005218506 -14.1465997695923
-677 0 0 -3.53861999511719 -14.141900062561
-676 0 0 -3.53295993804932 -14.1371002197266
-675 0 0 -3.52729988098145 -14.1323003768921
-674 0 0 -3.52164006233215 -14.1274995803833
-673 0 0 -3.51598000526428 -14.1226997375488
-672 0 0 -3.51030993461609 -14.1177997589111
-671 0 0 -3.5046501159668 -14.1129999160767
-670 0 0 -3.4989800453186 -14.108099937439
-669 0 0 -3.49330997467041 -14.1031999588013
-668 0 0 -3.48763990402222 -14.0982999801636
-667 0 0 -3.4819700717926 -14.0934000015259
-666 0 0 -3.47630000114441 -14.088399887085
-665 0 0 -3.47062993049622 -14.0834999084473
-664 0 0 -3.46495008468628 -14.0784997940063
-663 0 0 -3.45928001403809 -14.0734996795654
-662 0 0 -3.45359992980957 -14.0684995651245
-661 0 0 -3.44792008399963 -14.0634002685547
-660 0 0 -3.44223999977112 -14.0584001541138
-659 0 0 -3.4365599155426 -14.0532999038696
-658 0 0 -3.43088006973267 -14.0481996536255
-657 0 0 -3.42519998550415 -14.0431003570557
-656 0 0 -3.41950988769531 -14.0380001068115
-655 0 0 -3.41383004188538 -14.0327997207642
-654 0 0 -3.40813994407654 -14.0277004241943
-653 0 0 -3.40245008468628 -14.022500038147
-652 0 0 -3.39675998687744 -14.0172996520996
-651 0 0 -3.3910698890686 -14.0121002197266
-650 36 4 -3.38537001609802 -14.006799697876
-649 0 0 -3.37967991828918 -14.0016002655029
-648 0 0 -3.3739800453186 -13.9962997436523
-647 0 0 -3.36828994750977 -13.9910001754761
-646 0 0 -3.36259007453918 -13.9856996536255
-645 0 0 -3.35688996315002 -13.980299949646
-644 0 0 -3.35119009017944 -13.9750003814697
-643 0 0 -3.34547996520996 -13.9695997238159
-642 0 0 -3.33978009223938 -13.9642000198364
-641 0 0 -3.3340699672699 -13.9588003158569
-640 0 0 -3.32837009429932 -13.9533996582031
-639 0 0 -3.32265996932983 -13.9478998184204
-638 0 0 -3.31695008277893 -13.9423999786377
-637 0 0 -3.31123995780945 -13.936900138855
-636 0 0 -3.30552005767822 -13.9314002990723
-635 0 0 -3.29980993270874 -13.9259004592896
-634 0 0 -3.29409003257751 -13.9202995300293
-633 0 0 -3.28837990760803 -13.9147996902466
-632 0 0 -3.28266000747681 -13.9091997146606
-631 0 0 -3.27694010734558 -13.9034996032715
-630 0 0 -3.27121996879578 -13.8978996276855
-629 0 0 -3.26549005508423 -13.8922004699707
-628 0 0 -3.25976991653442 -13.8865003585815
-627 0 0 -3.25404000282288 -13.8808002471924
-626 0 0 -3.24831008911133 -13.8751001358032
-625 0 0 -3.2425799369812 -13.8692998886108
-624 0 0 -3.23685002326965 -13.8635997772217
-623 0 0 -3.23112010955811 -13.8577995300293
-622 0 0 -3.22538995742798 -13.8520002365112
-621 0 0 -3.21965003013611 -13.8460998535156
-620 0 0 -3.21392011642456 -13.8402996063232
-619 0 0 -3.20817995071411 -13.834400177002
-618 0 0 -3.20244002342224 -13.8284997940063
-617 0 0 -3.19670009613037 -13.8225002288818
-616 0 0 -3.1909499168396 -13.8165998458862
-615 0 0 -3.18520998954773 -13.8106002807617
-614 0 0 -3.17946004867554 -13.8045997619629
-613 0 0 -3.17371988296509 -13.7986001968384
-612 0 0 -3.1679699420929 -13.7924995422363
-611 0 0 -3.1622200012207 -13.7864999771118
-610 0 0 -3.15646004676819 -13.7804002761841
-609 0 0 -3.150710105896 -13.7742004394531
-608 0 0 -3.1449499130249 -13.7680997848511
-607 0 0 -3.13919997215271 -13.7618999481201
-606 0 0 -3.1334400177002 -13.7557001113892
-605 0 0 -3.12768006324768 -13.7495002746582
-604 0 0 -3.12192010879517 -13.7433004379272
-603 0 0 -3.11614990234375 -13.7370004653931
-602 0 0 -3.11038994789124 -13.7306995391846
-601 0 0 -3.1046199798584 -13.7243995666504
-600 35 4 -3.09885001182556 -13.7180995941162
-599 0 0 -3.09308004379272 -13.7117004394531
-598 0 0 -3.08731007575989 -13.7053003311157
-597 0 0 -3.08154010772705 -13.6989002227783
-596 0 0 -3.07575988769531 -13.6923999786377
-595 0 0 -3.06997990608215 -13.6858997344971
-594 0 0 -3.06420993804932 -13.6794004440308
-593 0 0 -3.05842995643616 -13.6729001998901
-592 0 0 -3.05263996124268 -13.6663999557495
-591 0 0 -3.04685997962952 -13.6597995758057
-590 0 0 -3.04106998443604 -13.6532001495361
-589 0 0 -3.03529000282288 -13.6464996337891
-588 0 0 -3.02950000762939 -13.6399002075195
-587 0 0 -3.02371001243591 -13.6331996917725
-586 0 0 -3.01792001724243 -13.6265001296997
-585 0 0 -3.01212000846863 -13.6197004318237
-584 0 0 -3.00633001327515 -13.6129999160767
-583 0 0 -3.00053000450134 -13.6062002182007
-582 0 0 -2.99472999572754 -13.5993003845215
-581 0 0 -2.98892998695374 -13.5924997329712
-580 0 0 -2.98312997817993 -13.585599899292
-579 0 0 -2.97731995582581 -13.5787000656128
-578 0 0 -2.971519947052 -13.5717000961304
-577 0 0 -2.96570992469788 -13.5648002624512
-576 0 0 -2.95989990234375 -13.5578002929688
-575 0 0 -2.95408010482788 -13.5507001876831
-574 0 0 -2.94827008247375 -13.5437002182007
-573 0 0 -2.94246006011963 -13.536600112915
-572 0 0 -2.93664002418518 -13.5293998718262
-571 0 0 -2.93081998825073 -13.5222997665405
-570 0 0 -2.92499995231628 -13.5150995254517
-569 0 0 -2.91916990280151 -13.5079002380371
-568 0 0 -2.91335010528564 -13.500599861145
-567 0 0 -2.90752005577087 -13.4933996200562
-566 0 0 -2.9016900062561 -13.4861001968384
-565 0 0 -2.89585995674133 -13.4786996841431
-564 0 0 -2.89002990722656 -13.4713001251221
-563 0 0 -2.88420009613037 -13.4638996124268
-562 0 0 -2.87836003303528 -13.4565000534058
-561 0 0 -2.87251996994019 -13.4490003585815
-560 0 0 -2.86667990684509 -13.441499710083
-559 0 0 -2.86084008216858 -13.4340000152588
-558 0 0 -2.85500001907349 -13.4264001846313
-557 0 0 -2.84914994239807 -13.4188003540039
-556 0 0 -2.84330010414124 -13.4111995697021
-555 0 0 -2.83745002746582 -13.4034996032715
-554 0 0 -2.83159995079041 -13.3957996368408
-553 0 0 -2.82574009895325 -13.3880996704102
-552 0 0 -2.81989002227783 -13.3802995681763
-551 0 0 -2.81402993202209 -13.3725004196167
-550 34 4 -2.80817008018494 -13.3647003173828
-549 0 0 -2.8023099899292 -13.3568000793457
-548 0 0 -2.79643988609314 -13.3488998413086
-547 0 0 -2.79058003425598 -13.3409004211426
-546 0 0 -2.78470993041992 -13.3329000473022
-545 0 0 -2.77884006500244 -13.3248996734619
-544 0 0 -2.77295994758606 -13.3169002532959
-543 0 0 -2.76709008216858 -13.3087997436523
-542 0 0 -2.7612099647522 -13.3006000518799
-541 0 0 -2.75533008575439 -13.2924995422363
-540 0 0 -2.74944996833801 -13.2842998504639
-539 0 0 -2.74357008934021 -13.2760000228882
-538 0 0 -2.73767995834351 -13.2677001953125
-537 0 0 -2.7318000793457 -13.2594003677368
-536 0 0 -2.725909948349 -13.2510995864868
-535 0 0 -2.72001004219055 -13.2426996231079
-534 0 0 -2.71411991119385 -13.2341995239258
-533 0 0 -2.7082200050354 -13.225700378418
-532 0 0 -2.70232009887695 -13.2172002792358
-531 0 0 -2.69641995429993 -13.2087001800537
-530 0 0 -2.69052004814148 -13.2000999450684
-529 0 0 -2.68460988998413 -13.1913995742798
-528 0 0 -2.67869997024536 -13.1828002929688
-527 0 0 -2.67279005050659 -13.1740999221802
-526 0 0 -2.66687989234924 -13.1653003692627
-525 0 0 -2.66096997261047 -13.1564998626709
-524 0 0 -2.65505003929138 -13.1477003097534
-523 0 0 -2.64913010597229 -13.1387996673584
-522 0 0 -2.64320993423462 -13.1297998428345
-521 0 0 -2.63727998733521 -13.1209001541138
-520 0 0 -2.63136005401611 -13.1119003295898
-519 0 0 -2.6254301071167 -13.1028003692627
-518 0 0 -2.61949992179871 -13.0937004089355
-517 0 0 -2.61355996131897 -13.0846004486084
-516 0 0 -2.60763001441956 -13.075400352478
-515 0 0 -2.60169005393982 -13.0661001205444
-514 0 0 -2.59574007987976 -13.0569000244141
-513 0 0 -2.58979988098145 -13.0474996566772
-512 0 0 -2.58384990692139 -13.038200378418
-511 0 0 -2.57790994644165 -13.0288000106812
-510 0 0 -2.57194995880127 -13.0193004608154
-509 0 0 -2.56599998474121 -13.0097999572754
-508 0 0 -2.56003999710083 -13.0002002716064
-507 0 0 -2.55408000946045 -12.9905996322632
-506 0 0 -2.54812002182007 -12.9809999465942
-505 0 0 -2.54216003417969 -12.9713001251221
-504 0 0 -2.53619003295898 -12.9615001678467
-503 0 0 -2.53022003173828 -12.9517002105713
-502 0 0 -2.52425003051758 -12.9419002532959
-501 0 0 -2.51828002929688 -12.9320001602173
-500 33 4 -2.51230001449585 -12.9219999313354
-499 0 0 -2.50631999969482 -12.9119997024536
-498 0 0 -2.50032997131348 -12.9020004272461
-497 0 0 -2.49434995651245 -12.891900062561
-496 0 0 -2.4883599281311 -12.8816995620728
-495 0 0 -2.48236989974976 -12.8715000152588
-494 0 0 -2.47638010978699 -12.8613004684448
-493 0 0 -2.47038006782532 -12.8509998321533
-492 0 0 -2.46438002586365 -12.8406000137329
-491 0 0 -2.45837998390198 -12.8302001953125
-490 0 0 -2.45236992835999 -12.8197002410889
-489 0 0 -2.44636011123657 -12.8092002868652
-488 0 0 -2.44035005569458 -12.7986001968384
-487 0 0 -2.43434000015259 -12.7880001068115
-486 0 0 -2.42831993103027 -12.7772998809814
-485 0 0 -2.42230010032654 -12.7665996551514
-484 0 0 -2.41628003120422 -12.7558002471924
-483 0 0 -2.41024994850159 -12.7448997497559
-482 0 0 -2.40423011779785 -12.7340002059937
-481 0 0 -2.39819002151489 -12.7229995727539
-480 0 0 -2.39215993881226 -12.7119998931885
-479 0 0 -2.38612008094788 -12.7009000778198
-478 0 0 -2.38007998466492 -12.6898002624512
-477 0 0 -2.37403988838196 -12.6785001754761
-476 0 0 -2.36799001693726 -12.6673002243042
-475 0 0 -2.36193990707397 -12.6559000015259
-474 0 0 -2.35589003562927 -12.6444997787476
-473 0 0 -2.34982991218567 -12.6330995559692
-472 0 0 -2.34377002716064 -12.621600151062
-471 0 0 -2.33770990371704 -12.6099996566772
-470 0 0 -2.33164000511169 -12.5982999801636
-469 0 0 -2.32557010650635 -12.5866003036499
-468 0 0 -2.31949996948242 -12.5748996734619
-467 0 0 -2.31342005729675 -12.5629997253418
-466 0 0 -2.3073399066925 -12.5510997772217
-465 0 0 -2.30125999450684 -12.5391998291016
-464 0 0 -2.29518008232117 -12.527099609375
-463 0 0 -2.2890899181366 -12.5150003433228
-462 0 0 -2.28298997879028 -12.5029001235962
-461 0 0 -2.27690005302429 -12.4905996322632
-460 0 0 -2.27080011367798 -12.4783000946045
-459 0 0 -2.26468992233276 -12.4659004211426
-458 0 0 -2.25858998298645 -12.4534997940063
-457 0 0 -2.25248003005981 -12.4409999847412
-456 0 0 -2.24636006355286 -12.4284000396729
-455 0 0 -2.24025011062622 -12.4156999588013
-454 0 0 -2.23411989212036 -12.4029998779297
-453 0 0 -2.2279999256134 -12.3901996612549
-452 0 0 -2.22186994552612 -12.3773002624512
-451 0 0 -2.21573996543884 -12.3642997741699
-450 32 4 -2.20959997177124 -12.351300239563
-449 0 0 -2.20345997810364 -12.3381996154785
-448 0 0 -2.19731998443604 -12.3249998092651
-447 0 0 -2.19116997718811 -12.3118000030518
-446 0 0 -2.18501996994019 -12.2983999252319
-445 0 0 -2.17886996269226 -12.2849998474121
-444 0 0 -2.17270994186401 -12.2714996337891
-443 0 0 -2.16654992103577 -12.2580003738403
-442 0 0 -2.1603798866272 -12.2442998886108
-441 0 0 -2.15421009063721 -12.2306003570557
-440 0 0 -2.14803004264832 -12.2166996002197
-439 0 0 -2.14184999465942 -12.2027997970581
-438 0 0 -2.13566994667053 -12.1888999938965
-437 0 0 -2.12948989868164 -12.1747999191284
-436 0 0 -2.12329006195068 -12.1606998443604
-435 0 0 -2.11710000038147 -12.1464004516602
-434 0 0 -2.11089992523193 -12.1321001052856
-433 0 0 -2.10470008850098 -12.1176996231079
-432 0 0 -2.09848999977112 -12.1031999588013
-431 0 0 -2.09227991104126 -12.0886001586914
-430 0 0 -2.08606004714966 -12.0739002227783
-429 0 0 -2.07983994483948 -12.0592002868652
-428 0 0 -2.07361006736755 -12.0443000793457
-427 0 0 -2.06737995147705 -12.0292997360229
-426 0 0 -2.06115007400513 -12.0143003463745
-425 0 0 -2.0549099445343 -11.9991998672485
-424 0 0 -2.04867005348206 -11.9839000701904
-423 0 0 -2.04241991043091 -11.9686002731323
-422 0 0 -2.03617000579834 -11.953200340271
-421 0 0 -2.02991008758545 -11.9377002716064
-420 0 0 -2.02364993095398 -11.9221000671387
-419 0 0 -2.01737999916077 -11.9062995910645
-418 0 0 -2.01111006736755 -11.8905000686646
-417 0 0 -2.00482988357544 -11.8746004104614
-416 0 0 -1.99855005741119 -11.8585996627808
-415 0 0 -1.99226999282837 -11.8424997329712
-414 0 0 -1.98598003387451 -11.8261995315552
-413 0 0 -1.97967994213104 -11.8099002838135
-412 0 0 -1.97337996959686 -11.7934999465942
-411 0 0 -1.96706998348236 -11.7769002914429
-410 0 0 -1.96075999736786 -11.7602996826172
-409 0 0 -1.95445001125336 -11.7434997558594
-408 0 0 -1.94813001155853 -11.7265996932983
-407 0 0 -1.94179999828339 -11.7096996307373
-406 0 0 -1.93546998500824 -11.6926002502441
-405 0 0 -1.92912995815277 -11.6753997802734
-404 0 0 -1.92279005050659 -11.6579999923706
-403 0 0 -1.9164400100708 -11.6406002044678
-402 0 0 -1.91008996963501 -11.6230001449585
-401 0 0 -1.90373003482819 -11.6054000854492
-400 31 4 -1.89735996723175 -11.5875997543335
-399 0 0 -1.8909900188446 -11.5697002410889
-398 0 0 -1.88461995124817 -11.5516004562378
-397 0 0 -1.8782399892807 -11.5334997177124
-396 0 0 -1.87185001373291 -11.5151996612549
-395 0 0 -1.86546003818512 -11.4968004226685
-394 0 0 -1.85906004905701 -11.4783000946045
-393 0 0 -1.85265004634857 -11.4596004486084
-392 0 0 -1.84624004364014 -11.4407997131348
-391 0 0 -1.8398300409317 -11.4218997955322
-390 0 0 -1.83340001106262 -11.4028997421265
-389 0 0 -1.82696998119354 -11.3837003707886
-388 0 0 -1.82053995132446 -11.3643999099731
-387 0 0 -1.81410002708435 -11.3450002670288
-386 0 0 -1.80764997005463 -11.325400352478
-385 0 0 -1.80120003223419 -11.3056001663208
-384 0 0 -1.79473996162415 -11.2857999801636
-383 0 0 -1.78826999664307 -11.2658004760742
-382 0 0 -1.78180003166199 -11.2455997467041
-381 0 0 -1.77532005310059 -11.2253999710083
-380 0 0 -1.76882994174957 -11.2048997879028
-379 0 0 -1.76233994960785 -11.1843004226685
-378 0 0 -1.7558399438858 -11.1635999679565
-377 0 0 -1.74933004379272 -11.1427001953125
-376 0 0 -1.74282002449036 -11.1217002868652
-375 0 0 -1.73629999160767 -11.1005001068115
-374 0 0 -1.72976994514465 -11.0791997909546
-373 0 0 -1.72323000431061 -11.0577001571655
-372 0 0 -1.71668994426727 -11.03600025177
-371 0 0 -1.71013998985291 -11.0142002105713
-370 0 0 -1.70359003543854 -10.9923000335693
-369 0 0 -1.69702005386353 -10.970100402832
-368 0 0 -1.69044995307922 -10.9477996826172
-367 0 0 -1.68387997150421 -10.9253997802734
-366 0 0 -1.67728996276855 -10.9027004241943
-365 0 0 -1.6706999540329 -10.8798999786377
-364 0 0 -1.66409003734589 -10.8569002151489
-363 0 0 -1.65748000144958 -10.8338003158569
-362 0 0 -1.65086996555328 -10.8105001449585
-361 0 0 -1.64424002170563 -10.7869997024536
-360 0 0 -1.63760995864868 -10.7632999420166
-359 0 0 -1.6309700012207 -10.7393999099731
-358 0 0 -1.6243200302124 -10.7153997421265
-357 0 0 -1.61766004562378 -10.6912002563477
-356 0 0 -1.61099994182587 -10.6667003631592
-355 0 0 -1.60432004928589 -10.6421003341675
-354 0 0 -1.59764003753662 -10.6173000335693
-353 0 0 -1.59095001220703 -10.592399597168
-352 0 0 -1.58424997329712 -10.5671997070313
-351 0 0 -1.57754004001617 -10.5417995452881
-350 30 4 -1.57082998752594 -10.5162000656128
-349 0 0 -1.56410002708435 -10.4904003143311
-348 0 0 -1.55736005306244 -10.4645004272461
-347 0 0 -1.55061995983124 -10.4383001327515
-346 0 0 -1.543869972229 -10.4118995666504
-345 0 0 -1.53710997104645 -10.3852996826172
-344 0 0 -1.53032994270325 -10.3584003448486
-343 0 0 -1.52355003356934 -10.3313999176025
-342 0 0 -1.51675999164581 -10.3042001724243
-341 0 0 -1.50996005535126 -10.2767000198364
-340 0 0 -1.50314998626709 -10.2489995956421
-339 0 0 -1.49633002281189 -10.2210998535156
-338 0 0 -1.48950004577637 -10.1928997039795
-337 0 0 -1.48266994953156 -10.1646003723145
-336 0 0 -1.47581994533539 -10.1359996795654
-335 0 0 -1.46896004676819 -10.1070995330811
-334 0 0 -1.46209001541138 -10.0780000686646
-333 0 0 -1.45520997047424 -10.0487003326416
-332 0 0 -1.44832003116608 -10.0192003250122
-331 0 0 -1.4414199590683 -9.9893798828125
-330 0 0 -1.43450999259949 -9.95932960510254
-329 0 0 -1.42759001255035 -9.92903995513916
-328 0 0 -1.42065000534058 -9.8984899520874
-327 0 0 -1.4137099981308 -9.86769008636475
-326 0 0 -1.4067599773407 -9.83662986755371
-325 0 0 -1.39979004859924 -9.80531024932861
-324 0 0 -1.39280998706818 -9.77373027801514
-323 0 0 -1.3858300447464 -9.74188995361328
-322 0 0 -1.37882995605469 -9.70977020263672
-321 0 0 -1.37181997299194 -9.67739009857178
-320 0 0 -1.36478996276855 -9.64472961425781
-319 0 0 -1.35775995254517 -9.61178970336914
-318 0 0 -1.35072004795074 -9.57857990264893
-317 0 0 -1.34365999698639 -9.54508018493652
-316 0 0 -1.336590051651 -9.5113000869751
-315 0 0 -1.329509973526 -9.477219581604
-314 0 0 -1.32242000102997 -9.4428596496582
-313 0 0 -1.31531000137329 -9.40820980072021
-312 0 0 -1.30818998813629 -9.37325954437256
-311 0 0 -1.30105996131897 -9.33800983428955
-310 0 0 -1.29392004013062 -9.30245018005371
-309 0 0 -1.28675997257233 -9.2665901184082
-308 0 0 -1.27960002422333 -9.23042011260986
-307 0 0 -1.27242004871368 -9.19394969940186
-306 0 0 -1.2652200460434 -9.15715026855469
-305 0 0 -1.25802004337311 -9.12003993988037
-304 0 0 -1.25080001354218 -9.08261013031006
-303 0 0 -1.2435599565506 -9.04485988616943
-302 0 0 -1.23632001876831 -9.00677967071533
-301 0 0 -1.22906005382538 -8.96837043762207
-300 29 4 -1.22178995609283 -8.92963027954102
-299 0 0 -1.21449995040894 -8.89056015014648
-298 0 0 -1.207200050354 -8.851149559021
-297 0 0 -1.19989001750946 -8.81140041351318
-296 0 0 -1.19255995750427 -8.77130031585693
-295 0 0 -1.18522000312805 -8.73085975646973
-294 0 0 -1.17787003517151 -8.69007968902588
-293 0 0 -1.17050004005432 -8.64894008636475
-292 0 0 -1.16312003135681 -8.60743999481201
-291 0 0 -1.15571999549866 -8.56558990478516
-290 0 0 -1.14830994606018 -8.52338027954102
-289 0 0 -1.14089000225067 -8.48081016540527
-288 0 0 -1.13345003128052 -8.43787002563477
-287 0 0 -1.12600004673004 -8.39457035064697
-286 0 0 -1.11853003501892 -8.3508996963501
-285 0 0 -1.11105000972748 -8.30685997009277
-284 0 0 -1.10355997085571 -8.2624397277832
-283 0 0 -1.09605002403259 -8.21765041351318
-282 0 0 -1.08852005004883 -8.17247009277344
-281 0 0 -1.08097994327545 -8.12691974639893
-280 0 0 -1.07342994213104 -8.08098983764648
-279 0 0 -1.06586003303528 -8.03466987609863
-278 0 0 -1.0582799911499 -7.98796987533569
-277 0 0 -1.05068004131317 -7.94086980819702
-276 0 0 -1.04306995868683 -7.89339017868042
-275 0 0 -1.03544998168945 -7.84552001953125
-274 0 0 -1.02780997753143 -7.79725980758667
-273 0 0 -1.02015995979309 -7.74860000610352
-272 0 0 -1.01249003410339 -7.69955015182495
-271 0 0 -1.00479996204376 -7.65010023117065
-270 0 0 -0.997107982635498 -7.60024976730347
-269 0 0 -0.989396989345551 -7.55001020431519
-268 0 0 -0.98167097568512 -7.49937009811401
-267 0 0 -0.973932027816772 -7.44832992553711
-266 0 0 -0.966177999973297 -7.39689016342163
-265 0 0 -0.958410024642944 -7.34505987167358
-264 0 0 -0.950628995895386 -7.29281997680664
-263 0 0 -0.942833006381989 -7.24018001556396
-262 0 0 -0.93502402305603 -7.18715000152588
-261 0 0 -0.927200973033905 -7.13370990753174
-260 0 0 -0.919363975524902 -7.07988023757935
-259 0 0 -0.911513984203339 -7.02565002441406
-258 0 0 -0.903650999069214 -6.97103023529053
-257 0 0 -0.895774006843567 -6.9160099029541
-256 0 0 -0.887884020805359 -6.8605899810791
-255 0 0 -0.879981994628906 -6.80479001998901
-254 0 0 -0.872066020965576 -6.74858999252319
-253 0 0 -0.864138007164001 -6.69199991226196
-252 0 0 -0.856196999549866 -6.63502979278564
-251 0 0 -0.84824401140213 -6.57767009735107
-250 28 4 -0.84027898311615 -6.51992988586426
-249 0 0 -0.832301020622253 -6.46181011199951
-248 0 0 -0.824311971664429 -6.40331983566284
-247 0 0 -0.816311001777649 -6.34443998336792
-246 0 0 -0.808297991752625 -6.28520011901855
-245 0 0 -0.800275027751923 -6.22559022903442
-244 0 0 -0.792240023612976 -6.16561985015869
-243 0 0 -0.784193992614746 -6.10528993606567
-242 0 0 -0.776136994361877 -6.04460000991821
-241 0 0 -0.768069982528687 -5.98355007171631
-240 0 0 -0.759992003440857 -5.92216014862061
-239 0 0 -0.751905024051666 -5.86042976379395
-238 0 0 -0.743807017803192 -5.79834985733032
-237 0 0 -0.735700011253357 -5.73593997955322
-236 0 0 -0.727582991123199 -5.67321014404297
-235 0 0 -0.719456970691681 -5.61013984680176
-234 0 0 -0.711322009563446 -5.54676008224487
-233 0 0 -0.703179001808167 -5.48305988311768
-232 0 0 -0.695025980472565 -5.41906023025513
-231 0 0 -0.686864972114563 -5.35475015640259
-230 0 0 -0.678695976734161 -5.29014015197754
-229 0 0 -0.67051899433136 -5.2252402305603
-228 0 0 -0.662334024906158 -5.16004991531372
-227 0 0 -0.654141008853912 -5.09458017349243
-226 0 0 -0.645941019058228 -5.02884006500244
-225 0 0 -0.637733995914459 -4.96283006668091
-224 0 0 -0.629519999027252 -4.89656019210815
-223 0 0 -0.621299028396606 -4.83002996444702
-222 0 0 -0.613071024417877 -4.76324987411499
-221 0 0 -0.604837000370026 -4.69622993469238
-220 0 0 -0.596597015857697 -4.6289701461792
-219 0 0 -0.588351011276245 -4.56147003173828
-218 0 0 -0.58009797334671 -4.49375009536743
-217 0 0 -0.571839988231659 -4.42581987380981
-216 0 0 -0.563575983047485 -4.35766983032227
-215 0 0 -0.555306971073151 -4.28930997848511
-214 0 0 -0.5470330119133 -4.22075986862183
-213 0 0 -0.538752973079681 -4.15200996398926
-212 0 0 -0.530467987060547 -4.08306980133057
-211 0 0 -0.522179007530212 -4.01394987106323
-210 0 0 -0.513884007930756 -3.944659948349
-209 0 0 -0.505585014820099 -3.87520003318787
-208 0 0 -0.497280985116959 -3.80556988716125
-207 0 0 -0.488972008228302 -3.73579001426697
-206 0 0 -0.480659991502762 -3.66584992408752
-205 0 0 -0.472342014312744 -3.59576988220215
-204 0 0 -0.464020997285843 -3.52554988861084
-203 0 0 -0.455695003271103 -3.4551899433136
-202 0 0 -0.447364985942841 -3.38470005989075
-201 0 0 -0.439031004905701 -3.31409001350403
-200 27 4 -0.430693000555038 -3.24337005615234
-199 0 0 -0.422351986169815 -3.17251992225647
-198 0 0 -0.414005994796753 -3.10156989097595
-197 0 0 -0.405656009912491 -3.03051996231079
-196 0 0 -0.397302001714706 -2.95936989784241
-195 0 0 -0.388944000005722 -2.88811993598938
-194 0 0 -0.380582988262177 -2.81679010391235
-193 0 0 -0.372216999530792 -2.74536991119385
-192 0 0 -0.363848000764847 -2.67387008666992
-191 0 0 -0.355475008487701 -2.60229992866516
-190 0 0 -0.347097992897034 -2.5306499004364
-189 0 0 -0.338717013597488 -2.45893001556396
-188 0 0 -0.33033299446106 -2.38715004920959
-187 0 0 -0.321943998336792 -2.31531000137329
-186 0 0 -0.313551992177963 -2.24341988563538
-185 0 0 -0.305155009031296 -2.17146992683411
-184 0 0 -0.296754986047745 -2.09946990013123
-183 0 0 -0.288349986076355 -2.02743005752563
-182 0 0 -0.279942005872726 -1.95534002780914
-181 0 0 -0.271530002355576 -1.88320994377136
-180 0 0 -0.263112992048264 -1.81104004383087
-179 0 0 -0.254693001508713 -1.73883998394012
-178 0 0 -0.246268004179001 -1.6666100025177
-177 0 0 -0.237839996814728 -1.59434998035431
-176 0 0 -0.229406997561455 -1.52206003665924
-175 0 0 -0.220969006419182 -1.44974994659424
-174 0 0 -0.212528005242348 -1.37741994857788
-173 0 0 -0.204081997275352 -1.30506002902985
-172 0 0 -0.195632994174957 -1.2326899766922
-171 0 0 -0.187178000807762 -1.1603000164032
-170 0 0 -0.178719997406006 -1.08790004253387
-169 0 0 -0.17025700211525 -1.01549005508423
-168 0 0 -0.161789998412132 -0.943062007427216
-167 0 0 -0.153318002820015 -0.870626986026764
-166 0 0 -0.144841998815536 -0.798184990882874
-165 0 0 -0.136362001299858 -0.725736021995544
-164 0 0 -0.127876996994019 -0.653281986713409
-163 0 0 -0.119387999176979 -0.580824971199036
-162 0 0 -0.110895000398159 -0.508364975452423
-161 0 0 -0.102397002279758 -0.435903012752533
-160 0 0 -0.0938951969146729 -0.363440006971359
-159 0 0 -0.0853888988494873 -0.290978014469147
-158 0 0 -0.076878197491169 -0.218517005443573
-157 0 0 -0.0683633983135223 -0.146057993173599
-156 0 0 -0.0598444007337093 -0.0736021995544434
-155 0 0 -0.0513213016092777 -0.00114931003190577
-154 0 0 -0.0427941009402275 0.0712995976209641
-153 0 0 -0.0342628993093967 0.143744006752968
-152 0 0 -0.0257277991622686 0.216183006763458
-151 0 0 -0.0171888992190361 0.288617014884949
-150 26 4 -0.0086462302133441 0.361045002937317
-149 0 0 -9.99569965642877E-05 0.433465987443924
-148 0 0 0.00844983011484146 0.505881011486053
-147 0 0 0.0170029997825623 0.578288972377777
-146 0 0 0.0255593992769718 0.650689005851746
-145 0 0 0.0341189987957478 0.723083019256592
-144 0 0 0.0426813997328281 0.795467972755432
-143 0 0 0.0512466989457607 0.867846012115479
-142 0 0 0.0598145984113216 0.94021600484848
-141 0 0 0.0683849975466728 1.012580037117
-140 0 0 0.0769575014710426 1.08492994308472
-139 0 0 0.0855320990085602 1.15727996826172
-138 0 0 0.0941084027290344 1.22960996627808
-137 0 0 0.102686002850533 1.30193996429443
-136 0 0 0.111266002058983 1.37425994873047
-135 0 0 0.119846001267433 1.44657003879547
-134 0 0 0.128426998853683 1.51886999607086
-133 0 0 0.137007996439934 1.59116995334625
-132 0 0 0.145590007305145 1.66345000267029
-131 0 0 0.154171004891396 1.73573005199432
-130 0 0 0.162752002477646 1.80799996852875
-129 0 0 0.171333000063896 1.88025999069214
-128 0 0 0.179912000894547 1.95250999927521
-127 0 0 0.188489004969597 2.02474999427795
-126 0 0 0.197063997387886 2.09698009490967
-125 0 0 0.205638006329536 2.16919994354248
-124 0 0 0.214208006858826 2.24141001701355
-123 0 0 0.222774997353554 2.3136100769043
-122 0 0 0.231337994337082 2.38580989837646
-121 0 0 0.23989799618721 2.45798993110657
-120 0 0 0.248451992869377 2.53015995025635
-119 0 0 0.257001996040344 2.60232996940613
-118 0 0 0.265545010566711 2.67447996139526
-117 0 0 0.274082988500595 2.74661993980408
-116 0 0 0.28261399269104 2.81873989105225
-115 0 0 0.291137009859085 2.89086008071899
-114 0 0 0.299652993679047 2.96296000480652
-113 0 0 0.308160006999969 3.03505992889404
-112 0 0 0.316657990217209 3.10713005065918
-111 0 0 0.325145989656448 3.17919993400574
-110 0 0 0.333622992038727 3.25124001502991
-109 0 0 0.342090010643005 3.32328009605408
-108 0 0 0.350544989109039 3.3952898979187
-107 0 0 0.358987003564835 3.46728992462158
-106 0 0 0.367417007684708 3.53926992416382
-105 0 0 0.375831991434097 3.61123991012573
-104 0 0 0.384232997894287 3.68318009376526
-103 0 0 0.392618000507355 3.75510001182556
-102 0 0 0.4009869992733 3.82700991630554
-101 0 0 0.409339994192123 3.89889001846313
-100 25 4 0.417674005031586 3.97074007987976
-99 0 0 0.425989985466003 4.04257011413574
-98 0 0 0.434287011623383 4.1143798828125
-97 0 0 0.442562997341156 4.18615007400513
-96 0 0 0.450818985700607 4.25790023803711
-95 0 0 0.459051996469498 4.32961988449097
-94 0 0 0.467263013124466 4.40130996704102
-93 0 0 0.47545000910759 4.47295999526978
-92 0 0 0.483613014221191 4.54457998275757
-91 0 0 0.491750001907349 4.61615991592407
-90 0 0 0.499861001968384 4.68770980834961
-89 0 0 0.507943987846375 4.75921010971069
-88 0 0 0.515999972820282 4.83067989349365
-87 0 0 0.524025976657867 4.90210008621216
-86 0 0 0.532023012638092 4.97348022460938
-85 0 0 0.539988994598389 5.04480981826782
-84 0 0 0.547923028469086 5.11608982086182
-83 0 0 0.555823981761932 5.18732976913452
-82 0 0 0.563691020011902 5.25851011276245
-81 0 0 0.571524024009705 5.32963991165161
-80 0 0 0.579321980476379 5.400710105896
-79 0 0 0.587082982063293 5.47172021865845
-78 0 0 0.594806015491486 5.54267978668213
-77 0 0 0.602491974830627 5.61357021331787
-76 0 0 0.61013799905777 5.68440008163452
-75 0 0 0.617744028568268 5.75515985488892
-74 0 0 0.625310003757477 5.82586002349854
-73 0 0 0.632833003997803 5.8964900970459
-72 0 0 0.640313982963562 5.96704006195068
-71 0 0 0.647750973701477 6.03751993179321
-70 0 0 0.655143976211548 6.10793018341064
-69 0 0 0.662491977214813 6.17825984954834
-68 0 0 0.669793009757996 6.24850988388062
-67 0 0 0.677048027515411 6.31866979598999
-66 0 0 0.684253990650177 6.38876008987427
-65 0 0 0.69141298532486 6.45875978469849
-64 0 0 0.698521971702576 6.52866983413696
-63 0 0 0.70558100938797 6.5984902381897
-62 0 0 0.712589025497437 6.6682300567627
-61 0 0 0.719546020030975 6.73787021636963
-60 0 0 0.726450979709625 6.80740976333618
-59 0 0 0.733303010463715 6.87686014175415
-58 0 0 0.740100979804993 6.94621992111206
-57 0 0 0.746845006942749 7.01547002792358
-56 0 0 0.753534972667694 7.08461999893188
-55 0 0 0.76016902923584 7.15367984771729
-54 0 0 0.766746997833252 7.22262001037598
-53 0 0 0.77326899766922 7.29147005081177
-52 0 0 0.779734015464783 7.36020994186401
-51 0 0 0.786140978336334 7.42884016036987
-50 24 4 0.792490005493164 7.49736022949219
-49 0 0 0.798780977725983 7.56577014923096
-48 0 0 0.805013000965118 7.6340799331665
-47 0 0 0.811186015605927 7.70227003097534
-46 0 0 0.817299008369446 7.77034997940063
-45 0 0 0.823351979255676 7.83831977844238
-44 0 0 0.829343974590302 7.90616989135742
-43 0 0 0.835276007652283 7.97390985488892
-42 0 0 0.841147005558014 8.04152965545654
-41 0 0 0.84695702791214 8.10904026031494
-40 0 0 0.852705001831055 8.17642974853516
-39 0 0 0.858390986919403 8.24370956420898
-38 0 0 0.864014983177185 8.31087017059326
-37 0 0 0.869578003883362 8.37790966033936
-36 0 0 0.875078022480011 8.44484043121338
-35 0 0 0.880514979362488 8.51165008544922
-34 0 0 0.885890007019043 8.57833957672119
-33 0 0 0.891201972961426 8.64490985870361
-32 0 0 0.896452009677887 8.71137046813965
-31 0 0 0.901637971401215 8.7777099609375
-30 0 0 0.906762003898621 8.8439302444458
-29 0 0 0.911822974681854 8.9100399017334
-28 0 0 0.916821002960205 8.97603034973145
-27 0 0 0.921756982803345 9.04191017150879
-26 0 0 0.92662900686264 9.10766983032227
-25 0 0 0.931438982486725 9.17331027984619
-24 0 0 0.936186015605927 9.23884963989258
-23 0 0 0.940869987010956 9.30426025390625
-22 0 0 0.945492029190063 9.36956977844238
-21 0 0 0.95005202293396 9.43476963043213
-20 0 0 0.954549014568329 9.49985027313232
-19 0 0 0.958984017372131 9.56482028961182
-18 0 0 0.963357985019684 9.62969017028809
-17 0 0 0.967669010162354 9.69443988800049
-16 0 0 0.971919000148773 9.75909042358398
-15 0 0 0.976107001304626 9.82363033294678
-14 0 0 0.980234026908875 9.88807010650635
-13 0 0 0.984300971031189 9.9524097442627
-12 0 0 0.988305985927582 10.0165996551514
-11 0 0 0.992250978946686 10.0808000564575
-10 0 0 0.994912981987 10.1245002746582
-9 0 0 0.996671974658966 10.1536998748779
-8 0 0 0.997837007045746 10.1731004714966
-7 0 0 0.998610973358154 10.1861000061035
-6 0 0 0.999126017093658 10.1947002410889
-5 0 0 0.99946802854538 10.200400352478
-4 0 0 0.999696016311646 10.2042999267578
-3 0 0 0.999848008155823 10.2068004608154
-2 0 0 0.999924004077911 10.2081003189087
1 0 0 1 10.209400177002
1 0 0 1 10.209400177002
-2 0 0 1.00007998943329 10.2107000350952
-3 0 0 1.00014996528625 10.2118997573853
-4 0 0 1.0003000497818 10.2145004272461
-5 0 0 1.00053000450134 10.2182998657227
-6 0 0 1.00086998939514 10.224100112915
-7 0 0 1.00137996673584 10.2327003479004
-8 0 0 1.00214004516602 10.2455997467041
-9 0 0 1.00328004360199 10.2650003433228
-10 0 0 1.00497996807098 10.2940998077393
-11 0 0 1.00750994682312 10.3375997543335
-12 0 0 1.01115000247955 10.4013004302979
-13 0 0 1.01473999023438 10.4647998809814
-14 0 0 1.01827001571655 10.5283002853394
-15 0 0 1.0217399597168 10.5916004180908
-16 0 0 1.0251499414444 10.654899597168
-17 0 0 1.02849996089935 10.7180995941162
-18 0 0 1.03180003166199 10.7812004089355
-19 0 0 1.03504002094269 10.8442001342773
-20 0 0 1.03822004795074 10.9070997238159
-21 0 0 1.04135000705719 10.9700002670288
-22 0 0 1.04442000389099 11.0327997207642
-23 0 0 1.04744005203247 11.0954999923706
-24 0 0 1.05040001869202 11.1581001281738
-25 0 0 1.05330002307892 11.2206001281738
-26 0 0 1.05615997314453 11.2831001281738
-27 0 0 1.05894994735718 11.3454999923706
-28 0 0 1.06169998645782 11.4077997207642
-29 0 0 1.06438994407654 11.470100402832
-30 0 0 1.0670200586319 11.5322999954224
-31 0 0 1.06960999965668 11.5944004058838
-32 0 0 1.07213997840881 11.6564998626709
-33 0 0 1.07462000846863 11.7185001373291
-34 0 0 1.07704997062683 11.7805004119873
-35 0 0 1.07942998409271 11.842399597168
-36 0 0 1.08176004886627 11.9041996002197
-37 0 0 1.08404004573822 11.9659996032715
-38 0 0 1.08625996112823 12.0277004241943
-39 0 0 1.08843994140625 12.0894002914429
-40 0 0 1.09056997299194 12.1510000228882
-41 0 0 1.09265005588531 12.2125997543335
-42 0 0 1.09467995166779 12.2741003036499
-43 0 0 1.09667003154755 12.335599899292
-44 0 0 1.0986100435257 12.3971004486084
-45 0 0 1.10049998760223 12.4584999084473
-46 0 0 1.10233998298645 12.5199003219604
-47 0 0 1.10414004325867 12.5811996459961
-48 0 0 1.10589003562927 12.6424999237061
-49 0 0 1.10758996009827 12.703800201416
-50 2 4 1.10924994945526 12.7650003433228
-51 0 0 1.11087000370026 12.8261995315552
-52 0 0 1.11243999004364 12.8873996734619
-53 0 0 1.11397004127502 12.9485998153687
-54 0 0 1.1154500246048 13.0096998214722
-55 0 0 1.11688995361328 13.0707998275757
-56 0 0 1.11828994750977 13.1318998336792
-57 0 0 1.11965000629425 13.1928997039795
-58 0 0 1.12095999717712 13.253999710083
-59 0 0 1.12223994731903 13.3149995803833
-60 0 0 1.12346994876862 13.3760004043579
-61 0 0 1.1246600151062 13.4370002746582
-62 0 0 1.1258100271225 13.4980001449585
-63 0 0 1.1269199848175 13.5590000152588
-64 0 0 1.12799000740051 13.6198997497559
-65 0 0 1.12901997566223 13.6808996200562
-66 0 0 1.13001000881195 13.7418003082275
-67 0 0 1.1309700012207 13.8028001785278
-68 0 0 1.13188004493713 13.8636999130249
-69 0 0 1.1327600479126 13.9246997833252
-70 0 0 1.13359999656677 13.9856004714966
-71 0 0 1.13441002368927 14.0465002059937
-72 0 0 1.13517999649048 14.1075000762939
-73 0 0 1.13591003417969 14.168399810791
-74 0 0 1.13660001754761 14.2293996810913
-75 0 0 1.13725996017456 14.2903995513916
-76 0 0 1.13788998126984 14.351300239563
-77 0 0 1.13847994804382 14.4123001098633
-78 0 0 1.13903999328613 14.4732999801636
-79 0 0 1.13955998420715 14.5342998504639
-80 0 0 1.1400500535965 14.5952997207642
-81 0 0 1.14049994945526 14.6563997268677
-82 0 0 1.14093005657196 14.717399597168
-83 0 0 1.14131999015808 14.7784996032715
-84 0 0 1.14168000221252 14.839599609375
-85 0 0 1.14199995994568 14.9006996154785
-86 0 0 1.14230000972748 14.961799621582
-87 0 0 1.14256000518799 15.0229997634888
-88 0 0 1.14278995990753 15.0841999053955
-89 0 0 1.14300000667572 15.1454000473022
-90 0 0 1.14316999912262 15.206600189209
-91 0 0 1.14330995082855 15.2678003311157
-92 0 0 1.14342999458313 15.3290996551514
-93 0 0 1.14350998401642 15.3903999328613
-94 0 0 1.14356994628906 15.4518003463745
-95 0 0 1.14359998703003 15.5131998062134
96 3 2 1.14359998703003 15.5445995330811
97 0 0 1.14358997344971 15.6059999465942
98 0 0 1.14355003833771 15.6674995422363
99 0 0 1.14347994327545 15.7290000915527
100 4 4 1.14338004589081 15.7904996871948
101 0 0 1.14326000213623 15.8521003723145
102 0 0 1.14311003684998 15.9137001037598
103 0 0 1.14294004440308 15.9753999710083
104 0 0 1.14274001121521 16.0370998382568
105 0 0 1.1425199508667 16.0988006591797
106 0 0 1.14226996898651 16.1606006622314
107 0 0 1.14199995994568 16.2224006652832
108 0 0 1.14170002937317 16.2842998504639
109 0 0 1.14137995243073 16.3462009429932
110 0 0 1.14103996753693 16.4081993103027
111 0 0 1.14066994190216 16.4701995849609
112 0 0 1.14029002189636 16.5321998596191
113 0 0 1.13987004756927 16.5942993164063
114 0 0 1.13943994045258 16.6564998626709
115 0 0 1.13899004459381 16.7187004089355
116 0 0 1.13850998878479 16.7808990478516
117 0 0 1.13801002502441 16.8432998657227
118 0 0 1.13749003410339 16.9055995941162
119 0 0 1.13696002960205 16.9680004119873
120 0 0 1.13639998435974 17.0305004119873
121 0 0 1.13582003116608 17.0930004119873
122 0 0 1.13522005081177 17.1555995941162
123 0 0 1.13460004329681 17.2182006835938
124 0 0 1.13397002220154 17.2808990478516
125 0 0 1.1333099603653 17.343599319458
126 0 0 1.13264000415802 17.406400680542
127 0 0 1.1319500207901 17.4692993164063
128 0 0 1.13124001026154 17.5321998596191
129 0 0 1.13051998615265 17.5951995849609
130 0 0 1.12978005409241 17.6581993103027
131 0 0 1.12901997566223 17.7213001251221
132 0 0 1.1282399892807 17.7845001220703
133 0 0 1.12744998931885 17.8477001190186
134 0 0 1.12663996219635 17.9109992980957
135 0 0 1.12582004070282 17.9743003845215
136 0 0 1.12497997283936 18.0377006530762
137 0 0 1.12413001060486 18.1012001037598
138 0 0 1.12326002120972 18.1646995544434
139 0 0 1.12238001823425 18.2283000946045
140 0 0 1.12149000167847 18.2919006347656
141 0 0 1.12057995796204 18.3556003570557
142 0 0 1.11965000629425 18.4193992614746
143 0 0 1.11872005462646 18.4832992553711
144 0 0 1.11776995658875 18.5471992492676
145 0 0 1.11680996417999 18.6110992431641
146 0 0 1.1158299446106 18.675199508667
147 0 0 1.11485004425049 18.7392997741699
148 0 0 1.11384999752045 18.8034000396729
149 0 0 1.11284005641937 18.8677005767822
150 5 4 1.11181998252869 18.931999206543
151 0 0 1.11079001426697 18.9962997436523
152 0 0 1.10975003242493 19.0608005523682
153 0 0 1.10870003700256 19.1252994537354
154 0 0 1.10764002799988 19.1898002624512
155 0 0 1.10655999183655 19.2544994354248
156 0 0 1.10547995567322 19.3192005157471
157 0 0 1.10439002513885 19.3838996887207
158 0 0 1.10328996181488 19.4486999511719
159 0 0 1.10218000411987 19.513599395752
160 0 0 1.10107004642487 19.5785999298096
161 0 0 1.09993994235992 19.6436004638672
162 0 0 1.09880995750427 19.7087001800537
163 0 0 1.0976699590683 19.7738990783691
164 0 0 1.096519947052 19.8390998840332
165 0 0 1.09536004066467 19.9043998718262
166 0 0 1.09420001506805 19.9698009490967
167 0 0 1.09302997589111 20.0352001190186
168 0 0 1.09186005592346 20.100700378418
169 0 0 1.09066998958588 20.1662998199463
170 0 0 1.0894900560379 20.2318992614746
171 0 0 1.08828997612 20.2975997924805
172 0 0 1.08709001541138 20.3633995056152
173 0 0 1.08589005470276 20.42919921875
174 0 0 1.08467996120453 20.4951000213623
175 0 0 1.08345997333527 20.5611000061035
176 0 0 1.082239985466 20.6270999908447
177 0 0 1.08101999759674 20.6931991577148
178 0 0 1.07978999614716 20.7593994140625
179 0 0 1.07855999469757 20.8255996704102
180 0 0 1.07731997966766 20.8918991088867
181 0 0 1.07607996463776 20.9582996368408
182 0 0 1.07483994960785 21.0247001647949
183 0 0 1.07360005378723 21.0911998748779
184 0 0 1.072350025177 21.1578006744385
185 0 0 1.07109999656677 21.2243995666504
186 0 0 1.06983995437622 21.2910995483398
187 0 0 1.06859004497528 21.3577995300293
188 0 0 1.06733000278473 21.4246006011963
189 0 0 1.06606996059418 21.4915008544922
190 0 0 1.06481003761292 21.558500289917
191 0 0 1.06353998184204 21.6254997253418
192 0 0 1.06228005886078 21.6926002502441
193 0 0 1.0610100030899 21.7597007751465
194 0 0 1.05974996089935 21.8269004821777
195 0 0 1.05848002433777 21.8941993713379
196 0 0 1.05720996856689 21.9615001678467
197 0 0 1.05594003200531 22.0289001464844
198 0 0 1.05466997623444 22.0963001251221
199 0 0 1.05341005325317 22.1639003753662
200 6 4 1.0521399974823 22.2313995361328
201 0 0 1.05086994171143 22.2991008758545
202 0 0 1.04960000514984 22.3668003082275
203 0 0 1.04832994937897 22.4344997406006
204 0 0 1.04707002639771 22.5023994445801
205 0 0 1.04579997062683 22.5702991485596
206 0 0 1.04454004764557 22.6382007598877
207 0 0 1.04328000545502 22.7061996459961
208 0 0 1.04201996326447 22.774299621582
209 0 0 1.0407600402832 22.842399597168
210 0 0 1.03949999809265 22.9106006622314
211 0 0 1.0382399559021 22.9789009094238
212 0 0 1.03699004650116 23.0471992492676
213 0 0 1.03574001789093 23.1156005859375
214 0 0 1.0344899892807 23.1840000152588
215 0 0 1.03323996067047 23.2525005340576
216 0 0 1.03199994564056 23.3211002349854
217 0 0 1.03075003623962 23.3896999359131
218 0 0 1.02951002120972 23.4584007263184
219 0 0 1.02828001976013 23.527099609375
220 0 0 1.02705001831055 23.5958995819092
221 0 0 1.02582001686096 23.6646995544434
222 0 0 1.02459001541138 23.7336006164551
223 0 0 1.02337002754211 23.8026008605957
224 0 0 1.02215003967285 23.8715991973877
225 0 0 1.02093005180359 23.9407005310059
226 0 0 1.01971995830536 24.0098991394043
227 0 0 1.01851999759674 24.0790996551514
228 0 0 1.0173100233078 24.1483001708984
229 0 0 1.01610994338989 24.2175998687744
230 0 0 1.0149199962616 24.2870006561279
231 0 0 1.0137300491333 24.3565006256104
232 0 0 1.01253998279572 24.4258995056152
233 0 0 1.01136004924774 24.4955005645752
234 0 0 1.01017999649048 24.5650997161865
235 0 0 1.00900995731354 24.6347999572754
236 0 0 1.00784003734589 24.7045001983643
237 0 0 1.00668001174927 24.7742004394531
238 0 0 1.00552999973297 24.8441009521484
239 0 0 1.00436997413635 24.9139995574951
240 0 0 1.00322997570038 24.9839000701904
241 0 0 1.0020899772644 25.0538997650146
242 0 0 1.00094997882843 25.1240005493164
243 0 0 0.999819993972778 25.1940994262695
244 0 0 0.998695015907288 25.2642993927002
245 0 0 0.997575998306274 25.3344993591309
246 0 0 0.996463000774384 25.4048004150391
247 0 0 0.995356023311615 25.4750995635986
248 0 0 0.994253993034363 25.5454998016357
249 0 0 0.993157982826233 25.6159992218018
250 7 4 0.992069005966187 25.6865005493164
251 0 0 0.990984976291656 25.7570991516113
252 0 0 0.98990797996521 25.8276996612549
253 0 0 0.988837003707886 25.8983993530273
254 0 0 0.987771987915039 25.9691009521484
255 0 0 0.986714005470276 26.0398998260498
256 0 0 0.98566198348999 26.1107006072998
257 0 0 0.984615981578827 26.1816005706787
258 0 0 0.983577013015747 26.2525997161865
259 0 0 0.982544004917145 26.323600769043
260 0 0 0.981518983840942 26.3946990966797
261 0 0 0.980499982833862 26.465799331665
262 0 0 0.979487001895905 26.5370006561279
263 0 0 0.978482007980347 26.6082992553711
264 0 0 0.977482974529266 26.6795997619629
265 0 0 0.97649097442627 26.7509994506836
266 0 0 0.975506007671356 26.8223991394043
267 0 0 0.974528014659882 26.8938007354736
268 0 0 0.973558008670807 26.9654006958008
269 0 0 0.972594022750854 27.0370006561279
270 0 0 0.971637010574341 27.1086006164551
271 0 0 0.970687985420227 27.1802997589111
272 0 0 0.969745993614197 27.2520999908447
273 0 0 0.968810975551605 27.3239002227783
274 0 0 0.967882990837097 27.3957996368408
275 0 0 0.966962993144989 27.4676990509033
276 0 0 0.966050028800964 27.5396995544434
277 0 0 0.965143978595734 27.6117992401123
278 0 0 0.964245975017548 27.6839008331299
279 0 0 0.963355004787445 27.7560997009277
280 0 0 0.962472021579742 27.8283004760742
281 0 0 0.961596012115479 27.9006004333496
282 0 0 0.960727989673615 27.972900390625
283 0 0 0.959867000579834 28.0452995300293
284 0 0 0.959013998508453 28.1177997589111
285 0 0 0.958168029785156 28.190299987793
286 0 0 0.957331001758575 28.2628993988037
287 0 0 0.956501007080078 28.335599899292
288 0 0 0.95567798614502 28.4083003997803
289 0 0 0.954864025115967 28.4811000823975
290 0 0 0.954056978225708 28.5538997650146
291 0 0 0.953257024288177 28.6268005371094
292 0 0 0.952466011047363 28.6996994018555
293 0 0 0.951682984828949 28.7726993560791
294 0 0 0.950906991958618 28.8458003997803
295 0 0 0.950138986110687 28.9188995361328
296 0 0 0.949379026889801 28.9920997619629
297 0 0 0.94862699508667 29.0653991699219
298 0 0 0.947883009910583 29.1387004852295
299 0 0 0.947145998477936 29.2120990753174
300 8 4 0.946417987346649 29.2854995727539
301 0 0 0.945698022842407 29.3589992523193
302 0 0 0.944984972476959 29.4326000213623
303 0 0 0.944280982017517 29.5062007904053
304 0 0 0.943584024906158 29.5799007415771
305 0 0 0.942896008491516 29.6536998748779
306 0 0 0.942215025424957 29.7275009155273
307 0 0 0.941542983055115 29.801399230957
308 0 0 0.940877974033356 29.8754005432129
309 0 0 0.940222024917603 29.9493999481201
310 0 0 0.939572989940643 30.0235004425049
311 0 0 0.93893301486969 30.0976009368896
312 0 0 0.938301026821136 30.1718006134033
313 0 0 0.937676012516022 30.2460994720459
314 0 0 0.937059998512268 30.320499420166
315 0 0 0.936451971530914 30.3948993682861
316 0 0 0.935851991176605 30.4692993164063
317 0 0 0.935261011123657 30.5438995361328
318 0 0 0.934677004814148 30.6184997558594
319 0 0 0.934100985527039 30.6931991577148
320 0 0 0.933534026145935 30.7679004669189
321 0 0 0.932973980903625 30.8426990509033
322 0 0 0.932422995567322 30.9176006317139
323 0 0 0.931879997253418 30.9925994873047
324 0 0 0.931344985961914 31.0676002502441
325 0 0 0.930818021297455 31.1427001953125
326 0 0 0.930298984050751 31.2178001403809
327 0 0 0.929787993431091 31.2929992675781
328 0 0 0.929286003112793 31.3682994842529
329 0 0 0.928791999816895 31.4437007904053
330 0 0 0.928304970264435 31.519100189209
331 0 0 0.927827000617981 31.5946006774902
332 0 0 0.927357017993927 31.6702003479004
333 0 0 0.926895022392273 31.7458000183105
334 0 0 0.92644202709198 31.8215007781982
335 0 0 0.925996005535126 31.8973007202148
336 0 0 0.925558984279633 31.9731998443604
337 0 0 0.925130009651184 32.0490989685059
338 0 0 0.924708008766174 32.1250991821289
339 0 0 0.924295008182526 32.2011985778809
340 0 0 0.923889994621277 32.2773017883301
341 0 0 0.923493981361389 32.3535003662109
342 0 0 0.923105001449585 32.4297981262207
343 0 0 0.922725021839142 32.5061988830566
344 0 0 0.922352015972137 32.5825996398926
345 0 0 0.921988010406494 32.6590995788574
346 0 0 0.921631991863251 32.7356986999512
347 0 0 0.921284019947052 32.8124008178711
348 0 0 0.920943975448608 32.8890991210938
349 0 0 0.920611977577209 32.9659004211426
350 9 4 0.920288026332855 33.0428009033203
351 0 0 0.919973015785217 33.119701385498
352 0 0 0.919664978981018 33.1967010498047
353 0 0 0.919366002082825 33.2738990783691
354 0 0 0.91907399892807 33.351001739502
355 0 0 0.918790996074677 33.4282989501953
356 0 0 0.918515980243683 33.5055999755859
357 0 0 0.918249011039734 33.5830001831055
358 0 0 0.917989015579224 33.6604995727539
359 0 0 0.917738020420074 33.7380981445313
360 0 0 0.917495012283325 33.8157005310059
361 0 0 0.917259991168976 33.8933982849121
362 0 0 0.917033970355988 33.9711990356445
363 0 0 0.916814982891083 34.0490989685059
364 0 0 0.916603982448578 34.1269989013672
365 0 0 0.916401028633118 34.2051010131836
366 0 0 0.916206002235413 34.2831993103027
367 0 0 0.916019022464752 34.3613014221191
368 0 0 0.915840029716492 34.4396018981934
369 0 0 0.915669977664948 34.5178985595703
370 0 0 0.915507018566132 34.5964012145996
371 0 0 0.915351986885071 34.6749000549316
372 0 0 0.915205001831055 34.7533988952637
373 0 0 0.915066003799438 34.8320999145508
374 0 0 0.914934992790222 34.9108009338379
375 0 0 0.914812028408051 34.9896011352539
376 0 0 0.914696991443634 35.0685005187988
377 0 0 0.914590001106262 35.1474990844727
378 0 0 0.914489984512329 35.2266006469727
379 0 0 0.914399027824402 35.3056983947754
380 0 0 0.91431599855423 35.3848991394043
381 0 0 0.914240002632141 35.4641990661621
382 0 0 0.914173007011414 35.5435981750488
383 0 0 0.914112985134125 35.6231002807617
384 0 0 0.914061009883881 35.7025985717773
385 0 0 0.914017021656036 35.7821998596191
386 0 0 0.913981020450592 35.8619003295898
387 0 0 0.913953006267548 35.9416999816895
388 0 0 0.913932025432587 36.021598815918
389 0 0 0.913918972015381 36.1015014648438
390 0 0 0.913914978504181 36.1815986633301
391 10 2 0.913914978504181 36.190601348877
-392 0 0 0.913918972015381 36.2706985473633
-393 0 0 0.913929998874664 36.3508987426758
-394 0 0 0.913950026035309 36.4311981201172
-395 0 0 0.913977026939392 36.5116004943848
-396 0 0 0.914012014865875 36.5919990539551
-397 0 0 0.914054989814758 36.6725006103516
-398 0 0 0.914106011390686 36.7532005310059
-399 0 0 0.914164006710052 36.8339004516602
-400 11 4 0.914229989051819 36.9146003723145
-401 0 0 0.91430401802063 36.9954986572266
-402 0 0 0.91438502073288 37.0764999389648
-403 0 0 0.91447502374649 37.1575012207031
-404 0 0 0.914570987224579 37.2386016845703
-405 0 0 0.914676010608673 37.3198013305664
-406 0 0 0.914788007736206 37.4011001586914
-407 0 0 0.914907991886139 37.4823989868164
-408 0 0 0.915036022663116 37.5638999938965
-409 0 0 0.915171027183533 37.6454010009766
-410 0 0 0.915314018726349 37.7270011901855
-411 0 0 0.915464997291565 37.8087005615234
-412 0 0 0.915623009204865 37.8904991149902
-413 0 0 0.915789008140564 37.9723014831543
-414 0 0 0.915961980819702 38.0542984008789
-415 0 0 0.916143000125885 38.1362991333008
-416 0 0 0.916332006454468 38.2183990478516
-417 0 0 0.916527986526489 38.3005981445313
-418 0 0 0.916732013225555 38.3829002380371
-419 0 0 0.91694301366806 38.4653015136719
-420 0 0 0.917160987854004 38.5476989746094
-421 0 0 0.917388021945953 38.630199432373
-422 0 0 0.917622029781342 38.7128982543945
-423 0 0 0.917863011360168 38.7956008911133
-424 0 0 0.918111979961395 38.8782997131348
-425 0 0 0.918367981910706 38.9612007141113
-426 0 0 0.918631970882416 39.0441017150879
-427 0 0 0.918902993202209 39.1272010803223
-428 0 0 0.919180989265442 39.2103004455566
-429 0 0 0.919466972351074 39.2934989929199
-430 0 0 0.919761002063751 39.3768005371094
-431 0 0 0.920062005519867 39.4600982666016
-432 0 0 0.920369982719421 39.5435981750488
-433 0 0 0.920686006546021 39.6271018981934
-434 0 0 0.921009004116058 39.7107009887695
-435 0 0 0.921338975429535 39.7943992614746
-436 0 0 0.921676993370056 39.8782005310059
-437 0 0 0.922021985054016 39.9620018005371
-438 0 0 0.922375023365021 40.0460014343262
-439 0 0 0.922734022140503 40.1300010681152
-440 0 0 0.923101007938385 40.2140998840332
-441 0 0 0.923475980758667 40.2983016967773
-442 0 0 0.923856973648071 40.3825988769531
-443 0 0 0.92424601316452 40.4668998718262
-444 0 0 0.924642980098724 40.5513000488281
-445 0 0 0.925046026706696 40.6358985900879
-446 0 0 0.925457000732422 40.7205009460449
-447 0 0 0.925873994827271 40.8050994873047
-448 0 0 0.926298975944519 40.8899002075195
-449 0 0 0.926732003688812 40.9747009277344
-450 12 4 0.927170991897583 41.059700012207
-451 0 0 0.927618026733398 41.1446990966797
-452 0 0 0.928071975708008 41.2296981811523
-453 0 0 0.928532004356384 41.3148994445801
-454 0 0 0.929000020027161 41.4001998901367
-455 0 0 0.929476022720337 41.4855003356934
-456 0 0 0.929957985877991 41.5708999633789
-457 0 0 0.930446982383728 41.6563987731934
-458 0 0 0.93094402551651 41.7419013977051
-459 0 0 0.93144702911377 41.8275985717773
-460 0 0 0.931958019733429 41.9132995605469
-461 0 0 0.932474970817566 41.9990997314453
-462 0 0 0.933000028133392 42.0849990844727
-463 0 0 0.933530986309052 42.1710014343262
-464 0 0 0.934069991111755 42.2569999694824
-465 0 0 0.934616029262543 42.3431015014648
-466 0 0 0.935168027877808 42.4292984008789
-467 0 0 0.935728013515472 42.5155982971191
-468 0 0 0.93629401922226 42.6018981933594
-469 0 0 0.936868011951447 42.6884002685547
-470 0 0 0.937448024749756 42.7748985290527
-471 0 0 0.938035011291504 42.861499786377
-472 0 0 0.938628971576691 42.9481010437012
-473 0 0 0.939230024814606 43.0349006652832
-474 0 0 0.939837992191315 43.1217002868652
-475 0 0 0.940452992916107 43.2085990905762
-476 0 0 0.941074013710022 43.2955017089844
-477 0 0 0.941703021526337 43.3825988769531
-478 0 0 0.942337989807129 43.4696998596191
-479 0 0 0.942979991436005 43.5569000244141
-480 0 0 0.943629026412964 43.6441993713379
-481 0 0 0.944284021854401 43.7314987182617
-482 0 0 0.944947004318237 43.8189010620117
-483 0 0 0.945616006851196 43.9063987731934
-484 0 0 0.946291029453278 43.9939994812012
-485 0 0 0.946973979473114 44.081600189209
-486 0 0 0.947663009166718 44.1693992614746
-487 0 0 0.94835901260376 44.2571983337402
-488 0 0 0.94906097650528 44.3450012207031
-489 0 0 0.949769973754883 44.4328994750977
-490 0 0 0.95048600435257 44.5209999084473
-491 0 0 0.951207995414734 44.609001159668
-492 0 0 0.951937019824982 44.6972007751465
-493 0 0 0.952673017978668 44.785400390625
-494 0 0 0.953414976596832 44.8736991882324
-495 0 0 0.954164028167725 44.962100982666
-496 0 0 0.95491898059845 45.0504989624023
-497 0 0 0.955681025981903 45.1389999389648
-498 0 0 0.956448972225189 45.2276000976563
-499 0 0 0.957224011421204 45.3162002563477
-500 13 4 0.958005011081696 45.404899597168
-501 0 0 0.958792984485626 45.4936981201172
-502 0 0 0.959586977958679 45.5825996398926
-503 0 0 0.960388004779816 45.671501159668
-504 0 0 0.96119499206543 45.7605018615723
-505 0 0 0.962007999420166 45.8496017456055
-506 0 0 0.962827980518341 45.9387016296387
-507 0 0 0.963653981685638 46.0279006958008
-508 0 0 0.964487016201019 46.1170997619629
-509 0 0 0.965326011180878 46.2065010070801
-510 0 0 0.966171026229858 46.2958984375
-511 0 0 0.967023015022278 46.3852996826172
-512 0 0 0.96788102388382 46.4748001098633
-513 0 0 0.968744993209839 46.5643997192383
-514 0 0 0.969615995883942 46.6540985107422
-515 0 0 0.970493018627167 46.7438011169434
-516 0 0 0.971376001834869 46.8335990905762
-517 0 0 0.972265005111694 46.9234008789063
-518 0 0 0.973160028457642 47.0134010314941
-519 0 0 0.974062025547028 47.1032981872559
-520 0 0 0.974969983100891 47.1934013366699
-521 0 0 0.975884020328522 47.2835006713867
-522 0 0 0.97680401802063 47.3736000061035
-523 0 0 0.977730989456177 47.4639015197754
-524 0 0 0.97866302728653 47.55419921875
-525 0 0 0.979601979255676 47.6445007324219
-526 0 0 0.980545997619629 47.7349014282227
-527 0 0 0.98149698972702 47.8254013061523
-528 0 0 0.982454001903534 47.915901184082
-529 0 0 0.983416974544525 48.0065002441406
-530 0 0 0.984385013580322 48.0971984863281
-531 0 0 0.985360026359558 48.1879005432129
-532 0 0 0.986340999603271 48.2785987854004
-533 0 0 0.987327992916107 48.369499206543
-534 0 0 0.988321006298065 48.4603996276855
-535 0 0 0.989319980144501 48.5513000488281
-536 0 0 0.990324020385742 48.6422996520996
-537 0 0 0.991334974765778 48.7333984375
-538 0 0 0.99235200881958 48.8245010375977
-539 0 0 0.993373990058899 48.915699005127
-540 0 0 0.99440199136734 49.0069007873535
-541 0 0 0.995437026023865 49.098201751709
-542 0 0 0.996477007865906 49.1894989013672
-543 0 0 0.997523009777069 49.2808990478516
-544 0 0 0.998574018478394 49.3723983764648
-545 0 0 0.999632000923157 49.4639015197754
-546 0 0 1.00068998336792 49.5554008483887
-547 0 0 1.00176000595093 49.6469993591309
-548 0 0 1.00284004211426 49.7387008666992
-549 0 0 1.0039199590683 49.8303985595703
-550 14 4 1.00501000881195 49.9221992492676
-551 0 0 1.0061000585556 50.0139999389648
-552 0 0 1.00720000267029 50.105899810791
-553 0 0 1.00829994678497 50.1977996826172
-554 0 0 1.00941002368927 50.2897987365723
-555 0 0 1.01051998138428 50.3818016052246
-556 0 0 1.01163995265961 50.4738998413086
-557 0 0 1.01277005672455 50.5661010742188
-558 0 0 1.0139000415802 50.6581993103027
-559 0 0 1.01504004001617 50.7504997253418
-560 0 0 1.01618003845215 50.8428001403809
-561 0 0 1.01733005046844 50.9351005554199
-562 0 0 1.01847994327545 51.0275001525879
-563 0 0 1.01963996887207 51.1198997497559
-564 0 0 1.02081000804901 51.2123985290527
-565 0 0 1.02198004722595 51.3049011230469
-566 0 0 1.0231499671936 51.3974990844727
-567 0 0 1.02433001995087 51.4901008605957
-568 0 0 1.02551996707916 51.5828018188477
-569 0 0 1.02671003341675 51.6754989624023
-570 0 0 1.02790999412537 51.7681999206543
-571 0 0 1.02910995483398 51.8610000610352
-572 0 0 1.03032004833221 51.9538993835449
-573 0 0 1.03153002262115 52.0467987060547
-574 0 0 1.03275001049042 52.1397018432617
-575 0 0 1.03398001194 52.2327003479004
-576 0 0 1.03521001338959 52.3256988525391
-577 0 0 1.03644001483917 52.4188003540039
-578 0 0 1.03768002986908 52.5119018554688
-579 0 0 1.03893005847931 52.6050987243652
-580 0 0 1.04017996788025 52.698299407959
-581 0 0 1.04142999649048 52.7915000915527
-582 0 0 1.04270005226135 52.8847999572754
-583 0 0 1.04395997524261 52.978099822998
-584 0 0 1.04523003101349 53.0714988708496
-585 0 0 1.0465099811554 53.1649017333984
-586 0 0 1.04779005050659 53.25830078125
-587 0 0 1.04908001422882 53.3517990112305
-588 0 0 1.05036997795105 53.4453010559082
-589 0 0 1.0516699552536 53.5388984680176
-590 0 0 1.05297005176544 53.6324996948242
-591 0 0 1.05428004264832 53.7262001037598
-592 0 0 1.05560004711151 53.8198013305664
-593 0 0 1.05691003799438 53.9136009216309
-594 0 0 1.0582400560379 54.0073013305664
-595 0 0 1.05956995487213 54.1011009216309
-596 0 0 1.06089997291565 54.1949996948242
-597 0 0 1.06224000453949 54.2888984680176
-598 0 0 1.06358003616333 54.3828010559082
-599 0 0 1.0649299621582 54.4766998291016
-600 15 4 1.06628000736237 54.5707015991211
-601 0 0 1.06763994693756 54.6646995544434
-602 0 0 1.06900000572205 54.7588005065918
-603 0 0 1.07036995887756 54.8529014587402
-604 0 0 1.07175004482269 54.9469985961914
-605 0 0 1.07311999797821 55.0411987304688
-606 0 0 1.07450997829437 55.1353988647461
-607 0 0 1.07589995861053 55.2295989990234
-608 0 0 1.07729005813599 55.3238983154297
-609 0 0 1.07869005203247 55.4182014465332
-610 0 0 1.08009004592896 55.5125007629395
-611 0 0 1.08150005340576 55.6068992614746
-612 0 0 1.08290994167328 55.701301574707
-613 0 0 1.08432996273041 55.7957000732422
-614 0 0 1.08574998378754 55.8902015686035
-615 0 0 1.08717000484467 55.9846992492676
-616 0 0 1.08861005306244 56.0792007446289
-617 0 0 1.0900399684906 56.173698425293
-618 0 0 1.09148001670837 56.2682991027832
-619 0 0 1.09292995929718 56.3629989624023
-620 0 0 1.09438002109528 56.4575996398926
-621 0 0 1.0958399772644 56.5522994995117
-622 0 0 1.09730005264282 56.6469993591309
-623 0 0 1.09876000881195 56.7417984008789
-624 0 0 1.1002299785614 56.836498260498
-625 0 0 1.10169994831085 56.9313011169434
-626 0 0 1.10318005084991 57.0261993408203
-627 0 0 1.10467004776001 57.1209983825684
-628 0 0 1.10615003108978 57.2159004211426
-629 0 0 1.1076500415802 57.3107986450195
-630 0 0 1.1091400384903 57.4057998657227
-631 0 0 1.11064994335175 57.5008010864258
-632 0 0 1.11214995384216 57.5957984924316
-633 0 0 1.1136599779129 57.6907997131348
-634 0 0 1.11518001556396 57.7858009338379
-635 0 0 1.11670005321503 57.8809013366699
-636 0 0 1.1182199716568 57.976001739502
-637 0 0 1.11975002288818 58.0712013244629
-638 0 0 1.1212899684906 58.1663017272949
-639 0 0 1.12282001972198 58.2615013122559
-640 0 0 1.12436997890472 58.3567008972168
-641 0 0 1.12591004371643 58.4519996643066
-642 0 0 1.12747001647949 58.5471992492676
-643 0 0 1.12901997566223 58.6425018310547
-644 0 0 1.13057994842529 58.7378005981445
-645 0 0 1.13215005397797 58.8331985473633
-646 0 0 1.13372004032135 58.9285011291504
-647 0 0 1.13529002666473 59.0238990783691
-648 0 0 1.13687002658844 59.1193008422852
-649 0 0 1.13845002651215 59.2148017883301
-650 16 4 1.14004004001617 59.3101997375488
-651 0 0 1.1416300535202 59.4057006835938
-652 0 0 1.14322996139526 59.5012016296387
-653 0 0 1.14482998847961 59.5966987609863
-654 0 0 1.14643001556396 59.6922988891602
-655 0 0 1.14804005622864 59.787899017334
-656 0 0 1.14964997768402 59.8834991455078
-657 0 0 1.15127003192902 59.9790992736816
-658 0 0 1.15288996696472 60.0746994018555
-659 0 0 1.15452003479004 60.1703987121582
-660 0 0 1.15614998340607 60.265998840332
-661 0 0 1.15778005123138 60.3616981506348
-662 0 0 1.15942001342773 60.4575004577637
-663 0 0 1.16106998920441 60.5531997680664
-664 0 0 1.16270995140076 60.648998260498
-665 0 0 1.16436994075775 60.744800567627
-666 0 0 1.16602003574371 60.8405990600586
-667 0 0 1.16768002510071 60.9364013671875
-668 0 0 1.16935002803802 61.0321998596191
-669 0 0 1.17101001739502 61.128101348877
-670 0 0 1.17269003391266 61.2239990234375
-671 0 0 1.17436003684998 61.3199005126953
-672 0 0 1.17604994773865 61.4157981872559
-673 0 0 1.17772996425629 61.5116996765137
-674 0 0 1.17941999435425 61.6077003479004
-675 0 0 1.18111002445221 61.7037010192871
-676 0 0 1.1828099489212 61.7997016906738
-677 0 0 1.18450999259949 61.8956985473633
-678 0 0 1.18622004985809 61.99169921875
-679 0 0 1.18792998790741 62.0876998901367
-680 0 0 1.18964004516602 62.1837997436523
-681 0 0 1.19135999679565 62.279899597168
-682 0 0 1.19308996200562 62.3759994506836
-683 0 0 1.19481003284454 62.4720993041992
-684 0 0 1.1965399980545 62.5681991577148
-685 0 0 1.19827997684479 62.6643981933594
-686 0 0 1.20001995563507 62.7605018615723
-687 0 0 1.20176005363464 62.8567008972168
-688 0 0 1.20350003242493 62.9528999328613
-689 0 0 1.20526003837585 63.0490989685059
-690 0 0 1.20701003074646 63.1454010009766
-691 0 0 1.20877003669739 63.2416000366211
-692 0 0 1.21053004264832 63.3378982543945
-693 0 0 1.21229994297028 63.4341011047363
-694 0 0 1.21406996250153 63.5303993225098
-695 0 0 1.21583998203278 63.6267013549805
-696 0 0 1.21762001514435 63.7230987548828
-697 0 0 1.21940994262695 63.8194007873535
-698 0 0 1.22118997573853 63.915699005127
-699 0 0 1.22298002243042 64.0121002197266
-700 17 4 1.22477996349335 64.1084976196289
-701 0 0 1.22658002376556 64.2049026489258
-702 0 0 1.22837996482849 64.3013000488281
-703 0 0 1.23018002510071 64.3976974487305
-704 0 0 1.23199999332428 64.4941024780273
-705 0 0 1.23380994796753 64.5905990600586
-706 0 0 1.23563003540039 64.6869964599609
-707 0 0 1.23745000362396 64.7835006713867
-708 0 0 1.23927998542786 64.879997253418
-709 0 0 1.24109995365143 64.9765014648438
-710 0 0 1.24293994903564 65.072998046875
-711 0 0 1.24477994441986 65.1695022583008
-712 0 0 1.24662005901337 65.265998840332
-713 0 0 1.24846005439758 65.3626022338867
-714 0 0 1.25030994415283 65.4591979980469
-715 0 0 1.25215995311737 65.5557022094727
-716 0 0 1.25401997566223 65.6522979736328
-717 0 0 1.25587999820709 65.7489013671875
-718 0 0 1.25775003433228 65.8454971313477
-719 0 0 1.25961005687714 65.9421005249023
-720 0 0 1.26148998737335 66.0388031005859
-721 0 0 1.26336002349854 66.1353988647461
-722 0 0 1.26523995399475 66.2321014404297
-723 0 0 1.26712000370026 66.3286972045898
-724 0 0 1.26900994777679 66.4253997802734
-725 0 0 1.27090001106262 66.522102355957
-726 0 0 1.27279996871948 66.6187973022461
-727 0 0 1.27469003200531 66.7154998779297
-728 0 0 1.27660000324249 66.8122024536133
-729 0 0 1.27849996089935 66.9088973999023
-730 0 0 1.28041005134583 67.0056991577148
-731 0 0 1.28233003616333 67.1024017333984
-732 0 0 1.28424000740051 67.1992034912109
-733 0 0 1.28615999221802 67.2958984375
-734 0 0 1.28808999061584 67.3927001953125
-735 0 0 1.29001998901367 67.489501953125
-736 0 0 1.2919499874115 67.5863037109375
-737 0 0 1.29387998580933 67.6830978393555
-738 0 0 1.29581999778748 67.779899597168
-739 0 0 1.29777002334595 67.8767013549805
-740 0 0 1.2997100353241 67.9736022949219
-741 0 0 1.30165994167328 68.0703964233398
-742 0 0 1.30361998081207 68.1672973632813
-743 0 0 1.30558001995087 68.2640991210938
-744 0 0 1.30754005908966 68.3610000610352
-745 0 0 1.30949997901917 68.4579010009766
-746 0 0 1.31147003173828 68.5547027587891
-747 0 0 1.31343996524811 68.6516036987305
-748 0 0 1.31542003154755 68.7484970092773
-749 0 0 1.3173999786377 68.8453979492188
-750 18 4 1.31938004493713 68.9423980712891
-751 0 0 1.3213700056076 69.0392990112305
-752 0 0 1.32335996627808 69.1361999511719
-753 0 0 1.32535994052887 69.2332000732422
-754 0 0 1.32735002040863 69.3301010131836
-755 0 0 1.32936000823975 69.4271011352539
-756 0 0 1.33135998249054 69.5240020751953
-757 0 0 1.33336997032166 69.6210021972656
-758 0 0 1.33537995815277 69.7180023193359
-759 0 0 1.33739995956421 69.8149032592773
-760 0 0 1.33941996097565 69.9119033813477
-761 0 0 1.34143996238708 70.008903503418
-762 0 0 1.34346997737885 70.1059036254883
-763 0 0 1.34549999237061 70.2030029296875
-764 0 0 1.34753000736237 70.3000030517578
-765 0 0 1.34957003593445 70.3970031738281
-766 0 0 1.35160994529724 70.4940032958984
-767 0 0 1.35364997386932 70.5911026000977
-768 0 0 1.35570001602173 70.688102722168
-769 0 0 1.35775005817413 70.7852020263672
-770 0 0 1.35980999469757 70.8822021484375
-771 0 0 1.3618700504303 70.9793014526367
-772 0 0 1.36392998695374 71.076301574707
-773 0 0 1.36600005626678 71.1734008789063
-774 0 0 1.36807000637054 71.2705001831055
-775 0 0 1.3701399564743 71.3675994873047
-776 0 0 1.37222003936768 71.4646987915039
-777 0 0 1.37430000305176 71.5617980957031
-778 0 0 1.37637996673584 71.6588973999023
-779 0 0 1.37846994400024 71.7559967041016
-780 0 0 1.38056004047394 71.8531036376953
-781 0 0 1.38265001773834 71.9502029418945
-782 0 0 1.38475000858307 72.0473022460938
-783 0 0 1.3868499994278 72.1445007324219
-784 0 0 1.38896000385284 72.2416000366211
-785 0 0 1.39107000827789 72.3386993408203
-786 0 0 1.39318001270294 72.4358978271484
-787 0 0 1.39529001712799 72.5329971313477
-788 0 0 1.39741003513336 72.6302032470703
-789 0 0 1.39953005313873 72.7274017333984
-790 0 0 1.40165996551514 72.8245010375977
-791 0 0 1.40378999710083 72.9216995239258
-792 0 0 1.40592002868652 73.0188980102539
-793 0 0 1.40805995464325 73.1159973144531
-794 0 0 1.41019999980927 73.2132034301758
-795 0 0 1.41234004497528 73.3104019165039
-796 0 0 1.41448998451233 73.407600402832
-797 0 0 1.41664004325867 73.5047988891602
-798 0 0 1.41878998279572 73.6019973754883
-799 0 0 1.42095005512238 73.6992034912109
-800 19 4 1.42311000823975 73.7964019775391
-801 0 0 1.42526996135712 73.8936004638672
-802 0 0 1.4274400472641 73.9907989501953
-803 0 0 1.42961001396179 74.0879974365234
-804 0 0 1.43178999423981 74.1852035522461
-805 0 0 1.4339599609375 74.2825012207031
-806 0 0 1.43613994121552 74.3796997070313
-807 0 0 1.43833005428314 74.4768981933594
-808 0 0 1.44052004814148 74.5742034912109
-809 0 0 1.44271004199982 74.6714019775391
-810 0 0 1.44490003585815 74.7686004638672
-811 0 0 1.44710004329681 74.8658981323242
-812 0 0 1.44930005073547 74.9630966186523
-813 0 0 1.45150995254517 75.0604019165039
-814 0 0 1.45371997356415 75.157600402832
-815 0 0 1.45592999458313 75.2548980712891
-816 0 0 1.45815002918243 75.3522033691406
-817 0 0 1.46036994457245 75.4494018554688
-818 0 0 1.46258997917175 75.5466995239258
-819 0 0 1.46481001377106 75.6439971923828
-820 0 0 1.46703994274139 75.7412033081055
-821 0 0 1.46928000450134 75.8385009765625
-822 0 0 1.47151005268097 75.9357986450195
-823 0 0 1.47374999523163 76.0330963134766
-824 0 0 1.47599995136261 76.1303024291992
-825 0 0 1.47824001312256 76.2276000976563
-826 0 0 1.48048996925354 76.3248977661133
-827 0 0 1.48275005817413 76.4222030639648
-828 0 0 1.48500001430511 76.5195007324219
-829 0 0 1.48725998401642 76.6167984008789
-830 0 0 1.48952996730804 76.7141036987305
-831 0 0 1.49179005622864 76.8114013671875
-832 0 0 1.49406003952026 76.9086990356445
-833 0 0 1.49634003639221 77.0059967041016
-834 0 0 1.49861001968384 77.1033020019531
-835 0 0 1.50089001655579 77.2005996704102
-836 0 0 1.50318002700806 77.2978973388672
-837 0 0 1.50547003746033 77.3952026367188
-838 0 0 1.5077600479126 77.4925003051758
-839 0 0 1.51005005836487 77.5897979736328
-840 0 0 1.51234996318817 77.6871032714844
-841 0 0 1.51464998722076 77.7844009399414
-842 0 0 1.51695001125336 77.8817977905273
-843 0 0 1.51926004886627 77.9791030883789
-844 0 0 1.5215699672699 78.0764007568359
-845 0 0 1.52389001846313 78.173698425293
-846 0 0 1.52620005607605 78.2711029052734
-847 0 0 1.52853000164032 78.3684005737305
-848 0 0 1.53085005283356 78.4656982421875
-849 0 0 1.53317999839783 78.5630035400391
-850 20 4 1.5355099439621 78.660400390625
-851 0 0 1.53784000873566 78.757698059082
-852 0 0 1.54017996788025 78.8550033569336
-853 0 0 1.54252004623413 78.9524002075195
-854 0 0 1.54487001895905 79.0496978759766
-855 0 0 1.54721999168396 79.1470031738281
-856 0 0 1.54956996440887 79.2444000244141
-857 0 0 1.55192005634308 79.3416976928711
-858 0 0 1.55428004264832 79.4390029907227
-859 0 0 1.55664002895355 79.5363998413086
-860 0 0 1.55901002883911 79.6336975097656
-861 0 0 1.56138002872467 79.7310028076172
-862 0 0 1.56375002861023 79.8283996582031
-863 0 0 1.56613004207611 79.9256973266602
-864 0 0 1.56851005554199 80.0231018066406
-865 0 0 1.57088994979858 80.1203994750977
-866 0 0 1.57326996326447 80.2177963256836
-867 0 0 1.57565999031067 80.3151016235352
-868 0 0 1.57805001735687 80.4123992919922
-869 0 0 1.5804500579834 80.5098037719727
-870 0 0 1.58284997940063 80.6071014404297
-871 0 0 1.58525002002716 80.7044982910156
-872 0 0 1.58765995502472 80.8018035888672
-873 0 0 1.59007000923157 80.8992004394531
-874 0 0 1.59247994422913 80.9964981079102
-875 0 0 1.59488999843597 81.0939025878906
-876 0 0 1.59730994701385 81.1912002563477
-877 0 0 1.59974002838135 81.2885971069336
-878 0 0 1.60215997695923 81.3859024047852
-879 0 0 1.60459005832672 81.4832000732422
-880 0 0 1.60702002048492 81.5805969238281
-881 0 0 1.60945999622345 81.6779022216797
-882 0 0 1.61189997196198 81.7752990722656
-883 0 0 1.6143399477005 81.8725967407227
-884 0 0 1.61679005622864 81.9700012207031
-885 0 0 1.61924004554749 82.0672988891602
-886 0 0 1.62169003486633 82.1647033691406
-887 0 0 1.6241500377655 82.2620010375977
-888 0 0 1.62661004066467 82.3593978881836
-889 0 0 1.62907004356384 82.4567031860352
-890 0 0 1.63153994083405 82.5541000366211
-891 0 0 1.63400995731354 82.6513977050781
-892 0 0 1.63647997379303 82.7487030029297
-893 0 0 1.63896000385284 82.8460998535156
-894 0 0 1.64144003391266 82.9433975219727
-895 0 0 1.64391994476318 83.0408020019531
-896 0 0 1.64640998840332 83.1380996704102
-897 0 0 1.64890003204346 83.2354965209961
-898 0 0 1.6513899564743 83.3328018188477
-899 0 0 1.65389001369476 83.4300994873047
-900 21 4 1.65638995170593 83.5274963378906
-901 0 0 1.65889000892639 83.6248016357422
-902 0 0 1.66139996051788 83.7221984863281
-903 0 0 1.66391003131866 83.8195037841797
-904 0 0 1.66642999649048 83.9168014526367
-905 0 0 1.66893994808197 84.0141983032227
-906 0 0 1.67146003246307 84.1115036010742
-907 0 0 1.67399001121521 84.2088012695313
-908 0 0 1.67651998996735 84.3061981201172
-909 0 0 1.67904996871948 84.4035034179688
-910 0 0 1.68157994747162 84.5008010864258
-911 0 0 1.68412005901337 84.5981979370117
-912 0 0 1.68666005134583 84.6955032348633
-913 0 0 1.68920004367828 84.7928009033203
-914 0 0 1.69175004959106 84.8901977539063
-915 0 0 1.69430005550385 84.9875030517578
-916 0 0 1.69685995578766 85.0848007202148
-917 0 0 1.69941997528076 85.1820983886719
-918 0 0 1.70197999477386 85.2795028686523
-919 0 0 1.70454001426697 85.3768005371094
-920 0 0 1.70711004734039 85.4740982055664
-921 0 0 1.70967996120453 85.571403503418
-922 0 0 1.71226000785828 85.668701171875
-923 0 0 1.7148300409317 85.7660980224609
-924 0 0 1.71741998195648 85.8634033203125
-925 0 0 1.72000002861023 85.9607009887695
-926 0 0 1.72258996963501 86.0579986572266
-927 0 0 1.72518002986908 86.1552963256836
-928 0 0 1.72777998447418 86.2526016235352
-929 0 0 1.73038005828857 86.3498992919922
-930 0 0 1.73298001289368 86.4471969604492
-931 0 0 1.7355899810791 86.5446014404297
-932 0 0 1.73819005489349 86.6418991088867
-933 0 0 1.74081003665924 86.7391967773438
-934 0 0 1.74342000484467 86.8365020751953
-935 0 0 1.74603998661041 86.9337997436523
-936 0 0 1.74865996837616 87.0310974121094
-937 0 0 1.75128996372223 87.1284027099609
-938 0 0 1.7539199590683 87.225700378418
-939 0 0 1.75654995441437 87.3228988647461
-940 0 0 1.75918996334076 87.4201965332031
-941 0 0 1.76182997226715 87.5175018310547
-942 0 0 1.76446998119354 87.6147994995117
-943 0 0 1.76712000370026 87.7120971679688
-944 0 0 1.76977002620697 87.8094024658203
-945 0 0 1.77242004871368 87.9067001342773
-946 0 0 1.77507996559143 88.0038986206055
-947 0 0 1.77774000167847 88.1011962890625
-948 0 0 1.78041005134583 88.1985015869141
-949 0 0 1.78306996822357 88.2957992553711
-950 22 4 1.78574001789093 88.3929977416992
-951 0 0 1.78841996192932 88.4903030395508
-952 0 0 1.791100025177 88.5876007080078
-953 0 0 1.79377996921539 88.6848983764648
-954 0 0 1.79646003246307 88.782096862793
-955 0 0 1.79914999008179 88.8794021606445
-956 0 0 1.8018399477005 88.9766006469727
-957 0 0 1.80454003810883 89.0738983154297
-958 0 0 1.80724000930786 89.1710968017578
-959 0 0 1.8099399805069 89.2684020996094
-960 0 0 1.81263995170593 89.3656997680664
-961 0 0 1.81535005569458 89.4628982543945
-962 0 0 1.81806004047394 89.5600967407227
-963 0 0 1.82078003883362 89.6574020385742
-964 0 0 1.8235000371933 89.7546005249023
-965 0 0 1.82622003555298 89.8518981933594
-966 0 0 1.82895004749298 89.9490966796875
-967 0 0 1.83168005943298 90.0463027954102
-968 0 0 1.8344099521637 90.1436004638672
-969 0 0 1.83714997768402 90.2407989501953
-970 0 0 1.83989000320435 90.3379974365234
-971 0 0 1.84263002872467 90.435302734375
-972 0 0 1.84537994861603 90.5325012207031
-973 0 0 1.84812998771667 90.6296997070313
-974 0 0 1.85088002681732 90.7268981933594
-975 0 0 1.853639960289 90.8240966796875
-976 0 0 1.85640001296997 90.9213027954102
-977 0 0 1.85916996002197 91.0186004638672
-978 0 0 1.86193001270294 91.1157989501953
-979 0 0 1.86470997333527 91.2129974365234
-980 0 0 1.86748003959656 91.3102035522461
-981 0 0 1.87026000022888 91.4074020385742
-982 0 0 1.87303996086121 91.5046005249023
-983 0 0 1.87583005428314 91.6017990112305
-984 0 0 1.87862002849579 91.6988983154297
-985 0 0 1.88141000270844 91.7960968017578
-986 0 0 1.88419997692108 91.8933029174805
-987 0 0 1.88699996471405 91.9905014038086
-988 0 0 1.88980996608734 92.0876998901367
-989 0 0 1.89260995388031 92.1848983764648
-990 0 0 1.8954199552536 92.2819976806641
-991 0 0 1.89823997020721 92.3792037963867
-992 0 0 1.90105998516083 92.4764022827148
-993 0 0 1.90388000011444 92.5735015869141
-994 0 0 1.90670001506805 92.6707000732422
-995 0 0 1.90953004360199 92.7678985595703
-996 0 0 1.91235995292664 92.8649978637695
-997 0 0 1.91519999504089 92.9621963500977
-998 0 0 1.91803002357483 93.0593032836914
-999 0 0 1.92087996006012 93.1565017700195
-1000 23 9 1.92372000217438 93.2536010742188
