-1000 43 9 -1.8332200050354 -12.4351997375488
-999 0 0 -1.82697999477386 -12.4191999435425
-998 0 0 -1.82073998451233 -12.4029998779297
-997 0 0 -1.81448996067047 -12.3867998123169
-996 0 0 -1.8082400560379 -12.370400428772
-995 0 0 -1.80198001861572 -12.3538999557495
-994 0 0 -1.79571998119354 -12.3373003005981
-993 0 0 -1.78945994377136 -12.3205995559692
-992 0 0 -1.78319001197815 -12.3037996292114
-991 0 0 -1.77691996097565 -12.2868003845215
-990 0 0 -1.77065002918243 -12.269700050354
-989 0 0 -1.76436996459961 -12.2524995803833
-988 0 0 -1.75809001922607 -12.2351999282837
-987 0 0 -1.75179994106293 -12.2177000045776
-986 0 0 -1.74550998210907 -12.2000999450684
-985 0 0 -1.73921000957489 -12.1823997497559
-984 0 0 -1.73291003704071 -12.1645002365112
-983 0 0 -1.72660994529724 -12.1464996337891
-982 0 0 -1.72029995918274 -12.128399848938
-981 0 0 -1.71398997306824 -12.1101999282837
-980 0 0 -1.70766997337341 -12.0917997360229
-979 0 0 -1.70134997367859 -12.0732002258301
-978 0 0 -1.69502997398376 -12.0545997619629
-977 0 0 -1.68869996070862 -12.0356998443604
-976 0 0 -1.68236005306244 -12.0167999267578
-975 0 0 -1.67602002620697 -11.9976997375488
-974 0 0 -1.6696799993515 -11.9784002304077
-973 0 0 -1.66332995891571 -11.9589996337891
-972 0 0 -1.65698003768921 -11.9394998550415
-971 0 0 -1.6506199836731 -11.9197998046875
-970 0 0 -1.64426004886627 -11.8999004364014
-969 0 0 -1.63788998126984 -11.8798999786377
-968 0 0 -1.63152003288269 -11.8598003387451
-967 0 0 -1.62513995170593 -11.8394002914429
-966 0 0 -1.61875998973846 -11.8190002441406
-965 0 0 -1.612380027771 -11.7982997894287
-964 0 0 -1.60598003864288 -11.7775001525879
-963 0 0 -1.5995899438858 -11.7565002441406
-962 0 0 -1.59317994117737 -11.7354001998901
-961 0 0 -1.58677995204926 -11.7140998840332
-960 0 0 -1.58036994934082 -11.6926002502441
-959 0 0 -1.57395005226135 -11.6709995269775
-958 0 0 -1.56752002239227 -11.6491003036499
-957 0 0 -1.56110000610352 -11.6270999908447
-956 0 0 -1.55465996265411 -11.6049003601074
-955 0 0 -1.548220038414 -11.5825996398926
-954 0 0 -1.5417799949646 -11.5600004196167
-953 0 0 -1.53533005714417 -11.5373001098633
-952 0 0 -1.52886998653412 -11.5143995285034
-951 0 0 -1.52241003513336 -11.4912996292114
-950 42 4 -1.51593995094299 -11.4680004119873
-949 0 0 -1.50946998596191 -11.4444999694824
-948 0 0 -1.50299000740051 -11.4208002090454
-947 0 0 -1.49651002883911 -11.396900177002
-946 0 0 -1.49002003669739 -11.3727998733521
-945 0 0 -1.48352003097534 -11.34850025177
-944 0 0 -1.4770200252533 -11.3240003585815
-943 0 0 -1.47051000595093 -11.2993001937866
-942 0 0 -1.46398997306824 -11.2743997573853
-941 0 0 -1.45747005939484 -11.2493000030518
-940 0 0 -1.45094001293182 -11.2238998413086
-939 0 0 -1.44440996646881 -11.1983003616333
-938 0 0 -1.43787002563477 -11.1725997924805
-937 0 0 -1.43131995201111 -11.1465997695923
-936 0 0 -1.42476999759674 -11.1203002929688
-935 0 0 -1.41821002960205 -11.0938997268677
-934 0 0 -1.41164994239807 -11.0671997070313
-933 0 0 -1.40506994724274 -11.0403003692627
-932 0 0 -1.3984899520874 -11.0130996704102
-931 0 0 -1.39190995693207 -10.9856996536255
-930 0 0 -1.38531005382538 -10.9580001831055
-929 0 0 -1.3787100315094 -10.9301996231079
-928 0 0 -1.37211000919342 -10.9020004272461
-927 0 0 -1.3654899597168 -10.8736000061035
-926 0 0 -1.35887002944946 -10.8450002670288
-925 0 0 -1.35223996639252 -10.8161001205444
-924 0 0 -1.34561002254486 -10.7869997024536
-923 0 0 -1.33896005153656 -10.7574996948242
-922 0 0 -1.33230996131897 -10.7278995513916
-921 0 0 -1.32565999031067 -10.6978998184204
-920 0 0 -1.31898999214172 -10.6676998138428
-919 0 0 -1.31231999397278 -10.6372003555298
-918 0 0 -1.30563998222351 -10.6063995361328
-917 0 0 -1.29894995689392 -10.575400352478
-916 0 0 -1.2922500371933 -10.543999671936
-915 0 0 -1.28554999828339 -10.5123996734619
-914 0 0 -1.27883994579315 -10.4805002212524
-913 0 0 -1.27211999893188 -10.4483003616333
-912 0 0 -1.2653900384903 -10.4156999588013
-911 0 0 -1.25865995883942 -10.3829002380371
-910 0 0 -1.2519199848175 -10.3498001098633
-909 0 0 -1.24515998363495 -10.3163995742798
-908 0 0 -1.23839998245239 -10.2826995849609
-907 0 0 -1.23163998126984 -10.2486000061035
-906 0 0 -1.22485995292664 -10.2142000198364
-905 0 0 -1.21808004379272 -10.1794996261597
-904 0 0 -1.21127998828888 -10.1444997787476
-903 0 0 -1.20448005199432 -10.1091995239258
-902 0 0 -1.19766998291016 -10.0734996795654
-901 0 0 -1.19086003303528 -10.0375003814697
-900 41 4 -1.18403005599976 -10.0010995864868
-899 0 0 -1.17718994617462 -9.96440982818604
-898 0 0 -1.17034995555878 -9.92735958099365
-897 0 0 -1.16349995136261 -9.88996028900146
-896 0 0 -1.15664005279541 -9.85221004486084
-895 0 0 -1.14976000785828 -9.81408977508545
-894 0 0 -1.14288997650146 -9.77562046051025
-893 0 0 -1.1360000371933 -9.73678016662598
-892 0 0 -1.12909996509552 -9.69756984710693
-891 0 0 -1.12218999862671 -9.65799045562744
-890 0 0 -1.1152800321579 -9.61802959442139
-889 0 0 -1.10835003852844 -9.57769012451172
-888 0 0 -1.10142004489899 -9.5369701385498
-887 0 0 -1.09448003768921 -9.495849609375
-886 0 0 -1.08753001689911 -9.45435047149658
-885 0 0 -1.08056998252869 -9.41246032714844
-884 0 0 -1.07360005378723 -9.37016010284424
-883 0 0 -1.06661999225616 -9.32746982574463
-882 0 0 -1.05963003635406 -9.28437042236328
-881 0 0 -1.05262994766235 -9.24085998535156
-880 0 0 -1.04561996459961 -9.19694042205811
-879 0 0 -1.03860998153687 -9.15260028839111
-878 0 0 -1.03157997131348 -9.10785007476807
-877 0 0 -1.02454996109009 -9.06266975402832
-876 0 0 -1.01751005649567 -9.01706981658936
-875 0 0 -1.01045000553131 -8.97103977203369
-874 0 0 -1.00338995456696 -8.92457962036133
-873 0 0 -0.996320009231567 -8.87769031524658
-872 0 0 -0.989239990711212 -8.83036041259766
-871 0 0 -0.982150018215179 -8.78258991241455
-870 0 0 -0.975051999092102 -8.73437976837158
-869 0 0 -0.967944979667664 -8.68572998046875
-868 0 0 -0.960828006267548 -8.63663005828857
-867 0 0 -0.953702986240387 -8.58708000183105
-866 0 0 -0.94656902551651 -8.53707981109619
-865 0 0 -0.939426004886627 -8.4866304397583
-864 0 0 -0.932274997234344 -8.43572044372559
-863 0 0 -0.92511397600174 -8.38434982299805
-862 0 0 -0.917945981025696 -8.33253002166748
-861 0 0 -0.91076797246933 -8.28024005889893
-860 0 0 -0.903581976890564 -8.22749996185303
-859 0 0 -0.896387994289398 -8.17428970336914
-858 0 0 -0.889186024665833 -8.12061977386475
-857 0 0 -0.881974995136261 -8.06647968292236
-856 0 0 -0.874756991863251 -8.01187992095947
-855 0 0 -0.867529988288879 -7.95682001113892
-854 0 0 -0.860296010971069 -7.90128993988037
-853 0 0 -0.853053987026215 -7.845290184021
-852 0 0 -0.845804989337921 -7.7888298034668
-851 0 0 -0.838548004627228 -7.73190021514893
-850 40 4 -0.831283986568451 -7.67451000213623
-849 0 0 -0.824012994766235 -7.61666011810303
-848 0 0 -0.81673401594162 -7.55834007263184
-847 0 0 -0.809449017047882 -7.49955987930298
-846 0 0 -0.802156984806061 -7.44033002853394
-845 0 0 -0.794858992099762 -7.3806300163269
-844 0 0 -0.787554025650024 -7.32047986984253
-843 0 0 -0.780243992805481 -7.25987005233765
-842 0 0 -0.772926986217499 -7.19882011413574
-841 0 0 -0.765604019165039 -7.13731002807617
-840 0 0 -0.758275985717773 -7.07535982131958
-839 0 0 -0.75094199180603 -7.0129599571228
-838 0 0 -0.743602991104126 -6.95012998580933
-837 0 0 -0.736258983612061 -6.88685989379883
-836 0 0 -0.728909015655518 -6.82315015792847
-835 0 0 -0.72155499458313 -6.75901985168457
-834 0 0 -0.714196979999542 -6.69446992874146
-833 0 0 -0.706834018230438 -6.62948989868164
-832 0 0 -0.69946700334549 -6.56409978866577
-831 0 0 -0.692095994949341 -6.49831008911133
-830 0 0 -0.684720993041992 -6.43209981918335
-829 0 0 -0.677341997623444 -6.36549997329712
-828 0 0 -0.669960021972656 -6.29850006103516
-827 0 0 -0.662575006484985 -6.23112010955811
-826 0 0 -0.655185997486115 -6.16335010528564
-825 0 0 -0.647795021533966 -6.09521007537842
-824 0 0 -0.640401005744934 -6.02670001983643
-823 0 0 -0.633004009723663 -5.95781993865967
-822 0 0 -0.62560498714447 -5.88857984542847
-821 0 0 -0.618202984333038 -5.81899976730347
-820 0 0 -0.610799014568329 -5.7490701675415
-819 0 0 -0.603393971920013 -5.67881011962891
-818 0 0 -0.595986008644104 -5.60821008682251
-817 0 0 -0.588576972484589 -5.53729009628296
-816 0 0 -0.58116602897644 -5.46606016159058
-815 0 0 -0.573754012584686 -5.3945198059082
-814 0 0 -0.566340029239655 -5.32266998291016
-813 0 0 -0.558924973011017 -5.25053977966309
-812 0 0 -0.551509022712708 -5.17811012268066
-811 0 0 -0.544091999530792 -5.10541009902954
-810 0 0 -0.536673009395599 -5.03244018554688
-809 0 0 -0.529254019260406 -4.95919990539551
-808 0 0 -0.521835029125214 -4.88570976257324
-807 0 0 -0.514414012432098 -4.81196022033691
-806 0 0 -0.506992995738983 -4.73797988891602
-805 0 0 -0.499570995569229 -4.6637601852417
-804 0 0 -0.492148011922836 -4.58931016921997
-803 0 0 -0.484724998474121 -4.51464986801147
-802 0 0 -0.477301001548767 -4.43977022171021
-801 0 0 -0.469875991344452 -4.36468982696533
-800 39 4 -0.462451010942459 -4.28941011428833
-799 0 0 -0.455026000738144 -4.21394014358521
-798 0 0 -0.44760000705719 -4.13827991485596
-797 0 0 -0.440173000097275 -4.06244993209839
-796 0 0 -0.43274599313736 -3.98644995689392
-795 0 0 -0.425318002700806 -3.91027998924255
-794 0 0 -0.417890012264252 -3.83396005630493
-793 0 0 -0.410459995269775 -3.75747990608215
-792 0 0 -0.403030008077621 -3.68086004257202
-791 0 0 -0.395599007606506 -3.6041100025177
-790 0 0 -0.388168007135391 -3.52722001075745
-789 0 0 -0.380735009908676 -3.45020008087158
-788 0 0 -0.373302012681961 -3.37307000160217
-787 0 0 -0.365866988897324 -3.29581999778748
-786 0 0 -0.35843101143837 -3.21846008300781
-785 0 0 -0.350993990898132 -3.14100003242493
-784 0 0 -0.343555003404617 -3.0634400844574
-783 0 0 -0.33611598610878 -2.98579001426697
-782 0 0 -0.328673988580704 -2.90805006027222
-781 0 0 -0.321231007575989 -2.83021998405457
-780 0 0 -0.313786000013351 -2.75232005119324
-779 0 0 -0.306340008974075 -2.67434000968933
-778 0 0 -0.298891991376877 -2.59629988670349
-777 0 0 -0.29144099354744 -2.51818990707397
-776 0 0 -0.283989012241364 -2.44001007080078
-775 0 0 -0.276533991098404 -2.3617799282074
-774 0 0 -0.269077003002167 -2.28349995613098
-773 0 0 -0.261617004871368 -2.20515990257263
-772 0 0 -0.25415500998497 -2.12678003311157
-771 0 0 -0.246691003441811 -2.04836010932922
-770 0 0 -0.239223003387451 -1.96988999843597
-769 0 0 -0.231753006577492 -1.89138996601105
-768 0 0 -0.224279999732971 -1.81286001205444
-767 0 0 -0.216802999377251 -1.73429000377655
-766 0 0 -0.20932400226593 -1.65569996833801
-765 0 0 -0.201841995120049 -1.5770800113678
-764 0 0 -0.194355994462967 -1.49844002723694
-763 0 0 -0.186866000294685 -1.41978001594543
-762 0 0 -0.179373994469643 -1.34109997749329
-761 0 0 -0.1718779951334 -1.26240003108978
-760 0 0 -0.164378002285957 -1.18368995189667
-759 0 0 -0.156874001026154 -1.10496997833252
-758 0 0 -0.14936700463295 -1.02623999118805
-757 0 0 -0.141855999827385 -0.947499990463257
-756 0 0 -0.13434100151062 -0.868752002716064
-755 0 0 -0.126822993159294 -0.789999008178711
-754 0 0 -0.119300000369549 -0.711242020130157
-753 0 0 -0.111773997545242 -0.63248199224472
-752 0 0 -0.104243002831936 -0.553719997406006
-751 0 0 -0.0967087969183922 -0.47495898604393
-750 38 4 -0.0891705006361008 -0.396198004484177
-749 0 0 -0.0816283002495766 -0.317440003156662
-748 0 0 -0.0740820989012718 -0.238683998584747
-747 0 0 -0.0665320977568626 -0.159931004047394
-746 0 0 -0.0589780993759632 -0.0811833962798119
-745 0 0 -0.0514204017817974 -0.00244079995900393
-744 0 0 -0.0438588000833988 0.0762958973646164
-743 0 0 -0.0362935997545719 0.155026003718376
-742 0 0 -0.0287247002124786 0.233749002218246
-741 0 0 -0.02115230076015 0.312465012073517
-740 0 0 -0.0135763995349407 0.391171991825104
-739 0 0 -0.0059971702285111 0.469871014356613
-738 0 0 0.00158528005704284 0.548560976982117
-737 0 0 0.00917083024978638 0.627242028713226
-736 0 0 0.0167593006044626 0.70591402053833
-735 0 0 0.0243506003171206 0.78457498550415
-734 0 0 0.0319445990025997 0.863227009773254
-733 0 0 0.0395409017801285 0.941868007183075
-732 0 0 0.0471394993364811 1.02049994468689
-731 0 0 0.0547402016818523 1.09912002086639
-730 0 0 0.0623426996171474 1.17772996425629
-729 0 0 0.0699466988444328 1.25633001327515
-728 0 0 0.0775521025061607 1.33492004871368
-727 0 0 0.0851586014032364 1.41349005699158
-726 0 0 0.0927658006548882 1.49205994606018
-725 0 0 0.10037299990654 1.57061004638672
-724 0 0 0.107980996370316 1.64915001392365
-723 0 0 0.115589000284672 1.72767996788025
-722 0 0 0.123195998370647 1.80620002746582
-721 0 0 0.130803003907204 1.88470995426178
-720 0 0 0.138408005237579 1.96320998668671
-719 0 0 0.146010994911194 2.04169011116028
-718 0 0 0.15361200273037 2.12016010284424
-717 0 0 0.161210998892784 2.19862008094788
-716 0 0 0.168806999921799 2.27706003189087
-715 0 0 0.176400005817413 2.35548996925354
-714 0 0 0.183989003300667 2.43390989303589
-713 0 0 0.191572993993759 2.51232004165649
-712 0 0 0.199153006076813 2.59070992469788
-711 0 0 0.206726998090744 2.66909003257751
-710 0 0 0.214294999837875 2.74745011329651
-709 0 0 0.221856996417046 2.82578992843628
-708 0 0 0.229412004351616 2.90411996841431
-707 0 0 0.236958995461464 2.98243999481201
-706 0 0 0.244497001171112 3.06073999404907
-705 0 0 0.252027004957199 3.13901996612549
-704 0 0 0.259546995162964 3.21727991104126
-703 0 0 0.267057001590729 3.29552006721497
-702 0 0 0.274556010961533 3.37373995780945
-701 0 0 0.282043993473053 3.45195007324219
-700 37 4 0.289519011974335 3.53012990951538
-699 0 0 0.296981006860733 3.60827994346619
-698 0 0 0.304428994655609 3.68641996383667
-697 0 0 0.311863005161285 3.76452994346619
-696 0 0 0.319281011819839 3.84260988235474
-695 0 0 0.326683014631271 3.92067003250122
-694 0 0 0.334069013595581 3.99869990348816
-693 0 0 0.341435998678207 4.07670021057129
-692 0 0 0.348785012960434 4.15466976165771
-691 0 0 0.356115013360977 4.23261022567749
-690 0 0 0.363424003124237 4.31051015853882
-689 0 0 0.370712012052536 4.38838005065918
-688 0 0 0.37797799706459 4.46620988845825
-687 0 0 0.385221987962723 4.54401016235352
-686 0 0 0.392441004514694 4.62175989151001
-685 0 0 0.399636000394821 4.69947004318237
-684 0 0 0.406805008649826 4.77714014053345
-683 0 0 0.413947999477386 4.85476016998291
-682 0 0 0.421063005924225 4.93234014511108
-681 0 0 0.428149998188019 5.00986003875732
-680 0 0 0.43520799279213 5.08733987808228
-679 0 0 0.442236006259918 5.16476011276245
-678 0 0 0.449232012033463 5.24211978912354
-677 0 0 0.456196993589401 5.31942987442017
-676 0 0 0.463129013776779 5.39667987823486
-675 0 0 0.470025986433029 5.47386980056763
-674 0 0 0.47688901424408 5.55099010467529
-673 0 0 0.483716994524002 5.62804985046387
-672 0 0 0.490507006645203 5.70503997802734
-671 0 0 0.497260004281998 5.78196001052856
-670 0 0 0.503974974155426 5.85880994796753
-669 0 0 0.510649979114532 5.93557977676392
-668 0 0 0.517286002635956 6.01227998733521
-667 0 0 0.523880004882813 6.08889007568359
-666 0 0 0.530431985855103 6.16543006896973
-665 0 0 0.536942005157471 6.24187994003296
-664 0 0 0.543407022953033 6.31824016571045
-663 0 0 0.549829006195068 6.3945198059082
-662 0 0 0.556204974651337 6.47070980072021
-661 0 0 0.562534987926483 6.54681015014648
-660 0 0 0.568818986415863 6.62280988693237
-659 0 0 0.575053989887238 6.6987099647522
-658 0 0 0.581242024898529 6.77451992034912
-657 0 0 0.587379992008209 6.85023021697998
-656 0 0 0.593469023704529 6.92582988739014
-655 0 0 0.599507987499237 7.00132989883423
-654 0 0 0.605494976043701 7.0767297744751
-653 0 0 0.611431002616882 7.15200996398926
-652 0 0 0.617313981056213 7.2271900177002
-651 0 0 0.623143970966339 7.30225992202759
-650 36 4 0.628921985626221 7.37721014022827
-649 0 0 0.634644985198975 7.45205020904541
-648 0 0 0.640313029289246 7.526780128479
-647 0 0 0.645927011966705 7.60138988494873
-646 0 0 0.651485025882721 7.67587995529175
-645 0 0 0.656987011432648 7.7502498626709
-644 0 0 0.66243302822113 7.82450008392334
-643 0 0 0.667822003364563 7.89863014221191
-642 0 0 0.67315399646759 7.9726300239563
-641 0 0 0.678427994251251 8.0465202331543
-640 0 0 0.683645009994507 8.12026977539063
-639 0 0 0.688803017139435 8.19390964508057
-638 0 0 0.693903028964996 8.26741981506348
-637 0 0 0.698944985866547 8.34080028533936
-636 0 0 0.703927993774414 8.41405010223389
-635 0 0 0.708850979804993 8.48717975616455
-634 0 0 0.713715970516205 8.56017971038818
-633 0 0 0.718520998954773 8.63304996490479
-632 0 0 0.723266005516052 8.70580005645752
-631 0 0 0.727952003479004 8.77840995788574
-630 0 0 0.732578992843628 8.8508996963501
-629 0 0 0.737145006656647 8.92325973510742
-628 0 0 0.741652011871338 8.99549007415771
-627 0 0 0.746097981929779 9.06758975982666
-626 0 0 0.750485002994537 9.13957023620605
-625 0 0 0.754812002182007 9.2114200592041
-624 0 0 0.759078979492188 9.28314018249512
-623 0 0 0.763287007808685 9.35474014282227
-622 0 0 0.767435014247894 9.42621040344238
-621 0 0 0.771522998809814 9.49755001068115
-620 0 0 0.775551974773407 9.56877994537354
-619 0 0 0.779520988464355 9.63986968994141
-618 0 0 0.783432006835938 9.71084976196289
-617 0 0 0.787283003330231 9.78170013427734
-616 0 0 0.791074991226196 9.85243034362793
-615 0 0 0.794808983802795 9.92304039001465
-614 0 0 0.798484027385712 9.9935302734375
-613 0 0 0.802101016044617 10.0638999938965
-612 0 0 0.805660009384155 10.1342000961304
-611 0 0 0.809161007404327 10.2042999267578
-610 0 0 0.812604010105133 10.274299621582
-609 0 0 0.81599098443985 10.3442001342773
-608 0 0 0.819320023059845 10.4139995574951
-607 0 0 0.822592973709106 10.483699798584
-606 0 0 0.825809001922607 10.5532999038696
-605 0 0 0.82896900177002 10.6227998733521
-604 0 0 0.832072973251343 10.6921997070313
-603 0 0 0.835121989250183 10.7614002227783
-602 0 0 0.838115990161896 10.8305997848511
-601 0 0 0.841054975986481 10.8996000289917
-600 35 4 0.843939006328583 10.9686002731323
-599 0 0 0.846769988536835 11.0375003814697
-598 0 0 0.849546015262604 11.1062002182007
-597 0 0 0.852270007133484 11.1749000549316
-596 0 0 0.854939997196198 11.2434997558594
-595 0 0 0.857558012008667 11.311900138855
-594 0 0 0.860123991966248 11.3802995681763
-593 0 0 0.862636983394623 11.4485998153687
-592 0 0 0.865100026130676 11.5167999267578
-591 0 0 0.867510974407196 11.585000038147
-590 0 0 0.869871973991394 11.6529998779297
-589 0 0 0.87218302488327 11.7209997177124
-588 0 0 0.874444007873535 11.788800239563
-587 0 0 0.876654982566833 11.8565998077393
-586 0 0 0.878817975521088 11.9244003295898
-585 0 0 0.880931973457336 11.9919996261597
-584 0 0 0.882997989654541 12.0595998764038
-583 0 0 0.885016024112701 12.1270999908447
-582 0 0 0.886986970901489 12.1944999694824
-581 0 0 0.8889120221138 12.2618999481201
-580 0 0 0.890789985656738 12.3291997909546
-579 0 0 0.892621994018555 12.3964004516602
-578 0 0 0.894407987594604 12.4636001586914
-577 0 0 0.89614999294281 12.5306997299194
-576 0 0 0.897845983505249 12.5977001190186
-575 0 0 0.899498999118805 12.6646995544434
-574 0 0 0.901108026504517 12.7315998077393
-573 0 0 0.902673006057739 12.7985000610352
-572 0 0 0.90419602394104 12.8653001785278
-571 0 0 0.905676007270813 12.9321002960205
-570 0 0 0.907114028930664 12.99880027771
-569 0 0 0.908510982990265 13.0655002593994
-568 0 0 0.909866988658905 13.1321001052856
-567 0 0 0.911180973052979 13.1986999511719
-566 0 0 0.912455976009369 13.2652997970581
-565 0 0 0.913690984249115 13.3317003250122
-564 0 0 0.914885997772217 13.3982000350952
-563 0 0 0.916042983531952 13.464599609375
-562 0 0 0.917160987854004 13.5310001373291
-561 0 0 0.918241024017334 13.5972995758057
-560 0 0 0.919282972812653 13.6637001037598
-559 0 0 0.920288026332855 13.7299003601074
-558 0 0 0.921256005764008 13.796199798584
-557 0 0 0.922187983989716 13.8624000549316
-556 0 0 0.92308497428894 13.9286003112793
-555 0 0 0.923945009708405 13.9947004318237
-554 0 0 0.924771010875702 14.0608997344971
-553 0 0 0.925562024116516 14.1269998550415
-552 0 0 0.926319003105164 14.1930999755859
-551 0 0 0.927042007446289 14.2590999603271
-550 34 4 0.927730977535248 14.3252000808716
-549 0 0 0.928387999534607 14.3912000656128
-548 0 0 0.92901200056076 14.457200050354
-547 0 0 0.929605007171631 14.5232000350952
-546 0 0 0.930164992809296 14.5892000198364
-545 0 0 0.930693984031677 14.6550998687744
-544 0 0 0.931192994117737 14.7210998535156
-543 0 0 0.931661009788513 14.7869997024536
-542 0 0 0.932098984718323 14.8529996871948
-541 0 0 0.93250697851181 14.9188995361328
-540 0 0 0.932886004447937 14.9848003387451
-539 0 0 0.933236002922058 15.0507001876831
-538 0 0 0.933557987213135 15.1166000366211
-537 0 0 0.933852016925812 15.1824998855591
-536 0 0 0.934118986129761 15.2483997344971
-535 0 0 0.93435800075531 15.3142004013062
-534 0 0 0.934570014476776 15.3801002502441
-533 0 0 0.934755980968475 15.4460000991821
-532 0 0 0.934916019439697 15.5118999481201
-531 0 0 0.935050010681152 15.5777997970581
-530 0 0 0.935159027576447 15.6436996459961
-529 0 0 0.935243010520935 15.7096004486084
-528 0 0 0.935302019119263 15.7754001617432
-527 0 0 0.935338020324707 15.8413000106812
-526 33 2 0.935350000858307 15.9071998596191
525 0 0 0.935341000556946 15.9653997421265
524 0 0 0.935308992862701 16.0312995910645
523 0 0 0.935253977775574 16.0972003936768
522 0 0 0.935177028179169 16.163200378418
521 0 0 0.935078978538513 16.2290992736816
520 0 0 0.934957981109619 16.2950000762939
519 0 0 0.934817016124725 16.3610000610352
518 0 0 0.934653997421265 16.4270000457764
517 0 0 0.934472024440765 16.4930000305176
516 0 0 0.93426901102066 16.5589008331299
515 0 0 0.934045970439911 16.625
514 0 0 0.933803975582123 16.6909999847412
513 0 0 0.933543026447296 16.7569999694824
512 0 0 0.933263003826141 16.8230991363525
511 0 0 0.932964980602264 16.8890991210938
510 0 0 0.93264901638031 16.9552001953125
509 0 0 0.932314991950989 17.0212993621826
508 0 0 0.931963980197906 17.0874004364014
507 0 0 0.931595981121063 17.153600692749
506 0 0 0.931210994720459 17.2196998596191
505 0 0 0.93080997467041 17.2859001159668
504 0 0 0.930392980575562 17.3521003723145
503 0 0 0.929960012435913 17.4183006286621
502 0 0 0.929512023925781 17.4845008850098
501 0 0 0.929048001766205 17.5508003234863
500 32 4 0.928569972515106 17.617000579834
499 0 0 0.92807799577713 17.6833000183105
498 0 0 0.927572011947632 17.7495994567871
497 0 0 0.92705100774765 17.8159999847412
496 0 0 0.926518023014069 17.8822994232178
495 0 0 0.92597097158432 17.9486999511719
494 0 0 0.925410985946655 18.015100479126
493 0 0 0.924839019775391 18.0814990997314
492 0 0 0.92425400018692 18.1480007171631
491 0 0 0.923658013343811 18.2145004272461
490 0 0 0.923049986362457 18.2810001373291
489 0 0 0.922429978847504 18.3474998474121
488 0 0 0.921799004077911 18.4139995574951
487 0 0 0.921158015727997 18.4806003570557
486 0 0 0.920506000518799 18.5471992492676
485 0 0 0.919843971729279 18.6138000488281
484 0 0 0.91917097568512 18.6804008483887
483 0 0 0.9184889793396 18.7471008300781
482 0 0 0.917797982692719 18.8138008117676
481 0 0 0.917096972465515 18.880500793457
480 0 0 0.916387975215912 18.9472999572754
479 0 0 0.915669977664948 19.0139999389648
478 0 0 0.914943993091583 19.0807991027832
477 0 0 0.914209008216858 19.1476993560791
476 0 0 0.913466989994049 19.2145004272461
475 0 0 0.91271698474884 19.281400680542
474 0 0 0.911958992481232 19.3483009338379
473 0 0 0.911194980144501 19.4151992797852
472 0 0 0.91042298078537 19.4822006225586
471 0 0 0.909645020961761 19.5492000579834
470 0 0 0.908860981464386 19.6161994934082
469 0 0 0.908070027828217 19.6833000183105
468 0 0 0.907274007797241 19.7502994537354
467 0 0 0.906472027301788 19.8173999786377
466 0 0 0.905664026737213 19.8845996856689
465 0 0 0.904851019382477 19.9517002105713
464 0 0 0.904033005237579 20.0188999176025
463 0 0 0.903210997581482 20.0860996246338
462 0 0 0.902383029460907 20.1534004211426
461 0 0 0.901552021503448 20.2206001281738
460 0 0 0.900716006755829 20.2879009246826
459 0 0 0.899875998497009 20.3551998138428
458 0 0 0.899033010005951 20.4225997924805
457 0 0 0.898185014724731 20.4899997711182
456 0 0 0.89733499288559 20.5573997497559
455 0 0 0.896480977535248 20.6247997283936
454 0 0 0.895624995231628 20.6923007965088
453 0 0 0.894765973091125 20.7597999572754
452 0 0 0.893903970718384 20.827299118042
451 0 0 0.893038988113403 20.8948993682861
450 31 4 0.892172992229462 20.9624996185303
449 0 0 0.891304016113281 21.0300998687744
448 0 0 0.89043402671814 21.0977001190186
447 0 0 0.889562010765076 21.1653995513916
446 0 0 0.888688981533051 21.2331008911133
445 0 0 0.887813985347748 21.3008995056152
444 0 0 0.886937975883484 21.3686008453369
443 0 0 0.886061012744904 21.4363994598389
442 0 0 0.885182976722717 21.5042991638184
441 0 0 0.884303987026215 21.5720996856689
440 0 0 0.883424997329712 21.6399993896484
439 0 0 0.882546007633209 21.7078990936279
438 0 0 0.881666004657745 21.775899887085
437 0 0 0.880786001682281 21.8437995910645
436 0 0 0.879907011985779 21.9118003845215
435 0 0 0.879028022289276 21.9799003601074
434 0 0 0.878148972988129 22.0480003356934
433 0 0 0.877269983291626 22.1161003112793
432 0 0 0.876392006874084 22.1842002868652
431 0 0 0.875514984130859 22.2523994445801
430 0 0 0.874638974666595 22.3206005096436
429 0 0 0.873763978481293 22.3887996673584
428 0 0 0.872889995574951 22.4570007324219
427 0 0 0.872017979621887 22.5252990722656
426 0 0 0.871146023273468 22.5937004089355
425 0 0 0.870276987552643 22.6620006561279
424 0 0 0.869409024715424 22.7304000854492
423 0 0 0.868543028831482 22.7987995147705
422 0 0 0.867678999900818 22.8673000335693
421 0 0 0.866815984249115 22.9358005523682
420 0 0 0.865956008434296 23.0042991638184
419 0 0 0.865099012851715 23.0727996826172
418 0 0 0.864242970943451 23.1413993835449
417 0 0 0.863390028476715 23.2099990844727
416 0 0 0.862540006637573 23.2786998748779
415 0 0 0.861692011356354 23.3474006652832
414 0 0 0.860846996307373 23.4160995483398
413 0 0 0.860005021095276 23.484899520874
412 0 0 0.859165012836456 23.5536994934082
411 0 0 0.858328998088837 23.6224994659424
410 0 0 0.857496023178101 23.6912994384766
409 0 0 0.856666028499603 23.7602005004883
408 0 0 0.855840027332306 23.8292007446289
407 0 0 0.855017006397247 23.898099899292
406 0 0 0.854197025299072 23.9671001434326
405 0 0 0.853380978107452 24.0361995697021
404 0 0 0.852568984031677 24.1053009033203
403 0 0 0.851760029792786 24.1744003295898
402 0 0 0.850955009460449 24.2434997558594
401 0 0 0.850153982639313 24.3127002716064
400 30 4 0.849357008934021 24.3819007873535
399 0 0 0.848564028739929 24.4512004852295
398 0 0 0.847774982452393 24.5205001831055
397 0 0 0.846991002559662 24.5897998809814
396 0 0 0.84621000289917 24.659200668335
395 0 0 0.845434010028839 24.7285995483398
394 0 0 0.844662010669708 24.7980995178223
393 0 0 0.843895018100739 24.8675994873047
392 0 0 0.843132019042969 24.9370994567871
391 0 0 0.84237402677536 25.0067005157471
390 0 0 0.841620028018951 25.0762996673584
389 0 0 0.840870976448059 25.1459999084473
388 0 0 0.840126991271973 25.2157001495361
387 0 0 0.839386999607086 25.285400390625
386 0 0 0.838653028011322 25.3551998138428
385 0 0 0.837922990322113 25.4249992370605
384 0 0 0.83719801902771 25.4948997497559
383 0 0 0.836477994918823 25.5648002624512
382 0 0 0.835762977600098 25.6347007751465
381 0 0 0.835053980350494 25.7047004699707
380 0 0 0.834348976612091 25.7747993469238
379 0 0 0.83364999294281 25.8449001312256
378 0 0 0.83295601606369 25.9150009155273
377 0 0 0.832266986370087 25.985200881958
376 0 0 0.831583976745605 26.0554008483887
375 0 0 0.830905973911285 26.1256008148193
374 0 0 0.830232977867126 26.1958999633789
373 0 0 0.82956600189209 26.266300201416
372 0 0 0.82890397310257 26.3367004394531
371 0 0 0.828248023986816 26.4071006774902
370 0 0 0.82759702205658 26.4776000976563
369 0 0 0.82695198059082 26.5482006072998
368 0 0 0.826313018798828 26.6187992095947
367 0 0 0.825679004192352 26.6893997192383
366 0 0 0.825051009654999 26.7600994110107
365 0 0 0.824428975582123 26.8307991027832
364 0 0 0.823812007904053 26.9015998840332
363 0 0 0.82320100069046 26.9724998474121
362 0 0 0.82259601354599 27.0433006286621
361 0 0 0.821996986865997 27.1142997741699
360 0 0 0.821403980255127 27.1853008270264
359 0 0 0.820816993713379 27.2562999725342
358 0 0 0.820235013961792 27.3274002075195
357 0 0 0.819660007953644 27.3985004425049
356 0 0 0.819091022014618 27.4696998596191
355 0 0 0.818526983261108 27.5410003662109
354 0 0 0.817969977855682 27.6123008728027
353 0 0 0.817418992519379 27.6837005615234
352 0 0 0.816873013973236 27.7551002502441
351 0 0 0.816334009170532 27.8264999389648
350 29 4 0.815801024436951 27.898099899292
349 0 0 0.815274000167847 27.9696006774902
348 0 0 0.814754009246826 28.0412998199463
347 0 0 0.814239025115967 28.113000869751
346 0 0 0.813731014728546 28.184700012207
345 0 0 0.813229024410248 28.2565002441406
344 0 0 0.812732994556427 28.3283996582031
343 0 0 0.81224399805069 28.4002990722656
342 0 0 0.811760008335114 28.4722995758057
341 0 0 0.811282992362976 28.5443000793457
340 0 0 0.810813009738922 28.6163997650146
339 0 0 0.810347974300385 28.6886005401611
338 0 0 0.80988997220993 28.760799407959
337 0 0 0.80943900346756 28.8330993652344
336 0 0 0.808992981910706 28.9053993225098
335 0 0 0.808555006980896 28.9778003692627
334 0 0 0.808121979236603 29.0503005981445
333 0 0 0.807695984840393 29.1228008270264
332 0 0 0.807276010513306 29.1954002380371
331 0 0 0.806863009929657 29.2679996490479
330 0 0 0.806456029415131 29.340799331665
329 0 0 0.806056022644043 29.4134998321533
328 0 0 0.805661976337433 29.486400604248
327 0 0 0.805275022983551 29.5592994689941
326 0 0 0.804893970489502 29.6322994232178
325 0 0 0.80451899766922 29.7052993774414
324 0 0 0.804150998592377 29.7784004211426
323 0 0 0.803789973258972 29.8516006469727
322 0 0 0.803435027599335 29.9248008728027
321 0 0 0.803086996078491 29.9981002807617
320 0 0 0.80274498462677 30.0715007781982
319 0 0 0.802408993244171 30.1448993682861
318 0 0 0.802080988883972 30.2185001373291
317 0 0 0.801759004592896 30.2919998168945
316 0 0 0.801442980766296 30.3656997680664
315 0 0 0.801133990287781 30.4393997192383
314 0 0 0.800831019878387 30.5132007598877
313 0 0 0.800535976886749 30.5870990753174
312 0 0 0.800246000289917 30.6609992980957
311 0 0 0.799964010715485 30.7350006103516
310 0 0 0.79968798160553 30.8090991973877
309 0 0 0.799417972564697 30.8831996917725
308 0 0 0.799154996871948 30.9573993682861
307 0 0 0.798898994922638 31.0317001342773
306 0 0 0.79864901304245 31.1061000823975
305 0 0 0.798406004905701 31.1805000305176
304 0 0 0.79816997051239 31.2549991607666
303 0 0 0.797940015792847 31.3295993804932
302 0 0 0.797716975212097 31.4043006896973
301 0 0 0.797501027584076 31.4790000915527
300 28 4 0.797290980815887 31.5538005828857
299 0 0 0.797088027000427 31.6287002563477
298 0 0 0.7968909740448 31.7036991119385
297 0 0 0.796701014041901 31.7786998748779
296 0 0 0.79651802778244 31.8539009094238
295 0 0 0.796341001987457 31.9291000366211
294 0 0 0.796171009540558 32.0042991638184
293 0 0 0.796007990837097 32.0797004699707
292 0 0 0.79585200548172 32.155101776123
291 0 0 0.79570198059082 32.230598449707
290 0 0 0.795557975769043 32.3061981201172
289 0 0 0.79542201757431 32.3819007873535
288 0 0 0.795292019844055 32.4575996398926
287 0 0 0.795167982578278 32.5335006713867
286 0 0 0.795051991939545 32.6094017028809
285 0 0 0.794942021369934 32.6853981018066
284 0 0 0.794839024543762 32.7613983154297
283 0 0 0.794741988182068 32.8376007080078
282 0 0 0.794651985168457 32.9137992858887
281 0 0 0.79456901550293 32.9901008605957
280 0 0 0.79449200630188 33.0665016174316
279 0 0 0.794421970844269 33.1430015563965
278 0 0 0.794359028339386 33.2196006774902
277 0 0 0.794301986694336 33.296199798584
276 0 0 0.794251978397369 33.3728981018066
275 0 0 0.794209003448486 33.4497985839844
274 0 0 0.794171988964081 33.5266990661621
273 0 0 0.794142007827759 33.6035995483398
272 0 0 0.794119000434875 33.6806983947754
271 0 0 0.794102013111115 33.7579002380371
270 0 0 0.794091999530792 33.8350982666016
269 27 2 0.794089019298553 33.9123992919922
-268 0 0 0.79408997297287 33.9595985412598
-267 0 0 0.794098019599915 34.0371017456055
-266 0 0 0.794112026691437 34.1146011352539
-265 0 0 0.794131994247437 34.1922988891602
-264 0 0 0.794160008430481 34.2700004577637
-263 0 0 0.794193983078003 34.3478012084961
-262 0 0 0.794233977794647 34.4257011413574
-261 0 0 0.794282019138336 34.5037002563477
-260 0 0 0.794336020946503 34.5816993713379
-259 0 0 0.794395983219147 34.6599006652832
-258 0 0 0.794462978839874 34.7380981445313
-257 0 0 0.794537007808685 34.8165016174316
-256 0 0 0.794618010520935 34.8949012756348
-255 0 0 0.794704973697662 34.9734001159668
-254 0 0 0.794798016548157 35.0519981384277
-253 0 0 0.794898986816406 35.1306991577148
-252 0 0 0.795005977153778 35.2094993591309
-251 0 0 0.795118987560272 35.2882995605469
-250 26 4 0.795239984989166 35.3672981262207
-249 0 0 0.795365989208221 35.4463005065918
-248 0 0 0.795499980449677 35.5255012512207
-247 0 0 0.795639991760254 35.6046981811523
-246 0 0 0.795786023139954 35.6839981079102
-245 0 0 0.795939981937408 35.7634010314941
-244 0 0 0.796099007129669 35.8428993225098
-243 0 0 0.79626601934433 35.9225006103516
-242 0 0 0.796438992023468 36.0021018981934
-241 0 0 0.796617984771729 36.081901550293
-240 0 0 0.796805024147034 36.1618003845215
-239 0 0 0.796997010707855 36.24169921875
-238 0 0 0.797196984291077 36.3218002319336
-237 0 0 0.79740297794342 36.4019012451172
-236 0 0 0.797614991664886 36.4821014404297
-235 0 0 0.797833979129791 36.5624008178711
-234 0 0 0.798058986663818 36.6427993774414
-233 0 0 0.798291981220245 36.7233009338379
-232 0 0 0.798529982566833 36.8039016723633
-231 0 0 0.798775017261505 36.8846015930176
-230 0 0 0.799027025699615 36.9654006958008
-229 0 0 0.799284994602203 37.046199798584
-228 0 0 0.799549996852875 37.1272010803223
-227 0 0 0.799821019172668 37.2081985473633
-226 0 0 0.800099015235901 37.2892990112305
-225 0 0 0.800382971763611 37.3706016540527
-224 0 0 0.800674021244049 37.4519004821777
-223 0 0 0.80097097158432 37.5332984924316
-222 0 0 0.801275014877319 37.6147994995117
-221 0 0 0.801585018634796 37.6963996887207
-220 0 0 0.801901996135712 37.7780990600586
-219 0 0 0.80222499370575 37.8599014282227
-218 0 0 0.802555024623871 37.9416999816895
-217 0 0 0.80289101600647 38.0237007141113
-216 0 0 0.803233981132507 38.1058006286621
-215 0 0 0.803583025932312 38.1879005432129
-214 0 0 0.803937971591949 38.2700996398926
-213 0 0 0.804300010204315 38.3525009155273
-212 0 0 0.804668009281158 38.4348983764648
-211 0 0 0.80504298210144 38.5173988342285
-210 0 0 0.805423974990845 38.5999984741211
-209 0 0 0.805812001228333 38.6827011108398
-208 0 0 0.806205987930298 38.7654991149902
-207 0 0 0.806605994701385 38.8484001159668
-206 0 0 0.807012975215912 38.9314002990723
-205 0 0 0.807425975799561 39.0144004821777
-204 0 0 0.807844996452332 39.097599029541
-203 0 0 0.808270990848541 39.1808013916016
-202 0 0 0.808704018592834 39.2641983032227
-201 0 0 0.809141993522644 39.347599029541
-200 25 4 0.809587001800537 39.4310989379883
-199 0 0 0.810037970542908 39.5147018432617
-198 0 0 0.810495972633362 39.5984001159668
-197 0 0 0.810959994792938 39.682201385498
-196 0 0 0.811429977416992 39.7661018371582
-195 0 0 0.81190699338913 39.8499984741211
-194 0 0 0.812389016151428 39.9341011047363
-193 0 0 0.812879025936127 40.0181999206543
-192 0 0 0.813373982906342 40.1025009155273
-191 0 0 0.81387597322464 40.1867980957031
-190 0 0 0.814383983612061 40.2711982727051
-189 0 0 0.814898014068604 40.3557014465332
-188 0 0 0.815418004989624 40.440299987793
-187 0 0 0.815945029258728 40.5250015258789
-186 0 0 0.81647801399231 40.6097984313965
-185 0 0 0.817017018795013 40.6946983337402
-184 0 0 0.817561984062195 40.779598236084
-183 0 0 0.81811398267746 40.8646011352539
-182 0 0 0.818670988082886 40.9497985839844
-181 0 0 0.819235026836395 41.0349998474121
-180 0 0 0.819805026054382 41.1203002929688
-179 0 0 0.820381999015808 41.2056999206543
-178 0 0 0.820963978767395 41.2911987304688
-177 0 0 0.821552991867065 41.3767013549805
-176 0 0 0.822147011756897 41.4623985290527
-175 0 0 0.822748005390167 41.5480995178223
-174 0 0 0.82335501909256 41.6338996887207
-173 0 0 0.82396799325943 41.719799041748
-172 0 0 0.824586987495422 41.8058013916016
-171 0 0 0.825212001800537 41.8918991088867
-170 0 0 0.825843989849091 41.978099822998
-169 0 0 0.826480984687805 42.0643005371094
-168 0 0 0.827125012874603 42.1506996154785
-167 0 0 0.827773988246918 42.2370986938477
-166 0 0 0.828428983688354 42.323600769043
-165 0 0 0.829091012477875 42.4101982116699
-164 0 0 0.829759001731873 42.4967994689941
-163 0 0 0.830431997776031 42.5835990905762
-162 0 0 0.831112027168274 42.6703987121582
-161 0 0 0.831797003746033 42.7573013305664
-160 0 0 0.832489013671875 42.8442993164063
-159 0 0 0.833185970783234 42.9314002990723
-158 0 0 0.833890020847321 43.0186004638672
-157 0 0 0.834599018096924 43.1058006286621
-156 0 0 0.835313975811005 43.1931991577148
-155 0 0 0.836035013198853 43.2806015014648
-154 0 0 0.836763024330139 43.3680000305176
-153 0 0 0.837495982646942 43.4556007385254
-152 0 0 0.838234007358551 43.5433006286621
-151 0 0 0.838979005813599 43.6310005187988
-150 24 4 0.839730024337769 43.7187995910645
-149 0 0 0.840485990047455 43.8067016601563
-148 0 0 0.841248989105225 43.8946990966797
-147 0 0 0.842016994953156 43.9827003479004
-146 0 0 0.842791020870209 44.07080078125
-145 0 0 0.843569993972778 44.1590003967285
-144 0 0 0.844356000423431 44.2472991943359
-143 0 0 0.845147013664246 44.3356018066406
-142 0 0 0.845943987369537 44.4240989685059
-141 0 0 0.846746981143951 44.5125999450684
-140 0 0 0.847555994987488 44.6012001037598
-139 0 0 0.848370015621185 44.6898002624512
-138 0 0 0.84918999671936 44.7784996032715
-137 0 0 0.850015997886658 44.8674011230469
-136 0 0 0.850847005844116 44.9561996459961
-135 0 0 0.851683974266052 45.0452003479004
-134 0 0 0.852527022361755 45.1342010498047
-133 0 0 0.853375017642975 45.2233009338379
-132 0 0 0.854228973388672 45.3125
-131 0 0 0.855089008808136 45.4016990661621
-130 0 0 0.855953991413116 45.4911003112793
-129 0 0 0.856824994087219 45.5805015563965
-128 0 0 0.857702016830444 45.6698989868164
-127 0 0 0.858583986759186 45.7594985961914
-126 0 0 0.85947197675705 45.8490982055664
-125 0 0 0.860364973545074 45.9387016296387
-124 0 0 0.86126297712326 46.0284996032715
-123 0 0 0.86216801404953 46.1183013916016
-122 0 0 0.863077998161316 46.2081985473633
-121 0 0 0.863992989063263 46.2980995178223
-120 0 0 0.864914000034332 46.3881988525391
-119 0 0 0.865840017795563 46.478199005127
-118 0 0 0.866771996021271 46.5684013366699
-117 0 0 0.86770898103714 46.6585998535156
-116 0 0 0.86865097284317 46.7489013671875
-115 0 0 0.869598984718323 46.839298248291
-114 0 0 0.870553016662598 46.9296989440918
-113 0 0 0.871511995792389 47.0201988220215
-112 0 0 0.872475981712341 47.1106986999512
-111 0 0 0.873444974422455 47.2014007568359
-110 0 0 0.874419987201691 47.2919998168945
-109 0 0 0.875401020050049 47.3828010559082
-108 0 0 0.876385986804962 47.4735984802246
-107 0 0 0.877376973628998 47.5644989013672
-106 0 0 0.878373026847839 47.6553993225098
-105 0 0 0.879374980926514 47.7463989257813
-104 0 0 0.880382001399994 47.8375015258789
-103 0 0 0.881394028663635 47.9286003112793
-102 0 0 0.882411003112793 48.0197982788086
-101 0 0 0.883433997631073 48.1110000610352
-100 23 4 0.884461998939514 48.2023010253906
-99 0 0 0.885495007038116 48.293701171875
-98 0 0 0.88653302192688 48.3851013183594
-97 0 0 0.88757598400116 48.4766006469727
-96 0 0 0.888625025749207 48.5681991577148
-95 0 0 0.889678001403809 48.6598014831543
-94 0 0 0.890736997127533 48.7513999938965
-93 0 0 0.891800999641418 48.8431015014648
-92 0 0 0.892870008945465 48.9348983764648
-91 0 0 0.893944978713989 49.0266990661621
-90 0 0 0.895024001598358 49.1185989379883
-89 0 0 0.896107971668243 49.2106018066406
-88 0 0 0.897198021411896 49.3026008605957
-87 0 0 0.898292005062103 49.3945999145508
-86 0 0 0.899392008781433 49.4866981506348
-85 0 0 0.900496006011963 49.5788993835449
-84 0 0 0.901606023311615 49.6711006164551
-83 0 0 0.902719974517822 49.7634010314941
-82 0 0 0.903840005397797 49.8557014465332
-81 0 0 0.904964029788971 49.9481010437012
-80 0 0 0.906094014644623 50.0405006408691
-79 0 0 0.907227993011475 50.132999420166
-78 0 0 0.908367991447449 50.2256011962891
-77 0 0 0.909511983394623 50.3181991577148
-76 0 0 0.910660982131958 50.4108009338379
-75 0 0 0.911814987659454 50.5035018920898
-74 0 0 0.912973999977112 50.5961990356445
-73 0 0 0.91413801908493 50.6889991760254
-72 0 0 0.915305972099304 50.7818984985352
-71 0 0 0.916480004787445 50.874698638916
-70 0 0 0.917657971382141 50.967700958252
-69 0 0 0.918841004371643 51.0606994628906
-68 0 0 0.920028984546661 51.1537017822266
-67 0 0 0.921221971511841 51.2467994689941
-66 0 0 0.922419011592865 51.339900970459
-65 0 0 0.923620998859406 51.4331016540527
-64 0 0 0.924827992916107 51.5262985229492
-63 0 0 0.92603999376297 51.6195983886719
-62 0 0 0.927255988121033 51.7128982543945
-61 0 0 0.928478002548218 51.8063011169434
-60 0 0 0.929702997207642 51.8997001647949
-59 0 0 0.930934011936188 51.9930992126465
-58 0 0 0.932169020175934 52.0866012573242
-57 0 0 0.933408975601196 52.1800994873047
-56 0 0 0.934652984142303 52.2737007141113
-55 0 0 0.935901999473572 52.3674011230469
-54 0 0 0.937156021595001 52.4609985351563
-53 0 0 0.938413977622986 52.5546989440918
-52 0 0 0.939677000045776 52.6484985351563
-51 0 0 0.940945029258728 52.7422981262207
-50 22 4 0.942216992378235 52.8361015319824
-49 0 0 0.943493008613586 52.9300003051758
-48 0 0 0.944774985313416 53.0238990783691
-47 0 0 0.946060001850128 53.1179008483887
-46 0 0 0.947350025177002 53.2118988037109
-45 0 0 0.948644995689392 53.3059005737305
-44 0 0 0.949944019317627 53.4000015258789
-43 0 0 0.951247990131378 53.4940986633301
-42 0 0 0.952556014060974 53.5882987976074
-41 0 0 0.953868985176086 53.6824989318848
-40 0 0 0.955186009407043 53.7766990661621
-39 0 0 0.9565070271492 53.8709983825684
-38 0 0 0.957832992076874 53.9653015136719
-37 0 0 0.959163010120392 54.0596008300781
-36 0 0 0.960497975349426 54.1539993286133
-35 0 0 0.961836993694305 54.2484016418457
-34 0 0 0.963180005550385 54.3428993225098
-33 0 0 0.964528024196625 54.4374008178711
-32 0 0 0.96587997674942 54.5318984985352
-31 0 0 0.967236995697021 54.6263999938965
-30 0 0 0.968598008155823 54.7210006713867
-29 0 0 0.969963014125824 54.8157005310059
-28 0 0 0.971332013607025 54.9103012084961
-27 0 0 0.972706019878387 55.0050010681152
-26 0 0 0.97408401966095 55.0998001098633
-25 0 0 0.975466012954712 55.1944999694824
-24 0 0 0.976853013038635 55.2892990112305
-23 0 0 0.978244006633759 55.3842010498047
-22 0 0 0.979638993740082 55.4790000915527
-21 0 0 0.981037974357605 55.5738983154297
-20 0 0 0.982441008090973 55.6688003540039
-19 0 0 0.983848989009857 55.763801574707
-18 0 0 0.985261023044586 55.8587989807129
-17 0 0 0.98667699098587 55.953800201416
-16 0 0 0.988097012042999 56.048900604248
-15 0 0 0.989521026611328 56.1440010070801
-14 0 0 0.990949988365173 56.2391014099121
-13 0 0 0.992381989955902 56.3342018127441
-12 0 0 0.993818998336792 56.4294013977051
-11 0 0 0.995260000228882 56.524600982666
-10 0 0 0.996704995632172 56.619800567627
-9 0 0 0.997878015041351 56.6969985961914
-8 0 0 0.998661994934082 56.7484016418457
-7 0 0 0.999185025691986 56.7826995849609
-6 0 0 0.999534010887146 56.8055992126465
-5 0 0 0.999767005443573 56.82080078125
-4 0 0 0.999884009361267 56.828498840332
-3 0 0 0.999942004680634 56.8322982788086
-2 0 0 0.999970972537994 56.8342018127441
1 0 0 1 56.8361015319824
1 0 0 1 56.8361015319824
-2 0 0 1.00003004074097 56.8380012512207
-3 0 0 1.00005996227264 56.839900970459
-4 0 0 1.00012004375458 56.8437004089355
-5 0 0 1.00022995471954 56.8512992858887
-6 0 0 1.0004700422287 56.8666000366211
-7 0 0 1.00082004070282 56.8894996643066
-8 0 0 1.00134003162384 56.9238014221191
-9 0 0 1.00213003158569 56.9752998352051
-10 0 0 1.00331997871399 57.0525016784668
-11 0 0 1.00478005409241 57.1478996276855
-12 0 0 1.00626003742218 57.2433013916016
-13 0 0 1.00773000717163 57.3387985229492
-14 0 0 1.0092099905014 57.4342002868652
-15 0 0 1.01068997383118 57.5297012329102
-16 0 0 1.01217997074127 57.625301361084
-17 0 0 1.01366996765137 57.7207984924316
-18 0 0 1.01516997814178 57.8163986206055
-19 0 0 1.0166699886322 57.9119987487793
-20 0 0 1.01816999912262 58.0075988769531
-21 0 0 1.01968002319336 58.103199005127
-22 0 0 1.0211900472641 58.1988983154297
-23 0 0 1.02270996570587 58.2946014404297
-24 0 0 1.02421998977661 58.3903007507324
-25 0 0 1.025750041008 58.4860992431641
-26 0 0 1.02727997303009 58.581901550293
-27 0 0 1.02881002426147 58.6776008605957
-28 0 0 1.03033995628357 58.7734985351563
-29 0 0 1.03188002109528 58.8693008422852
-30 0 0 1.03341996669769 58.9651985168457
-31 0 0 1.03497004508972 59.0611000061035
-32 0 0 1.03652000427246 59.1570014953613
-33 0 0 1.0380699634552 59.2528991699219
-34 0 0 1.03963005542755 59.3488006591797
-35 0 0 1.04119002819061 59.4448013305664
-36 0 0 1.042760014534 59.5407981872559
-37 0 0 1.04433000087738 59.6367988586426
-38 0 0 1.04589998722076 59.7328987121582
-39 0 0 1.04747998714447 59.8288993835449
-40 0 0 1.04905998706818 59.9249992370605
-41 0 0 1.05063998699188 60.0210990905762
-42 0 0 1.05223000049591 60.1171989440918
-43 0 0 1.05382001399994 60.2134017944336
-44 0 0 1.05542004108429 60.3095016479492
-45 0 0 1.05701994895935 60.4057006835938
-46 0 0 1.0586199760437 60.5018997192383
-47 0 0 1.06023001670837 60.5980987548828
-48 0 0 1.06184005737305 60.6944007873535
-49 0 0 1.06344997882843 60.790599822998
-50 2 4 1.06507003307343 60.8869018554688
-51 0 0 1.06668996810913 60.9832000732422
-52 0 0 1.06832003593445 61.0794982910156
-53 0 0 1.06994998455048 61.1758003234863
-54 0 0 1.07158005237579 61.2722015380859
-55 0 0 1.07322001457214 61.3685989379883
-56 0 0 1.07485997676849 61.464900970459
-57 0 0 1.07650005817413 61.5612983703613
-58 0 0 1.07815003395081 61.6577987670898
-59 0 0 1.07980000972748 61.7541999816895
-60 0 0 1.08144998550415 61.850700378418
-61 0 0 1.08310997486115 61.9471015930176
-62 0 0 1.08476996421814 62.0435981750488
-63 0 0 1.08643996715546 62.1400985717773
-64 0 0 1.08810997009277 62.2365989685059
-65 0 0 1.08977997303009 62.3331985473633
-66 0 0 1.09144997596741 62.4296989440918
-67 0 0 1.09312999248505 62.5262985229492
-68 0 0 1.09482002258301 62.6228981018066
-69 0 0 1.09650003910065 62.7195014953613
-70 0 0 1.09818994998932 62.8161010742188
-71 0 0 1.0998899936676 62.9127006530762
-72 0 0 1.10159003734589 63.0093002319336
-73 0 0 1.10328996181488 63.1059989929199
-74 0 0 1.10499000549316 63.2027015686035
-75 0 0 1.10669994354248 63.2993011474609
-76 0 0 1.10841000080109 63.3959999084473
-77 0 0 1.11012005805969 63.4928016662598
-78 0 0 1.11184000968933 63.5895004272461
-79 0 0 1.11356997489929 63.6861991882324
-80 0 0 1.11529004573822 63.7830009460449
-81 0 0 1.11702001094818 63.8796997070313
-82 0 0 1.11874997615814 63.9765014648438
-83 0 0 1.12048995494843 64.0733032226563
-84 0 0 1.122230052948 64.1700973510742
-85 0 0 1.12397003173828 64.2668991088867
-86 0 0 1.12572002410889 64.3638000488281
-87 0 0 1.12747001647949 64.4606018066406
-88 0 0 1.1292200088501 64.557502746582
-89 0 0 1.13098001480103 64.654296875
-90 0 0 1.13274002075195 64.7511978149414
-91 0 0 1.13450002670288 64.8480987548828
-92 0 0 1.13627004623413 64.9449996948242
-93 0 0 1.13803994655609 65.0419006347656
-94 0 0 1.13980996608734 65.1389007568359
-95 0 0 1.14158999919891 65.2358016967773
-96 0 0 1.14337003231049 65.3328018188477
-97 0 0 1.14514994621277 65.4297027587891
-98 0 0 1.14693999290466 65.5267028808594
-99 0 0 1.14873003959656 65.6237030029297
-100 3 4 1.15051996707916 65.720703125
-101 0 0 1.15232002735138 65.8177032470703
-102 0 0 1.15411996841431 65.9147033691406
-103 0 0 1.15592002868652 66.0117034912109
-104 0 0 1.15772998332977 66.1088027954102
-105 0 0 1.15954005718231 66.2058029174805
-106 0 0 1.16136002540588 66.3029022216797
-107 0 0 1.16316998004913 66.39990234375
-108 0 0 1.16498994827271 66.4970016479492
-109 0 0 1.16682004928589 66.5941009521484
-110 0 0 1.16864001750946 66.6912002563477
-111 0 0 1.17046999931335 66.7882995605469
-112 0 0 1.17230999469757 66.8853988647461
-113 0 0 1.17414999008179 66.9825973510742
-114 0 0 1.175989985466 67.0796966552734
-115 0 0 1.17782998085022 67.1768035888672
-116 0 0 1.17967998981476 67.2740020751953
-117 0 0 1.1815299987793 67.3712005615234
-118 0 0 1.18338000774384 67.4682998657227
-119 0 0 1.1852400302887 67.5654983520508
-120 0 0 1.18710005283356 67.6626968383789
-121 0 0 1.18895995616913 67.7599029541016
-122 0 0 1.19082999229431 67.8571014404297
-123 0 0 1.19270002841949 67.9542999267578
-124 0 0 1.19456994533539 68.0514984130859
-125 0 0 1.19644999504089 68.1488037109375
-126 0 0 1.1983300447464 68.2460021972656
-127 0 0 1.20020997524261 68.3432006835938
-128 0 0 1.20210003852844 68.4404983520508
-129 0 0 1.20398998260498 68.5376968383789
-130 0 0 1.20588004589081 68.6350021362305
-131 0 0 1.20778000354767 68.7322998046875
-132 0 0 1.20967996120453 68.8295974731445
-133 0 0 1.21158003807068 68.9269027709961
-134 0 0 1.21347999572754 69.0242004394531
-135 0 0 1.21538996696472 69.1214981079102
-136 0 0 1.21730995178223 69.2188034057617
-137 0 0 1.2192200422287 69.3161010742188
-138 0 0 1.2211400270462 69.4133987426758
-139 0 0 1.22306001186371 69.5106964111328
-140 0 0 1.22499001026154 69.6081008911133
-141 0 0 1.22690999507904 69.7053985595703
-142 0 0 1.22885000705719 69.8028030395508
-143 0 0 1.23078000545502 69.9001007080078
-144 0 0 1.23272001743317 69.9974975585938
-145 0 0 1.23466002941132 70.0949020385742
-146 0 0 1.23660004138947 70.1921997070313
-147 0 0 1.23854994773865 70.2895965576172
-148 0 0 1.24049997329712 70.3870010375977
-149 0 0 1.24244999885559 70.4843978881836
-150 4 4 1.24441003799438 70.5818023681641
-151 0 0 1.24636995792389 70.67919921875
-152 0 0 1.24832999706268 70.7766036987305
-153 0 0 1.2503000497818 70.8740005493164
-154 0 0 1.25226998329163 70.9714965820313
-155 0 0 1.25424003601074 71.0689010620117
-156 0 0 1.25621998310089 71.1662979125977
-157 0 0 1.25820004940033 71.263801574707
-158 0 0 1.26017999649048 71.361198425293
-159 0 0 1.26216995716095 71.4586029052734
-160 0 0 1.26415002346039 71.5560989379883
-161 0 0 1.26614999771118 71.6536026000977
-162 0 0 1.26813995838165 71.7509994506836
-163 0 0 1.27014005184174 71.848503112793
-164 0 0 1.27214002609253 71.9459991455078
-165 0 0 1.27414000034332 72.0434036254883
-166 0 0 1.27614998817444 72.1408996582031
-167 0 0 1.27815997600555 72.2384033203125
-168 0 0 1.28016996383667 72.3358993530273
-169 0 0 1.28218996524811 72.4334030151367
-170 0 0 1.28420996665955 72.5308990478516
-171 0 0 1.28622996807098 72.6284027099609
-172 0 0 1.28825998306274 72.7258987426758
-173 0 0 1.2902899980545 72.8234024047852
-174 0 0 1.29232001304626 72.9208984375
-175 0 0 1.29436004161835 73.0184020996094
-176 0 0 1.29639005661011 73.1159973144531
-177 0 0 1.29843997955322 73.2135009765625
-178 0 0 1.30048000812531 73.3109970092773
-179 0 0 1.30253005027771 73.4085998535156
-180 0 0 1.30457997322083 73.506103515625
-181 0 0 1.30663001537323 73.6036987304688
-182 0 0 1.30868995189667 73.7012023925781
-183 0 0 1.31075000762939 73.798698425293
-184 0 0 1.31280994415283 73.8963012695313
-185 0 0 1.31488001346588 73.993896484375
-186 0 0 1.31694996356964 74.0914001464844
-187 0 0 1.31902003288269 74.1890029907227
-188 0 0 1.32109999656677 74.2864990234375
-189 0 0 1.32317996025085 74.3841018676758
-190 0 0 1.32526004314423 74.4816970825195
-191 0 0 1.32734000682831 74.5792999267578
-192 0 0 1.32942998409271 74.6768035888672
-193 0 0 1.33151996135712 74.7743988037109
-194 0 0 1.33361005783081 74.8720016479492
-195 0 0 1.33571004867554 74.969596862793
-196 0 0 1.33781003952026 75.0671997070313
-197 0 0 1.33992004394531 75.1648025512695
-198 0 0 1.34202003479004 75.2623977661133
-199 0 0 1.34413003921509 75.3600006103516
-200 5 4 1.34624004364014 75.4576034545898
-201 0 0 1.34835994243622 75.5551986694336
-202 0 0 1.35047996044159 75.6528015136719
-203 0 0 1.35259997844696 75.7503967285156
-204 0 0 1.35473001003265 75.8479995727539
-205 0 0 1.35685002803802 75.9456024169922
-206 0 0 1.35897994041443 76.0431976318359
-207 0 0 1.36111998558044 76.1408004760742
-208 0 0 1.36325001716614 76.2385025024414
-209 0 0 1.36539995670319 76.3360977172852
-210 0 0 1.3675400018692 76.4337005615234
-211 0 0 1.36968004703522 76.5313034057617
-212 0 0 1.37182998657227 76.6289978027344
-213 0 0 1.37399005889893 76.7266006469727
-214 0 0 1.37613999843597 76.8242034912109
-215 0 0 1.37829995155334 76.9218978881836
-216 0 0 1.38046002388 77.0195007324219
-217 0 0 1.3826299905777 77.1171035766602
-218 0 0 1.38478994369507 77.2147979736328
-219 0 0 1.38697004318237 77.3124008178711
-220 0 0 1.38914000988007 77.4101028442383
-221 0 0 1.39131999015808 77.507698059082
-222 0 0 1.3934999704361 77.6053009033203
-223 0 0 1.39567995071411 77.7030029296875
-224 0 0 1.39786005020142 77.8005981445313
-225 0 0 1.40005004405975 77.8983001708984
-226 0 0 1.40225005149841 77.9959030151367
-227 0 0 1.40444004535675 78.0935974121094
-228 0 0 1.40664005279541 78.1912002563477
-229 0 0 1.40883994102478 78.2889022827148
-230 0 0 1.41104996204376 78.3865966796875
-231 0 0 1.41324996948242 78.4841995239258
-232 0 0 1.4154599905014 78.581901550293
-233 0 0 1.41768002510071 78.6794967651367
-234 0 0 1.41989004611969 78.7771987915039
-235 0 0 1.4221099615097 78.8748016357422
-236 0 0 1.42434000968933 78.9725036621094
-237 0 0 1.42656004428864 79.070198059082
-238 0 0 1.42878997325897 79.1678009033203
-239 0 0 1.4310200214386 79.2655029296875
-240 0 0 1.43325996398926 79.3631973266602
-241 0 0 1.43549001216888 79.4608001708984
-242 0 0 1.43773996829987 79.5585021972656
-243 0 0 1.43998003005981 79.6561965942383
-244 0 0 1.4422299861908 79.7537994384766
-245 0 0 1.44447994232178 79.8515014648438
-246 0 0 1.44673001766205 79.9492034912109
-247 0 0 1.44898998737335 80.0467987060547
-248 0 0 1.45124995708466 80.1445007324219
-249 0 0 1.45351004600525 80.2422027587891
-250 6 4 1.45577001571655 80.3398971557617
-251 0 0 1.45803999900818 80.4375
-252 0 0 1.4603099822998 80.5352020263672
-253 0 0 1.46258997917175 80.6328964233398
-254 0 0 1.4648699760437 80.7304992675781
-255 0 0 1.46714997291565 80.8282012939453
-256 0 0 1.4694299697876 80.9259033203125
-257 0 0 1.47171998023987 81.0235977172852
-258 0 0 1.47400999069214 81.1212005615234
-259 0 0 1.47630000114441 81.2189025878906
-260 0 0 1.47859001159668 81.3165969848633
-261 0 0 1.48089003562927 81.4142990112305
-262 0 0 1.4831999540329 81.5119018554688
-263 0 0 1.48549997806549 81.6095962524414
-264 0 0 1.48781001567841 81.7072982788086
-265 0 0 1.49012005329132 81.8050003051758
-266 0 0 1.49242997169495 81.9026031494141
-267 0 0 1.49475002288818 82.0002975463867
-268 0 0 1.49706995487213 82.0979995727539
-269 0 0 1.49940001964569 82.1956024169922
-270 0 0 1.50171995162964 82.2932968139648
-271 0 0 1.5040500164032 82.390998840332
-272 0 0 1.50637996196747 82.4887008666992
-273 0 0 1.50872004032135 82.5863037109375
-274 0 0 1.51105999946594 82.6839981079102
-275 0 0 1.51339995861053 82.7817001342773
-276 0 0 1.51575005054474 82.8793029785156
-277 0 0 1.51809000968933 82.9769973754883
-278 0 0 1.52043998241425 83.0746994018555
-279 0 0 1.52279996871948 83.1724014282227
-280 0 0 1.52515995502472 83.2699966430664
-281 0 0 1.52751994132996 83.3676986694336
-282 0 0 1.52988004684448 83.4654006958008
-283 0 0 1.53225004673004 83.5630035400391
-284 0 0 1.5346200466156 83.6606979370117
-285 0 0 1.53699004650116 83.7583999633789
-286 0 0 1.53936004638672 83.8560028076172
-287 0 0 1.54173994064331 83.9536972045898
-288 0 0 1.54411995410919 84.051399230957
-289 0 0 1.5465099811554 84.1490020751953
-290 0 0 1.5489000082016 84.246696472168
-291 0 0 1.5512900352478 84.3442993164063
-292 0 0 1.55367994308472 84.4420013427734
-293 0 0 1.55607998371124 84.5397033691406
-294 0 0 1.55848002433777 84.6372985839844
-295 0 0 1.560879945755 84.7350006103516
-296 0 0 1.56328999996185 84.8326034545898
-297 0 0 1.5657000541687 84.9302978515625
-298 0 0 1.56810998916626 85.0279006958008
-299 0 0 1.57053005695343 85.125602722168
-300 7 4 1.57295000553131 85.2232971191406
-301 0 0 1.57536995410919 85.3208999633789
-302 0 0 1.57779002189636 85.4186019897461
-303 0 0 1.58021998405457 85.5161972045898
-304 0 0 1.58264994621277 85.613899230957
-305 0 0 1.58509004116058 85.7115020751953
-306 0 0 1.58752000331879 85.8090972900391
-307 0 0 1.58995997905731 85.9067993164063
-308 0 0 1.59240996837616 86.0044021606445
-309 0 0 1.59484994411469 86.1020965576172
-310 0 0 1.59730005264282 86.1996994018555
-311 0 0 1.59976005554199 86.2974014282227
-312 0 0 1.60221004486084 86.3949966430664
-313 0 0 1.60467004776001 86.4925994873047
-314 0 0 1.60713005065918 86.5903015136719
-315 0 0 1.60959994792938 86.6878967285156
-316 0 0 1.61206996440887 86.7854995727539
-317 0 0 1.61453998088837 86.8832015991211
-318 0 0 1.61700999736786 86.9807968139648
-319 0 0 1.61949002742767 87.0783996582031
-320 0 0 1.62197005748749 87.1760025024414
-321 0 0 1.62445998191833 87.2736968994141
-322 0 0 1.62694001197815 87.3712997436523
-323 0 0 1.62943005561829 87.4689025878906
-324 0 0 1.63192999362946 87.5664978027344
-325 0 0 1.63442003726959 87.6641998291016
-326 0 0 1.63691997528076 87.7618026733398
-327 0 0 1.63943004608154 87.8593978881836
-328 0 0 1.64192998409271 87.9570007324219
-329 0 0 1.64444005489349 88.0546035766602
-330 0 0 1.64695000648499 88.1521987915039
-331 0 0 1.6494699716568 88.2498016357422
-332 0 0 1.6519900560379 88.3473968505859
-333 0 0 1.65451002120972 88.4449996948242
-334 0 0 1.65702998638153 88.5426025390625
-335 0 0 1.65955996513367 88.6401977539063
-336 0 0 1.6620899438858 88.7378005981445
-337 0 0 1.66463005542755 88.8354034423828
-338 0 0 1.66717004776001 88.9329986572266
-339 0 0 1.66971004009247 89.0306015014648
-340 0 0 1.67225003242493 89.1281967163086
-341 0 0 1.67480003833771 89.2257995605469
-342 0 0 1.67735004425049 89.3234024047852
-343 0 0 1.67990005016327 89.4209976196289
-344 0 0 1.68245995044708 89.5186004638672
-345 0 0 1.68501996994019 89.616096496582
-346 0 0 1.68757998943329 89.7136993408203
-347 0 0 1.69014000892639 89.8113021850586
-348 0 0 1.69271004199982 89.9088973999023
-349 0 0 1.69528996944427 90.0064010620117
-350 8 4 1.6978600025177 90.1039962768555
-351 0 0 1.70044004917145 90.2015991210938
-352 0 0 1.70301997661591 90.2991027832031
-353 0 0 1.70561003684998 90.3966979980469
-354 0 0 1.70819997787476 90.4943008422852
-355 0 0 1.71079003810883 90.591796875
-356 0 0 1.71337997913361 90.6893997192383
-357 0 0 1.715980052948 90.7869033813477
-358 0 0 1.7185800075531 90.8844985961914
-359 0 0 1.7211799621582 90.9820022583008
-360 0 0 1.72379004955292 91.0795974731445
-361 0 0 1.72640001773834 91.1771011352539
-362 0 0 1.72901999950409 91.2746963500977
-363 0 0 1.73162996768951 91.372200012207
-364 0 0 1.73424994945526 91.4698028564453
-365 0 0 1.73687994480133 91.5672988891602
-366 0 0 1.73950004577637 91.6648025512695
-367 0 0 1.74213004112244 91.7623977661133
-368 0 0 1.74477005004883 91.8599014282227
-369 0 0 1.7474000453949 91.9573974609375
-370 0 0 1.75004005432129 92.0549011230469
-371 0 0 1.75268995761871 92.1524963378906
-372 0 0 1.7553299665451 92.25
-373 0 0 1.75797998905182 92.3475036621094
-374 0 0 1.76063001155853 92.4449996948242
-375 0 0 1.76329004764557 92.5425033569336
-376 0 0 1.76594996452332 92.6399993896484
-377 0 0 1.76861000061035 92.7375030517578
-378 0 0 1.77128005027771 92.8349990844727
-379 0 0 1.77394998073578 92.932502746582
-380 0 0 1.77662003040314 93.0299987792969
-381 0 0 1.77928996086121 93.1275024414063
-382 0 0 1.78197002410889 93.2249984741211
-383 0 0 1.78464996814728 93.3225021362305
-384 0 0 1.78734004497528 93.4199981689453
-385 0 0 1.79003000259399 93.5175018310547
-386 0 0 1.79271996021271 93.6148986816406
-387 0 0 1.79541003704071 93.71240234375
-388 0 0 1.79811000823975 93.8098983764648
-389 0 0 1.80080997943878 93.9074020385742
-390 0 0 1.80351996421814 94.0047988891602
-391 0 0 1.8062299489975 94.1023025512695
-392 0 0 1.80894005298615 94.1996994018555
-393 0 0 1.8116500377655 94.2972030639648
-394 0 0 1.81437003612518 94.3946990966797
-395 0 0 1.81709003448486 94.4921035766602
-396 0 0 1.81982004642487 94.589599609375
-397 0 0 1.82254004478455 94.6869964599609
-398 0 0 1.82527005672455 94.7845001220703
-399 0 0 1.82800996303558 94.8818969726563
-400 9 4 1.83074998855591 94.9793014526367
-401 0 0 1.83349001407623 95.0767974853516
-402 0 0 1.83623003959656 95.174201965332
-403 0 0 1.83897995948792 95.271598815918
-404 0 0 1.84172999858856 95.3691024780273
-405 0 0 1.84449005126953 95.4664993286133
-406 0 0 1.84723997116089 95.5639038085938
-407 0 0 1.85000002384186 95.6613006591797
-408 0 0 1.85276997089386 95.7586975097656
-409 0 0 1.85554003715515 95.8561019897461
-410 0 0 1.85830998420715 95.953498840332
-411 0 0 1.86108005046844 96.0509033203125
-412 0 0 1.86386001110077 96.1483001708984
-413 0 0 1.86663997173309 96.2456970214844
-414 0 0 1.86942005157471 96.3431015014648
-415 0 0 1.87221002578735 96.4404983520508
-416 0 0 1.875 96.5379028320313
-417 0 0 1.87779998779297 96.6352996826172
-418 0 0 1.88059997558594 96.7326965332031
-419 0 0 1.88339996337891 96.8300018310547
-420 0 0 1.88619995117188 96.9273986816406
-421 0 0 1.88900995254517 97.0248031616211
-422 0 0 1.89181995391846 97.122200012207
-423 0 0 1.89463996887207 97.2194976806641
-424 0 0 1.89745998382568 97.3169021606445
-425 0 0 1.9002799987793 97.4141998291016
-426 0 0 1.90310001373291 97.5115966796875
-427 0 0 1.90593004226685 97.6089019775391
-428 0 0 1.90875995159149 97.706298828125
-429 0 0 1.91159999370575 97.803596496582
-430 0 0 1.91444003582001 97.9010009765625
-431 0 0 1.91727995872498 97.9982986450195
-432 0 0 1.92012000083923 98.0955963134766
-433 0 0 1.92297005653381 98.1929016113281
-434 0 0 1.9258199930191 98.2902984619141
-435 0 0 1.92867994308472 98.3876037597656
-436 0 0 1.93154001235962 98.4849014282227
-437 0 0 1.93439996242523 98.5821990966797
-438 0 0 1.93727004528046 98.6794967651367
-439 0 0 1.94014000892639 98.7768020629883
-440 0 0 1.94300997257233 98.8740997314453
-441 0 0 1.94588994979858 98.9713973999023
-442 0 0 1.94877004623413 99.0687026977539
-443 0 0 1.95165002346039 99.1660003662109
-444 0 0 1.95454001426697 99.263298034668
-445 0 0 1.95743000507355 99.3606033325195
-446 0 0 1.96031999588013 99.4579010009766
-447 0 0 1.96322000026703 99.5550994873047
-448 0 0 1.96612000465393 99.6523971557617
-449 0 0 1.96902000904083 99.7497024536133
-450 10 4 1.97193002700806 99.8469009399414
-451 0 0 1.97484004497528 99.9441986083984
-452 0 0 1.97775995731354 100.041000366211
-453 0 0 1.98066997528076 100.138999938965
-454 0 0 1.98360002040863 100.236000061035
-455 0 0 1.98652005195618 100.333000183105
-456 0 0 1.98944997787476 100.430000305176
-457 0 0 1.99238002300262 100.52799987793
-458 0 0 1.99531996250153 100.625
-459 0 0 1.99826002120972 100.72200012207
-460 0 0 2.00119996070862 100.819000244141
-461 0 0 2.00414991378784 100.916999816895
-462 0 0 2.00710010528564 101.013999938965
-463 0 0 2.01005005836487 101.111000061035
-464 0 0 2.01301002502441 101.208000183105
-465 0 0 2.01596999168396 101.305000305176
-466 0 0 2.01892995834351 101.40299987793
-467 0 0 2.02189993858337 101.5
-468 0 0 2.02486991882324 101.59700012207
-469 0 0 2.02783989906311 101.694000244141
-470 0 0 2.0308198928833 101.791000366211
-471 0 0 2.03379988670349 101.888999938965
-472 0 0 2.036789894104 101.986000061035
-473 0 0 2.03977990150452 102.083000183105
-474 0 0 2.04276990890503 102.180000305176
-475 0 0 2.04575991630554 102.277000427246
-476 0 0 2.04875993728638 102.374000549316
-477 0 0 2.05176997184753 102.47200012207
-478 0 0 2.05476999282837 102.569000244141
-479 0 0 2.05778002738953 102.666000366211
-480 0 0 2.06080007553101 102.763000488281
-481 0 0 2.06381988525391 102.860000610352
-482 0 0 2.06683993339539 102.957000732422
-483 0 0 2.06985998153687 103.054000854492
-484 0 0 2.07289004325867 103.151000976563
-485 0 0 2.07592010498047 103.249000549316
-486 0 0 2.07895994186401 103.346000671387
-487 0 0 2.08200001716614 103.443000793457
-488 0 0 2.08504009246826 103.540000915527
-489 0 0 2.08808994293213 103.637001037598
-490 0 0 2.09114003181458 103.734001159668
-491 0 0 2.09418988227844 103.831001281738
-492 0 0 2.09724998474121 103.928001403809
-493 0 0 2.10031008720398 104.025001525879
-494 0 0 2.10336995124817 104.122001647949
-495 0 0 2.10644006729126 104.21900177002
-496 0 0 2.10950994491577 104.317001342773
-497 0 0 2.11259007453918 104.414001464844
-498 0 0 2.11566996574402 104.511001586914
-499 0 0 2.11875009536743 104.608001708984
-500 11 4 2.12184000015259 104.705001831055
-501 0 0 2.12492990493774 104.802001953125
-502 0 0 2.12802004814148 104.899002075195
-503 0 0 2.13111996650696 104.996002197266
-504 0 0 2.13421988487244 105.093002319336
-505 0 0 2.13733005523682 105.190002441406
-506 0 0 2.14043998718262 105.287002563477
-507 0 0 2.14354991912842 105.384002685547
-508 0 0 2.14667010307312 105.481002807617
-509 0 0 2.14979004859924 105.578002929688
-510 0 0 2.15290999412537 105.675003051758
-511 0 0 2.15603995323181 105.772003173828
-512 0 0 2.15916991233826 105.869003295898
-513 0 0 2.16230010986328 105.966003417969
-514 0 0 2.16544008255005 106.063003540039
-515 0 0 2.16859006881714 106.160003662109
-516 0 0 2.17173004150391 106.25700378418
-517 0 0 2.174880027771 106.353996276855
-518 0 0 2.17804002761841 106.450996398926
-519 0 0 2.1811900138855 106.547996520996
-520 0 0 2.18436002731323 106.644996643066
-521 0 0 2.18752002716064 106.741996765137
-522 0 0 2.19069004058838 106.838996887207
-523 0 0 2.19386005401611 106.935997009277
-524 0 0 2.19704008102417 107.032997131348
-525 0 0 2.20022010803223 107.128997802734
-526 0 0 2.2033998966217 107.225997924805
-527 0 0 2.20658993721008 107.322998046875
-528 0 0 2.20977997779846 107.419998168945
-529 0 0 2.21298003196716 107.516998291016
-530 0 0 2.21618008613586 107.613998413086
-531 0 0 2.21937990188599 107.710998535156
-532 0 0 2.22258996963501 107.807998657227
-533 0 0 2.22580003738403 107.904998779297
-534 0 0 2.22902011871338 108.001998901367
-535 0 0 2.23222994804382 108.097999572754
-536 0 0 2.23546004295349 108.194999694824
-537 0 0 2.23867988586426 108.291999816895
-538 0 0 2.24190998077393 108.388999938965
-539 0 0 2.24515008926392 108.486000061035
-540 0 0 2.24838995933533 108.583000183105
-541 0 0 2.25163006782532 108.680000305176
-542 0 0 2.25486993789673 108.776000976563
-543 0 0 2.25812005996704 108.873001098633
-544 0 0 2.2613799571991 108.970001220703
-545 0 0 2.26464009284973 109.067001342773
-546 0 0 2.26789999008179 109.164001464844
-547 0 0 2.27115988731384 109.261001586914
-548 0 0 2.2744300365448 109.357002258301
-549 0 0 2.27769994735718 109.454002380371
-550 12 4 2.28098011016846 109.551002502441
-551 0 0 2.28426003456116 109.648002624512
-552 0 0 2.28754997253418 109.745002746582
-553 0 0 2.2908399105072 109.841003417969
-554 0 0 2.2941300868988 109.938003540039
-555 0 0 2.29743003845215 110.035003662109
-556 0 0 2.30072999000549 110.13200378418
-557 0 0 2.30402994155884 110.227996826172
-558 0 0 2.3073399066925 110.324996948242
-559 0 0 2.31065011024475 110.421997070313
-560 0 0 2.31397008895874 110.518997192383
-561 0 0 2.31729006767273 110.61499786377
-562 0 0 2.32061004638672 110.71199798584
-563 0 0 2.32394003868103 110.80899810791
-564 0 0 2.32728004455566 110.90599822998
-565 0 0 2.33061003684998 111.001998901367
-566 0 0 2.33395004272461 111.098999023438
-567 0 0 2.33730006217957 111.195999145508
-568 0 0 2.34065008163452 111.291999816895
-569 0 0 2.34400010108948 111.388999938965
-570 0 0 2.34735989570618 111.486000061035
-571 0 0 2.35071992874146 111.582000732422
-572 0 0 2.35407996177673 111.679000854492
-573 0 0 2.35745000839233 111.776000976563
-574 0 0 2.36082005500793 111.872001647949
-575 0 0 2.36420011520386 111.96900177002
-576 0 0 2.3675799369812 112.06600189209
-577 0 0 2.37097001075745 112.162002563477
-578 0 0 2.37435007095337 112.259002685547
-579 0 0 2.37774991989136 112.356002807617
-580 0 0 2.3811399936676 112.452003479004
-581 0 0 2.38455009460449 112.549003601074
-582 0 0 2.38794994354248 112.644996643066
-583 0 0 2.39136004447937 112.741996765137
-584 0 0 2.39476990699768 112.838996887207
-585 0 0 2.39819002151489 112.934997558594
-586 0 0 2.40160989761353 113.031997680664
-587 0 0 2.40504002571106 113.127998352051
-588 0 0 2.40846991539001 113.224998474121
-589 0 0 2.41190004348755 113.321998596191
-590 0 0 2.41533994674683 113.417999267578
-591 0 0 2.418790102005 113.514999389648
-592 0 0 2.42223000526428 113.611000061035
-593 0 0 2.42567992210388 113.708000183105
-594 0 0 2.42914009094238 113.804000854492
-595 0 0 2.4326000213623 113.901000976563
-596 0 0 2.43605995178223 113.997001647949
-597 0 0 2.43952989578247 114.09400177002
-598 0 0 2.44300007820129 114.190002441406
-599 0 0 2.44648003578186 114.287002563477
-600 13 4 2.44995999336243 114.384002685547
-601 0 0 2.45343995094299 114.480003356934
-602 0 0 2.45692992210388 114.577003479004
-603 0 0 2.46041989326477 114.672996520996
-604 0 0 2.46392011642456 114.768997192383
-605 0 0 2.46742010116577 114.865997314453
-606 0 0 2.4709300994873 114.96199798584
-607 0 0 2.47443008422852 115.05899810791
-608 0 0 2.47795009613037 115.154998779297
-609 0 0 2.48147010803223 115.251998901367
-610 0 0 2.4849898815155 115.347999572754
-611 0 0 2.48851990699768 115.444999694824
-612 0 0 2.49204993247986 115.541000366211
-613 0 0 2.49557995796204 115.637001037598
-614 0 0 2.49911999702454 115.734001159668
-615 0 0 2.50267004966736 115.830001831055
-616 0 0 2.50621008872986 115.927001953125
-617 0 0 2.50976991653442 116.023002624512
-618 0 0 2.51331996917725 116.120002746582
-619 0 0 2.51688003540039 116.216003417969
-620 0 0 2.52045011520386 116.311996459961
-621 0 0 2.52401995658875 116.408996582031
-622 0 0 2.52759003639221 116.504997253418
-623 0 0 2.53116989135742 116.600997924805
-624 0 0 2.53474998474121 116.697998046875
-625 0 0 2.53834009170532 116.793998718262
-626 0 0 2.54192996025085 116.889999389648
-627 0 0 2.54553008079529 116.986999511719
-628 0 0 2.54912996292114 117.083000183105
-629 0 0 2.55273008346558 117.179000854492
-630 0 0 2.55633997917175 117.276000976563
-631 0 0 2.55995011329651 117.372001647949
-632 0 0 2.56357002258301 117.468002319336
-633 0 0 2.56718993186951 117.565002441406
-634 0 0 2.57082009315491 117.661003112793
-635 0 0 2.57445001602173 117.75700378418
-636 0 0 2.57807993888855 117.852996826172
-637 0 0 2.58172011375427 117.949996948242
-638 0 0 2.58537006378174 118.045997619629
-639 0 0 2.5890200138092 118.141998291016
-640 0 0 2.59266996383667 118.237998962402
-641 0 0 2.59632992744446 118.334999084473
-642 0 0 2.59998989105225 118.430999755859
-643 0 0 2.60365009307861 118.527000427246
-644 0 0 2.60733008384705 118.623001098633
-645 0 0 2.61100006103516 118.71900177002
-646 0 0 2.61468005180359 118.81600189209
-647 0 0 2.61836004257202 118.912002563477
-648 0 0 2.62205004692078 119.008003234863
-649 0 0 2.62575006484985 119.103996276855
-650 14 4 2.62944006919861 119.199996948242
-651 0 0 2.63315010070801 119.296997070313
-652 0 0 2.63685011863708 119.392997741699
-653 0 0 2.64055991172791 119.488998413086
-654 0 0 2.64427995681763 119.584999084473
-655 0 0 2.64800000190735 119.680999755859
-656 0 0 2.65172004699707 119.777000427246
-657 0 0 2.65545010566711 119.873001098633
-658 0 0 2.6591899394989 119.96900177002
-659 0 0 2.66293001174927 120.06600189209
-660 0 0 2.66667008399963 120.162002563477
-661 0 0 2.67041993141174 120.258003234863
-662 0 0 2.67417001724243 120.353996276855
-663 0 0 2.67792010307312 120.449996948242
-664 0 0 2.68168997764587 120.545997619629
-665 0 0 2.68545007705688 120.641998291016
-666 0 0 2.68921995162964 120.737998962402
-667 0 0 2.69300007820129 120.833999633789
-668 0 0 2.69677996635437 120.930000305176
-669 0 0 2.70056009292603 121.026000976563
-670 0 0 2.70434999465942 121.122001647949
-671 0 0 2.70813989639282 121.218002319336
-672 0 0 2.71194005012512 121.314002990723
-673 0 0 2.71574997901917 121.410003662109
-674 0 0 2.71954989433289 121.505996704102
-675 0 0 2.72337007522583 121.601997375488
-676 0 0 2.72718000411987 121.697998046875
-677 0 0 2.73099994659424 121.793998718262
-678 0 0 2.73482990264893 121.889999389648
-679 0 0 2.73866009712219 121.986000061035
-680 0 0 2.7425000667572 122.082000732422
-681 0 0 2.74634003639221 122.178001403809
-682 0 0 2.75018000602722 122.274002075195
-683 0 0 2.75402998924255 122.370002746582
-684 0 0 2.75788998603821 122.466003417969
-685 0 0 2.76174998283386 122.561996459961
-686 0 0 2.76560997962952 122.657997131348
-687 0 0 2.76947999000549 122.752998352051
-688 0 0 2.77335000038147 122.848999023438
-689 0 0 2.77723002433777 122.944999694824
-690 0 0 2.78111004829407 123.041000366211
-691 0 0 2.78500008583069 123.137001037598
-692 0 0 2.78889989852905 123.233001708984
-693 0 0 2.79278993606567 123.329002380371
-694 0 0 2.79670000076294 123.425003051758
-695 0 0 2.80060005187988 123.519996643066
-696 0 0 2.80451011657715 123.615997314453
-697 0 0 2.80842995643616 123.71199798584
-698 0 0 2.81235003471375 123.807998657227
-699 0 0 2.81627988815308 123.903999328613
-700 15 4 2.82020998001099 123.999000549316
-701 0 0 2.82415008544922 124.095001220703
-702 0 0 2.82808995246887 124.19100189209
-703 0 0 2.8320300579071 124.287002563477
-704 0 0 2.83597993850708 124.38200378418
-705 0 0 2.83994007110596 124.477996826172
-706 0 0 2.84389996528625 124.573997497559
-707 0 0 2.84787011146545 124.669998168945
-708 0 0 2.85184001922607 124.764999389648
-709 0 0 2.85580992698669 124.861000061035
-710 0 0 2.85979008674622 124.957000732422
-711 0 0 2.86378002166748 125.052001953125
-712 0 0 2.86776995658875 125.148002624512
-713 0 0 2.87175989151001 125.244003295898
-714 0 0 2.87576007843018 125.339996337891
-715 0 0 2.87977004051208 125.434997558594
-716 0 0 2.88378000259399 125.53099822998
-717 0 0 2.8877899646759 125.626998901367
-718 0 0 2.89180994033813 125.72200012207
-719 0 0 2.89582991600037 125.818000793457
-720 0 0 2.89985990524292 125.91300201416
-721 0 0 2.9038999080658 126.009002685547
-722 0 0 2.90793991088867 126.105003356934
-723 0 0 2.91197991371155 126.199996948242
-724 0 0 2.91602993011475 126.295997619629
-725 0 0 2.92008996009827 126.390998840332
-726 0 0 2.92414999008179 126.486999511719
-727 0 0 2.92821002006531 126.583000183105
-728 0 0 2.93228006362915 126.678001403809
-729 0 0 2.93635988235474 126.774002075195
-730 0 0 2.9404399394989 126.869003295898
-731 0 0 2.94451999664307 126.964996337891
-732 0 0 2.94861006736755 127.059997558594
-733 0 0 2.95270991325378 127.15599822998
-734 0 0 2.95680999755859 127.250999450684
-735 0 0 2.9609100818634 127.34700012207
-736 0 0 2.96501994132996 127.442001342773
-737 0 0 2.96914005279541 127.53800201416
-738 0 0 2.97325992584229 127.633003234863
-739 0 0 2.97739005088806 127.728996276855
-740 0 0 2.98151993751526 127.823997497559
-741 0 0 2.98565006256104 127.918998718262
-742 0 0 2.98979997634888 128.014999389648
-743 0 0 2.99394011497498 128.110000610352
-744 0 0 2.99809002876282 128.205993652344
-745 0 0 3.00224995613098 128.300994873047
-746 0 0 3.00640988349915 128.397003173828
-747 0 0 3.01058006286621 128.492004394531
-748 0 0 3.0147500038147 128.587005615234
-749 0 0 3.01892995834351 128.682998657227
-750 16 4 3.02310991287231 128.77799987793
-751 0 0 3.02729988098145 128.873001098633
-752 0 0 3.03150010108948 128.968994140625
-753 0 0 3.03569006919861 129.063995361328
-754 0 0 3.03990006446838 129.158996582031
-755 0 0 3.04411005973816 129.255004882813
-756 0 0 3.04832005500793 129.350006103516
-757 0 0 3.05254006385803 129.445007324219
-758 0 0 3.05677008628845 129.539993286133
-759 0 0 3.06100010871887 129.636001586914
-760 0 0 3.06522989273071 129.731002807617
-761 0 0 3.06946992874146 129.82600402832
-762 0 0 3.07371997833252 129.921997070313
-763 0 0 3.07797002792358 130.016998291016
-764 0 0 3.08223009109497 130.111999511719
-765 0 0 3.08648991584778 130.207000732422
-766 0 0 3.09075999259949 130.302001953125
-767 0 0 3.0950300693512 130.397994995117
-768 0 0 3.09930992126465 130.49299621582
-769 0 0 3.10359001159668 130.587997436523
-770 0 0 3.10788011550903 130.682998657227
-771 0 0 3.11217999458313 130.77799987793
-772 0 0 3.11648011207581 130.873001098633
-773 0 0 3.1207799911499 130.968994140625
-774 0 0 3.12508988380432 131.063995361328
-775 0 0 3.12941002845764 131.158996582031
-776 0 0 3.13372993469238 131.253997802734
-777 0 0 3.13806009292603 131.348999023438
-778 0 0 3.14239001274109 131.444000244141
-779 0 0 3.14672994613647 131.539001464844
-780 0 0 3.15107011795044 131.634002685547
-781 0 0 3.15542006492615 131.72900390625
-782 0 0 3.15978002548218 131.824005126953
-783 0 0 3.16413998603821 131.919006347656
-784 0 0 3.16849994659424 132.014007568359
-785 0 0 3.17286992073059 132.108993530273
-786 0 0 3.17724990844727 132.203994750977
-787 0 0 3.18162989616394 132.29899597168
-788 0 0 3.18601989746094 132.393997192383
-789 0 0 3.19040989875793 132.488998413086
-790 0 0 3.19480991363525 132.583999633789
-791 0 0 3.19920992851257 132.679000854492
-792 0 0 3.20361995697021 132.774002075195
-793 0 0 3.20803999900818 132.869003295898
-794 0 0 3.21246004104614 132.964004516602
-795 0 0 3.21689009666443 133.059005737305
-796 0 0 3.22131991386414 133.154006958008
-797 0 0 3.22575998306274 133.248992919922
-798 0 0 3.23020005226135 133.343994140625
-799 0 0 3.2346498966217 133.438995361328
-800 17 4 3.23909997940063 133.533996582031
-801 0 0 3.24356007575989 133.628005981445
-802 0 0 3.24802994728088 133.723007202148
-803 0 0 3.25250005722046 133.817993164063
-804 0 0 3.25697994232178 133.912994384766
-805 0 0 3.26146006584167 134.007995605469
-806 0 0 3.26594996452332 134.102005004883
-807 0 0 3.27045011520386 134.197006225586
-808 0 0 3.27495002746582 134.292007446289
-809 0 0 3.27944993972778 134.386993408203
-810 0 0 3.28396010398865 134.481994628906
-811 0 0 3.28848004341125 134.57600402832
-812 0 0 3.29299998283386 134.671005249023
-813 0 0 3.29752993583679 134.766006469727
-814 0 0 3.30206990242004 134.860992431641
-815 0 0 3.30661010742188 134.955001831055
-816 0 0 3.31115007400513 135.050003051758
-817 0 0 3.31571006774902 135.145004272461
-818 0 0 3.3202600479126 135.238998413086
-819 0 0 3.32483005523682 135.333999633789
-820 0 0 3.32940006256104 135.429000854492
-821 0 0 3.33397006988525 135.522994995117
-822 0 0 3.33855009078979 135.61799621582
-823 0 0 3.34313988685608 135.712005615234
-824 0 0 3.34772992134094 135.807006835938
-825 0 0 3.35232996940613 135.901992797852
-826 0 0 3.35693001747131 135.996002197266
-827 0 0 3.36154007911682 136.091003417969
-828 0 0 3.36615991592407 136.184997558594
-829 0 0 3.3707799911499 136.279998779297
-830 0 0 3.37541007995605 136.373992919922
-831 0 0 3.38004994392395 136.468994140625
-832 0 0 3.38469004631042 136.563995361328
-833 0 0 3.38932991027832 136.658004760742
-834 0 0 3.39398002624512 136.753005981445
-835 0 0 3.39863991737366 136.84700012207
-836 0 0 3.40330004692078 136.940994262695
-837 0 0 3.40796995162964 137.035995483398
-838 0 0 3.4126501083374 137.130004882813
-839 0 0 3.41733002662659 137.225006103516
-840 0 0 3.42201995849609 137.319000244141
-841 0 0 3.4267098903656 137.414001464844
-842 0 0 3.43141007423401 137.507995605469
-843 0 0 3.43612003326416 137.602005004883
-844 0 0 3.44082999229431 137.697006225586
-845 0 0 3.44554996490479 137.791000366211
-846 0 0 3.45026993751526 137.886001586914
-847 0 0 3.45499992370605 137.979995727539
-848 0 0 3.45973992347717 138.074005126953
-849 0 0 3.46447992324829 138.169006347656
-850 18 4 3.46922993659973 138.263000488281
-851 0 0 3.47397994995117 138.356994628906
-852 0 0 3.47873997688293 138.45100402832
-853 0 0 3.48351001739502 138.546005249023
-854 0 0 3.4882800579071 138.639999389648
-855 0 0 3.49306011199951 138.733993530273
-856 0 0 3.49784994125366 138.828002929688
-857 0 0 3.50264000892639 138.923004150391
-858 0 0 3.50744009017944 139.016998291016
-859 0 0 3.51223993301392 139.110992431641
-860 0 0 3.51705002784729 139.205001831055
-861 0 0 3.52186989784241 139.300003051758
-862 0 0 3.5266900062561 139.393997192383
-863 0 0 3.53151988983154 139.488006591797
-864 0 0 3.53635001182556 139.582000732422
-865 0 0 3.54118990898132 139.675994873047
-866 0 0 3.54604005813599 139.770004272461
-867 0 0 3.55088996887207 139.863998413086
-868 0 0 3.55574989318848 139.957992553711
-869 0 0 3.56062006950378 140.052001953125
-870 0 0 3.56549000740051 140.147003173828
-871 0 0 3.57036995887756 140.240997314453
-872 0 0 3.57524991035461 140.335006713867
-873 0 0 3.58014988899231 140.429000854492
-874 0 0 3.58504009246826 140.522994995117
-875 0 0 3.58995008468628 140.617004394531
-876 0 0 3.5948600769043 140.710998535156
-877 0 0 3.59977006912231 140.804992675781
-878 0 0 3.60470008850098 140.899002075195
-879 0 0 3.60963010787964 140.99299621582
-880 0 0 3.61455988883972 141.087005615234
-881 0 0 3.61950993537903 141.179992675781
-882 0 0 3.62444996833801 141.274002075195
-883 0 0 3.62941002845764 141.36799621582
-884 0 0 3.63437008857727 141.462005615234
-885 0 0 3.63933992385864 141.555999755859
-886 0 0 3.64430999755859 141.649993896484
-887 0 0 3.64929008483887 141.744003295898
-888 0 0 3.65427994728088 141.837997436523
-889 0 0 3.6592800617218 141.930999755859
-890 0 0 3.66427993774414 142.024993896484
-891 0 0 3.66928005218506 142.119003295898
-892 0 0 3.67429995536804 142.212997436523
-893 0 0 3.6793200969696 142.307006835938
-894 0 0 3.68434000015259 142.399993896484
-895 0 0 3.68937993049622 142.494003295898
-896 0 0 3.69442009925842 142.587997436523
-897 0 0 3.69946002960205 142.682006835938
-898 0 0 3.704509973526 142.774993896484
-899 0 0 3.70956993103027 142.869003295898
-900 19 4 3.71463990211487 142.962997436523
-901 0 0 3.71971011161804 143.055999755859
-902 0 0 3.72479009628296 143.149993896484
-903 0 0 3.7298800945282 143.244003295898
-904 0 0 3.73497009277344 143.337005615234
-905 0 0 3.740070104599 143.430999755859
-906 0 0 3.74517011642456 143.524002075195
-907 0 0 3.75028991699219 143.61799621582
-908 0 0 3.75540995597839 143.712005615234
-909 0 0 3.7605299949646 143.804992675781
-910 0 0 3.76566004753113 143.899002075195
-911 0 0 3.77080011367798 143.992004394531
-912 0 0 3.77594995498657 144.085998535156
-913 0 0 3.78110003471375 144.179000854492
-914 0 0 3.78625988960266 144.272994995117
-915 0 0 3.79142999649048 144.365997314453
-916 0 0 3.7966001033783 144.460006713867
-917 0 0 3.80177998542786 144.552993774414
-918 0 0 3.80696988105774 144.647003173828
-919 0 0 3.8121600151062 144.740005493164
-920 0 0 3.81735992431641 144.832992553711
-921 0 0 3.82257008552551 144.927001953125
-922 0 0 3.82778000831604 145.020004272461
-923 0 0 3.83299994468689 145.113998413086
-924 0 0 3.83822989463806 145.207000732422
-925 0 0 3.84347009658813 145.300003051758
-926 0 0 3.84871006011963 145.393997192383
-927 0 0 3.85396003723145 145.486999511719
-928 0 0 3.85921001434326 145.580001831055
-929 0 0 3.8644700050354 145.673004150391
-930 0 0 3.86974000930786 145.766998291016
-931 0 0 3.87502002716064 145.860000610352
-932 0 0 3.88030004501343 145.953002929688
-933 0 0 3.88559007644653 146.046005249023
-934 0 0 3.89088988304138 146.139999389648
-935 0 0 3.89618992805481 146.233001708984
-936 0 0 3.90149998664856 146.32600402832
-937 0 0 3.90682005882263 146.419006347656
-938 0 0 3.91213989257813 146.511993408203
-939 0 0 3.91747999191284 146.604995727539
-940 0 0 3.92282009124756 146.699005126953
-941 0 0 3.9281599521637 146.792007446289
-942 0 0 3.93351006507874 146.884994506836
-943 0 0 3.93886995315552 146.977996826172
-944 0 0 3.9442400932312 147.070999145508
-945 0 0 3.94962000846863 147.164001464844
-946 0 0 3.95499992370605 147.25700378418
-947 0 0 3.96039009094238 147.350006103516
-948 0 0 3.96578001976013 147.442993164063
-949 0 0 3.9711799621582 147.535995483398
-950 20 4 3.9765899181366 147.628997802734
-951 0 0 3.98200988769531 147.72200012207
-952 0 0 3.98744010925293 147.815002441406
-953 0 0 3.99287009239197 147.908004760742
-954 0 0 3.99831008911133 148.001007080078
-955 0 0 4.00374984741211 148.093994140625
-956 0 0 4.00920009613037 148.186996459961
-957 0 0 4.0146598815918 148.279006958008
-958 0 0 4.0201301574707 148.371994018555
-959 0 0 4.02560997009277 148.464996337891
-960 0 0 4.03108978271484 148.557998657227
-961 0 0 4.03658008575439 148.651000976563
-962 0 0 4.04206991195679 148.74299621582
-963 0 0 4.04757976531982 148.835998535156
-964 0 0 4.05309009552002 148.929000854492
-965 0 0 4.05860996246338 149.022003173828
-966 0 0 4.06412982940674 149.113998413086
-967 0 0 4.0696702003479 149.207000732422
-968 0 0 4.0752100944519 149.300003051758
-969 0 0 4.08076000213623 149.393005371094
-970 0 0 4.08630990982056 149.485000610352
-971 0 0 4.09186983108521 149.578002929688
-972 0 0 4.09743976593018 149.669998168945
-973 0 0 4.10302019119263 149.763000488281
-974 0 0 4.10861015319824 149.856002807617
-975 0 0 4.11420011520386 149.947998046875
-976 0 0 4.11980009078979 150.041000366211
-977 0 0 4.12541007995605 150.132995605469
-978 0 0 4.13102006912231 150.225997924805
-979 0 0 4.1366400718689 150.317993164063
-980 0 0 4.1422700881958 150.410995483398
-981 0 0 4.14791011810303 150.503005981445
-982 0 0 4.15355014801025 150.595993041992
-983 0 0 4.15921020507813 150.688003540039
-984 0 0 4.16486978530884 150.781005859375
-985 0 0 4.17052984237671 150.873001098633
-986 0 0 4.17620992660522 150.966003417969
-987 0 0 4.18189001083374 151.057998657227
-988 0 0 4.18758010864258 151.149993896484
-989 0 0 4.19328022003174 151.24299621582
-990 0 0 4.19898986816406 151.335006713867
-991 0 0 4.20469999313354 151.427001953125
-992 0 0 4.21042013168335 151.520004272461
-993 0 0 4.21614980697632 151.611999511719
-994 0 0 4.22187995910645 151.703994750977
-995 0 0 4.22763013839722 151.796005249023
-996 0 0 4.23337984085083 151.889007568359
-997 0 0 4.23914003372192 151.981002807617
-998 0 0 4.24490022659302 152.072998046875
-999 0 0 4.2506799697876 152.164993286133
-1000 21 9 4.25646018981934 152.257995605469
