-1000 43 9 -5.94540977478027 -14.9379997253418
-999 0 0 -5.93946981430054 -14.9357995986938
-998 0 0 -5.9335298538208 -14.9336996078491
-997 0 0 -5.92757987976074 -14.9315004348755
-996 0 0 -5.92163991928101 -14.9294004440308
-995 0 0 -5.91568994522095 -14.9272003173828
-994 0 0 -5.90973997116089 -14.9250001907349
-993 0 0 -5.90378999710083 -14.9229001998901
-992 0 0 -5.89784002304077 -14.9207000732422
-991 0 0 -5.89189004898071 -14.9184999465942
-990 0 0 -5.88594007492065 -14.9162998199463
-989 0 0 -5.87998008728027 -14.9140996932983
-988 0 0 -5.87403011322021 -14.9118995666504
-987 0 0 -5.86807012557983 -14.9097003936768
-986 0 0 -5.86212015151978 -14.9075002670288
-985 0 0 -5.85616016387939 -14.9053001403809
-984 0 0 -5.85020017623901 -14.9031000137329
-983 0 0 -5.84424018859863 -14.900899887085
-982 0 0 -5.83828020095825 -14.8985996246338
-981 0 0 -5.83231019973755 -14.8964004516602
-980 0 0 -5.82635021209717 -14.8942003250122
-979 0 0 -5.82038021087646 -14.891900062561
-978 0 0 -5.81442022323608 -14.8896999359131
-977 0 0 -5.80845022201538 -14.8873996734619
-976 0 0 -5.80248022079468 -14.885199546814
-975 0 0 -5.79651021957397 -14.8829002380371
-974 0 0 -5.79054021835327 -14.8805999755859
-973 0 0 -5.78457021713257 -14.878399848938
-972 0 0 -5.77859020233154 -14.8760995864868
-971 0 0 -5.77262020111084 -14.87380027771
-970 0 0 -5.76664018630981 -14.8715000152588
-969 0 0 -5.76066017150879 -14.8691997528076
-968 0 0 -5.75469017028809 -14.8669004440308
-967 0 0 -5.74871015548706 -14.8646001815796
-966 0 0 -5.74273014068604 -14.8622999191284
-965 0 0 -5.73674011230469 -14.8599996566772
-964 0 0 -5.73076009750366 -14.8576002120972
-963 0 0 -5.72478008270264 -14.855299949646
-962 0 0 -5.71879005432129 -14.8529996871948
-961 0 0 -5.71280002593994 -14.8506002426147
-960 0 0 -5.70682001113892 -14.8482999801636
-959 0 0 -5.70082998275757 -14.8458995819092
-958 0 0 -5.69483995437622 -14.8436002731323
-957 0 0 -5.68884992599487 -14.8411998748779
-956 0 0 -5.6828498840332 -14.8388996124268
-955 0 0 -5.67685985565186 -14.8365001678467
-954 0 0 -5.67085981369019 -14.8340997695923
-953 0 0 -5.66486978530884 -14.8317003250122
-952 0 0 -5.65887022018433 -14.8292999267578
-951 0 0 -5.65287017822266 -14.8268995285034
-950 42 4 -5.64687013626099 -14.8245000839233
-949 0 0 -5.64087009429932 -14.8220996856689
-948 0 0 -5.63487005233765 -14.8197002410889
-947 0 0 -5.62887001037598 -14.8172998428345
-946 0 0 -5.62285995483398 -14.8149003982544
-945 0 0 -5.61685991287231 -14.8125
-944 0 0 -5.61084985733032 -14.8100004196167
-943 0 0 -5.60483980178833 -14.8076000213623
-942 0 0 -5.5988302230835 -14.805100440979
-941 0 0 -5.5928201675415 -14.8027000427246
-940 0 0 -5.58681011199951 -14.8002004623413
-939 0 0 -5.58080005645752 -14.7978000640869
-938 0 0 -5.57477998733521 -14.7952995300293
-937 0 0 -5.56876993179321 -14.792799949646
-936 0 0 -5.5627498626709 -14.7903003692627
-935 0 0 -5.55672979354858 -14.7877998352051
-934 0 0 -5.55071020126343 -14.785400390625
-933 0 0 -5.54469013214111 -14.7828998565674
-932 0 0 -5.5386700630188 -14.7803001403809
-931 0 0 -5.53264999389648 -14.7777996063232
-930 0 0 -5.52662992477417 -14.7753000259399
-929 0 0 -5.52059984207153 -14.7728004455566
-928 0 0 -5.51457023620605 -14.770299911499
-927 0 0 -5.50855016708374 -14.7677001953125
-926 0 0 -5.5025200843811 -14.7651996612549
-925 0 0 -5.49649000167847 -14.7625999450684
-924 0 0 -5.49045991897583 -14.7601003646851
-923 0 0 -5.48441982269287 -14.7574996948242
-922 0 0 -5.47839021682739 -14.7548999786377
-921 0 0 -5.47236013412476 -14.7524003982544
-920 0 0 -5.4663200378418 -14.7497997283936
-919 0 0 -5.46027994155884 -14.747200012207
-918 0 0 -5.45423984527588 -14.7446002960205
-917 0 0 -5.44820022583008 -14.7419996261597
-916 0 0 -5.44216012954712 -14.7393999099731
-915 0 0 -5.43612003326416 -14.7368001937866
-914 0 0 -5.4300799369812 -14.7341995239258
-913 0 0 -5.42402982711792 -14.731499671936
-912 0 0 -5.41799020767212 -14.7288999557495
-911 0 0 -5.41194009780884 -14.726300239563
-910 0 0 -5.40588998794556 -14.7236003875732
-909 0 0 -5.39983987808228 -14.7209997177124
-908 0 0 -5.39378976821899 -14.7182998657227
-907 0 0 -5.38774013519287 -14.7156000137329
-906 0 0 -5.38168001174927 -14.7130002975464
-905 0 0 -5.37562990188599 -14.7103004455566
-904 0 0 -5.36956977844238 -14.7075996398926
-903 0 0 -5.36352014541626 -14.7048997879028
-902 0 0 -5.35746002197266 -14.7021999359131
-901 0 0 -5.35139989852905 -14.6995000839233
-900 41 4 -5.34533977508545 -14.6968002319336
-899 0 0 -5.33927011489868 -14.6941003799438
-898 0 0 -5.33320999145508 -14.6913003921509
-897 0 0 -5.32714986801147 -14.6885995864868
-896 0 0 -5.32108020782471 -14.6858997344971
-895 0 0 -5.31501007080078 -14.6830997467041
-894 0 0 -5.30893993377686 -14.6803998947144
-893 0 0 -5.30286979675293 -14.6775999069214
-892 0 0 -5.29680013656616 -14.6747999191284
-891 0 0 -5.29072999954224 -14.6721000671387
-890 0 0 -5.28465986251831 -14.6693000793457
-889 0 0 -5.27858018875122 -14.6665000915527
-888 0 0 -5.27251005172729 -14.6637001037598
-887 0 0 -5.26642990112305 -14.6609001159668
-886 0 0 -5.26035022735596 -14.6581001281738
-885 0 0 -5.25427007675171 -14.6552000045776
-884 0 0 -5.24818992614746 -14.6524000167847
-883 0 0 -5.24210977554321 -14.6496000289917
-882 0 0 -5.2360200881958 -14.6466999053955
-881 0 0 -5.22993993759155 -14.6438999176025
-880 0 0 -5.22384977340698 -14.6409997940063
-879 0 0 -5.21776008605957 -14.6381998062134
-878 0 0 -5.211669921875 -14.6352996826172
-877 0 0 -5.20558023452759 -14.632399559021
-876 0 0 -5.19949007034302 -14.6295003890991
-875 0 0 -5.19339990615845 -14.6266002655029
-874 0 0 -5.18730020523071 -14.6237001419067
-873 0 0 -5.18121004104614 -14.6208000183105
-872 0 0 -5.17510986328125 -14.6178998947144
-871 0 0 -5.16901016235352 -14.6149997711182
-870 0 0 -5.16290998458862 -14.612099647522
-869 0 0 -5.15680980682373 -14.6091003417969
-868 0 0 -5.150710105896 -14.6062002182007
-867 0 0 -5.1446099281311 -14.6031999588013
-866 0 0 -5.13850021362305 -14.6002998352051
-865 0 0 -5.13240003585815 -14.5972995758057
-864 0 0 -5.12628984451294 -14.5943002700806
-863 0 0 -5.12018013000488 -14.5913000106812
-862 0 0 -5.11406993865967 -14.5882997512817
-861 0 0 -5.10796022415161 -14.5853004455566
-860 0 0 -5.1018500328064 -14.5823001861572
-859 0 0 -5.09572982788086 -14.5792999267578
-858 0 0 -5.0896201133728 -14.5762996673584
-857 0 0 -5.08349990844727 -14.5732002258301
-856 0 0 -5.07738018035889 -14.5701999664307
-855 0 0 -5.07126998901367 -14.567099571228
-854 0 0 -5.06514978408813 -14.5641002655029
-853 0 0 -5.05902004241943 -14.5609998703003
-852 0 0 -5.0528998374939 -14.557900428772
-851 0 0 -5.04678010940552 -14.5549001693726
-850 40 4 -5.04064989089966 -14.5517997741699
-849 0 0 -5.03452014923096 -14.5487003326416
-848 0 0 -5.0283899307251 -14.545599937439
-847 0 0 -5.0222601890564 -14.5424003601074
-846 0 0 -5.01612997055054 -14.5392999649048
-845 0 0 -5.01000022888184 -14.5361995697021
-844 0 0 -5.00387001037598 -14.5329999923706
-843 0 0 -4.99772977828979 -14.529899597168
-842 0 0 -4.99160003662109 -14.5267000198364
-841 0 0 -4.98545980453491 -14.5235996246338
-840 0 0 -4.97932004928589 -14.5204000473022
-839 0 0 -4.97317981719971 -14.5172004699707
-838 0 0 -4.96704006195068 -14.5139999389648
-837 0 0 -4.96088981628418 -14.5108003616333
-836 0 0 -4.95475006103516 -14.5075998306274
-835 0 0 -4.94859981536865 -14.5044002532959
-834 0 0 -4.94245004653931 -14.5010995864868
-833 0 0 -4.93630981445313 -14.4979000091553
-832 0 0 -4.93016004562378 -14.4946002960205
-831 0 0 -4.92399978637695 -14.4913997650146
-830 0 0 -4.91785001754761 -14.4881000518799
-829 0 0 -4.9116997718811 -14.4848003387451
-828 0 0 -4.90553998947144 -14.4815998077393
-827 0 0 -4.89939022064209 -14.4783000946045
-826 0 0 -4.89322996139526 -14.4750003814697
-825 0 0 -4.8870701789856 -14.4716997146606
-824 0 0 -4.88090991973877 -14.4682998657227
-823 0 0 -4.87474012374878 -14.4650001525879
-822 0 0 -4.86857986450195 -14.4617004394531
-821 0 0 -4.86241006851196 -14.4582996368408
-820 0 0 -4.85624980926514 -14.4549999237061
-819 0 0 -4.85008001327515 -14.4516000747681
-818 0 0 -4.84391021728516 -14.4482002258301
-817 0 0 -4.83773994445801 -14.4448003768921
-816 0 0 -4.83157014846802 -14.4413995742798
-815 0 0 -4.82538986206055 -14.4379997253418
-814 0 0 -4.81922006607056 -14.4345998764038
-813 0 0 -4.81303977966309 -14.4312000274658
-812 0 0 -4.80685997009277 -14.4277000427246
-811 0 0 -4.80069017410278 -14.4243001937866
-810 0 0 -4.79450988769531 -14.4208002090454
-809 0 0 -4.78832006454468 -14.4174003601074
-808 0 0 -4.78213977813721 -14.4139003753662
-807 0 0 -4.77594995498657 -14.410400390625
-806 0 0 -4.76977014541626 -14.4069004058838
-805 0 0 -4.76357984542847 -14.4034004211426
-804 0 0 -4.75739002227783 -14.3999004364014
-803 0 0 -4.7512001991272 -14.3964004516602
-802 0 0 -4.7450098991394 -14.3928003311157
-801 0 0 -4.73882007598877 -14.3893003463745
-800 39 4 -4.73261976242065 -14.3857002258301
-799 0 0 -4.7264199256897 -14.3822002410889
-798 0 0 -4.72023010253906 -14.3786001205444
-797 0 0 -4.71402978897095 -14.375
-796 0 0 -4.70782995223999 -14.3713998794556
-795 0 0 -4.70163011550903 -14.3677997589111
-794 0 0 -4.6954197883606 -14.3641996383667
-793 0 0 -4.68921995162964 -14.3605003356934
-792 0 0 -4.68301010131836 -14.3569002151489
-791 0 0 -4.67679977416992 -14.3531999588013
-790 0 0 -4.67058992385864 -14.3495998382568
-789 0 0 -4.66438007354736 -14.3458995819092
-788 0 0 -4.65817022323608 -14.3422002792358
-787 0 0 -4.65195989608765 -14.3385000228882
-786 0 0 -4.64574003219604 -14.3347997665405
-785 0 0 -4.63953018188477 -14.3311004638672
-784 0 0 -4.63330984115601 -14.3274002075195
-783 0 0 -4.6270899772644 -14.3236999511719
-782 0 0 -4.6208701133728 -14.319899559021
-781 0 0 -4.61464977264404 -14.3161001205444
-780 0 0 -4.60841989517212 -14.3123998641968
-779 0 0 -4.60220003128052 -14.3086004257202
-778 0 0 -4.59597015380859 -14.3048000335693
-777 0 0 -4.58973979949951 -14.3009996414185
-776 0 0 -4.58350992202759 -14.2972002029419
-775 0 0 -4.57728004455566 -14.2932996749878
-774 0 0 -4.57105016708374 -14.2895002365112
-773 0 0 -4.56480979919434 -14.2855997085571
-772 0 0 -4.55857992172241 -14.2818002700806
-771 0 0 -4.55234003067017 -14.2778997421265
-770 0 0 -4.54610013961792 -14.2740001678467
-769 0 0 -4.53985977172852 -14.2700996398926
-768 0 0 -4.53361988067627 -14.2662000656128
-767 0 0 -4.52737998962402 -14.2622995376587
-766 0 0 -4.52113008499146 -14.2583999633789
-765 0 0 -4.51488018035889 -14.2544002532959
-764 0 0 -4.50863981246948 -14.2503995895386
-763 0 0 -4.50238990783691 -14.2465000152588
-762 0 0 -4.49614000320435 -14.2425003051758
-761 0 0 -4.48988008499146 -14.2384996414185
-760 0 0 -4.48363018035889 -14.2344999313354
-759 0 0 -4.47736978530884 -14.2305002212524
-758 0 0 -4.47111988067627 -14.2264003753662
-757 0 0 -4.46485996246338 -14.2223997116089
-756 0 0 -4.45860004425049 -14.2182998657227
-755 0 0 -4.4523401260376 -14.2143001556396
-754 0 0 -4.44607019424438 -14.2102003097534
-753 0 0 -4.43980979919434 -14.2061004638672
-752 0 0 -4.43353986740112 -14.2019996643066
-751 0 0 -4.42727994918823 -14.1978998184204
-750 38 4 -4.42101001739502 -14.193699836731
-749 0 0 -4.41473007202148 -14.1895999908447
-748 0 0 -4.40846014022827 -14.1854000091553
-747 0 0 -4.40219020843506 -14.1812000274658
-746 0 0 -4.39590978622437 -14.1771001815796
-745 0 0 -4.38963985443115 -14.1729001998901
-744 0 0 -4.38335990905762 -14.1686000823975
-743 0 0 -4.37707996368408 -14.164400100708
-742 0 0 -4.37079000473022 -14.1602001190186
-741 0 0 -4.36451005935669 -14.1559000015259
-740 0 0 -4.35823011398315 -14.1517000198364
-739 0 0 -4.3519401550293 -14.1473999023438
-738 0 0 -4.34565019607544 -14.1430997848511
-737 0 0 -4.33936023712158 -14.1387996673584
-736 0 0 -4.33306980133057 -14.1344995498657
-735 0 0 -4.32677984237671 -14.1301002502441
-734 0 0 -4.32047986984253 -14.1258001327515
-733 0 0 -4.31418991088867 -14.1213998794556
-732 0 0 -4.30788993835449 -14.1169996261597
-731 0 0 -4.30158996582031 -14.1126003265381
-730 0 0 -4.29528999328613 -14.1082000732422
-729 0 0 -4.28898000717163 -14.1037998199463
-728 0 0 -4.28268003463745 -14.0993995666504
-727 0 0 -4.27637004852295 -14.0949001312256
-726 0 0 -4.27007007598877 -14.0904998779297
-725 0 0 -4.26376008987427 -14.0860004425049
-724 0 0 -4.25745010375977 -14.0815000534058
-723 0 0 -4.25113010406494 -14.0769996643066
-722 0 0 -4.24482011795044 -14.0725002288818
-721 0 0 -4.23850011825562 -14.0678997039795
-720 0 0 -4.23219013214111 -14.0634002685547
-719 0 0 -4.22587013244629 -14.0587997436523
-718 0 0 -4.21955013275146 -14.0542001724243
-717 0 0 -4.21322011947632 -14.0496997833252
-716 0 0 -4.20690011978149 -14.0450000762939
-715 0 0 -4.20057010650635 -14.0403995513916
-714 0 0 -4.19425010681152 -14.0357999801636
-713 0 0 -4.18792009353638 -14.0311002731323
-712 0 0 -4.18159008026123 -14.0263996124268
-711 0 0 -4.17525005340576 -14.0218000411987
-710 0 0 -4.16892004013062 -14.0171003341675
-709 0 0 -4.16258001327515 -14.0122995376587
-708 0 0 -4.15625 -14.0075998306274
-707 0 0 -4.14990997314453 -14.002799987793
-706 0 0 -4.14356994628906 -13.9981002807617
-705 0 0 -4.13721990585327 -13.9933004379272
-704 0 0 -4.1308798789978 -13.9884996414185
-703 0 0 -4.12452983856201 -13.983699798584
-702 0 0 -4.11817979812622 -13.9787998199463
-701 0 0 -4.11183977127075 -13.9739999771118
-700 37 4 -4.1054801940918 -13.9690999984741
-699 0 0 -4.09913015365601 -13.9643001556396
-698 0 0 -4.09278011322021 -13.959400177002
-697 0 0 -4.0864200592041 -13.954400062561
-696 0 0 -4.08006000518799 -13.9495000839233
-695 0 0 -4.07369995117188 -13.9446001052856
-694 0 0 -4.06733989715576 -13.9395999908447
-693 0 0 -4.06097984313965 -13.9345998764038
-692 0 0 -4.05460977554321 -13.9295997619629
-691 0 0 -4.04824018478394 -13.924599647522
-690 0 0 -4.04188013076782 -13.9195995330811
-689 0 0 -4.03551006317139 -13.9145002365112
-688 0 0 -4.02912998199463 -13.9093999862671
-687 0 0 -4.02275991439819 -13.9043998718262
-686 0 0 -4.01637983322144 -13.8992004394531
-685 0 0 -4.010009765625 -13.894100189209
-684 0 0 -4.0036301612854 -13.8889999389648
-683 0 0 -3.99724006652832 -13.8837995529175
-682 0 0 -3.99085998535156 -13.8786001205444
-681 0 0 -3.9844799041748 -13.8734998703003
-680 0 0 -3.9780900478363 -13.868200302124
-679 0 0 -3.97169995307922 -13.8629999160767
-678 0 0 -3.96531009674072 -13.8577995300293
-677 0 0 -3.95892000198364 -13.852499961853
-676 0 0 -3.95252990722656 -13.8472003936768
-675 0 0 -3.94613003730774 -13.8418998718262
-674 0 0 -3.93972992897034 -13.8366003036499
-673 0 0 -3.93333005905151 -13.8311996459961
-672 0 0 -3.92692995071411 -13.8259000778198
-671 0 0 -3.92053008079529 -13.8205003738403
-670 0 0 -3.91411995887756 -13.8150997161865
-669 0 0 -3.90772008895874 -13.809700012207
-668 0 0 -3.90130996704102 -13.8042001724243
-667 0 0 -3.89490008354187 -13.7988004684448
-666 0 0 -3.88847994804382 -13.7932996749878
-665 0 0 -3.88207006454468 -13.7877998352051
-664 0 0 -3.87564992904663 -13.7822999954224
-663 0 0 -3.86924004554749 -13.7767000198364
-662 0 0 -3.86281991004944 -13.7712001800537
-661 0 0 -3.85638999938965 -13.7656002044678
-660 0 0 -3.84997010231018 -13.7600002288818
-659 0 0 -3.84353995323181 -13.7544002532959
-658 0 0 -3.83712005615234 -13.7487001419067
-657 0 0 -3.83068990707397 -13.7431001663208
-656 0 0 -3.82425999641418 -13.7374000549316
-655 0 0 -3.81782007217407 -13.7316999435425
-654 0 0 -3.8113899230957 -13.7259998321533
-653 0 0 -3.80494999885559 -13.7201995849609
-652 0 0 -3.79851007461548 -13.7145004272461
-651 0 0 -3.79206991195679 -13.7087001800537
-650 36 4 -3.78562998771667 -13.7028999328613
-649 0 0 -3.77918004989624 -13.6969995498657
-648 0 0 -3.77273011207581 -13.6912002563477
-647 0 0 -3.76627993583679 -13.6852998733521
-646 0 0 -3.75982999801636 -13.6794004440308
-645 0 0 -3.75338006019592 -13.6735000610352
-644 0 0 -3.74692010879517 -13.6675996780396
-643 0 0 -3.74046993255615 -13.661600112915
-642 0 0 -3.7340099811554 -13.6555995941162
-641 0 0 -3.72755002975464 -13.6496000289917
-640 0 0 -3.72108006477356 -13.6436004638672
-639 0 0 -3.7146201133728 -13.6374998092651
-638 0 0 -3.70814990997314 -13.6314001083374
-637 0 0 -3.70167994499207 -13.6253004074097
-636 0 0 -3.69520998001099 -13.6191997528076
-635 0 0 -3.68874001502991 -13.6131000518799
-634 0 0 -3.68226003646851 -13.6069002151489
-633 0 0 -3.67579007148743 -13.600700378418
-632 0 0 -3.66931009292603 -13.5944995880127
-631 0 0 -3.6628201007843 -13.5881996154785
-630 0 0 -3.65633988380432 -13.5819997787476
-629 0 0 -3.64985990524292 -13.5756998062134
-628 0 0 -3.6433699131012 -13.5693998336792
-627 0 0 -3.63687992095947 -13.5629997253418
-626 0 0 -3.63038992881775 -13.5566997528076
-625 0 0 -3.6238899230957 -13.5502996444702
-624 0 0 -3.61739993095398 -13.5438995361328
-623 0 0 -3.61089992523193 -13.5374002456665
-622 0 0 -3.60439991950989 -13.5310001373291
-621 0 0 -3.59788990020752 -13.5244998931885
-620 0 0 -3.59138989448547 -13.5179996490479
-619 0 0 -3.58488011360168 -13.5114002227783
-618 0 0 -3.57837009429932 -13.5048999786377
-617 0 0 -3.57186007499695 -13.4982995986938
-616 0 0 -3.56535005569458 -13.4917001724243
-615 0 0 -3.55883002281189 -13.4849996566772
-614 0 0 -3.5523099899292 -13.4783000946045
-613 0 0 -3.54578995704651 -13.4715995788574
-612 0 0 -3.53926992416382 -13.4649000167847
-611 0 0 -3.53274989128113 -13.4582004547119
-610 0 0 -3.52622008323669 -13.4513998031616
-609 0 0 -3.51969003677368 -13.4446001052856
-608 0 0 -3.51315999031067 -13.4378004074097
-607 0 0 -3.50662994384766 -13.4308996200562
-606 0 0 -3.50008988380432 -13.423999786377
-605 0 0 -3.49355006217957 -13.4170999526978
-604 0 0 -3.48701000213623 -13.4102001190186
-603 0 0 -3.4804699420929 -13.4032001495361
-602 0 0 -3.47392988204956 -13.3962001800537
-601 0 0 -3.46738004684448 -13.3892002105713
-600 35 4 -3.46082997322083 -13.3821001052856
-599 0 0 -3.45427989959717 -13.375
-598 0 0 -3.44773006439209 -13.3678998947144
-597 0 0 -3.44116997718811 -13.3607997894287
-596 0 0 -3.43460988998413 -13.3535995483398
-595 0 0 -3.42805004119873 -13.3464002609253
-594 0 0 -3.42148995399475 -13.3390998840332
-593 0 0 -3.41492009162903 -13.3318996429443
-592 0 0 -3.40834999084473 -13.3246002197266
-591 0 0 -3.40177989006042 -13.3172998428345
-590 0 0 -3.3952100276947 -13.3099002838135
-589 0 0 -3.3886399269104 -13.3024997711182
-588 0 0 -3.38206005096436 -13.2951002120972
-587 0 0 -3.37547993659973 -13.2876996994019
-586 0 0 -3.36890006065369 -13.2802000045776
-585 0 0 -3.36230993270874 -13.2727003097534
-584 0 0 -3.35572004318237 -13.2650995254517
-583 0 0 -3.34912991523743 -13.2574996948242
-582 0 0 -3.34254002571106 -13.2498998641968
-581 0 0 -3.33594989776611 -13.2423000335693
-580 0 0 -3.32934999465942 -13.2346000671387
-579 0 0 -3.32275009155273 -13.226900100708
-578 0 0 -3.31614995002747 -13.2192001342773
-577 0 0 -3.30954003334045 -13.2114000320435
-576 0 0 -3.30293989181519 -13.2035999298096
-575 0 0 -3.29632997512817 -13.1957998275757
-574 0 0 -3.28972005844116 -13.1878995895386
-573 0 0 -3.28309988975525 -13.1800003051758
-572 0 0 -3.27647995948792 -13.1721000671387
-571 0 0 -3.26986002922058 -13.1640996932983
-570 0 0 -3.26324009895325 -13.1561002731323
-569 0 0 -3.25661993026733 -13.1479997634888
-568 0 0 -3.24998998641968 -13.1399002075195
-567 0 0 -3.24336004257202 -13.131799697876
-566 0 0 -3.23673009872437 -13.1237001419067
-565 0 0 -3.23008990287781 -13.1155004501343
-564 0 0 -3.22344994544983 -13.1072998046875
-563 0 0 -3.21680998802185 -13.0989999771118
-562 0 0 -3.21017003059387 -13.0907001495361
-561 0 0 -3.20352005958557 -13.0824003219604
-560 0 0 -3.19688010215759 -13.0740003585815
-559 0 0 -3.19022011756897 -13.0656003952026
-558 0 0 -3.18356990814209 -13.0572004318237
-557 0 0 -3.17690992355347 -13.0487003326416
-556 0 0 -3.17024993896484 -13.0401000976563
-555 0 0 -3.16358995437622 -13.0315999984741
-554 0 0 -3.1569299697876 -13.0229997634888
-553 0 0 -3.15025997161865 -13.0143995285034
-552 0 0 -3.14358997344971 -13.0057001113892
-551 0 0 -3.13691997528076 -12.9969997406006
-550 34 4 -3.13023996353149 -12.9882001876831
-549 0 0 -3.12355995178223 -12.9793996810913
-548 0 0 -3.11687994003296 -12.9706001281738
-547 0 0 -3.11019992828369 -12.9617004394531
-546 0 0 -3.1035099029541 -12.9527997970581
-545 0 0 -3.09682011604309 -12.9437999725342
-544 0 0 -3.09012007713318 -12.9348001480103
-543 0 0 -3.08343005180359 -12.9258003234863
-542 0 0 -3.07673001289368 -12.9167003631592
-541 0 0 -3.07002997398376 -12.907600402832
-540 0 0 -3.06331992149353 -12.8984003067017
-539 0 0 -3.05661988258362 -12.8892002105713
-538 0 0 -3.04990005493164 -12.8798999786377
-537 0 0 -3.04319000244141 -12.8705997467041
-536 0 0 -3.03646993637085 -12.8613004684448
-535 0 0 -3.02975010871887 -12.851900100708
-534 0 0 -3.02303004264832 -12.8424997329712
-533 0 0 -3.01630997657776 -12.8330001831055
-532 0 0 -3.00957989692688 -12.8234996795654
-531 0 0 -3.00285005569458 -12.8138999938965
-530 0 0 -2.99610996246338 -12.8043003082275
-529 0 0 -2.98937010765076 -12.7946996688843
-528 0 0 -2.98263001441956 -12.7849998474121
-527 0 0 -2.97588992118835 -12.7751998901367
-526 0 0 -2.96914005279541 -12.7653999328613
-525 0 0 -2.96238994598389 -12.7555999755859
-524 0 0 -2.95564007759094 -12.7456998825073
-523 0 0 -2.9488799571991 -12.7356996536255
-522 0 0 -2.94212007522583 -12.7257995605469
-521 0 0 -2.93535995483398 -12.7157001495361
-520 0 0 -2.9285900592804 -12.7055997848511
-519 0 0 -2.92181992530823 -12.6955003738403
-518 0 0 -2.91505002975464 -12.6852998733521
-517 0 0 -2.90826988220215 -12.6751003265381
-516 0 0 -2.90148997306824 -12.6647996902466
-515 0 0 -2.89471006393433 -12.6545000076294
-514 0 0 -2.88791990280151 -12.644100189209
-513 0 0 -2.8811399936676 -12.6336002349854
-512 0 0 -2.87434005737305 -12.6231002807617
-511 0 0 -2.86754989624023 -12.6126003265381
-510 0 0 -2.86074995994568 -12.6020002365112
-509 0 0 -2.8539400100708 -12.5914001464844
-508 0 0 -2.84714007377625 -12.5806999206543
-507 0 0 -2.84032988548279 -12.569899559021
-506 0 0 -2.83350992202759 -12.559100151062
-505 0 0 -2.82669997215271 -12.5481996536255
-504 0 0 -2.81988000869751 -12.5373001098633
-503 0 0 -2.81305003166199 -12.5263004302979
-502 0 0 -2.80623006820679 -12.5152997970581
-501 0 0 -2.79940009117126 -12.5041999816895
-500 33 4 -2.79256010055542 -12.4931001663208
-499 0 0 -2.78572010993958 -12.4819002151489
-498 0 0 -2.77887988090515 -12.4706001281738
-497 0 0 -2.77203989028931 -12.4593000411987
-496 0 0 -2.76518988609314 -12.4478998184204
-495 0 0 -2.75833010673523 -12.4364995956421
-494 0 0 -2.75148010253906 -12.4250001907349
-493 0 0 -2.74462008476257 -12.4133996963501
-492 0 0 -2.73775005340576 -12.4018001556396
-491 0 0 -2.73089003562927 -12.3900995254517
-490 0 0 -2.72402000427246 -12.378399848938
-489 0 0 -2.71713995933533 -12.3666000366211
-488 0 0 -2.71025991439819 -12.354700088501
-487 0 0 -2.70338010787964 -12.3428001403809
-486 0 0 -2.69649004936218 -12.3308000564575
-485 0 0 -2.68959999084473 -12.3187999725342
-484 0 0 -2.68270993232727 -12.3065996170044
-483 0 0 -2.67581009864807 -12.2945003509521
-482 0 0 -2.66891002655029 -12.2821998596191
-481 0 0 -2.66199994087219 -12.2699003219604
-480 0 0 -2.65509009361267 -12.2574996948242
-479 0 0 -2.64816999435425 -12.2451000213623
-478 0 0 -2.64125990867615 -12.2326002120972
-477 0 0 -2.63433003425598 -12.2200002670288
-476 0 0 -2.62740993499756 -12.2073001861572
-475 0 0 -2.62047004699707 -12.1946001052856
-474 0 0 -2.61353993415833 -12.1817998886108
-473 0 0 -2.60660004615784 -12.168999671936
-472 0 0 -2.59965991973877 -12.1560001373291
-471 0 0 -2.59271001815796 -12.1429996490479
-470 0 0 -2.58576011657715 -12.1300001144409
-469 0 0 -2.57879996299744 -12.1168003082275
-468 0 0 -2.5718400478363 -12.1035995483398
-467 0 0 -2.56487989425659 -12.0902996063232
-466 0 0 -2.55790996551514 -12.0768995285034
-465 0 0 -2.55093002319336 -12.0635004043579
-464 0 0 -2.54395008087158 -12.0500001907349
-463 0 0 -2.53696990013123 -12.0363998413086
-462 0 0 -2.52997994422913 -12.0227003097534
-461 0 0 -2.52298998832703 -12.0089998245239
-460 0 0 -2.51600003242493 -11.9952001571655
-459 0 0 -2.5090000629425 -11.9812002182007
-458 0 0 -2.50199007987976 -11.9673004150391
-457 0 0 -2.49498009681702 -11.953200340271
-456 0 0 -2.48797011375427 -11.9391002655029
-455 0 0 -2.48095011711121 -11.9247999191284
-454 0 0 -2.47392010688782 -11.9104995727539
-453 0 0 -2.46689009666443 -11.8961000442505
-452 0 0 -2.45986008644104 -11.8816995620728
-451 0 0 -2.45282006263733 -11.8670997619629
-450 32 4 -2.44578003883362 -11.852499961853
-449 0 0 -2.43873000144958 -11.8376998901367
-448 0 0 -2.43167996406555 -11.8228998184204
-447 0 0 -2.4246199131012 -11.8079996109009
-446 0 0 -2.41756010055542 -11.7930002212524
-445 0 0 -2.41049003601074 -11.7778997421265
-444 0 0 -2.40341997146606 -11.7628002166748
-443 0 0 -2.39633989334106 -11.7475004196167
-442 0 0 -2.38925004005432 -11.7321996688843
-441 0 0 -2.38216996192932 -11.7166996002197
-440 0 0 -2.37507009506226 -11.7011995315552
-439 0 0 -2.36796998977661 -11.6856002807617
-438 0 0 -2.36086988449097 -11.6697998046875
-437 0 0 -2.35376000404358 -11.6540002822876
-436 0 0 -2.34664988517761 -11.6380996704102
-435 0 0 -2.3395299911499 -11.6220998764038
-434 0 0 -2.33240008354187 -11.6059999465942
-433 0 0 -2.32526993751526 -11.5897998809814
-432 0 0 -2.3181300163269 -11.5734996795654
-431 0 0 -2.31099009513855 -11.5571002960205
-430 0 0 -2.30383992195129 -11.540599822998
-429 0 0 -2.29668998718262 -11.5240001678467
-428 0 0 -2.28953003883362 -11.5073003768921
-427 0 0 -2.28237009048462 -11.4905004501343
-426 0 0 -2.27519989013672 -11.4736003875732
-425 0 0 -2.26801991462708 -11.4565000534058
-424 0 0 -2.26083993911743 -11.4393997192383
-423 0 0 -2.25364995002747 -11.4222002029419
-422 0 0 -2.2464599609375 -11.4048004150391
-421 0 0 -2.23925995826721 -11.3873996734619
-420 0 0 -2.2320499420166 -11.3697996139526
-419 0 0 -2.22483992576599 -11.3521003723145
-418 0 0 -2.21762990951538 -11.3343000411987
-417 0 0 -2.21040010452271 -11.3163995742798
-416 0 0 -2.20317006111145 -11.2983999252319
-415 0 0 -2.1959400177002 -11.2803001403809
-414 0 0 -2.1886899471283 -11.2621002197266
-413 0 0 -2.18144989013672 -11.2437000274658
-412 0 0 -2.17419004440308 -11.2251996994019
-411 0 0 -2.16692996025085 -11.206600189209
-410 0 0 -2.15966010093689 -11.1878995895386
-409 0 0 -2.15239000320435 -11.168999671936
-408 0 0 -2.14510989189148 -11.1500997543335
-407 0 0 -2.13782000541687 -11.1309995651245
-406 0 0 -2.13053011894226 -11.1118001937866
-405 0 0 -2.12322998046875 -11.092399597168
-404 0 0 -2.1159200668335 -11.0728998184204
-403 0 0 -2.10859990119934 -11.0532999038696
-402 0 0 -2.10127997398376 -11.0335998535156
-401 0 0 -2.09396004676819 -11.0136995315552
-400 31 4 -2.08662009239197 -10.993800163269
-399 0 0 -2.07927989959717 -10.9736003875732
-398 0 0 -2.07192993164063 -10.9533996582031
-397 0 0 -2.06456995010376 -10.9329996109009
-396 0 0 -2.05720996856689 -10.9124002456665
-395 0 0 -2.04983997344971 -10.8917999267578
-394 0 0 -2.0424599647522 -10.8709001541138
-393 0 0 -2.03507995605469 -10.8500003814697
-392 0 0 -2.02768993377686 -10.8289003372192
-391 0 0 -2.0202898979187 -10.8076000213623
-390 0 0 -2.0128800868988 -10.7862997055054
-389 0 0 -2.00547003746033 -10.7646999359131
-388 0 0 -1.99803996086121 -10.7430000305176
-387 0 0 -1.99061000347137 -10.7211999893188
-386 0 0 -1.98318004608154 -10.6991996765137
-385 0 0 -1.97572994232178 -10.6771001815796
-384 0 0 -1.9682799577713 -10.6548004150391
-383 0 0 -1.9608199596405 -10.6323003768921
-382 0 0 -1.95334994792938 -10.6097002029419
-381 0 0 -1.94587004184723 -10.5869998931885
-380 0 0 -1.93838000297546 -10.5641002655029
-379 0 0 -1.9308899641037 -10.5410003662109
-378 0 0 -1.9233900308609 -10.5177001953125
-377 0 0 -1.91587996482849 -10.4942998886108
-376 0 0 -1.90836000442505 -10.4708003997803
-375 0 0 -1.90083003044128 -10.4469995498657
-374 0 0 -1.89330005645752 -10.4231004714966
-373 0 0 -1.88575005531311 -10.3990001678467
-372 0 0 -1.8782000541687 -10.3747997283936
-371 0 0 -1.87064003944397 -10.3503999710083
-370 0 0 -1.86307001113892 -10.3257999420166
-369 0 0 -1.85548996925354 -10.3009996414185
-368 0 0 -1.84791004657745 -10.2760000228882
-367 0 0 -1.84030997753143 -10.2509002685547
-366 0 0 -1.83270001411438 -10.2256002426147
-365 0 0 -1.82509005069733 -10.2000999450684
-364 0 0 -1.81745994091034 -10.1744003295898
-363 0 0 -1.80982995033264 -10.1485004425049
-362 0 0 -1.80218994617462 -10.1225004196167
-361 0 0 -1.79454004764557 -10.0961999893188
-360 0 0 -1.7868800163269 -10.0698003768921
-359 0 0 -1.77920997142792 -10.0431003570557
-358 0 0 -1.7715300321579 -10.016300201416
-357 0 0 -1.76383996009827 -9.98923969268799
-356 0 0 -1.7561399936676 -9.96201038360596
-355 0 0 -1.74843001365662 -9.9345703125
-354 0 0 -1.74071002006531 -9.9069299697876
-353 0 0 -1.73298001289368 -9.87909030914307
-352 0 0 -1.72523999214172 -9.85103988647461
-351 0 0 -1.71748995780945 -9.82277965545654
-350 30 4 -1.70973002910614 -9.79430961608887
-349 0 0 -1.70195996761322 -9.76562976837158
-348 0 0 -1.69418001174927 -9.73672962188721
-347 0 0 -1.68639004230499 -9.70761013031006
-346 0 0 -1.6785900592804 -9.67827987670898
-345 0 0 -1.67077994346619 -9.64873027801514
-344 0 0 -1.66296005249023 -9.61894989013672
-343 0 0 -1.65513002872467 -9.58895015716553
-342 0 0 -1.64727997779846 -9.55873012542725
-341 0 0 -1.63943004608154 -9.52826976776123
-340 0 0 -1.63156998157501 -9.49759006500244
-339 0 0 -1.62369000911713 -9.46667003631592
-338 0 0 -1.61580002307892 -9.43552017211914
-337 0 0 -1.60791003704071 -9.40412998199463
-336 0 0 -1.60000002384186 -9.37250995635986
-335 0 0 -1.59207999706268 -9.3406400680542
-334 0 0 -1.58414995670319 -9.3085298538208
-333 0 0 -1.57620000839233 -9.27618026733398
-332 0 0 -1.56824994087219 -9.24359035491943
-331 0 0 -1.5602799654007 -9.2107400894165
-330 0 0 -1.5523099899292 -9.17763996124268
-329 0 0 -1.54431998729706 -9.14430046081543
-328 0 0 -1.53631997108459 -9.11069011688232
-327 0 0 -1.52830994129181 -9.0768404006958
-326 0 0 -1.52028000354767 -9.04271984100342
-325 0 0 -1.51224994659424 -9.00833988189697
-324 0 0 -1.50419998168945 -8.97369956970215
-323 0 0 -1.49614000320435 -8.93879985809326
-322 0 0 -1.48807001113892 -8.903639793396
-321 0 0 -1.47997999191284 -8.86820030212402
-320 0 0 -1.47188997268677 -8.83248996734619
-319 0 0 -1.46378004550934 -8.7965202331543
-318 0 0 -1.4556599855423 -8.76027011871338
-317 0 0 -1.44753003120422 -8.72373962402344
-316 0 0 -1.43938004970551 -8.68694019317627
-315 0 0 -1.43122005462646 -8.64986038208008
-314 0 0 -1.4230500459671 -8.61250019073486
-313 0 0 -1.41487002372742 -8.57485008239746
-312 0 0 -1.40667998790741 -8.53693008422852
-311 0 0 -1.39847004413605 -8.4987096786499
-310 0 0 -1.39024996757507 -8.46020984649658
-309 0 0 -1.38201999664307 -8.42142009735107
-308 0 0 -1.37376999855042 -8.38234043121338
-307 0 0 -1.36550998687744 -8.34296989440918
-306 0 0 -1.35723996162415 -8.30329990386963
-305 0 0 -1.34896004199982 -8.26333999633789
-304 0 0 -1.34065997600555 -8.22307968139648
-303 0 0 -1.33235001564026 -8.18251991271973
-302 0 0 -1.32403004169464 -8.14167022705078
-301 0 0 -1.3157000541687 -8.10050964355469
-300 29 4 -1.30735003948212 -8.05904960632324
-299 0 0 -1.29899001121521 -8.01729011535645
-298 0 0 -1.29061996936798 -7.97522020339966
-297 0 0 -1.2822300195694 -7.9328498840332
-296 0 0 -1.27383005619049 -7.89017009735107
-295 0 0 -1.26541996002197 -7.84718990325928
-294 0 0 -1.2569899559021 -7.80389022827148
-293 0 0 -1.24855995178223 -7.76029014587402
-292 0 0 -1.240110039711 -7.71638011932373
-291 0 0 -1.23163998126984 -7.67216014862061
-290 0 0 -1.22317004203796 -7.62763023376465
-289 0 0 -1.21467995643616 -7.58277988433838
-288 0 0 -1.20617997646332 -7.53763008117676
-287 0 0 -1.19766998291016 -7.49215984344482
-286 0 0 -1.18913996219635 -7.44638013839722
-285 0 0 -1.18060004711151 -7.40029001235962
-284 0 0 -1.17204999923706 -7.35388994216919
-283 0 0 -1.16348004341125 -7.30716991424561
-282 0 0 -1.15490996837616 -7.26013994216919
-281 0 0 -1.14631998538971 -7.21280002593994
-280 0 0 -1.13771998882294 -7.16514015197754
-279 0 0 -1.12910997867584 -7.11717987060547
-278 0 0 -1.1204799413681 -7.0689001083374
-277 0 0 -1.11184000968933 -7.02031993865967
-276 0 0 -1.10318994522095 -6.97141981124878
-275 0 0 -1.09452998638153 -6.92222023010254
-274 0 0 -1.08586001396179 -6.87271022796631
-273 0 0 -1.07717001438141 -6.82288980484009
-272 0 0 -1.06848001480103 -6.77275991439819
-271 0 0 -1.05976998806 -6.72233009338379
-270 0 0 -1.05104994773865 -6.67159986495972
-269 0 0 -1.04232001304626 -6.62057018280029
-268 0 0 -1.03357994556427 -6.5692400932312
-267 0 0 -1.02481997013092 -6.51760005950928
-266 0 0 -1.01605999469757 -6.46568012237549
-265 0 0 -1.0072900056839 -6.41344976425171
-264 0 0 -0.998498976230621 -6.36093997955322
-263 0 0 -0.989702999591827 -6.30812978744507
-262 0 0 -0.98089599609375 -6.25504016876221
-261 0 0 -0.972078025341034 -6.20166015625
-260 0 0 -0.963250994682312 -6.14799976348877
-259 0 0 -0.954412996768951 -6.09404993057251
-258 0 0 -0.945564985275269 -6.03983020782471
-257 0 0 -0.936707019805908 -5.98533010482788
-256 0 0 -0.927839994430542 -5.93056011199951
-255 0 0 -0.918963015079498 -5.8755202293396
-254 0 0 -0.910076022148132 -5.82021999359131
-253 0 0 -0.901180028915405 -5.76464986801147
-252 0 0 -0.892274975776672 -5.70881986618042
-251 0 0 -0.883360981941223 -5.65272998809814
-250 28 4 -0.874437987804413 -5.59638977050781
-249 0 0 -0.865505993366241 -5.53980016708374
-248 0 0 -0.85656601190567 -5.48297023773193
-247 0 0 -0.847616970539093 -5.42588996887207
-246 0 0 -0.838660001754761 -5.36856985092163
-245 0 0 -0.829694986343384 -5.31101989746094
-244 0 0 -0.820721983909607 -5.25323009490967
-243 0 0 -0.811739981174469 -5.19521999359131
-242 0 0 -0.802751004695892 -5.1369800567627
-241 0 0 -0.793753981590271 -5.07852983474731
-240 0 0 -0.784749984741211 -5.019859790802
-239 0 0 -0.775739014148712 -4.96096992492676
-238 0 0 -0.766719996929169 -4.90187978744507
-237 0 0 -0.757694005966187 -4.84258985519409
-236 0 0 -0.748660981655121 -4.78310012817383
-235 0 0 -0.739620983600616 -4.72341012954712
-234 0 0 -0.730574011802673 -4.66353988647461
-233 0 0 -0.721521019935608 -4.60346984863281
-232 0 0 -0.712460994720459 -4.5432300567627
-231 0 0 -0.703393995761871 -4.48281002044678
-230 0 0 -0.694321990013123 -4.42221021652222
-229 0 0 -0.685243010520935 -4.3614501953125
-228 0 0 -0.676158010959625 -4.3005199432373
-227 0 0 -0.667066991329193 -4.23942995071411
-226 0 0 -0.657968997955322 -4.17818021774292
-225 0 0 -0.648867011070251 -4.11677980422974
-224 0 0 -0.639757990837097 -4.05524015426636
-223 0 0 -0.630643010139465 -3.99355006217957
-222 0 0 -0.621523022651672 -3.93172001838684
-221 0 0 -0.612398028373718 -3.86976003646851
-220 0 0 -0.603267014026642 -3.80767011642456
-219 0 0 -0.594129979610443 -3.74545001983643
-218 0 0 -0.584987998008728 -3.683109998703
-217 0 0 -0.575841009616852 -3.62064003944397
-216 0 0 -0.566688001155853 -3.55806994438171
-215 0 0 -0.557530999183655 -3.49537992477417
-214 0 0 -0.548367977142334 -3.43259000778198
-213 0 0 -0.539200007915497 -3.36968994140625
-212 0 0 -0.530026972293854 -3.3066999912262
-211 0 0 -0.520847976207733 -3.24360990524292
-210 0 0 -0.511664986610413 -3.180419921875
-209 0 0 -0.502476990222931 -3.11715006828308
-208 0 0 -0.493283003568649 -3.05380010604858
-207 0 0 -0.484084993600845 -2.99036002159119
-206 0 0 -0.474882006645203 -2.92684006690979
-205 0 0 -0.465674012899399 -2.86326003074646
-204 0 0 -0.456461012363434 -2.79959011077881
-203 0 0 -0.447243005037308 -2.73586988449097
-202 0 0 -0.438019990921021 -2.67207002639771
-201 0 0 -0.428791999816895 -2.60822010040283
-200 27 4 -0.419559001922607 -2.5443000793457
-199 0 0 -0.410320997238159 -2.48034000396729
-198 0 0 -0.40107798576355 -2.41631007194519
-197 0 0 -0.391829997301102 -2.35224008560181
-196 0 0 -0.382577985525131 -2.28812003135681
-195 0 0 -0.373320013284683 -2.22394990921021
-194 0 0 -0.364057987928391 -2.15974998474121
-193 0 0 -0.35479000210762 -2.09549999237061
-192 0 0 -0.345517009496689 -2.03120994567871
-191 0 0 -0.336239993572235 -1.96688997745514
-190 0 0 -0.326956987380981 -1.9025399684906
-189 0 0 -0.317669004201889 -1.83816003799438
-188 0 0 -0.308376997709274 -1.77374994754791
-187 0 0 -0.29907900094986 -1.70931005477905
-186 0 0 -0.289775997400284 -1.64484000205994
-185 0 0 -0.280467987060547 -1.58036005496979
-184 0 0 -0.271154999732971 -1.51584994792938
-183 0 0 -0.261835992336273 -1.45132994651794
-182 0 0 -0.252512991428375 -1.38678002357483
-181 0 0 -0.243184000253677 -1.3222199678421
-180 0 0 -0.233850002288818 -1.25765001773834
-179 0 0 -0.224510997533798 -1.19307005405426
-178 0 0 -0.215167000889778 -1.12846994400024
-177 0 0 -0.205816999077797 -1.06386005878448
-176 0 0 -0.196463003754616 -0.999247014522552
-175 0 0 -0.187103003263474 -0.934625029563904
-174 0 0 -0.17773799598217 -0.869996011257172
-173 0 0 -0.168366998434067 -0.805361986160278
-172 0 0 -0.158992007374763 -0.740724980831146
-171 0 0 -0.149610996246338 -0.676083981990814
-170 0 0 -0.140224993228912 -0.611442029476166
-169 0 0 -0.130833998322487 -0.54679799079895
-168 0 0 -0.1214379966259 -0.482154011726379
-167 0 0 -0.112037003040314 -0.417510986328125
-166 0 0 -0.102629996836185 -0.352867990732193
-165 0 0 -0.0932184979319572 -0.288228005170822
-164 0 0 -0.0838019028306007 -0.22359099984169
-163 0 0 -0.0743801966309547 -0.158956006169319
-162 0 0 -0.0649536028504372 -0.0943254008889198
-161 0 0 -0.0555220991373062 -0.0296989008784294
-160 0 0 -0.0460857003927231 0.0349229015409946
-159 0 0 -0.0366444997489452 0.0995396003127098
-158 0 0 -0.027198500931263 0.16415099799633
-157 0 0 -0.017747899517417 0.228755995631218
-156 0 0 -0.00829263962805271 0.293356001377106
-155 0 0 0.00116714998148382 0.357948988676071
-154 0 0 0.0106314001604915 0.422535002231598
-153 0 0 0.0200999993830919 0.487114995718002
-152 0 0 0.0295727998018265 0.551688015460968
-151 0 0 0.0390499010682106 0.616253972053528
-150 26 4 0.0485308989882469 0.680812001228333
-149 0 0 0.0580159015953541 0.745364010334015
-148 0 0 0.0675046965479851 0.809907972812653
-147 0 0 0.076997198164463 0.874445974826813
-146 0 0 0.0864932015538216 0.938975989818573
-145 0 0 0.0959926024079323 1.00349998474121
-144 0 0 0.105494998395443 1.06800997257233
-143 0 0 0.115001000463963 1.13251996040344
-142 0 0 0.124509997665882 1.19702994823456
-141 0 0 0.134020999073982 1.26152002811432
-140 0 0 0.143535003066063 1.32600998878479
-139 0 0 0.153051003813744 1.39049005508423
-138 0 0 0.162569999694824 1.45497000217438
-137 0 0 0.172089993953705 1.51944005489349
-136 0 0 0.181611999869347 1.583899974823
-135 0 0 0.191136002540588 1.64836001396179
-134 0 0 0.20066100358963 1.71282005310059
-133 0 0 0.210187003016472 1.77726995944977
-132 0 0 0.219713002443314 1.84170997142792
-131 0 0 0.229240000247955 1.90614998340607
-130 0 0 0.238767996430397 1.97058999538422
-129 0 0 0.248294994235039 2.03502011299133
-128 0 0 0.257822006940842 2.09945011138916
-127 0 0 0.267347991466522 2.16387009620667
-126 0 0 0.276872992515564 2.22829008102417
-125 0 0 0.286397010087967 2.29271006584167
-124 0 0 0.295920014381409 2.35713005065918
-123 0 0 0.305440008640289 2.42155003547668
-122 0 0 0.311944991350174 2.46556997299194
-121 0 0 0.31844899058342 2.5095899105072
-120 0 0 0.324952006340027 2.55361008644104
-119 0 0 0.331452995538712 2.5976300239563
-118 0 0 0.337953001260757 2.64164996147156
-117 0 0 0.344451010227203 2.68566989898682
-116 0 0 0.350946992635727 2.72969007492065
-115 0 0 0.357441008090973 2.77371001243591
-114 0 0 0.363932996988297 2.81772994995117
-113 0 0 0.37042298913002 2.86174988746643
-112 0 0 0.376910001039505 2.90577006340027
-111 0 0 0.383394986391068 2.94979000091553
-110 0 0 0.389876991510391 2.99380993843079
-109 0 0 0.396355986595154 3.03783011436462
-108 0 0 0.402833014726639 3.08185005187988
-107 0 0 0.409305989742279 3.12586998939514
-106 0 0 0.415776014328003 3.1698899269104
-105 0 0 0.422242999076843 3.21392011642456
-104 0 0 0.428705990314484 3.25794005393982
-103 0 0 0.435164988040924 3.30195999145508
-102 0 0 0.441621005535126 3.34598994255066
-101 0 0 0.448071986436844 3.3900101184845
-100 25 4 0.454519003629684 3.43404006958008
-99 0 0 0.460961997509003 3.47807002067566
-98 0 0 0.467400014400482 3.52209997177124
-97 0 0 0.473832994699478 3.56612992286682
-96 0 0 0.480262011289597 3.61016011238098
-95 0 0 0.486685007810593 3.65419006347656
-94 0 0 0.493102997541428 3.69822001457214
-93 0 0 0.499514997005463 3.74224996566772
-92 0 0 0.505922019481659 3.78628993034363
-91 0 0 0.512323021888733 3.83032989501953
-90 0 0 0.518718004226685 3.87436008453369
-89 0 0 0.525106012821198 3.91840004920959
-88 0 0 0.531488001346588 3.9624400138855
-87 0 0 0.537864029407501 4.00648021697998
-86 0 0 0.54423201084137 4.0505199432373
-85 0 0 0.550593972206116 4.09457015991211
-84 0 0 0.556948006153107 4.13860988616943
-83 0 0 0.563295006752014 4.18266010284424
-82 0 0 0.569634020328522 4.22669982910156
-81 0 0 0.575964987277985 4.27075004577637
-80 0 0 0.582288026809692 4.31479978561401
-79 0 0 0.588603019714355 4.35885000228882
-78 0 0 0.594909012317657 4.40290021896362
-77 0 0 0.601206004619598 4.44694995880127
-76 0 0 0.607493996620178 4.49100017547607
-75 0 0 0.613772988319397 4.53504991531372
-74 0 0 0.620042026042938 4.57911014556885
-73 0 0 0.626302003860474 4.62315988540649
-72 0 0 0.632552027702332 4.6672101020813
-71 0 0 0.638791024684906 4.71126985549927
-70 0 0 0.645020008087158 4.75532007217407
-69 0 0 0.651238977909088 4.79937982559204
-68 0 0 0.657446026802063 4.84343004226685
-67 0 0 0.663643002510071 4.88748979568481
-66 0 0 0.669827997684479 4.93154001235962
-65 0 0 0.676001012325287 4.97559022903442
-64 0 0 0.682163000106812 5.01964998245239
-63 0 0 0.688311994075775 5.0637001991272
-62 0 0 0.694449007511139 5.10774993896484
-61 0 0 0.700573027133942 5.15180015563965
-60 0 0 0.7066850066185 5.19584989547729
-59 0 0 0.712782979011536 5.2399001121521
-58 0 0 0.718868017196655 5.28394985198975
-57 0 0 0.724938988685608 5.32799005508423
-56 0 0 0.730996012687683 5.37202978134155
-55 0 0 0.737039029598236 5.41607999801636
-54 0 0 0.743067979812622 5.46011018753052
-53 0 0 0.749082028865814 5.50414991378784
-52 0 0 0.755080997943878 5.548180103302
-51 0 0 0.761065006256104 5.592209815979
-50 24 4 0.767032980918884 5.63624000549316
-49 0 0 0.772985994815826 5.68027019500732
-48 0 0 0.778922975063324 5.724289894104
-47 0 0 0.784843027591705 5.76830005645752
-46 0 0 0.790746986865997 5.81232023239136
-45 0 0 0.796634018421173 5.85631990432739
-44 0 0 0.802504003047943 5.90033006668091
-43 0 0 0.808355987071991 5.9443302154541
-42 0 0 0.814191997051239 5.98831987380981
-41 0 0 0.820008993148804 6.03231000900269
-40 0 0 0.825807988643646 6.07629013061523
-39 0 0 0.831588983535767 6.12026977539063
-38 0 0 0.837351024150848 6.16423988342285
-37 0 0 0.843093991279602 6.20820999145508
-36 0 0 0.848818004131317 6.25216007232666
-35 0 0 0.854523003101349 6.29612016677856
-34 0 0 0.860207974910736 6.34006023406982
-33 0 0 0.865872979164124 6.38399982452393
-32 0 0 0.871518015861511 6.42791986465454
-31 0 0 0.877142012119293 6.47183990478516
-30 0 0 0.882745981216431 6.51575994491577
-29 0 0 0.888329029083252 6.55965995788574
-28 0 0 0.893890023231506 6.60354995727539
-27 0 0 0.899429976940155 6.64743995666504
-26 0 0 0.904949009418488 6.69130992889404
-25 0 0 0.910444974899292 6.73517990112305
-24 0 0 0.91592001914978 6.77902984619141
-23 0 0 0.921370983123779 6.82287979125977
-22 0 0 0.926801025867462 6.86671018600464
-21 0 0 0.932206988334656 6.91053009033203
-20 0 0 0.937590003013611 6.9543399810791
-19 0 0 0.942950010299683 6.99813985824585
-18 0 0 0.94828599691391 7.04193019866943
-17 0 0 0.953598022460938 7.08570003509521
-16 0 0 0.958886027336121 7.129469871521
-15 0 0 0.964150011539459 7.17321014404297
-14 0 0 0.969389021396637 7.21694993972778
-13 0 0 0.974602997303009 7.26067018508911
-12 0 0 0.979793012142181 7.30437994003296
-11 0 0 0.984956979751587 7.34807014465332
-10 0 0 0.990095973014832 7.3917498588562
-9 0 0 0.993507981300354 7.42085981369019
-8 0 0 0.995775997638702 7.440269947052
-7 0 0 0.997285008430481 7.45319986343384
-6 0 0 0.998290002346039 7.46182012557983
-5 0 0 0.998960018157959 7.46756982803345
-4 0 0 0.999405980110168 7.47139978408813
-3 0 0 0.999702990055084 7.47394990921021
-2 0 0 0.999850988388062 7.47523021697998
1 0 0 1 7.4765100479126
1 0 0 1 7.4765100479126
-2 0 0 1.00014996528625 7.47778987884521
-3 0 0 1.0003000497818 7.47906017303467
-4 0 0 1.00058996677399 7.4816198348999
-5 0 0 1.00103998184204 7.48544979095459
-6 0 0 1.00171005725861 7.49119997024536
-7 0 0 1.00270998477936 7.49981021881104
-8 0 0 1.00420999526978 7.51274013519287
-9 0 0 1.00645005702972 7.53212976455688
-10 0 0 1.00980997085571 7.56121015548706
-11 0 0 1.01481997966766 7.60481023788452
-12 0 0 1.01979994773865 7.6483998298645
-13 0 0 1.02476000785828 7.691969871521
-14 0 0 1.02969002723694 7.73551988601685
-15 0 0 1.03460001945496 7.77905988693237
-16 0 0 1.03946995735168 7.82257986068726
-17 0 0 1.04431998729706 7.86607980728149
-18 0 0 1.04914999008179 7.90956020355225
-19 0 0 1.05394005775452 7.95303010940552
-20 0 0 1.05870997905731 7.99647998809814
-21 0 0 1.06343996524811 8.0398998260498
-22 0 0 1.06815004348755 8.0833101272583
-23 0 0 1.07282996177673 8.12670040130615
-24 0 0 1.07748997211456 8.17006969451904
-25 0 0 1.08211004734039 8.21341991424561
-26 0 0 1.08670997619629 8.25675964355469
-27 0 0 1.09126996994019 8.30006980895996
-28 0 0 1.09581005573273 8.34335994720459
-29 0 0 1.10030996799469 8.38663005828857
-30 0 0 1.1047899723053 8.42988014221191
-31 0 0 1.10924005508423 8.47309970855713
-32 0 0 1.1136599779129 8.51630973815918
-33 0 0 1.1180499792099 8.55949974060059
-34 0 0 1.12241005897522 8.60266017913818
-35 0 0 1.12672996520996 8.6458101272583
-36 0 0 1.13102996349335 8.68892955780029
-37 0 0 1.13530004024506 8.73202991485596
-38 0 0 1.13953995704651 8.7750997543335
-39 0 0 1.14374995231628 8.81816005706787
-40 0 0 1.14792001247406 8.86118984222412
-41 0 0 1.15207004547119 8.90419960021973
-42 0 0 1.15618002414703 8.947190284729
-43 0 0 1.16026997566223 8.99015998840332
-44 0 0 1.16431999206543 9.03310012817383
-45 0 0 1.16834998130798 9.07602024078369
-46 0 0 1.17234003543854 9.11892032623291
-47 0 0 1.17630004882813 9.161789894104
-48 0 0 1.18023002147675 9.20464038848877
-49 0 0 1.1841299533844 9.24746990203857
-50 2 4 1.18799996376038 9.29026985168457
-51 0 0 1.19183003902435 9.33304977416992
-52 0 0 1.1956399679184 9.37580966949463
-53 0 0 1.19940996170044 9.41854000091553
-54 0 0 1.20316004753113 9.46125030517578
-55 0 0 1.20686995983124 9.50393962860107
-56 0 0 1.21054995059967 9.54660034179688
-57 0 0 1.21420001983643 9.58924007415771
-58 0 0 1.21782004833221 9.63185977935791
-59 0 0 1.22140002250671 9.6744499206543
-60 0 0 1.22495996952057 9.71702003479004
-61 0 0 1.22847998142242 9.75957012176514
-62 0 0 1.23196995258331 9.80208969116211
-63 0 0 1.23543000221252 9.84459018707275
-64 0 0 1.23886001110077 9.88706970214844
-65 0 0 1.24225997924805 9.92951965332031
-66 0 0 1.24562001228333 9.97194957733154
-67 0 0 1.24896001815796 10.0143995285034
-68 0 0 1.2522599697113 10.0566997528076
-69 0 0 1.25552999973297 10.099100112915
-70 0 0 1.25876998901367 10.1414003372192
-71 0 0 1.2619800567627 10.1837997436523
-72 0 0 1.26515996456146 10.2260999679565
-73 0 0 1.26830995082855 10.2683000564575
-74 0 0 1.27142000198364 10.3106002807617
-75 0 0 1.27451002597809 10.3528003692627
-76 0 0 1.27755999565125 10.3950004577637
-77 0 0 1.28059005737305 10.4371995925903
-78 0 0 1.28495001792908 10.4989004135132
-79 0 0 1.28925001621246 10.5605001449585
-80 0 0 1.29349005222321 10.6220998764038
-81 0 0 1.29764997959137 10.6836004257202
-82 0 0 1.30175995826721 10.7451000213623
-83 0 0 1.30578994750977 10.8065996170044
-84 0 0 1.30975997447968 10.8680000305176
-85 0 0 1.31367003917694 10.9294004440308
-86 0 0 1.31751000881195 10.9906997680664
-87 0 0 1.32129001617432 11.0520000457764
-88 0 0 1.32500004768372 11.1132001876831
-89 0 0 1.32864999771118 11.1744003295898
-90 0 0 1.332239985466 11.2356004714966
-91 0 0 1.33575999736786 11.2966995239258
-92 0 0 1.33922004699707 11.3577995300293
-93 0 0 1.34261000156403 11.4188003540039
-94 0 0 1.34593999385834 11.4799003601074
-95 0 0 1.34921002388 11.5408000946045
-96 0 0 1.35241997241974 11.6017999649048
-97 0 0 1.35556995868683 11.6626996994019
-98 0 0 1.35865998268127 11.7236003875732
-99 0 0 1.36168003082275 11.7843999862671
-100 3 4 1.3646399974823 11.8451995849609
-101 0 0 1.36755001544952 11.9060001373291
-102 0 0 1.37039005756378 11.9667997360229
-103 0 0 1.37317001819611 12.0275001525879
-104 0 0 1.37590003013611 12.0881996154785
-105 0 0 1.37856996059418 12.1489000320435
-106 0 0 1.38117003440857 12.2095003128052
-107 0 0 1.38372004032135 12.2700996398926
-108 0 0 1.38621997833252 12.3306999206543
-109 0 0 1.38864994049072 12.391300201416
-110 0 0 1.3910299539566 12.4518995285034
-111 0 0 1.39335000514984 12.5123996734619
-112 0 0 1.39560997486115 12.5728998184204
-113 0 0 1.39781999588013 12.6333999633789
-114 0 0 1.3999799489975 12.6939001083374
-115 0 0 1.40208005905151 12.7544002532959
-116 0 0 1.40411996841431 12.8148002624512
-117 0 0 1.40611004829407 12.8753004074097
-118 0 0 1.40804994106293 12.9357004165649
-119 0 0 1.40994000434875 12.9961004257202
-120 0 0 1.41176998615265 13.0565004348755
-121 0 0 1.41355001926422 13.1169004440308
-122 0 0 1.41526997089386 13.177300453186
-123 0 0 1.4169499874115 13.2376003265381
-124 0 0 1.41857004165649 13.2980003356934
-125 0 0 1.4201500415802 13.3584003448486
-126 0 0 1.42166996002197 13.4187002182007
-127 0 0 1.42314994335175 13.479100227356
-128 0 0 1.42456996440887 13.539400100708
-129 0 0 1.425950050354 13.5998001098633
-130 0 0 1.4272700548172 13.6600999832153
-131 0 0 1.42855000495911 13.7204999923706
-132 0 0 1.42978000640869 13.7809000015259
-133 0 0 1.43096995353699 13.8411998748779
-134 0 0 1.43210995197296 13.9015998840332
-135 0 0 1.43320000171661 13.9618997573853
-136 0 0 1.43423998355865 14.0222997665405
-137 0 0 1.4352400302887 14.0826997756958
-138 0 0 1.43620002269745 14.1430997848511
-139 0 0 1.43710994720459 14.2034997940063
-140 0 0 1.43798005580902 14.2638998031616
-141 0 0 1.43879997730255 14.3242998123169
-142 0 0 1.43957996368408 14.3846998214722
-143 0 0 1.44032001495361 14.4451999664307
-144 0 0 1.44100999832153 14.5055999755859
-145 0 0 1.44166994094849 14.5661001205444
-146 0 0 1.44228005409241 14.6266002655029
-147 0 0 1.44284999370575 14.6871004104614
-148 0 0 1.44337999820709 14.7475996017456
-149 0 0 1.44386994838715 14.8081998825073
-150 4 4 1.4443199634552 14.868800163269
-151 0 0 1.44473004341125 14.9293003082275
-152 0 0 1.44509994983673 14.9898996353149
-153 0 0 1.4454300403595 15.0506000518799
-154 0 0 1.44572997093201 15.1112003326416
-155 0 0 1.44598996639252 15.1718997955322
-156 0 0 1.44621002674103 15.2326002120972
-157 0 0 1.44639003276825 15.2932996749878
-158 0 0 1.4465399980545 15.354100227356
-159 0 0 1.44665002822876 15.4148998260498
-160 0 0 1.44673001766205 15.475700378418
-161 0 0 1.44676995277405 15.5364999771118
-162 5 2 1.44677996635437 15.5795001983643
163 0 0 1.44676005840302 15.6403999328613
164 0 0 1.4467099905014 15.7012996673584
165 0 0 1.44663000106812 15.7622995376587
166 0 0 1.44650995731354 15.8233003616333
167 0 0 1.44635999202728 15.8843002319336
168 0 0 1.44617998600006 15.9454002380371
169 0 0 1.44596004486084 16.0065002441406
170 0 0 1.44571995735168 16.0676002502441
171 0 0 1.44544005393982 16.1287994384766
172 0 0 1.44514000415802 16.1900005340576
173 0 0 1.44480001926422 16.25119972229
174 0 0 1.44442999362946 16.3125
175 0 0 1.44403994083405 16.37380027771
176 0 0 1.44360995292664 16.4351997375488
177 0 0 1.44316005706787 16.4965991973877
178 0 0 1.44268000125885 16.5580005645752
179 0 0 1.44217002391815 16.619499206543
180 0 0 1.44164001941681 16.6811008453369
181 0 0 1.44106996059418 16.7425994873047
182 0 0 1.44049000740051 16.8043003082275
183 0 0 1.43986999988556 16.8659000396729
184 0 0 1.43922996520996 16.9276008605957
185 0 0 1.43857002258301 16.9894008636475
186 0 0 1.43788003921509 17.0512008666992
187 0 0 1.4371600151062 17.113000869751
188 0 0 1.43641996383667 17.1749000549316
189 0 0 1.43566000461578 17.2369003295898
190 0 0 1.43487000465393 17.2987995147705
191 0 0 1.43406999111176 17.3609008789063
192 0 0 1.43323004245758 17.4230003356934
193 0 0 1.43237996101379 17.4850997924805
194 0 0 1.43150997161865 17.5473003387451
195 0 0 1.43060994148254 17.6095008850098
196 0 0 1.42969000339508 17.6718006134033
197 0 0 1.42876005172729 17.7341003417969
198 0 0 1.42780005931854 17.7964992523193
199 0 0 1.42682003974915 17.8589992523193
200 6 4 1.4258199930191 17.9214992523193
201 0 0 1.42481005191803 17.9839992523193
202 0 0 1.4237699508667 18.0466003417969
203 0 0 1.42271995544434 18.1091995239258
204 0 0 1.42165005207062 18.1718997955322
205 0 0 1.42056000232697 18.2346992492676
206 0 0 1.41945004463196 18.2975006103516
207 0 0 1.41832995414734 18.3603992462158
208 0 0 1.41718995571136 18.4232997894287
209 0 0 1.41603004932404 18.4862003326416
210 0 0 1.41486001014709 18.5492992401123
211 0 0 1.41366994380951 18.6123008728027
212 0 0 1.41246998310089 18.675500869751
213 0 0 1.41124999523163 18.7387008666992
214 0 0 1.41001999378204 18.8019008636475
215 0 0 1.40876996517181 18.8652000427246
216 0 0 1.40752005577087 18.9286003112793
217 0 0 1.40623998641968 18.992000579834
218 0 0 1.40496003627777 19.0554008483887
219 0 0 1.40366005897522 19.1189002990723
220 0 0 1.40234005451202 19.1825008392334
221 0 0 1.40102005004883 19.2462005615234
222 0 0 1.39969003200531 19.3097991943359
223 0 0 1.39833998680115 19.3736000061035
224 0 0 1.39698004722595 19.4374008178711
225 0 0 1.39560997486115 19.50119972229
226 0 0 1.39423000812531 19.5652008056641
227 0 0 1.39284002780914 19.6291007995605
228 0 0 1.39144003391266 19.6931991577148
229 0 0 1.39003002643585 19.7572002410889
230 0 0 1.38862001895905 19.8213996887207
231 0 0 1.38718998432159 19.8855991363525
232 0 0 1.38575005531311 19.949800491333
233 0 0 1.38431000709534 20.0140991210938
234 0 0 1.38285005092621 20.0785007476807
235 0 0 1.38138997554779 20.1429004669189
236 0 0 1.37993001937866 20.2073993682861
237 0 0 1.37845003604889 20.271900177002
238 0 0 1.37697005271912 20.3365001678467
239 0 0 1.37548005580902 20.4011993408203
240 0 0 1.3739800453186 20.4659004211426
241 0 0 1.37248003482819 20.5305995941162
242 0 0 1.37098002433777 20.5955009460449
243 0 0 1.36945998668671 20.6602993011475
244 0 0 1.36794996261597 20.7252998352051
245 0 0 1.36642003059387 20.7901992797852
246 0 0 1.36488997936249 20.8553009033203
247 0 0 1.36336004734039 20.9204006195068
248 0 0 1.36182999610901 20.9855003356934
249 0 0 1.36029005050659 21.0506992340088
250 7 4 1.35873997211456 21.1159992218018
251 0 0 1.35719001293182 21.1812992095947
252 0 0 1.35564005374908 21.2467002868652
253 0 0 1.35408997535706 21.3120994567871
254 0 0 1.35253000259399 21.3775997161865
255 0 0 1.35097002983093 21.4430999755859
256 0 0 1.34941005706787 21.5086994171143
257 0 0 1.34784996509552 21.5743999481201
258 0 0 1.34627997875214 21.640100479126
259 0 0 1.34472000598907 21.7057991027832
260 0 0 1.34315001964569 21.7716007232666
261 0 0 1.34158003330231 21.8374996185303
262 0 0 1.34001004695892 21.9034004211426
263 0 0 1.33843994140625 21.9694004058838
264 0 0 1.33686995506287 22.035400390625
265 0 0 1.33529996871948 22.1014995574951
266 0 0 1.33371996879578 22.1676006317139
267 0 0 1.33214998245239 22.2338008880615
268 0 0 1.33057999610901 22.3001003265381
269 0 0 1.32901000976563 22.3663997650146
270 0 0 1.32744002342224 22.4326992034912
271 0 0 1.32587003707886 22.4990997314453
272 0 0 1.32430005073547 22.5655994415283
273 0 0 1.32273995876312 22.6320991516113
274 0 0 1.32116997241974 22.698600769043
275 0 0 1.31960999965668 22.7651996612549
276 0 0 1.31805002689362 22.8318996429443
277 0 0 1.31649005413055 22.8985996246338
278 0 0 1.3149299621582 22.9654006958008
279 0 0 1.31338000297546 23.0321998596191
280 0 0 1.3118200302124 23.099100112915
281 0 0 1.3102799654007 23.1660003662109
282 0 0 1.30873000621796 23.2329998016357
283 0 0 1.30718994140625 23.2999992370605
284 0 0 1.30563998222351 23.3670997619629
285 0 0 1.30411005020142 23.4342002868652
286 0 0 1.30256998538971 23.5013999938965
287 0 0 1.30104005336761 23.5685997009277
288 0 0 1.29952001571655 23.6359004974365
289 0 0 1.29799997806549 23.7031993865967
290 0 0 1.29647994041443 23.7705993652344
291 0 0 1.29497003555298 23.8379993438721
292 0 0 1.29346001148224 23.9055004119873
293 0 0 1.2919499874115 23.9731006622314
294 0 0 1.29044997692108 24.040599822998
295 0 0 1.28895998001099 24.1082992553711
296 0 0 1.28746998310089 24.1760005950928
297 0 0 1.2859799861908 24.2437000274658
298 0 0 1.28450000286102 24.3115005493164
299 0 0 1.28303003311157 24.3792991638184
300 8 4 1.28155994415283 24.4472007751465
301 0 0 1.28008997440338 24.5151996612549
302 0 0 1.27864003181458 24.5832004547119
303 0 0 1.27717995643616 24.6511993408203
304 0 0 1.27574002742767 24.7192993164063
305 0 0 1.2742999792099 24.7873992919922
306 0 0 1.27286005020142 24.8556003570557
307 0 0 1.27144002914429 24.923900604248
308 0 0 1.27000999450684 24.9922008514404
309 0 0 1.26859998703003 25.0604991912842
310 0 0 1.26718997955322 25.1289005279541
311 0 0 1.26578998565674 25.1973991394043
312 0 0 1.26438999176025 25.2658996582031
313 0 0 1.26300001144409 25.334400177002
314 0 0 1.26162004470825 25.4029998779297
315 0 0 1.26024997234344 25.4715995788574
316 0 0 1.25888001918793 25.5403003692627
317 0 0 1.25751996040344 25.6091003417969
318 0 0 1.25617003440857 25.6779003143311
319 0 0 1.25481998920441 25.7467002868652
320 0 0 1.25347995758057 25.8155994415283
321 0 0 1.25215005874634 25.8845996856689
322 0 0 1.25083005428314 25.9535999298096
323 0 0 1.24951004981995 26.0226001739502
324 0 0 1.24820005893707 26.0916996002197
325 0 0 1.24689996242523 26.1609001159668
326 0 0 1.245609998703 26.2301006317139
327 0 0 1.24432003498077 26.2992992401123
328 0 0 1.2430499792099 26.3686008453369
329 0 0 1.24178004264832 26.4379997253418
330 0 0 1.24052000045776 26.5074005126953
331 0 0 1.23925995826721 26.5769004821777
332 0 0 1.2380199432373 26.6464004516602
333 0 0 1.23678004741669 26.7159004211426
334 0 0 1.2355500459671 26.7856006622314
335 0 0 1.23433005809784 26.8551998138428
336 0 0 1.23311996459961 26.9249992370605
337 0 0 1.23192000389099 26.9946994781494
338 0 0 1.2307300567627 27.0645008087158
339 0 0 1.22953999042511 27.1343994140625
340 0 0 1.22836005687714 27.2043991088867
341 0 0 1.22720003128052 27.274299621582
342 0 0 1.2260400056839 27.3444004058838
343 0 0 1.2248899936676 27.4144992828369
344 0 0 1.22373998165131 27.4846000671387
345 0 0 1.22260999679565 27.5548000335693
346 0 0 1.22149002552032 27.6250991821289
347 0 0 1.220370054245 27.6954002380371
348 0 0 1.2192599773407 27.7656993865967
349 0 0 1.21817004680634 27.8360996246338
350 9 4 1.21707999706268 27.9066009521484
351 0 0 1.21599996089935 27.9771003723145
352 0 0 1.21493005752563 28.047700881958
353 0 0 1.21387004852295 28.1182994842529
354 0 0 1.21282005310059 28.1889991760254
355 0 0 1.21177005767822 28.2597999572754
356 0 0 1.21073997020721 28.3306007385254
357 0 0 1.20972001552582 28.4013996124268
358 0 0 1.20869994163513 28.4722995758057
359 0 0 1.20770001411438 28.5433006286621
360 0 0 1.20669996738434 28.6142997741699
361 0 0 1.20571005344391 28.6854000091553
362 0 0 1.20474004745483 28.7565002441406
363 0 0 1.20377004146576 28.8276996612549
364 0 0 1.20281004905701 28.8990001678467
365 0 0 1.20185995101929 28.9703006744385
366 0 0 1.20091998577118 29.0415992736816
367 0 0 1.19999003410339 29.1131000518799
368 0 0 1.19906997680664 29.1844997406006
369 0 0 1.1981600522995 29.2560997009277
370 0 0 1.19726002216339 29.3276996612549
371 0 0 1.1963700056076 29.399299621582
372 0 0 1.19549000263214 29.4710998535156
373 0 0 1.19460999965668 29.5428009033203
374 0 0 1.19375002384186 29.6147003173828
375 0 0 1.19289994239807 29.6865997314453
376 0 0 1.1920599937439 29.7584991455078
377 0 0 1.19122004508972 29.8306007385254
378 0 0 1.1904000043869 29.9025993347168
379 0 0 1.18957996368408 29.9748001098633
380 0 0 1.18877995014191 30.0470008850098
381 0 0 1.18798005580902 30.1191997528076
382 0 0 1.1871999502182 30.1916007995605
383 0 0 1.18641996383667 30.2639999389648
384 0 0 1.18566000461578 30.3363990783691
385 0 0 1.1849000453949 30.408899307251
386 0 0 1.18415999412537 30.4815006256104
387 0 0 1.18341994285583 30.5541000366211
388 0 0 1.18269002437592 30.6268005371094
389 0 0 1.18198001384735 30.6996002197266
390 0 0 1.18127000331879 30.7723999023438
391 0 0 1.18057000637054 30.8453006744385
392 0 0 1.17989003658295 30.9183006286621
393 0 0 1.17920994758606 30.9913005828857
394 0 0 1.17853999137878 31.0643997192383
395 0 0 1.17788004875183 31.1375999450684
396 0 0 1.17724001407623 31.2108001708984
397 0 0 1.17659997940063 31.2840995788574
398 0 0 1.17596995830536 31.357400894165
399 0 0 1.17534995079041 31.4307994842529
400 10 4 1.17473995685577 31.5042991638184
401 0 0 1.17414999008179 31.5778999328613
402 0 0 1.1735600233078 31.6515007019043
403 0 0 1.17297995090485 31.7252006530762
404 0 0 1.1724100112915 31.798999786377
405 0 0 1.17184996604919 31.8728008270264
406 0 0 1.1713000535965 31.9466991424561
407 0 0 1.17076003551483 32.0205993652344
408 0 0 1.17023003101349 32.0946998596191
409 0 0 1.16971004009247 32.1688003540039
410 0 0 1.16919994354248 32.2429008483887
411 0 0 1.1686999797821 32.3171997070313
412 0 0 1.16821002960205 32.3914985656738
413 0 0 1.16772997379303 32.4659004211426
414 0 0 1.16726005077362 32.5402984619141
415 0 0 1.16680002212524 32.6148986816406
416 0 0 1.16635000705719 32.6894989013672
417 0 0 1.16591000556946 32.7640991210938
418 0 0 1.16548001766205 32.8389015197754
419 0 0 1.16506004333496 32.9137001037598
420 0 0 1.16464996337891 32.9884986877441
421 0 0 1.16425001621246 33.0634994506836
422 0 0 1.16385996341705 33.138500213623
423 0 0 1.16348004341125 33.2136001586914
424 0 0 1.16311001777649 33.2887992858887
425 0 0 1.16275000572205 33.3641014099121
426 0 0 1.16240000724792 33.4393997192383
427 0 0 1.1620500087738 33.5148010253906
428 0 0 1.16172003746033 33.5901985168457
429 0 0 1.16139996051788 33.6657981872559
430 0 0 1.16109001636505 33.7414016723633
431 0 0 1.16078996658325 33.8171005249023
432 0 0 1.16049003601074 33.8928985595703
433 0 0 1.16021001338959 33.9687004089355
434 0 0 1.15994000434875 34.0446014404297
435 0 0 1.15968000888824 34.1206016540527
436 0 0 1.15942001342773 34.1967010498047
437 0 0 1.15918004512787 34.2728996276855
438 0 0 1.15894997119904 34.3490982055664
439 0 0 1.15872001647949 34.4253997802734
440 0 0 1.1585099697113 34.5018005371094
441 0 0 1.15831005573273 34.5782012939453
442 0 0 1.15811002254486 34.6548004150391
443 0 0 1.15793001651764 34.7313995361328
444 0 0 1.15775001049042 34.8081016540527
445 0 0 1.15759003162384 34.8847999572754
446 0 0 1.15743005275726 34.9617004394531
447 0 0 1.15728998184204 35.0386009216309
448 0 0 1.15715003013611 35.1156005859375
449 0 0 1.15702998638153 35.192699432373
450 11 4 1.15690994262695 35.2699012756348
451 0 0 1.15680003166199 35.3470993041992
452 0 0 1.15671002864838 35.4244003295898
453 0 0 1.15662002563477 35.5018005371094
454 0 0 1.15654003620148 35.5792999267578
455 0 0 1.15647995471954 35.6568984985352
456 0 0 1.1564199924469 35.7345008850098
457 0 0 1.15637004375458 35.8123016357422
458 0 0 1.15632998943329 35.8900985717773
459 0 0 1.15629994869232 35.9679985046387
460 0 0 1.15628004074097 36.0458984375
461 0 0 1.15628004074097 36.1240005493164
462 12 2 1.15627002716064 36.1585998535156
-463 0 0 1.15628004074097 36.2368011474609
-464 0 0 1.15629005432129 36.3151016235352
-465 0 0 1.15631997585297 36.3933982849121
-466 0 0 1.15635001659393 36.4718017578125
-467 0 0 1.15639996528625 36.5503005981445
-468 0 0 1.15645003318787 36.6288986206055
-469 0 0 1.15650999546051 36.7075004577637
-470 0 0 1.15657997131348 36.7863006591797
-471 0 0 1.15666997432709 36.8651008605957
-472 0 0 1.1567599773407 36.9440002441406
-473 0 0 1.15685999393463 37.0229988098145
-474 0 0 1.15697002410889 37.1020011901855
-475 0 0 1.15708994865417 37.1811981201172
-476 0 0 1.15722000598907 37.2603988647461
-477 0 0 1.15735995769501 37.3396987915039
-478 0 0 1.15751004219055 37.4191017150879
-479 0 0 1.15767002105713 37.4986000061035
-480 0 0 1.15782999992371 37.5782012939453
-481 0 0 1.15801000595093 37.657901763916
-482 0 0 1.15820002555847 37.7375984191895
-483 0 0 1.15840005874634 37.8174018859863
-484 0 0 1.15859997272491 37.8973007202148
-485 0 0 1.15882003307343 37.9772987365723
-486 0 0 1.15903997421265 38.0573997497559
-487 0 0 1.15927994251251 38.1375007629395
-488 0 0 1.15952003002167 38.2178001403809
-489 0 0 1.15978002548218 38.2980995178223
-490 0 0 1.16004002094269 38.3785018920898
-491 0 0 1.16031002998352 38.4589996337891
-492 0 0 1.16059005260468 38.5396003723145
-493 0 0 1.16088998317719 38.6202011108398
-494 0 0 1.16119003295898 38.701000213623
-495 0 0 1.16149997711182 38.7817993164063
-496 0 0 1.16182005405426 38.8627014160156
-497 0 0 1.16215002536774 38.9436988830566
-498 0 0 1.16249001026154 39.0247993469238
-499 0 0 1.16282999515533 39.105899810791
-500 13 4 1.16319000720978 39.187198638916
-501 0 0 1.16356003284454 39.2685012817383
-502 0 0 1.16393005847931 39.3498992919922
-503 0 0 1.16431999206543 39.4314002990723
-504 0 0 1.16471004486084 39.5130004882813
-505 0 0 1.1651200056076 39.5946998596191
-506 0 0 1.16552996635437 39.676399230957
-507 0 0 1.16594994068146 39.75830078125
-508 0 0 1.16638994216919 39.8401985168457
-509 0 0 1.16682994365692 39.9221992492676
-510 0 0 1.16727995872498 40.0042991638184
-511 0 0 1.16773998737335 40.0863990783691
-512 0 0 1.16821002960205 40.168701171875
-513 0 0 1.16868996620178 40.2509994506836
-514 0 0 1.1691700220108 40.3334999084473
-515 0 0 1.16966998577118 40.4160003662109
-516 0 0 1.17017996311188 40.4986000061035
-517 0 0 1.17068994045258 40.5811996459961
-518 0 0 1.17121994495392 40.6640014648438
-519 0 0 1.17174994945526 40.7467994689941
-520 0 0 1.17228996753693 40.8297004699707
-521 0 0 1.17285001277924 40.9127998352051
-522 0 0 1.17341005802155 40.9958000183105
-523 0 0 1.17397999763489 41.0789985656738
-524 0 0 1.17455995082855 41.1623001098633
-525 0 0 1.17515003681183 41.2456016540527
-526 0 0 1.17574000358582 41.3289985656738
-527 0 0 1.17634999752045 41.4124984741211
-528 0 0 1.1769700050354 41.4961013793945
-529 0 0 1.17759001255035 41.5797996520996
-530 0 0 1.17823004722595 41.663501739502
-531 0 0 1.17886996269226 41.7473983764648
-532 0 0 1.17952001094818 41.831298828125
-533 0 0 1.18017995357513 41.9152984619141
-534 0 0 1.1808500289917 41.9992980957031
-535 0 0 1.1815299987793 42.0834999084473
-536 0 0 1.18221998214722 42.1677017211914
-537 0 0 1.18291997909546 42.2519989013672
-538 0 0 1.18362998962402 42.3363990783691
-539 0 0 1.18434000015259 42.4208984375
-540 0 0 1.1850700378418 42.505500793457
-541 0 0 1.18579995632172 42.5900993347168
-542 0 0 1.18654000759125 42.6748008728027
-543 0 0 1.18728995323181 42.7597007751465
-544 0 0 1.18805003166199 42.8445014953613
-545 0 0 1.1888200044632 42.929500579834
-546 0 0 1.18959999084473 43.0144996643066
-547 0 0 1.19038999080658 43.0996017456055
-548 0 0 1.19117999076843 43.1847991943359
-549 0 0 1.19199001789093 43.2700996398926
-550 14 4 1.19280004501343 43.3554992675781
-551 0 0 1.19361996650696 43.4408988952637
-552 0 0 1.1944500207901 43.5264015197754
-553 0 0 1.19528996944427 43.6119995117188
-554 0 0 1.19614005088806 43.6977005004883
-555 0 0 1.19700002670288 43.7834014892578
-556 0 0 1.19787001609802 43.8692016601563
-557 0 0 1.19874000549316 43.9551010131836
-558 0 0 1.19962000846863 44.0410995483398
-559 0 0 1.20052003860474 44.1272010803223
-560 0 0 1.20141994953156 44.2132987976074
-561 0 0 1.20232999324799 44.2994995117188
-562 0 0 1.20325005054474 44.385799407959
-563 0 0 1.2041699886322 44.4720993041992
-564 0 0 1.20510995388031 44.5584983825684
-565 0 0 1.20605003833771 44.6450004577637
-566 0 0 1.20701003074646 44.7316017150879
-567 0 0 1.20797002315521 44.8182983398438
-568 0 0 1.20894002914429 44.9049987792969
-569 0 0 1.20992004871368 44.9917984008789
-570 0 0 1.21090996265411 45.0787010192871
-571 0 0 1.21189999580383 45.165599822998
-572 0 0 1.2129100561142 45.2526016235352
-573 0 0 1.21391999721527 45.3396987915039
-574 0 0 1.21493995189667 45.4268989562988
-575 0 0 1.21597003936768 45.5140991210938
-576 0 0 1.21701002120972 45.6013984680176
-577 0 0 1.21806001663208 45.6888008117676
-578 0 0 1.21912002563477 45.7762985229492
-579 0 0 1.22018003463745 45.8638000488281
-580 0 0 1.22125005722046 45.9514007568359
-581 0 0 1.22233998775482 46.0391006469727
-582 0 0 1.22343003749847 46.1268005371094
-583 0 0 1.22451996803284 46.214599609375
-584 0 0 1.22563004493713 46.3025016784668
-585 0 0 1.22675001621246 46.3903999328613
-586 0 0 1.22786998748779 46.478401184082
-587 0 0 1.22899997234344 46.5665016174316
-588 0 0 1.23013997077942 46.654598236084
-589 0 0 1.23128998279572 46.7428016662598
-590 0 0 1.23245000839233 46.8311004638672
-591 0 0 1.23361003398895 46.9194984436035
-592 0 0 1.2347799539566 47.0079002380371
-593 0 0 1.23596000671387 47.0964012145996
-594 0 0 1.23714995384216 47.1848983764648
-595 0 0 1.23835003376007 47.2734985351563
-596 0 0 1.23956000804901 47.3622016906738
-597 0 0 1.24076998233795 47.4509010314941
-598 0 0 1.24199998378754 47.5397987365723
-599 0 0 1.24322998523712 47.6286010742188
-600 15 4 1.24447000026703 47.717601776123
-601 0 0 1.24571001529694 47.8065986633301
-602 0 0 1.24697005748749 47.8955993652344
-603 0 0 1.24822998046875 47.9847984313965
-604 0 0 1.24950003623962 48.0738983154297
-605 0 0 1.25077998638153 48.163200378418
-606 0 0 1.25206995010376 48.252498626709
-607 0 0 1.2533700466156 48.3418998718262
-608 0 0 1.25467002391815 48.4313011169434
-609 0 0 1.25598001480103 48.5208015441895
-610 0 0 1.25730001926422 48.6104011535645
-611 0 0 1.25863003730774 48.7000007629395
-612 0 0 1.25996005535126 48.7896995544434
-613 0 0 1.26130998134613 48.8793983459473
-614 0 0 1.26266002655029 48.9692001342773
-615 0 0 1.26401996612549 49.0591011047363
-616 0 0 1.2653900384903 49.148998260498
-617 0 0 1.26675999164581 49.2389984130859
-618 0 0 1.26814997196198 49.3289985656738
-619 0 0 1.26953995227814 49.4191017150879
-620 0 0 1.27093994617462 49.5092010498047
-621 0 0 1.2723400592804 49.5993995666504
-622 0 0 1.27375996112823 49.6897010803223
-623 0 0 1.27517998218536 49.7799987792969
-624 0 0 1.27661001682281 49.8703994750977
-625 0 0 1.2780499458313 49.9608001708984
-626 0 0 1.27950000762939 50.0513000488281
-627 0 0 1.2809499502182 50.1417999267578
-628 0 0 1.28241002559662 50.2323989868164
-629 0 0 1.28387999534607 50.3231010437012
-630 0 0 1.28535997867584 50.4137001037598
-631 0 0 1.28683996200562 50.5045013427734
-632 0 0 1.28833997249603 50.5952987670898
-633 0 0 1.28983998298645 50.6861991882324
-634 0 0 1.29133999347687 50.777099609375
-635 0 0 1.29286003112793 50.8680000305176
-636 0 0 1.2943799495697 50.9589996337891
-637 0 0 1.29591000080109 51.0500984191895
-638 0 0 1.2974499464035 51.1412010192871
-639 0 0 1.29900002479553 51.2323989868164
-640 0 0 1.30054998397827 51.323600769043
-641 0 0 1.30210995674133 51.4147987365723
-642 0 0 1.30367994308472 51.5061988830566
-643 0 0 1.30525004863739 51.5974998474121
-644 0 0 1.30683994293213 51.6888999938965
-645 0 0 1.30842995643616 51.7803993225098
-646 0 0 1.31002998352051 51.871898651123
-647 0 0 1.31163001060486 51.9634017944336
-648 0 0 1.31324994564056 52.0550003051758
-649 0 0 1.31486999988556 52.1467018127441
-650 16 4 1.31649994850159 52.2383995056152
-651 0 0 1.3181300163269 52.3301010131836
-652 0 0 1.31976997852325 52.4219017028809
-653 0 0 1.32141995429993 52.5136985778809
-654 0 0 1.32307994365692 52.605598449707
-655 0 0 1.32474994659424 52.6974983215332
-656 0 0 1.32641994953156 52.7895011901855
-657 0 0 1.32809996604919 52.8815002441406
-658 0 0 1.32978999614716 52.9735984802246
-659 0 0 1.33148002624512 53.065601348877
-660 0 0 1.33317995071411 53.1577987670898
-661 0 0 1.33489000797272 53.25
-662 0 0 1.33660995960236 53.3422012329102
-663 0 0 1.33833003044128 53.4345016479492
-664 0 0 1.34005999565125 53.526798248291
-665 0 0 1.34179997444153 53.6190986633301
-666 0 0 1.34353995323181 53.711498260498
-667 0 0 1.34529995918274 53.8039016723633
-668 0 0 1.34704995155334 53.8964004516602
-669 0 0 1.34881997108459 53.988899230957
-670 0 0 1.35058999061584 54.0815010070801
-671 0 0 1.35238003730774 54.173999786377
-672 0 0 1.35415995121002 54.2667007446289
-673 0 0 1.35596001148224 54.3592987060547
-674 0 0 1.35775995254517 54.4519996643066
-675 0 0 1.35957002639771 54.5447998046875
-676 0 0 1.36137998104095 54.6375999450684
-677 0 0 1.36320996284485 54.7304000854492
-678 0 0 1.36503994464874 54.8232002258301
-679 0 0 1.36687004566193 54.9160995483398
-680 0 0 1.36872005462646 55.0089988708496
-681 0 0 1.37056994438171 55.1020011901855
-682 0 0 1.37242996692657 55.1949996948242
-683 0 0 1.37428998947144 55.2879981994629
-684 0 0 1.37616002559662 55.3810997009277
-685 0 0 1.37803995609283 55.4742012023926
-686 0 0 1.37993001937866 55.5674018859863
-687 0 0 1.3818199634552 55.6604995727539
-688 0 0 1.38372004032135 55.7537002563477
-689 0 0 1.38563001155853 55.8470001220703
-690 0 0 1.38753998279572 55.9402008056641
-691 0 0 1.38945996761322 56.0335998535156
-692 0 0 1.39138996601105 56.1268997192383
-693 0 0 1.39331996440887 56.2202987670898
-694 0 0 1.39525997638702 56.3137016296387
-695 0 0 1.3972100019455 56.4071006774902
-696 0 0 1.39916002750397 56.5005989074707
-697 0 0 1.40111994743347 56.5941009521484
-698 0 0 1.40309000015259 56.6875991821289
-699 0 0 1.40506994724274 56.7812004089355
-700 17 4 1.40705001354218 56.874698638916
-701 0 0 1.40902996063232 56.9683990478516
-702 0 0 1.41103005409241 57.0620002746582
-703 0 0 1.4130300283432 57.1557006835938
-704 0 0 1.41504001617432 57.2494010925293
-705 0 0 1.41705000400543 57.3431015014648
-706 0 0 1.41907000541687 57.4369010925293
-707 0 0 1.42110002040863 57.5307006835938
-708 0 0 1.42314004898071 57.6245002746582
-709 0 0 1.42517995834351 57.7183990478516
-710 0 0 1.42723000049591 57.812198638916
-711 0 0 1.42928004264832 57.9061012268066
-712 0 0 1.43133997917175 58.0000991821289
-713 0 0 1.4334100484848 58.0940017700195
-714 0 0 1.43547999858856 58.1879997253418
-715 0 0 1.43755996227264 58.2820014953613
-716 0 0 1.43965005874634 58.3760986328125
-717 0 0 1.44174003601074 58.470100402832
-718 0 0 1.44384002685547 58.5642013549805
-719 0 0 1.44595003128052 58.6582984924316
-720 0 0 1.44806003570557 58.7523994445801
-721 0 0 1.45018005371094 58.8465995788574
-722 0 0 1.45230996608734 58.9407997131348
-723 0 0 1.45443999767303 59.0349998474121
-724 0 0 1.45658004283905 59.1291999816895
-725 0 0 1.4587299823761 59.2234992980957
-726 0 0 1.46088004112244 59.317798614502
-727 0 0 1.46303999423981 59.4121017456055
-728 0 0 1.46519994735718 59.5064010620117
-729 0 0 1.46737003326416 59.600700378418
-730 0 0 1.46955001354218 59.6950988769531
-731 0 0 1.47174000740051 59.7895011901855
-732 0 0 1.47393000125885 59.8838996887207
-733 0 0 1.47611999511719 59.978401184082
-734 0 0 1.47833001613617 60.0727996826172
-735 0 0 1.48054003715515 60.1673011779785
-736 0 0 1.48275005817413 60.2617988586426
-737 0 0 1.48496997356415 60.3563003540039
-738 0 0 1.48720002174377 60.4509010314941
-739 0 0 1.48943996429443 60.5453987121582
-740 0 0 1.49168002605438 60.6399993896484
-741 0 0 1.49392998218536 60.7346000671387
-742 0 0 1.49618005752563 60.8292007446289
-743 0 0 1.49844002723694 60.923900604248
-744 0 0 1.50071001052856 61.0185012817383
-745 0 0 1.50297999382019 61.1132011413574
-746 0 0 1.50525999069214 61.2079010009766
-747 0 0 1.50753998756409 61.3026008605957
-748 0 0 1.50982999801636 61.3973007202148
-749 0 0 1.51213002204895 61.4920997619629
-750 18 4 1.51443004608154 61.586799621582
-751 0 0 1.51673996448517 61.6815986633301
-752 0 0 1.51906001567841 61.7764015197754
-753 0 0 1.52137994766235 61.8712005615234
-754 0 0 1.52371001243591 61.9660987854004
-755 0 0 1.52603995800018 62.0609016418457
-756 0 0 1.52839004993439 62.1557998657227
-757 0 0 1.53073000907898 62.2507019042969
-758 0 0 1.53308999538422 62.3456001281738
-759 0 0 1.53543996810913 62.4404983520508
-760 0 0 1.53780996799469 62.535400390625
-761 0 0 1.54017996788025 62.6304016113281
-762 0 0 1.54255998134613 62.725399017334
-763 0 0 1.54493999481201 62.8203010559082
-764 0 0 1.54733002185822 62.9152984619141
-765 0 0 1.54972994327545 63.0102996826172
-766 0 0 1.55212998390198 63.1054000854492
-767 0 0 1.55454003810883 63.2004013061523
-768 0 0 1.55694997310638 63.2955017089844
-769 0 0 1.55937004089355 63.3904991149902
-770 0 0 1.56180000305176 63.4855995178223
-771 0 0 1.56422996520996 63.5806999206543
-772 0 0 1.56666994094849 63.6758003234863
-773 0 0 1.5691100358963 63.7709007263184
-774 0 0 1.57156002521515 63.8661003112793
-775 0 0 1.57402002811432 63.9612007141113
-776 0 0 1.57648003101349 64.056396484375
-777 0 0 1.57895004749298 64.151496887207
-778 0 0 1.58141994476318 64.246696472168
-779 0 0 1.583899974823 64.3419036865234
-780 0 0 1.58639001846313 64.4371032714844
-781 0 0 1.58887994289398 64.5324020385742
-782 0 0 1.59138000011444 64.6276016235352
-783 0 0 1.5938800573349 64.7228012084961
-784 0 0 1.59639000892639 64.8180999755859
-785 0 0 1.59890997409821 64.9133987426758
-786 0 0 1.60143005847931 65.0085983276367
-787 0 0 1.60396003723145 65.1038970947266
-788 0 0 1.60649001598358 65.1992034912109
-789 0 0 1.60903000831604 65.2945022583008
-790 0 0 1.61158001422882 65.3898010253906
-791 0 0 1.6141300201416 65.4851989746094
-792 0 0 1.6166900396347 65.5804977416992
-793 0 0 1.61925005912781 65.6759033203125
-794 0 0 1.62181997299194 65.7712020874023
-795 0 0 1.62440001964569 65.8666000366211
-796 0 0 1.62697994709015 65.9619979858398
-797 0 0 1.6295599937439 66.0574035644531
-798 0 0 1.632159948349 66.1528015136719
-799 0 0 1.63476002216339 66.2481994628906
-800 19 4 1.63735997676849 66.3435974121094
-801 0 0 1.63996994495392 66.4390029907227
-802 0 0 1.64259004592896 66.5344009399414
-803 0 0 1.6452100276947 66.6298980712891
-804 0 0 1.64784002304077 66.7253036499023
-805 0 0 1.65047001838684 66.82080078125
-806 0 0 1.65311002731323 66.9162979125977
-807 0 0 1.65576004981995 67.0117034912109
-808 0 0 1.65840995311737 67.1072006225586
-809 0 0 1.66106998920441 67.2026977539063
-810 0 0 1.66373002529144 67.2982025146484
-811 0 0 1.66639995574951 67.3936996459961
-812 0 0 1.66907000541687 67.4891967773438
-813 0 0 1.67174994945526 67.5847015380859
-814 0 0 1.67444002628326 67.6801986694336
-815 0 0 1.67712998390198 67.7758026123047
-816 0 0 1.67982995510101 67.8712997436523
-817 0 0 1.68253004550934 67.9669036865234
-818 0 0 1.6852400302887 68.0624008178711
-819 0 0 1.68796002864838 68.1579971313477
-820 0 0 1.69068002700806 68.2535018920898
-821 0 0 1.69341003894806 68.3490982055664
-822 0 0 1.69614005088806 68.4447021484375
-823 0 0 1.6988799571991 68.5402984619141
-824 0 0 1.70161998271942 68.6358032226563
-825 0 0 1.70437002182007 68.7313995361328
-826 0 0 1.70712995529175 68.8270034790039
-827 0 0 1.70989000797272 68.9225997924805
-828 0 0 1.71265995502472 69.0183029174805
-829 0 0 1.71543002128601 69.113899230957
-830 0 0 1.71820998191833 69.2095031738281
-831 0 0 1.72098994255066 69.3050994873047
-832 0 0 1.72379004955292 69.4007034301758
-833 0 0 1.72658002376556 69.4963989257813
-834 0 0 1.72938001155853 69.5920028686523
-835 0 0 1.73219001293182 69.6875991821289
-836 0 0 1.73500001430511 69.7833023071289
-837 0 0 1.73782002925873 69.8788986206055
-838 0 0 1.74065005779266 69.9746017456055
-839 0 0 1.74347996711731 70.070198059082
-840 0 0 1.74632000923157 70.165901184082
-841 0 0 1.74916005134583 70.2615966796875
-842 0 0 1.75200998783112 70.3572006225586
-843 0 0 1.7548600435257 70.4529037475586
-844 0 0 1.75771999359131 70.5485992431641
-845 0 0 1.76057994365692 70.6443023681641
-846 0 0 1.76345002651215 70.7399978637695
-847 0 0 1.7663300037384 70.8356018066406
-848 0 0 1.76920998096466 70.9312973022461
-849 0 0 1.77209997177124 71.0270004272461
-850 20 4 1.77499997615814 71.1227035522461
-851 0 0 1.77788996696472 71.2183990478516
-852 0 0 1.78079998493195 71.3141021728516
-853 0 0 1.78371000289917 71.409797668457
-854 0 0 1.78663003444672 71.505500793457
-855 0 0 1.78954994678497 71.6011962890625
-856 0 0 1.79247999191284 71.6968994140625
-857 0 0 1.79541003704071 71.7926025390625
-858 0 0 1.79834997653961 71.888298034668
-859 0 0 1.80130004882813 71.9841003417969
-860 0 0 1.80425000190735 72.0798034667969
-861 0 0 1.80719995498657 72.1754989624023
-862 0 0 1.81017005443573 72.2712020874023
-863 0 0 1.81313002109528 72.3668975830078
-864 0 0 1.81611001491547 72.4626007080078
-865 0 0 1.81909000873566 72.5584030151367
-866 0 0 1.82207000255585 72.6540985107422
-867 0 0 1.82506000995636 72.7498016357422
-868 0 0 1.82806003093719 72.8454971313477
-869 0 0 1.83106005191803 72.9412994384766
-870 0 0 1.8340699672699 73.0370025634766
-871 0 0 1.83708000183105 73.132698059082
-872 0 0 1.84010004997253 73.228401184082
-873 0 0 1.84312999248505 73.3242034912109
-874 0 0 1.84616005420685 73.4198989868164
-875 0 0 1.84918999671936 73.5156021118164
-876 0 0 1.85223996639252 73.6113967895508
-877 0 0 1.85528004169464 73.7070999145508
-878 0 0 1.85834002494812 73.8028030395508
-879 0 0 1.8614000082016 73.8985977172852
-880 0 0 1.86445999145508 73.9943008422852
-881 0 0 1.86752998828888 74.0899963378906
-882 0 0 1.870609998703 74.1857986450195
-883 0 0 1.87369000911713 74.2815017700195
-884 0 0 1.87678003311157 74.377197265625
-885 0 0 1.87987005710602 74.472900390625
-886 0 0 1.8829699754715 74.5687026977539
-887 0 0 1.88608002662659 74.6643981933594
-888 0 0 1.88918995857239 74.7601013183594
-889 0 0 1.89230000972748 74.8559036254883
-890 0 0 1.8954199552536 74.9515991210938
-891 0 0 1.89855003356934 75.0473022460938
-892 0 0 1.9016900062561 75.1429977416992
-893 0 0 1.90481996536255 75.2388000488281
-894 0 0 1.90796995162964 75.3345031738281
-895 0 0 1.91112005710602 75.4301986694336
-896 0 0 1.91428005695343 75.5259017944336
-897 0 0 1.91744005680084 75.6215972900391
-898 0 0 1.92060995101929 75.717399597168
-899 0 0 1.92377996444702 75.813102722168
-900 21 4 1.92695999145508 75.9087982177734
-901 0 0 1.93014001846313 76.0045013427734
-902 0 0 1.93333005905151 76.1001968383789
-903 0 0 1.93652999401093 76.1958999633789
-904 0 0 1.93973004817963 76.2916030883789
-905 0 0 1.94293999671936 76.3872985839844
-906 0 0 1.94614994525909 76.4830017089844
-907 0 0 1.94937002658844 76.5786972045898
-908 0 0 1.95260000228882 76.6744003295898
-909 0 0 1.9558299779892 76.7701034545898
-910 0 0 1.95905995368958 76.8657989501953
-911 0 0 1.9623099565506 76.9615020751953
-912 0 0 1.9655499458313 77.0571975708008
-913 0 0 1.96880996227264 77.1529006958008
-914 0 0 1.97206997871399 77.2485961914063
-915 0 0 1.97532999515533 77.3442993164063
-916 0 0 1.978600025177 77.4399032592773
-917 0 0 1.9818799495697 77.5355987548828
-918 0 0 1.98515999317169 77.6313018798828
-919 0 0 1.988450050354 77.7268981933594
-920 0 0 1.99173998832703 77.8226013183594
-921 0 0 1.99504005908966 77.9182968139648
-922 0 0 1.99835002422333 78.0139007568359
-923 0 0 2.00166010856628 78.1095962524414
-924 0 0 2.00498008728027 78.2052993774414
-925 0 0 2.00830006599426 78.3009033203125
-926 0 0 2.01163005828857 78.396598815918
-927 0 0 2.01496005058289 78.4922027587891
-928 0 0 2.01830005645752 78.5877990722656
-929 0 0 2.02165007591248 78.6835021972656
-930 0 0 2.02500009536743 78.7790985107422
-931 0 0 2.02835988998413 78.8747024536133
-932 0 0 2.03171992301941 78.9703979492188
-933 0 0 2.03508996963501 79.0660018920898
-934 0 0 2.03846001625061 79.1615982055664
-935 0 0 2.04184007644653 79.2572021484375
-936 0 0 2.0452299118042 79.3527984619141
-937 0 0 2.04861998558044 79.4484024047852
-938 0 0 2.05202007293701 79.5439987182617
-939 0 0 2.055419921875 79.6396026611328
-940 0 0 2.05883002281189 79.7351989746094
-941 0 0 2.06224989891052 79.8308029174805
-942 0 0 2.06567001342773 79.926399230957
-943 0 0 2.06909990310669 80.0220031738281
-944 0 0 2.07253003120422 80.1175994873047
-945 0 0 2.0759699344635 80.2130966186523
-946 0 0 2.07941007614136 80.3087005615234
-947 0 0 2.08285999298096 80.404296875
-948 0 0 2.08631992340088 80.4998016357422
-949 0 0 2.08978009223938 80.5953979492188
-950 22 4 2.09325003623962 80.6909027099609
-951 0 0 2.09671998023987 80.7864990234375
-952 0 0 2.10019993782043 80.8820037841797
-953 0 0 2.10368990898132 80.9776000976563
-954 0 0 2.10718011856079 81.0730972290039
-955 0 0 2.110680103302 81.1686019897461
-956 0 0 2.11418008804321 81.2640991210938
-957 0 0 2.11769008636475 81.3595962524414
-958 0 0 2.12120008468628 81.4551010131836
-959 0 0 2.12472009658813 81.5505981445313
-960 0 0 2.12824988365173 81.6461029052734
-961 0 0 2.13177990913391 81.7416000366211
-962 0 0 2.13531994819641 81.8370971679688
-963 0 0 2.13887000083923 81.9326019287109
-964 0 0 2.14242005348206 82.0280990600586
-965 0 0 2.14597010612488 82.1235961914063
-966 0 0 2.14952993392944 82.2190017700195
-967 0 0 2.15310001373291 82.3144989013672
-968 0 0 2.1566801071167 82.4098968505859
-969 0 0 2.16025996208191 82.5054016113281
-970 0 0 2.1638400554657 82.6007995605469
-971 0 0 2.16742992401123 82.6962966918945
-972 0 0 2.17103004455566 82.7917022705078
-973 0 0 2.17462992668152 82.8871002197266
-974 0 0 2.17824006080627 82.9824981689453
-975 0 0 2.18185997009277 83.0779037475586
-976 0 0 2.18548011779785 83.1733016967773
-977 0 0 2.18911004066467 83.2686996459961
-978 0 0 2.19273996353149 83.3640975952148
-979 0 0 2.19637989997864 83.4595031738281
-980 0 0 2.20003008842468 83.5549011230469
-981 0 0 2.20368003845215 83.6502990722656
-982 0 0 2.20732998847961 83.7455978393555
-983 0 0 2.21099996566772 83.8410034179688
-984 0 0 2.21466994285583 83.9363021850586
-985 0 0 2.21833992004395 84.0317001342773
-986 0 0 2.22201991081238 84.1269989013672
-987 0 0 2.22570991516113 84.2223968505859
-988 0 0 2.22939991950989 84.3177032470703
-989 0 0 2.23309993743896 84.4130020141602
-990 0 0 2.23680996894836 84.50830078125
-991 0 0 2.24052000045776 84.6035995483398
-992 0 0 2.24424004554749 84.6988983154297
-993 0 0 2.24796009063721 84.7941970825195
-994 0 0 2.25168991088867 84.8895034790039
-995 0 0 2.25542998313904 84.9848022460938
-996 0 0 2.2591700553894 85.0800018310547
-997 0 0 2.26291990280151 85.1753005981445
-998 0 0 2.2666699886322 85.2705993652344
-999 0 0 2.27043008804321 85.3657989501953
-1000 23 9 2.27419996261597 85.4610977172852
