-180 27 -9 -0.0511852987110615 6.31743978374288E-06
-179 0 0 -0.0511852987110615 6.31743978374288E-06
-178 0 0 -0.0511828996241093 2.62822995864553E-05
-177 0 0 -0.0511782988905907 6.62121965433471E-05
-176 0 0 -0.051103699952364 0.000705089012626559
-175 0 0 -0.0509544014930725 0.00198284001089633
-174 0 0 -0.0505562983453274 0.00539017980918288
-173 0 0 -0.0494947992265224 0.0144763998687267
-172 0 0 -0.0410006009042263 0.0871635973453522
-171 0 0 -0.0325023010373116 0.159847006201744
-170 0 0 -0.0240000002086163 0.232526004314423
-169 0 0 -0.0154937002807856 0.30520099401474
-168 0 0 -0.00698333978652954 0.377871006727219
-167 0 0 0.00153094995766878 0.450536996126175
-166 0 0 0.0100491996854544 0.523199021816254
-165 0 0 0.0185713991522789 0.595856010913849
-164 0 0 0.027097400277853 0.668507993221283
-163 0 0 0.0356273017823696 0.741155982017517
-162 0 0 0.0441609993577003 0.813799023628235
-161 0 0 0.0526985004544258 0.886435985565186
-160 0 0 0.0612396001815796 0.959069013595581
-159 0 0 0.06978440284729 1.03170001506805
-158 0 0 0.0783327966928482 1.10432004928589
-157 0 0 0.0868846029043198 1.17693996429443
-156 0 0 0.0954399034380913 1.24954998493195
-155 0 0 0.103997997939587 1.32216000556946
-154 0 0 0.112559996545315 1.39476001262665
-153 0 0 0.121124997735023 1.46735000610352
-152 0 0 0.129693001508713 1.53993999958038
-151 0 0 0.138264000415802 1.61252999305725
-150 26 4 0.146837994456291 1.6851099729538
-149 0 0 0.155414000153542 1.75768995285034
-148 0 0 0.163993000984192 1.83026003837585
-147 0 0 0.172573998570442 1.90281999111176
-146 0 0 0.181158006191254 1.97537994384766
-145 0 0 0.189742997288704 2.04794001579285
-144 0 0 0.198330000042915 2.12049007415771
-143 0 0 0.206918999552727 2.193039894104
-142 0 0 0.215509995818138 2.26557993888855
-141 0 0 0.224101006984711 2.3381199836731
-140 0 0 0.232694000005722 2.41066002845764
-139 0 0 0.241286993026733 2.48319005966187
-138 0 0 0.249880999326706 2.55571007728577
-137 0 0 0.258475005626678 2.62824010848999
-136 0 0 0.26706999540329 2.70075988769531
-135 0 0 0.275664001703262 2.77326989173889
-134 0 0 0.284256994724274 2.84578990936279
-133 0 0 0.292849004268646 2.91829991340637
-132 0 0 0.301441013813019 2.99080991744995
-131 0 0 0.308044999837875 3.04655003547668
-130 0 0 0.314648002386093 3.10229992866516
-129 0 0 0.32124999165535 3.15804004669189
-128 0 0 0.327850997447968 3.21378993988037
-127 0 0 0.334450006484985 3.2695300579071
-126 0 0 0.341046988964081 3.32526993751526
-125 0 0 0.347642987966537 3.38100004196167
-124 0 0 0.354236006736755 3.43673992156982
-123 0 0 0.36082598567009 3.49248003959656
-122 0 0 0.367413997650146 3.54820990562439
-121 0 0 0.374000012874603 3.6039400100708
-120 0 0 0.380582004785538 3.65967988967896
-119 0 0 0.387160986661911 3.71540999412537
-118 0 0 0.393736988306046 3.77114009857178
-117 0 0 0.400308012962341 3.82685995101929
-116 0 0 0.406875997781754 3.8825900554657
-115 0 0 0.413439989089966 3.93830990791321
-114 0 0 0.419999003410339 3.99404001235962
-113 0 0 0.426553010940552 4.04975986480713
-112 0 0 0.433102011680603 4.1054801940918
-111 0 0 0.439646005630493 4.16119003295898
-110 0 0 0.446184009313583 4.21690988540649
-109 0 0 0.452717006206512 4.27262020111084
-108 0 0 0.45924299955368 4.32833003997803
-107 0 0 0.465763002634048 4.38403987884521
-106 0 0 0.472276002168655 4.43974018096924
-105 0 0 0.478781014680862 4.4954400062561
-104 0 0 0.485278993844986 4.55113983154297
-103 0 0 0.49176898598671 4.60683012008667
-102 0 0 0.498252004384995 4.66251993179321
-101 0 0 0.504724979400635 4.71821022033691
-100 25 4 0.511189997196198 4.77389001846313
-99 0 0 0.517645001411438 4.82955980300903
-98 0 0 0.524089992046356 4.88523006439209
-97 0 0 0.530525982379913 4.94088983535767
-96 0 0 0.536951005458832 4.9965500831604
-95 0 0 0.543365001678467 5.05219984054565
-94 0 0 0.549767971038818 5.10784006118774
-93 0 0 0.556159019470215 5.16346979141235
-92 0 0 0.562538027763367 5.21909999847412
-91 0 0 0.568903982639313 5.27471017837524
-90 0 0 0.575258016586304 5.33031988143921
-89 0 0 0.581597983837128 5.38591003417969
-88 0 0 0.587924003601074 5.44149017333984
-87 0 0 0.594235002994537 5.49705982208252
-86 0 0 0.600531995296478 5.55261993408203
-85 0 0 0.606813013553619 5.6081600189209
-84 0 0 0.613079011440277 5.66369009017944
-83 0 0 0.619328022003174 5.71921014785767
-82 0 0 0.625560998916626 5.77470016479492
-81 0 0 0.631775975227356 5.83018016815186
-80 0 0 0.637973010540009 5.88564014434814
-79 0 0 0.644151985645294 5.94108009338379
-78 0 0 0.650313019752502 5.99651002883911
-77 0 0 0.656453013420105 6.05189990997314
-76 0 0 0.662573993206024 6.10727977752686
-75 0 0 0.668675005435944 6.16263008117676
-74 0 0 0.674754023551941 6.21795988082886
-73 0 0 0.680812001228333 6.27326011657715
-72 0 0 0.686847984790802 6.32853984832764
-71 0 0 0.692861020565033 6.38378000259399
-70 0 0 0.698850989341736 6.43900012969971
-69 0 0 0.704816997051239 6.49418020248413
-68 0 0 0.710758984088898 6.54933023452759
-67 0 0 0.716675996780396 6.60445022583008
-66 0 0 0.722567975521088 6.65953016281128
-65 0 0 0.728433012962341 6.71458005905151
-64 0 0 0.734273016452789 6.76958990097046
-63 0 0 0.740085005760193 6.82455015182495
-62 0 0 0.745868980884552 6.87947988510132
-61 0 0 0.751625001430511 6.93436002731323
-60 0 0 0.757351994514465 6.98920011520386
-59 0 0 0.763050019741058 7.04399013519287
-58 0 0 0.768719017505646 7.0987401008606
-57 0 0 0.774356007575989 7.15342998504639
-56 0 0 0.77996301651001 7.20807981491089
-55 0 0 0.785538017749786 7.26267004013062
-54 0 0 0.791081011295319 7.31721019744873
-53 0 0 0.796590983867645 7.37168979644775
-52 0 0 0.802067995071411 7.42611980438232
-51 0 0 0.807511985301971 7.48049020767212
-50 24 4 0.812920987606049 7.53480005264282
-49 0 0 0.818295001983643 7.58903980255127
-48 0 0 0.823634028434753 7.64321994781494
-47 0 0 0.828938007354736 7.69734001159668
-46 0 0 0.834204971790314 7.75138998031616
-45 0 0 0.839435994625092 7.80536985397339
-44 0 0 0.844628989696503 7.85928010940552
-43 0 0 0.849784970283508 7.91311979293823
-42 0 0 0.854902029037476 7.96688985824585
-41 0 0 0.859981000423431 8.02058029174805
-40 0 0 0.865020990371704 8.07419013977051
-39 0 0 0.870021998882294 8.12773036956787
-38 0 0 0.874981999397278 8.18118953704834
-37 0 0 0.879903018474579 8.23456001281738
-36 0 0 0.884782016277313 8.28785991668701
-35 0 0 0.889621019363403 8.3410701751709
-34 0 0 0.894418001174927 8.39418983459473
-33 0 0 0.899173974990845 8.44723033905029
-32 0 0 0.903887987136841 8.5001802444458
-31 0 0 0.908559024333954 8.55303955078125
-30 0 0 0.913187026977539 8.60581970214844
-29 0 0 0.917771995067596 8.6584997177124
-28 0 0 0.922313988208771 8.71107959747314
-27 0 0 0.926813006401062 8.76358032226563
-26 0 0 0.931267023086548 8.8159704208374
-25 0 0 0.935678005218506 8.86826992034912
-24 0 0 0.940043985843658 8.9204797744751
-23 0 0 0.94436502456665 8.97259044647217
-22 0 0 0.948642015457153 9.02458953857422
-21 0 0 0.952874004840851 9.07649993896484
-20 0 0 0.957059979438782 9.12829971313477
-19 0 0 0.961202025413513 9.18000984191895
-18 0 0 0.965296983718872 9.23161029815674
-17 0 0 0.969348013401031 9.28310966491699
-16 0 0 0.973352015018463 9.33450031280518
-15 0 0 0.977311015129089 9.38578987121582
-14 0 0 0.981222987174988 9.43698024749756
-13 0 0 0.985090017318726 9.48805999755859
-12 0 0 0.988910973072052 9.53903007507324
-11 0 0 0.99268501996994 9.58988952636719
-10 0 0 0.995176017284393 9.62374019622803
-9 0 0 0.996824979782104 9.64628982543945
-8 0 0 0.997919023036957 9.66129970550537
-7 0 0 0.998646020889282 9.67131042480469
-6 0 0 0.999130010604858 9.67796993255615
-5 0 0 0.999451994895935 9.6824197769165
-4 0 0 0.99966698884964 9.68537998199463
-3 0 0 0.999809980392456 9.68735980987549
-2 0 0 0.999904990196228 9.68867015838623
1 0 0 1 9.68999004364014
1 0 0 1 9.68999004364014
-2 0 0 1.00010001659393 9.69130039215088
-3 0 0 1.00019001960754 9.69262027740479
-4 0 0 1.00032997131348 9.69458961486816
-5 0 0 1.00055003166199 9.69754981994629
-6 0 0 1.00086998939514 9.70199966430664
-7 0 0 1.00135004520416 9.70864963531494
-8 0 0 1.00206995010376 9.71864032745361
-9 0 0 1.00313997268677 9.73361015319824
-10 0 0 1.00475001335144 9.75605010986328
-11 0 0 1.00713002681732 9.78966045379639
-12 0 0 1.01067996025085 9.83998966217041
-13 0 0 1.01417994499207 9.89021968841553
-14 0 0 1.01762998104095 9.94034004211426
-15 0 0 1.02103996276855 9.99034023284912
-16 0 0 1.02439999580383 10.0402002334595
-17 0 0 1.02771997451782 10.0900001525879
-18 0 0 1.03097999095917 10.1396999359131
-19 0 0 1.03420996665955 10.1892995834351
-20 0 0 1.03737998008728 10.2388000488281
-21 0 0 1.04051005840302 10.2881002426147
-22 0 0 1.04359996318817 10.3374004364014
-23 0 0 1.0466400384903 10.3865003585815
-24 0 0 1.04963004589081 10.4355001449585
-25 0 0 1.05257999897003 10.4844999313354
-26 0 0 1.05549001693726 10.5333003997803
-27 0 0 1.05834996700287 10.5819997787476
-28 0 0 1.06115996837616 10.6305999755859
-29 0 0 1.06393003463745 10.6791000366211
-30 0 0 1.06666004657745 10.727499961853
-31 0 0 1.06933999061584 10.7757997512817
-32 0 0 1.07196998596191 10.8240003585815
-33 0 0 1.07456994056702 10.8720998764038
-34 0 0 1.0771199464798 10.9200000762939
-35 0 0 1.07962000370026 10.9679002761841
-36 0 0 1.08208000659943 11.015700340271
-37 0 0 1.08449995517731 11.0634002685547
-38 0 0 1.08687996864319 11.1108999252319
-39 0 0 1.08921003341675 11.1583995819092
-40 0 0 1.09150004386902 11.2058000564575
-41 0 0 1.09375 11.2531003952026
-42 0 0 1.09596002101898 11.3002996444702
-43 0 0 1.09811997413635 11.3473997116089
-44 0 0 1.10025000572205 11.3943004608154
-45 0 0 1.10232996940613 11.4412002563477
-46 0 0 1.10436999797821 11.4879999160767
-47 0 0 1.106369972229 11.5347995758057
-48 0 0 1.1083300113678 11.5813999176025
-49 0 0 1.1102499961853 11.6279001235962
-50 2 4 1.11213004589081 11.6743001937866
-51 0 0 1.11397004127502 11.7207002639771
-52 0 0 1.11576998233795 11.7670001983643
-53 0 0 1.11752998828888 11.813099861145
-54 0 0 1.11976003646851 11.8731002807617
-55 0 0 1.1219300031662 11.9328002929688
-56 0 0 1.12402999401093 11.9925003051758
-57 0 0 1.12607002258301 12.0520000457764
-58 0 0 1.12803995609283 12.1113004684448
-59 0 0 1.12995004653931 12.170599937439
-60 0 0 1.13180005550385 12.229700088501
-61 0 0 1.13358998298645 12.2885999679565
-62 0 0 1.13531994819641 12.3474998474121
-63 0 0 1.1369800567627 12.4062004089355
-64 0 0 1.13858997821808 12.4647998809814
-65 0 0 1.14014005661011 12.5233001708984
-66 0 0 1.14162003993988 12.581600189209
-67 0 0 1.14304995536804 12.6399002075195
-68 0 0 1.14443004131317 12.6979999542236
-69 0 0 1.14574003219604 12.7559995651245
-70 0 0 1.14699995517731 12.8138999938965
-71 0 0 1.14821004867554 12.8717002868652
-72 0 0 1.14935994148254 12.9294004440308
-73 0 0 1.1504499912262 12.9870004653931
-74 0 0 1.15148997306824 13.0445003509521
-75 0 0 1.15248000621796 13.101900100708
-76 0 0 1.15340995788574 13.1591997146606
-77 0 0 1.15428996086121 13.2164001464844
-78 0 0 1.15512001514435 13.2735004425049
-79 0 0 1.15590000152588 13.3305997848511
-80 0 0 1.15663003921509 13.3874998092651
-81 0 0 1.15731000900269 13.4443998336792
-82 0 0 1.15794003009796 13.50119972229
-83 0 0 1.15852999687195 13.557900428772
-84 0 0 1.15906000137329 13.6145000457764
-85 0 0 1.15954005718231 13.6710996627808
-86 0 0 1.15998005867004 13.7276000976563
-87 0 0 1.16038000583649 13.7840003967285
-88 0 0 1.16071999073029 13.8402996063232
-89 0 0 1.16103005409241 13.8965997695923
-90 0 0 1.1612800359726 13.9527997970581
-91 0 0 1.16148996353149 14.0089998245239
-92 0 0 1.16165995597839 14.0650997161865
-93 0 0 1.16179001331329 14.1211996078491
-94 0 0 1.16187000274658 14.1772003173828
-95 0 0 1.16191005706787 14.233099937439
96 3 2 1.1619199514389 14.2600002288818
97 0 0 1.16190004348755 14.315899848938
98 0 0 1.16183996200562 14.3717002868652
99 0 0 1.16173005104065 14.4274997711182
100 4 4 1.16158998012543 14.4832000732422
101 0 0 1.16140997409821 14.5389003753662
102 0 0 1.16119003295898 14.5945997238159
103 0 0 1.16093003749847 14.6501998901367
104 0 0 1.160640001297 14.7058000564575
105 0 0 1.1603000164032 14.7613000869751
106 0 0 1.15992999076843 14.8169002532959
107 0 0 1.15953004360199 14.8724002838135
108 0 0 1.15909004211426 14.9278001785278
109 0 0 1.15860998630524 14.9833002090454
110 0 0 1.15810000896454 15.0387001037598
111 0 0 1.15754997730255 15.0940999984741
112 0 0 1.15697002410889 15.1494998931885
113 0 0 1.15635001659393 15.2047996520996
114 0 0 1.15570998191833 15.260199546814
115 0 0 1.15503001213074 15.3155002593994
116 0 0 1.15430998802185 15.3708000183105
117 0 0 1.15357005596161 15.4260997772217
118 0 0 1.15278995037079 15.4813995361328
119 0 0 1.1519900560379 15.5367002487183
120 0 0 1.15114998817444 15.5920000076294
121 0 0 1.1502799987793 15.6471996307373
122 0 0 1.14938998222351 15.7025003433228
123 0 0 1.14846003055573 15.7578001022339
124 0 0 1.14751005172729 15.8129997253418
125 0 0 1.1465300321579 15.8683004379272
126 0 0 1.14551997184753 15.9236001968384
127 0 0 1.14447999000549 15.9787998199463
128 0 0 1.14341998100281 16.0340995788574
129 0 0 1.14233005046844 16.0893993377686
130 0 0 1.14120995998383 16.1446990966797
131 0 0 1.14006996154785 16.2000007629395
132 0 0 1.1389000415802 16.2553005218506
133 0 0 1.13770997524261 16.3106002807617
134 0 0 1.13648998737335 16.3659992218018
135 0 0 1.13524997234344 16.4213008880615
136 0 0 1.13399004936218 16.4766998291016
137 0 0 1.13269996643066 16.5321006774902
138 0 0 1.13138997554779 16.5874996185303
139 0 0 1.13005995750427 16.6429004669189
140 0 0 1.12870001792908 16.698299407959
141 0 0 1.12732994556427 16.7537994384766
142 0 0 1.12592995166779 16.8092994689941
143 0 0 1.12451004981995 16.8647994995117
144 0 0 1.12307000160217 16.9202995300293
145 0 0 1.12161004543304 16.9759006500244
146 0 0 1.12012994289398 17.031400680542
147 0 0 1.11863005161285 17.0870990753174
148 0 0 1.11712002754211 17.1427001953125
149 0 0 1.11557996273041 17.1984004974365
150 5 4 1.11403000354767 17.2541007995605
151 0 0 1.11246001720428 17.3097991943359
152 0 0 1.11087000370026 17.36549949646
153 0 0 1.10925996303558 17.4213008880615
154 0 0 1.10764002799988 17.4771995544434
155 0 0 1.10599994659424 17.5330009460449
156 0 0 1.10433995723724 17.5888996124268
157 0 0 1.10266995429993 17.6448001861572
158 0 0 1.10098004341125 17.7007999420166
159 0 0 1.09927999973297 17.756799697876
160 0 0 1.09756994247437 17.8129005432129
161 0 0 1.0958399772644 17.8689002990723
162 0 0 1.0940899848938 17.9251003265381
163 0 0 1.09232997894287 17.9811992645264
164 0 0 1.09055995941162 18.0373992919922
165 0 0 1.08878004550934 18.0937004089355
166 0 0 1.08697998523712 18.1499004364014
167 0 0 1.08518004417419 18.2063007354736
168 0 0 1.08335995674133 18.2625999450684
169 0 0 1.08151996135712 18.3190002441406
170 0 0 1.0796799659729 18.3754997253418
171 0 0 1.07782995700836 18.431999206543
172 0 0 1.07596004009247 18.4885005950928
173 0 0 1.07409000396729 18.5450992584229
174 0 0 1.07219994068146 18.6016998291016
175 0 0 1.07030999660492 18.6583995819092
176 0 0 1.06841003894806 18.7150993347168
177 0 0 1.06649994850159 18.771900177002
178 0 0 1.06457996368408 18.8286991119385
179 0 0 1.06264996528625 18.8855991363525
180 0 0 1.06070995330811 18.9424991607666
181 0 0 1.05876994132996 18.9993991851807
182 0 0 1.05682003498077 19.0564002990723
183 0 0 1.05485999584198 19.1135005950928
184 0 0 1.05288994312286 19.1706008911133
185 0 0 1.05092000961304 19.2276992797852
186 0 0 1.0489399433136 19.2849006652832
187 0 0 1.04695999622345 19.3421993255615
188 0 0 1.04497003555298 19.3994998931885
189 0 0 1.04297995567322 19.4568004608154
190 0 0 1.04097998142242 19.5142002105713
191 0 0 1.03898000717163 19.5715999603271
192 0 0 1.03697001934052 19.6291007995605
193 0 0 1.0349600315094 19.6867008209229
194 0 0 1.03294003009796 19.7441997528076
195 0 0 1.03092002868652 19.8019008636475
196 0 0 1.02890002727509 19.8595008850098
197 0 0 1.02687001228333 19.9172992706299
198 0 0 1.02485001087189 19.9750995635986
199 0 0 1.02281999588013 20.0328998565674
200 6 4 1.02077996730804 20.090799331665
201 0 0 1.01874995231628 20.1487007141113
202 0 0 1.01671004295349 20.2066993713379
203 0 0 1.01468002796173 20.2646999359131
204 0 0 1.01263999938965 20.3227996826172
205 0 0 1.01059997081757 20.3808994293213
206 0 0 1.00855994224548 20.4391002655029
207 0 0 1.00652003288269 20.4972991943359
208 0 0 1.00448000431061 20.5555992126465
209 0 0 1.00243997573853 20.613899230957
210 0 0 1.00039994716644 20.6721992492676
211 0 0 0.998358011245728 20.7306995391846
212 0 0 0.996318995952606 20.7891006469727
213 0 0 0.994282007217407 20.8476009368896
214 0 0 0.992245972156525 20.9062004089355
215 0 0 0.990211009979248 20.9647998809814
216 0 0 0.988178014755249 21.0233993530273
217 0 0 0.986146986484528 21.0820999145508
218 0 0 0.984117984771729 21.1408996582031
219 0 0 0.982091009616852 21.1996994018555
220 0 0 0.980067014694214 21.2584991455078
221 0 0 0.978046000003815 21.3173999786377
222 0 0 0.976027011871338 21.3763008117676
223 0 0 0.974012017250061 21.4353008270264
224 0 0 0.972000002861023 21.4944000244141
225 0 0 0.969991981983185 21.5534000396729
226 0 0 0.96798700094223 21.6126003265381
227 0 0 0.965986013412476 21.6716995239258
228 0 0 0.963989973068237 21.730899810791
229 0 0 0.961996972560883 21.7901992797852
230 0 0 0.960008978843689 21.8495006561279
231 0 0 0.958025991916656 21.9088001251221
232 0 0 0.956046998500824 21.9682006835938
233 0 0 0.954074025154114 22.0277004241943
234 0 0 0.952104985713959 22.0872001647949
235 0 0 0.950142025947571 22.1466999053955
236 0 0 0.948184013366699 22.2063007354736
237 0 0 0.94623202085495 22.2658996582031
238 0 0 0.944284975528717 22.3255004882813
239 0 0 0.942344009876251 22.3852005004883
240 0 0 0.940409004688263 22.4449996948242
241 0 0 0.938480973243713 22.5048007965088
242 0 0 0.936559021472931 22.5645999908447
243 0 0 0.934642970561981 22.6245002746582
244 0 0 0.932732999324799 22.6844005584717
245 0 0 0.930831015110016 22.7444000244141
246 0 0 0.928934991359711 22.8043994903564
247 0 0 0.927046000957489 22.8644008636475
248 0 0 0.925163984298706 22.9244995117188
249 0 0 0.923289000988007 22.9846992492676
250 7 4 0.921422004699707 23.044900894165
251 0 0 0.919561982154846 23.1051006317139
252 0 0 0.91771000623703 23.1653003692627
253 0 0 0.915865004062653 23.225700378418
254 0 0 0.914027988910675 23.2859992980957
255 0 0 0.912198007106781 23.346399307251
256 0 0 0.910377025604248 23.4067993164063
257 0 0 0.908563017845154 23.4673004150391
258 0 0 0.906758010387421 23.5277996063232
259 0 0 0.904960989952087 23.588399887085
260 0 0 0.903172016143799 23.6490001678467
261 0 0 0.901391983032227 23.7096996307373
262 0 0 0.899619996547699 23.7703990936279
263 0 0 0.897855997085571 23.8311004638672
264 0 0 0.896100997924805 23.8918991088867
265 0 0 0.894354999065399 23.9526996612549
266 0 0 0.892618000507355 24.013599395752
267 0 0 0.89088898897171 24.074499130249
268 0 0 0.889169991016388 24.1354007720947
269 0 0 0.887458980083466 24.1963996887207
270 0 0 0.885757029056549 24.2574996948242
271 0 0 0.884064972400665 24.3185005187988
272 0 0 0.882381021976471 24.3796997070313
273 0 0 0.880707025527954 24.4407997131348
274 0 0 0.879042029380798 24.5020008087158
275 0 0 0.877385973930359 24.5632991790771
276 0 0 0.875739991664886 24.6245994567871
277 0 0 0.874103009700775 24.6858997344971
278 0 0 0.872475981712341 24.7472991943359
279 0 0 0.870858013629913 24.8087997436523
280 0 0 0.869249999523163 24.8701992034912
281 0 0 0.867650985717773 24.9318008422852
282 0 0 0.866061985492706 24.9932994842529
283 0 0 0.864482998847961 25.0548992156982
284 0 0 0.862913012504578 25.1166000366211
285 0 0 0.861352980136871 25.1783008575439
286 0 0 0.859803020954132 25.2401008605957
287 0 0 0.85826301574707 25.3019008636475
288 0 0 0.856733024120331 25.3637008666992
289 0 0 0.855211973190308 25.4256000518799
290 0 0 0.853702008724213 25.4874992370605
291 0 0 0.852200984954834 25.5494995117188
292 0 0 0.850709974765778 25.611499786377
293 0 0 0.849228978157043 25.6735992431641
294 0 0 0.847759008407593 25.7357997894287
295 0 0 0.846297979354858 25.7978992462158
296 0 0 0.844847023487091 25.860200881958
297 0 0 0.843406975269318 25.922399520874
298 0 0 0.84197598695755 25.9848003387451
299 0 0 0.840556025505066 26.0471000671387
300 8 4 0.839146018028259 26.1096000671387
301 0 0 0.837745010852814 26.1720008850098
302 0 0 0.836354970932007 26.2346000671387
303 0 0 0.834975004196167 26.2971000671387
304 0 0 0.833606004714966 26.3598003387451
305 0 0 0.832246005535126 26.4225006103516
306 0 0 0.830896973609924 26.485200881958
307 0 0 0.82955801486969 26.5480003356934
308 0 0 0.828229010105133 26.6107997894287
309 0 0 0.826910018920898 26.6737003326416
310 0 0 0.825600981712341 26.7367000579834
311 0 0 0.824302971363068 26.7996997833252
312 0 0 0.8230140209198 26.8628005981445
313 0 0 0.821735978126526 26.9258995056152
314 0 0 0.82046902179718 26.9890995025635
315 0 0 0.819211006164551 27.0522994995117
316 0 0 0.817964017391205 27.1156005859375
317 0 0 0.81672602891922 27.1788997650146
318 0 0 0.815499007701874 27.2423000335693
319 0 0 0.814283013343811 27.3057994842529
320 0 0 0.813076019287109 27.3693008422852
321 0 0 0.811879992485046 27.4328994750977
322 0 0 0.810693025588989 27.4965000152588
323 0 0 0.809517025947571 27.5603008270264
324 0 0 0.808351993560791 27.6240005493164
325 0 0 0.807196021080017 27.6879005432129
326 0 0 0.806050002574921 27.7516994476318
327 0 0 0.804915010929108 27.8157005310059
328 0 0 0.803789973258972 27.8796997070313
329 0 0 0.802675008773804 27.9437999725342
330 0 0 0.801569998264313 28.0079002380371
331 0 0 0.800475001335144 28.0722007751465
332 0 0 0.799390017986298 28.1364002227783
333 0 0 0.79831600189209 28.2007999420166
334 0 0 0.797250986099243 28.2651996612549
335 0 0 0.79619699716568 28.3297004699707
336 0 0 0.795153021812439 28.3941993713379
337 0 0 0.794117987155914 28.4587993621826
338 0 0 0.793093979358673 28.5235004425049
339 0 0 0.792079985141754 28.5883007049561
340 0 0 0.791076004505157 28.6530990600586
341 0 0 0.790081977844238 28.7180004119873
342 0 0 0.789098024368286 28.7830009460449
343 0 0 0.78812301158905 28.8479995727539
344 0 0 0.787159025669098 28.9130992889404
345 0 0 0.786204993724823 28.9783000946045
346 0 0 0.78526097536087 29.0436000823975
347 0 0 0.78432697057724 29.1089000701904
348 0 0 0.783402025699615 29.1742992401123
349 0 0 0.782487988471985 29.2397994995117
350 9 4 0.78158301115036 29.3054008483887
351 0 0 0.780689001083374 29.371000289917
352 0 0 0.779803991317749 29.4368000030518
353 0 0 0.778928995132446 29.5025997161865
354 0 0 0.778064012527466 29.5685005187988
355 0 0 0.777207970619202 29.6343994140625
356 0 0 0.776363015174866 29.7005004882813
357 0 0 0.775527000427246 29.7665996551514
358 0 0 0.774700999259949 29.832799911499
359 0 0 0.773885011672974 29.8990993499756
360 0 0 0.773078978061676 29.9654006958008
361 0 0 0.772282004356384 30.0319004058838
362 0 0 0.77149498462677 30.0984001159668
363 0 0 0.770717978477478 30.1651000976563
364 0 0 0.769950985908508 30.2318000793457
365 0 0 0.7691929936409 30.2985992431641
366 0 0 0.768445014953613 30.3654003143311
367 0 0 0.767705976963043 30.4323997497559
368 0 0 0.76697701215744 30.4995002746582
369 0 0 0.766258001327515 30.5666007995605
370 0 0 0.76554799079895 30.6338996887207
371 0 0 0.764847993850708 30.7012004852295
372 0 0 0.764158010482788 30.7686004638672
373 0 0 0.763477027416229 30.8360996246338
374 0 0 0.762805998325348 30.9036998748779
375 0 0 0.762144029140472 30.971399307251
376 0 0 0.761491000652313 31.0391998291016
377 0 0 0.760847985744476 31.1070995330811
378 0 0 0.760214984416962 31.1751003265381
379 0 0 0.759590983390808 31.243200302124
380 0 0 0.758976995944977 31.31130027771
381 0 0 0.758372008800507 31.3796005249023
382 0 0 0.757776021957397 31.4479999542236
383 0 0 0.757189989089966 31.5163993835449
384 0 0 0.75661301612854 31.5849990844727
385 0 0 0.756045997142792 31.653600692749
386 0 0 0.755487978458405 31.7224006652832
387 0 0 0.754939019680023 31.7912998199463
388 0 0 0.754400014877319 31.860200881958
389 0 0 0.753870010375977 31.9293003082275
390 0 0 0.753349006175995 31.9985008239746
391 0 0 0.752838015556335 32.067699432373
392 0 0 0.752336025238037 32.1371002197266
393 0 0 0.751842975616455 32.206600189209
394 0 0 0.75135999917984 32.2761993408203
395 0 0 0.750885009765625 32.3459014892578
396 0 0 0.750419974327087 32.415699005127
397 0 0 0.749963998794556 32.4855995178223
398 0 0 0.749517977237701 32.5555992126465
399 0 0 0.749080002307892 32.6257019042969
400 10 4 0.74865198135376 32.6958999633789
401 0 0 0.748233020305634 32.7662010192871
402 0 0 0.747822999954224 32.8367004394531
403 0 0 0.747421979904175 32.9071998596191
404 0 0 0.747030973434448 32.9779014587402
405 0 0 0.746648013591766 33.048698425293
406 0 0 0.746275007724762 33.1195983886719
407 0 0 0.745909988880157 33.190601348877
408 0 0 0.745554983615875 33.2616996765137
409 0 0 0.745208978652954 33.3329010009766
410 0 0 0.744871973991394 33.4043006896973
411 0 0 0.74454402923584 33.475700378418
412 0 0 0.744225025177002 33.5472984313965
413 0 0 0.743915021419525 33.6189994812012
414 0 0 0.743614017963409 33.6907997131348
415 0 0 0.743322014808655 33.7626991271973
416 0 0 0.743039011955261 33.8347015380859
417 0 0 0.742765009403229 33.9068984985352
418 0 0 0.742498993873596 33.9791984558105
419 0 0 0.742242991924286 34.0516014099121
420 0 0 0.741995990276337 34.1240997314453
421 0 0 0.741757988929749 34.1967010498047
422 0 0 0.741528987884521 34.269401550293
423 0 0 0.741307973861694 34.3423004150391
424 0 0 0.741096973419189 34.4152984619141
425 0 0 0.740894019603729 34.4883995056152
426 0 0 0.740700006484985 34.5616989135742
427 0 0 0.740514993667603 34.6349983215332
428 0 0 0.740338981151581 34.7084999084473
429 0 0 0.740172028541565 34.7821006774902
430 0 0 0.740014016628265 34.8558006286621
431 0 0 0.739863991737366 34.9296989440918
432 0 0 0.739723980426788 35.0036010742188
433 0 0 0.739592015743256 35.0777015686035
434 0 0 0.739468991756439 35.1520004272461
435 0 0 0.739354014396667 35.2262992858887
436 0 0 0.739248991012573 35.3008003234863
437 0 0 0.739152014255524 35.3754005432129
438 0 0 0.73906397819519 35.4500999450684
439 0 0 0.738985002040863 35.5250015258789
440 0 0 0.738914012908936 35.5998992919922
441 0 0 0.738852024078369 35.6750984191895
442 0 0 0.738798975944519 35.750301361084
443 0 0 0.738754987716675 35.8256988525391
444 0 0 0.73871898651123 35.9011001586914
445 0 0 0.738691985607147 35.9767990112305
446 0 0 0.738672971725464 36.0525016784668
447 0 0 0.738663971424103 36.1283988952637
448 11 2 0.738662004470825 36.1761016845703
-449 0 0 0.738665997982025 36.2522010803223
-450 12 4 0.738678991794586 36.3283996582031
-451 0 0 0.738700985908508 36.4048004150391
-452 0 0 0.738731026649475 36.481201171875
-453 0 0 0.738770008087158 36.5578002929688
-454 0 0 0.738816976547241 36.6346015930176
-455 0 0 0.73887300491333 36.7113990783691
-456 0 0 0.738937020301819 36.7883987426758
-457 0 0 0.739010989665985 36.8656005859375
-458 0 0 0.739091992378235 36.942798614502
-459 0 0 0.739181995391846 37.0201988220215
-460 0 0 0.739280998706818 37.0978012084961
-461 0 0 0.739387989044189 37.1753997802734
-462 0 0 0.739503979682922 37.2532005310059
-463 0 0 0.7396280169487 37.3311004638672
-464 0 0 0.739760994911194 37.4091987609863
-465 0 0 0.739902019500732 37.4873008728027
-466 0 0 0.740051984786987 37.5657005310059
-467 0 0 0.740209996700287 37.644100189209
-468 0 0 0.740375995635986 37.7226982116699
-469 0 0 0.740550994873047 37.801399230957
-470 0 0 0.740733981132507 37.880199432373
-471 0 0 0.740926027297974 37.9592018127441
-472 0 0 0.741126000881195 38.0382995605469
-473 0 0 0.741334974765778 38.1175003051758
-474 0 0 0.741551995277405 38.1968994140625
-475 0 0 0.741777002811432 38.2764015197754
-476 0 0 0.742009997367859 38.3559989929199
-477 0 0 0.742251992225647 38.4357986450195
-478 0 0 0.742501974105835 38.5157012939453
-479 0 0 0.742761015892029 38.5956993103027
-480 0 0 0.743027985095978 38.6758995056152
-481 0 0 0.743303000926971 38.7561988830566
-482 0 0 0.743586003780365 38.8366012573242
-483 0 0 0.74387800693512 38.9170989990234
-484 0 0 0.744177997112274 38.9977989196777
-485 0 0 0.744485974311829 39.0786018371582
-486 0 0 0.744801998138428 39.1595993041992
-487 0 0 0.745127022266388 39.2406997680664
-488 0 0 0.745459020137787 39.3218994140625
-489 0 0 0.745800018310547 39.4031982421875
-490 0 0 0.746149003505707 39.4846992492676
-491 0 0 0.746506989002228 39.5662994384766
-492 0 0 0.746872007846832 39.6479988098145
-493 0 0 0.747245013713837 39.7298011779785
-494 0 0 0.747627019882202 39.8117980957031
-495 0 0 0.748015999794006 39.8939018249512
-496 0 0 0.748413980007172 39.9762001037598
-497 0 0 0.748820006847382 40.0584983825684
-498 0 0 0.749234020709991 40.140998840332
-499 0 0 0.749656021595001 40.2235984802246
-500 13 4 0.750086009502411 40.3064002990723
-501 0 0 0.750522971153259 40.3893013000488
-502 0 0 0.750968992710114 40.4723014831543
-503 0 0 0.751423001289368 40.5554008483887
-504 0 0 0.751884996891022 40.638599395752
-505 0 0 0.752354979515076 40.7220001220703
-506 0 0 0.752831995487213 40.8055000305176
-507 0 0 0.753318011760712 40.8891983032227
-508 0 0 0.753811001777649 40.972900390625
-509 0 0 0.754311978816986 41.0568008422852
-510 0 0 0.754822015762329 41.1408004760742
-511 0 0 0.755339026451111 41.2248992919922
-512 0 0 0.755863010883331 41.3092002868652
-513 0 0 0.756395995616913 41.3935012817383
-514 0 0 0.756936013698578 41.4780006408691
-515 0 0 0.757484972476959 41.5625991821289
-516 0 0 0.758041024208069 41.6473999023438
-517 0 0 0.758603990077972 41.7322006225586
-518 0 0 0.759176015853882 41.8171997070313
-519 0 0 0.75975501537323 41.9023017883301
-520 0 0 0.760340988636017 41.9874992370605
-521 0 0 0.76093602180481 42.0727996826172
-522 0 0 0.761538028717041 42.1582984924316
-523 0 0 0.762147009372711 42.2438011169434
-524 0 0 0.762764990329742 42.3294982910156
-525 0 0 0.763388991355896 42.4152984619141
-526 0 0 0.764021992683411 42.5012016296387
-527 0 0 0.764662027359009 42.5872001647949
-528 0 0 0.765308976173401 42.6734008789063
-529 0 0 0.765963971614838 42.7596015930176
-530 0 0 0.766627013683319 42.8460006713867
-531 0 0 0.767297029495239 42.9324989318848
-532 0 0 0.767974019050598 43.019100189209
-533 0 0 0.768658995628357 43.1058006286621
-534 0 0 0.769351005554199 43.1926002502441
-535 0 0 0.77004998922348 43.2794990539551
-536 0 0 0.770757019519806 43.3666000366211
-537 0 0 0.771471977233887 43.4537010192871
-538 0 0 0.772193014621735 43.5410003662109
-539 0 0 0.772921979427338 43.6282997131348
-540 0 0 0.773657977581024 43.7158012390137
-541 0 0 0.774402022361755 43.8033981323242
-542 0 0 0.775152027606964 43.8911018371582
-543 0 0 0.775910019874573 43.9788017272949
-544 0 0 0.77667498588562 44.0666999816895
-545 0 0 0.777446985244751 44.1547012329102
-546 0 0 0.778226971626282 44.2428016662598
-547 0 0 0.779012978076935 44.3310012817383
-548 0 0 0.779806971549988 44.4193000793457
-549 0 0 0.780606985092163 44.5078010559082
-550 14 4 0.781414985656738 44.5962982177734
-551 0 0 0.782230019569397 44.6848983764648
-552 0 0 0.783052027225494 44.7736015319824
-553 0 0 0.783879995346069 44.8624000549316
-554 0 0 0.784716010093689 44.951301574707
-555 0 0 0.785558998584747 45.0402984619141
-556 0 0 0.786408007144928 45.1293983459473
-557 0 0 0.787265002727509 45.2186012268066
-558 0 0 0.788128018379211 45.3078994750977
-559 0 0 0.788998007774353 45.3973007202148
-560 0 0 0.789874970912933 45.4866981506348
-561 0 0 0.790759027004242 45.576301574707
-562 0 0 0.791648983955383 45.6660003662109
-563 0 0 0.792546987533569 45.7556991577148
-564 0 0 0.793451011180878 45.8456001281738
-565 0 0 0.794362008571625 45.9355010986328
-566 0 0 0.795279026031494 46.0256004333496
-567 0 0 0.796203017234802 46.1156997680664
-568 0 0 0.797133982181549 46.2058982849121
-569 0 0 0.798071026802063 46.296199798584
-570 0 0 0.799014985561371 46.3866004943848
-571 0 0 0.799965977668762 46.4770011901855
-572 0 0 0.800922989845276 46.5676002502441
-573 0 0 0.801886022090912 46.6581993103027
-574 0 0 0.802856028079987 46.7489013671875
-575 0 0 0.8038330078125 46.8396987915039
-576 0 0 0.804816007614136 46.9305992126465
-577 0 0 0.805805027484894 47.021598815918
-578 0 0 0.806801021099091 47.1125984191895
-579 0 0 0.807802975177765 47.203800201416
-580 0 0 0.808812022209167 47.2949981689453
-581 0 0 0.809826016426086 47.3862991333008
-582 0 0 0.810847997665405 47.4776992797852
-583 0 0 0.811874985694885 47.5690994262695
-584 0 0 0.812909007072449 47.6605987548828
-585 0 0 0.813947975635529 47.7522010803223
-586 0 0 0.814994990825653 47.8438987731934
-587 0 0 0.816047012805939 47.9356994628906
-588 0 0 0.817104995250702 48.0275001525879
-589 0 0 0.818170011043549 48.1194000244141
-590 0 0 0.819239974021912 48.2113990783691
-591 0 0 0.820316970348358 48.3033981323242
-592 0 0 0.821399986743927 48.3955001831055
-593 0 0 0.822489023208618 48.4877014160156
-594 0 0 0.823583006858826 48.5800018310547
-595 0 0 0.824684023857117 48.6722984313965
-596 0 0 0.825791001319885 48.7647018432617
-597 0 0 0.826903998851776 48.8572006225586
-598 0 0 0.828022003173828 48.9496994018555
-599 0 0 0.829146981239319 49.0423011779785
-600 15 4 0.830277025699615 49.1349983215332
-601 0 0 0.831412971019745 49.2276992797852
-602 0 0 0.832554996013641 49.320499420166
-603 0 0 0.833702981472015 49.4132995605469
-604 0 0 0.834856986999512 49.5063018798828
-605 0 0 0.836015999317169 49.5993003845215
-606 0 0 0.837180972099304 49.6922988891602
-607 0 0 0.838352024555206 49.785400390625
-608 0 0 0.839528024196625 49.8786010742188
-609 0 0 0.840709984302521 49.9718017578125
-610 0 0 0.841898024082184 50.0651016235352
-611 0 0 0.843091011047363 50.1585006713867
-612 0 0 0.844290018081665 50.2518997192383
-613 0 0 0.845494985580444 50.345401763916
-614 0 0 0.84670501947403 50.4388999938965
-615 0 0 0.847920000553131 50.5325012207031
-616 0 0 0.849141001701355 50.6260986328125
-617 0 0 0.85036700963974 50.719799041748
-618 0 0 0.851598978042603 50.8135986328125
-619 0 0 0.852837026119232 50.907398223877
-620 0 0 0.854079008102417 51.0012016296387
-621 0 0 0.855328023433685 51.0951995849609
-622 0 0 0.856580972671509 51.1890983581543
-623 0 0 0.857840001583099 51.2831001281738
-624 0 0 0.859103977680206 51.3772010803223
-625 0 0 0.860373020172119 51.4712982177734
-626 0 0 0.86164802312851 51.5654983520508
-627 0 0 0.862927973270416 51.6596984863281
-628 0 0 0.864212989807129 51.7540016174316
-629 0 0 0.865503013134003 51.8483009338379
-630 0 0 0.866798996925354 51.942699432373
-631 0 0 0.868099987506866 52.0371017456055
-632 0 0 0.86940598487854 52.1315994262695
-633 0 0 0.870715975761414 52.2261009216309
-634 0 0 0.872032999992371 52.3205986022949
-635 0 0 0.873354017734528 52.4151992797852
-636 0 0 0.874679982662201 52.5098991394043
-637 0 0 0.87601101398468 52.6045989990234
-638 0 0 0.877346992492676 52.6992988586426
-639 0 0 0.878687977790833 52.7941017150879
-640 0 0 0.880034983158112 52.8889007568359
-641 0 0 0.881385982036591 52.9837989807129
-642 0 0 0.882741987705231 53.0787010192871
-643 0 0 0.884103000164032 53.1735992431641
-644 0 0 0.885469019412994 53.2686004638672
-645 0 0 0.886838972568512 53.3637008666992
-646 0 0 0.888215005397797 53.4586982727051
-647 0 0 0.889595985412598 53.5537986755371
-648 0 0 0.890981018543243 53.648998260498
-649 0 0 0.892370998859406 53.7442016601563
-650 16 4 0.893765985965729 53.8394012451172
-651 0 0 0.895165026187897 53.934700012207
-652 0 0 0.896570026874542 54.0299987792969
-653 0 0 0.897979021072388 54.125301361084
-654 0 0 0.899392008781433 54.2206993103027
-655 0 0 0.900811016559601 54.3161010742188
-656 0 0 0.902234017848969 54.4115982055664
-657 0 0 0.903662025928497 54.5069999694824
-658 0 0 0.905094027519226 54.6026000976563
-659 0 0 0.906530976295471 54.6981010437012
-660 0 0 0.907971978187561 54.793701171875
-661 0 0 0.909417986869812 54.8893013000488
-662 0 0 0.910869002342224 54.9850006103516
-663 0 0 0.912324011325836 55.0806999206543
-664 0 0 0.913784027099609 55.176399230957
-665 0 0 0.915247976779938 55.2720985412598
-666 0 0 0.916716992855072 55.3679008483887
-667 0 0 0.918190002441406 55.4636993408203
-668 0 0 0.919668018817902 55.5596008300781
-669 0 0 0.921150028705597 55.6553993225098
-670 0 0 0.922635972499847 55.7513008117676
-671 0 0 0.924126982688904 55.8473014831543
-672 0 0 0.92562198638916 55.9431991577148
-673 0 0 0.927121996879578 56.0391998291016
-674 0 0 0.928626000881195 56.1352996826172
-675 0 0 0.930133998394012 56.2313003540039
-676 0 0 0.931647002696991 56.3274002075195
-677 0 0 0.933164000511169 56.4235000610352
-678 0 0 0.934684991836548 56.5195999145508
-679 0 0 0.936209976673126 56.6157989501953
-680 0 0 0.93774002790451 56.7120018005371
-681 0 0 0.93927401304245 56.8082008361816
-682 0 0 0.940811991691589 56.9043998718262
-683 0 0 0.94235497713089 57.0007019042969
-684 0 0 0.943901002407074 57.0970001220703
-685 0 0 0.945451974868774 57.1932983398438
-686 0 0 0.94700700044632 57.2896003723145
-687 0 0 0.948566019535065 57.3860015869141
-688 0 0 0.950128972530365 57.4823989868164
-689 0 0 0.95169597864151 57.578800201416
-690 0 0 0.953267991542816 57.6752014160156
-691 0 0 0.954842984676361 57.7717018127441
-692 0 0 0.956422984600067 57.8680992126465
-693 0 0 0.958006978034973 57.964599609375
-694 0 0 0.959594011306763 58.0611991882324
-695 0 0 0.961185991764069 58.1576995849609
-696 0 0 0.962782025337219 58.2542991638184
-697 0 0 0.964380979537964 58.3508987426758
-698 0 0 0.965985000133514 58.4474983215332
-699 0 0 0.967593014240265 58.5441017150879
-700 17 4 0.969205021858215 58.6407012939453
-701 0 0 0.970820009708405 58.7374000549316
-702 0 0 0.972440004348755 58.834098815918
-703 0 0 0.974062979221344 58.9308013916016
-704 0 0 0.975691020488739 59.0275001525879
-705 0 0 0.977321982383728 59.1242980957031
-706 0 0 0.978956997394562 59.2210998535156
-707 0 0 0.980596005916595 59.317798614502
-708 0 0 0.982239007949829 59.4146003723145
-709 0 0 0.983886003494263 59.5115013122559
-710 0 0 0.985536992549896 59.6082992553711
-711 0 0 0.987191021442413 59.7052001953125
-712 0 0 0.988849997520447 59.8019981384277
-713 0 0 0.990512013435364 59.8988990783691
-714 0 0 0.992178022861481 59.9958000183105
-715 0 0 0.993847012519836 60.0928001403809
-716 0 0 0.995521008968353 60.1897010803223
-717 0 0 0.997197985649109 60.2867012023926
-718 0 0 0.998879015445709 60.3835983276367
-719 0 0 1.00056004524231 60.480598449707
-720 0 0 1.00224995613098 60.5775985717773
-721 0 0 1.00393998622894 60.6747016906738
-722 0 0 1.00564002990723 60.7717018127441
-723 0 0 1.00733995437622 60.8686981201172
-724 0 0 1.0090399980545 60.9658012390137
-725 0 0 1.01075005531311 61.0629005432129
-726 0 0 1.01245999336243 61.1599998474121
-727 0 0 1.01417005062103 61.2570991516113
-728 0 0 1.01589000225067 61.3541984558105
-729 0 0 1.01760995388031 61.4514007568359
-730 0 0 1.01934003829956 61.5485000610352
-731 0 0 1.02107000350952 61.6456985473633
-732 0 0 1.02279996871948 61.7429008483887
-733 0 0 1.02453994750977 61.8400993347168
-734 0 0 1.02628004550934 61.9373016357422
-735 0 0 1.02802002429962 62.0345001220703
-736 0 0 1.0297600030899 62.1316986083984
-737 0 0 1.03152000904083 62.2289009094238
-738 0 0 1.03327000141144 62.3261985778809
-739 0 0 1.03503000736237 62.4235000610352
-740 0 0 1.03679001331329 62.5206985473633
-741 0 0 1.03855001926422 62.6180000305176
-742 0 0 1.04032003879547 62.7153015136719
-743 0 0 1.04209005832672 62.8126983642578
-744 0 0 1.04385995864868 62.9099998474121
-745 0 0 1.04563999176025 63.0073013305664
-746 0 0 1.04743003845215 63.1046981811523
-747 0 0 1.04920995235443 63.2019996643066
-748 0 0 1.05099999904633 63.2994003295898
-749 0 0 1.05279004573822 63.396800994873
-750 18 4 1.05458998680115 63.4940986633301
-751 0 0 1.05639004707336 63.5914993286133
-752 0 0 1.05818998813629 63.6889991760254
-753 0 0 1.05999004840851 63.7863998413086
-754 0 0 1.06180000305176 63.8838005065918
-755 0 0 1.06361997127533 63.981201171875
-756 0 0 1.06543004512787 64.0786972045898
-757 0 0 1.06725001335144 64.1761016845703
-758 0 0 1.06906998157501 64.2735977172852
-759 0 0 1.07089996337891 64.3711013793945
-760 0 0 1.0727299451828 64.4685974121094
-761 0 0 1.07456004619598 64.5661010742188
-762 0 0 1.0764000415802 64.6635971069336
-763 0 0 1.07824003696442 64.761100769043
-764 0 0 1.08008003234863 64.8585968017578
-765 0 0 1.08193004131317 64.9561004638672
-766 0 0 1.08378005027771 65.053596496582
-767 0 0 1.08563005924225 65.1511993408203
-768 0 0 1.08748996257782 65.2487030029297
-769 0 0 1.08934998512268 65.3462982177734
-770 0 0 1.09121000766754 65.4438018798828
-771 0 0 1.0930700302124 65.5413970947266
-772 0 0 1.0949399471283 65.6389999389648
-773 0 0 1.0968199968338 65.7366027832031
-774 0 0 1.09869003295898 65.8341979980469
-775 0 0 1.1005699634552 65.9318008422852
-776 0 0 1.10245001316071 66.0294036865234
-777 0 0 1.10433995723724 66.1269989013672
-778 0 0 1.10623002052307 66.2246017456055
-779 0 0 1.10811996459961 66.3223037719727
-780 0 0 1.11002004146576 66.4198989868164
-781 0 0 1.1119099855423 66.5175018310547
-782 0 0 1.11381995677948 66.6151962280273
-783 0 0 1.11572003364563 66.7127990722656
-784 0 0 1.11763000488281 66.8105010986328
-785 0 0 1.11953997612 66.9080963134766
-786 0 0 1.1214599609375 67.0057983398438
-787 0 0 1.12337005138397 67.1035003662109
-788 0 0 1.12529003620148 67.2012023925781
-789 0 0 1.1272200345993 67.2988967895508
-790 0 0 1.12915003299713 67.396598815918
-791 0 0 1.13108003139496 67.4943008422852
-792 0 0 1.13301002979279 67.5920028686523
-793 0 0 1.13495004177094 67.689697265625
-794 0 0 1.13689005374908 67.7873992919922
-795 0 0 1.13882994651794 67.8851013183594
-796 0 0 1.14077997207642 67.9828033447266
-797 0 0 1.14272999763489 68.0805969238281
-798 0 0 1.14468002319336 68.1782989501953
-799 0 0 1.14663994312286 68.2760009765625
-800 19 4 1.14858996868134 68.3738021850586
-801 0 0 1.15056002140045 68.4714965820313
-802 0 0 1.15251994132996 68.5692977905273
-803 0 0 1.15448999404907 68.6669998168945
-804 0 0 1.15646004676819 68.7648010253906
-805 0 0 1.15843999385834 68.8626022338867
-806 0 0 1.16041004657745 68.9602966308594
-807 0 0 1.1623899936676 69.0580978393555
-808 0 0 1.16437995433807 69.1558990478516
-809 0 0 1.16636002063751 69.2537002563477
-810 0 0 1.16834998130798 69.3515014648438
-811 0 0 1.17034995555878 69.4492034912109
-812 0 0 1.17234003543854 69.5469970703125
-813 0 0 1.17434000968933 69.6447982788086
-814 0 0 1.17634999752045 69.7425994873047
-815 0 0 1.17834997177124 69.8404006958008
-816 0 0 1.18035995960236 69.9382019042969
-817 0 0 1.18236994743347 70.0361022949219
-818 0 0 1.18438005447388 70.133903503418
-819 0 0 1.18640005588531 70.2316970825195
-820 0 0 1.18842005729675 70.3294982910156
-821 0 0 1.19044995307922 70.4272994995117
-822 0 0 1.19246995449066 70.5251007080078
-823 0 0 1.19449996948242 70.6230010986328
-824 0 0 1.1965399980545 70.7208023071289
-825 0 0 1.19857001304626 70.818603515625
-826 0 0 1.20061004161835 70.9164962768555
-827 0 0 1.20264995098114 71.0142974853516
-828 0 0 1.20469999313354 71.1121978759766
-829 0 0 1.20675003528595 71.2099990844727
-830 0 0 1.20879995822906 71.3078994750977
-831 0 0 1.21085000038147 71.4057006835938
-832 0 0 1.2129100561142 71.5036010742188
-833 0 0 1.21496999263763 71.6014022827148
-834 0 0 1.21703004837036 71.6993026733398
-835 0 0 1.21909999847412 71.7970962524414
-836 0 0 1.22116994857788 71.8949966430664
-837 0 0 1.22324001789093 71.9928970336914
-838 0 0 1.22530996799469 72.0906982421875
-839 0 0 1.22739005088806 72.1885986328125
-840 0 0 1.22947001457214 72.2864990234375
-841 0 0 1.23155999183655 72.3843002319336
-842 0 0 1.23363995552063 72.4822006225586
-843 0 0 1.23573005199432 72.5801010131836
-844 0 0 1.23783004283905 72.6780014038086
-845 0 0 1.23992002010345 72.7758026123047
-846 0 0 1.24202001094818 72.8737030029297
-847 0 0 1.24412000179291 72.9716033935547
-848 0 0 1.24623000621796 73.0695037841797
-849 0 0 1.24834001064301 73.1673965454102
-850 20 4 1.25045001506805 73.2651977539063
-851 0 0 1.2525600194931 73.3630981445313
-852 0 0 1.25468003749847 73.4609985351563
-853 0 0 1.25680005550385 73.5588989257813
-854 0 0 1.25891995429993 73.6567993164063
-855 0 0 1.26104998588562 73.7546997070313
-856 0 0 1.26318001747131 73.8526000976563
-857 0 0 1.26531004905701 73.9505004882813
-858 0 0 1.26743996143341 74.0484008789063
-859 0 0 1.26958000659943 74.1463012695313
-860 0 0 1.27172005176544 74.2442016601563
-861 0 0 1.27385997772217 74.3421020507813
-862 0 0 1.27601003646851 74.4400024414063
-863 0 0 1.27815997600555 74.5379028320313
-864 0 0 1.28031003475189 74.6358032226563
-865 0 0 1.28246998786926 74.7337036132813
-866 0 0 1.2846200466156 74.8315963745117
-867 0 0 1.28679001331329 74.9294967651367
-868 0 0 1.28894996643066 75.0273971557617
-869 0 0 1.29112005233765 75.1252975463867
-870 0 0 1.29329001903534 75.2231979370117
-871 0 0 1.29545998573303 75.3210983276367
-872 0 0 1.29763996601105 75.4189987182617
-873 0 0 1.29981005191803 75.5168991088867
-874 0 0 1.30200004577637 75.6147994995117
-875 0 0 1.30418002605438 75.7126998901367
-876 0 0 1.30637001991272 75.8106002807617
-877 0 0 1.30856001377106 75.9085006713867
-878 0 0 1.31075000762939 76.0065002441406
-879 0 0 1.31295001506805 76.1044006347656
-880 0 0 1.31515002250671 76.2023010253906
-881 0 0 1.31735002994537 76.3002014160156
-882 0 0 1.31956005096436 76.3981018066406
-883 0 0 1.32176005840302 76.4960021972656
-884 0 0 1.32396996021271 76.5939025878906
-885 0 0 1.32618999481201 76.6918029785156
-886 0 0 1.32841002941132 76.7897033691406
-887 0 0 1.33062994480133 76.8876037597656
-888 0 0 1.33284997940063 76.9854965209961
-889 0 0 1.33507001399994 77.0835037231445
-890 0 0 1.33729994297028 77.181396484375
-891 0 0 1.3395299911499 77.279296875
-892 0 0 1.34177005290985 77.377197265625
-893 0 0 1.34400999546051 77.47509765625
-894 0 0 1.34625005722046 77.572998046875
-895 0 0 1.34848999977112 77.6708984375
-896 0 0 1.3507399559021 77.768798828125
-897 0 0 1.35298001766205 77.86669921875
-898 0 0 1.35523998737335 77.964599609375
-899 0 0 1.35748994350433 78.0625
-900 21 4 1.35975003242493 78.160400390625
-901 0 0 1.36201000213623 78.25830078125
-902 0 0 1.36426997184753 78.356201171875
-903 0 0 1.36653995513916 78.4541015625
-904 0 0 1.36881005764008 78.552001953125
-905 0 0 1.3710800409317 78.64990234375
-906 0 0 1.37336003780365 78.747802734375
-907 0 0 1.3756400346756 78.845703125
-908 0 0 1.37792003154755 78.943603515625
-909 0 0 1.38020002841949 79.0414962768555
-910 0 0 1.38249003887177 79.1393966674805
-911 0 0 1.38478004932404 79.2372970581055
-912 0 0 1.38706994056702 79.3351974487305
-913 0 0 1.38936996459961 79.4330978393555
-914 0 0 1.3916699886322 79.5309982299805
-915 0 0 1.39397001266479 79.6288986206055
-916 0 0 1.39627003669739 79.7267990112305
-917 0 0 1.39857995510101 79.8246994018555
-918 0 0 1.40088999271393 79.9225997924805
-919 0 0 1.40320003032684 80.0205001831055
-920 0 0 1.40551996231079 80.1184005737305
-921 0 0 1.40784001350403 80.2163009643555
-922 0 0 1.41015994548798 80.3142013549805
-923 0 0 1.41249001026154 80.4121017456055
-924 0 0 1.41480994224548 80.5099029541016
-925 0 0 1.41714000701904 80.6078033447266
-926 0 0 1.41947996616364 80.7057037353516
-927 0 0 1.42181003093719 80.803596496582
-928 0 0 1.42414999008179 80.901496887207
-929 0 0 1.4264999628067 80.9992980957031
-930 0 0 1.42884004116058 81.0971984863281
-931 0 0 1.4311900138855 81.1950988769531
-932 0 0 1.43353998661041 81.2929992675781
-933 0 0 1.43589997291565 81.3908004760742
-934 0 0 1.43824994564056 81.4887008666992
-935 0 0 1.44061005115509 81.5866012573242
-936 0 0 1.44298005104065 81.6845016479492
-937 0 0 1.44534003734589 81.7823028564453
-938 0 0 1.44771003723145 81.8802032470703
-939 0 0 1.450080037117 81.9781036376953
-940 0 0 1.45246005058289 82.0758972167969
-941 0 0 1.45483994483948 82.1737976074219
-942 0 0 1.45721995830536 82.2716979980469
-943 0 0 1.45959997177124 82.369499206543
-944 0 0 1.46198999881744 82.467399597168
-945 0 0 1.46438002586365 82.5652008056641
-946 0 0 1.46677005290985 82.6631011962891
-947 0 0 1.46915996074677 82.7609024047852
-948 0 0 1.47156000137329 82.8588027954102
-949 0 0 1.47396004199982 82.9565963745117
-950 22 4 1.47636997699738 83.0544967651367
-951 0 0 1.4787700176239 83.1522979736328
-952 0 0 1.48117995262146 83.2501983642578
-953 0 0 1.48360002040863 83.3479995727539
-954 0 0 1.48600995540619 83.4458999633789
-955 0 0 1.48843002319336 83.543701171875
-956 0 0 1.49084997177124 83.6415023803711
-957 0 0 1.49328005313873 83.7394027709961
-958 0 0 1.49571001529694 83.8371963500977
-959 0 0 1.49813997745514 83.9349975585938
-960 0 0 1.50057005882263 84.0328979492188
-961 0 0 1.50301003456116 84.1306991577148
-962 0 0 1.50545001029968 84.2285003662109
-963 0 0 1.50788998603821 84.326301574707
-964 0 0 1.51032996177673 84.424201965332
-965 0 0 1.51277995109558 84.5220031738281
-966 0 0 1.51522994041443 84.6197967529297
-967 0 0 1.5176899433136 84.7175979614258
-968 0 0 1.52014994621277 84.8153991699219
-969 0 0 1.52260994911194 84.913200378418
-970 0 0 1.52506995201111 85.0110015869141
-971 0 0 1.5275399684906 85.1089019775391
-972 0 0 1.53000998497009 85.2067031860352
-973 0 0 1.53248000144958 85.3044967651367
-974 0 0 1.53495001792908 85.4022979736328
-975 0 0 1.53743004798889 85.5000991821289
-976 0 0 1.53990995883942 85.597900390625
-977 0 0 1.54240000247955 85.6957015991211
-978 0 0 1.54488003253937 85.7934036254883
-979 0 0 1.54736995697021 85.8911972045898
-980 0 0 1.54987001419067 85.9889984130859
-981 0 0 1.55236005783081 86.086799621582
-982 0 0 1.55485999584198 86.1846008300781
-983 0 0 1.55736005306244 86.2824020385742
-984 0 0 1.55987000465393 86.3802032470703
-985 0 0 1.56237995624542 86.477897644043
-986 0 0 1.5648900270462 86.5756988525391
-987 0 0 1.5673999786377 86.6735000610352
-988 0 0 1.56991994380951 86.7712020874023
-989 0 0 1.57244002819061 86.8690032958984
-990 0 0 1.57495999336243 86.966796875
-991 0 0 1.57748997211456 87.0644989013672
-992 0 0 1.5800199508667 87.1623001098633
-993 0 0 1.58255004882813 87.2600021362305
-994 0 0 1.58508002758026 87.3578033447266
-995 0 0 1.58762001991272 87.4554977416992
-996 0 0 1.59016001224518 87.5532989501953
-997 0 0 1.59271001815796 87.6510009765625
-998 0 0 1.59526002407074 87.7488021850586
-999 0 0 1.59781002998352 87.8464965820313
-1000 23 9 1.6003600358963 87.9442977905273
