-184 27 -9 -0.0511839985847473 1.72246000147425E-05
-183 0 0 -0.0511839985847473 1.72246000147425E-05
-182 0 0 -0.0511777997016907 7.04643971403129E-05
-181 0 0 -0.0511653013527393 0.000176943998667412
-180 0 0 -0.0511404983699322 0.000389902997994795
-179 0 0 -0.0510409995913506 0.00124173995573074
-178 0 0 -0.0508419014513493 0.00294541008770466
-177 0 0 -0.0497804991900921 0.0120315998792648
-176 0 0 -0.0412868000566959 0.0847152024507523
-175 0 0 -0.0327902995049953 0.157386004924774
-174 0 0 -0.0242913998663425 0.230041995644569
-173 0 0 -0.0157904997467995 0.302680999040604
-172 0 0 -0.0072882198728621 0.375301986932755
-171 0 0 0.00121513998601586 0.447905004024506
-170 0 0 0.00971908960491419 0.520488023757935
-169 0 0 0.0182230994105339 0.593050003051758
-168 0 0 0.0267267990857363 0.665589988231659
-167 0 0 0.0352296009659767 0.738108992576599
-166 0 0 0.0437308996915817 0.810604989528656
-165 0 0 0.0522302985191345 0.883077025413513
-164 0 0 0.0607272014021873 0.955524981021881
-163 0 0 0.0692209973931313 1.02795004844666
-162 0 0 0.0777110978960991 1.10034000873566
-161 0 0 0.0861968025565147 1.17270994186401
-160 0 0 0.0946777015924454 1.24505996704102
-159 0 0 0.103152997791767 1.31737005710602
-158 0 0 0.111621998250484 1.38964998722076
-157 0 0 0.120084002614021 1.46191000938416
-156 0 0 0.128538995981216 1.53412997722626
-155 0 0 0.136986002326012 1.60632002353668
-154 0 0 0.145422995090485 1.67848002910614
-153 0 0 0.153851002454758 1.75059998035431
-152 0 0 0.162268996238708 1.8226900100708
-151 0 0 0.170674994587898 1.894739985466
-150 26 4 0.179069995880127 1.96676003932953
-149 0 0 0.187452003359795 2.03872990608215
-148 0 0 0.19582100212574 2.11067008972168
-147 0 0 0.204175993800163 2.18256998062134
-146 0 0 0.212516993284225 2.25442004203796
-145 0 0 0.220841005444527 2.32624006271362
-144 0 0 0.229149997234344 2.39800000190735
-143 0 0 0.237441003322601 2.46972990036011
-142 0 0 0.245713993906975 2.54139995574951
-141 0 0 0.253969013690948 2.61302995681763
-140 0 0 0.262203991413116 2.68460988998413
-139 0 0 0.270420014858246 2.7561399936676
-138 0 0 0.278614014387131 2.82762002944946
-137 0 0 0.286787003278732 2.89903998374939
-136 0 0 0.294937014579773 2.97041988372803
-135 0 0 0.303063988685608 3.04172992706299
-134 0 0 0.311167001724243 3.11298990249634
-133 0 0 0.319245010614395 3.18420004844666
-132 0 0 0.327297985553741 3.25535011291504
-131 0 0 0.335323989391327 3.32643008232117
-130 0 0 0.34332400560379 3.39745998382568
-129 0 0 0.351294994354248 3.46842002868652
-128 0 0 0.359239012002945 3.53931999206543
-127 0 0 0.367152988910675 3.61016011238098
-126 0 0 0.375037014484406 3.6809298992157
-125 0 0 0.382890999317169 3.75164008140564
-124 0 0 0.390713006258011 3.82227993011475
-123 0 0 0.398503988981247 3.89284992218018
-122 0 0 0.406262010335922 3.96335005760193
-121 0 0 0.413985997438431 4.03378009796143
-120 0 0 0.421676993370056 4.10414981842041
-119 0 0 0.429333001375198 4.17443990707397
-118 0 0 0.436955004930496 4.24465990066528
-117 0 0 0.444539994001389 4.31479978561401
-116 0 0 0.452089011669159 4.38487005233765
-115 0 0 0.459601014852524 4.45487022399902
-114 0 0 0.467074990272522 4.52478981018066
-113 0 0 0.474512010812759 4.59463977813721
-112 0 0 0.48190900683403 4.66441011428833
-111 0 0 0.489268004894257 4.73409986495972
-110 0 0 0.496587008237839 4.80371999740601
-109 0 0 0.503866016864777 4.87326002120972
-108 0 0 0.511103987693787 4.94271993637085
-107 0 0 0.518301010131836 5.01210021972656
-106 0 0 0.52545702457428 5.08140993118286
-105 0 0 0.532570004463196 5.15062999725342
-104 0 0 0.539641976356506 5.21977996826172
-103 0 0 0.546670019626617 5.28883981704712
-102 0 0 0.553655028343201 5.35783004760742
-101 0 0 0.560597002506256 5.42674016952515
-100 25 4 0.567493975162506 5.49557018280029
-99 0 0 0.574347972869873 5.56432008743286
-98 0 0 0.581156015396118 5.63297986984253
-97 0 0 0.587920010089874 5.7015700340271
-96 0 0 0.594639003276825 5.77009010314941
-95 0 0 0.601311981678009 5.83852005004883
-94 0 0 0.607939004898071 5.90686988830566
-93 0 0 0.614520013332367 5.9751501083374
-92 0 0 0.621055006980896 6.04334020614624
-91 0 0 0.627542972564697 6.11146020889282
-90 0 0 0.633984982967377 6.17950010299683
-89 0 0 0.640379011631012 6.24746990203857
-88 0 0 0.646727025508881 6.3153600692749
-87 0 0 0.65302699804306 6.38317012786865
-86 0 0 0.659278988838196 6.45091009140015
-85 0 0 0.665484011173248 6.51856994628906
-84 0 0 0.671642005443573 6.58616018295288
-83 0 0 0.677751004695892 6.65366983413696
-82 0 0 0.683812022209167 6.72111988067627
-81 0 0 0.689826011657715 6.788489818573
-80 0 0 0.695791006088257 6.85579013824463
-79 0 0 0.701707005500793 6.92300987243652
-78 0 0 0.707575976848602 6.99017000198364
-77 0 0 0.713396012783051 7.05726003646851
-76 0 0 0.71916800737381 7.12428998947144
-75 0 0 0.724891006946564 7.19123983383179
-74 0 0 0.730565011501312 7.25813007354736
-73 0 0 0.736191987991333 7.32496023178101
-72 0 0 0.741769015789032 7.39171981811523
-71 0 0 0.747298002243042 7.45841979980469
-70 0 0 0.752779006958008 7.52505016326904
-69 0 0 0.758211016654968 7.59162998199463
-68 0 0 0.76359498500824 7.65814018249512
-67 0 0 0.768930017948151 7.72459983825684
-66 0 0 0.774217009544373 7.79099988937378
-65 0 0 0.77945601940155 7.85733985900879
-64 0 0 0.784646987915039 7.92363023757935
-63 0 0 0.789789021015167 7.98986005783081
-62 0 0 0.794883012771606 8.05603981018066
-61 0 0 0.799929022789001 8.12217044830322
-60 0 0 0.804928004741669 8.1882495880127
-59 0 0 0.809877991676331 8.25428009033203
-58 0 0 0.814781010150909 8.3202600479126
-57 0 0 0.819635987281799 8.38619995117188
-56 0 0 0.824443995952606 8.4520902633667
-55 0 0 0.829204022884369 8.51793003082275
-54 0 0 0.83391797542572 8.58372974395752
-53 0 0 0.838584005832672 8.64949035644531
-52 0 0 0.843203008174896 8.71522045135498
-51 0 0 0.847774982452393 8.78090000152588
-50 24 4 0.852301001548767 8.8465404510498
-49 0 0 0.856779992580414 8.91215038299561
-48 0 0 0.861213028430939 8.97772026062012
-47 0 0 0.865598976612091 9.0432596206665
-46 0 0 0.869939982891083 9.1087703704834
-45 0 0 0.874234974384308 9.17424964904785
-44 0 0 0.878484010696411 9.23968982696533
-43 0 0 0.882686972618103 9.30510997772217
-42 0 0 0.886846005916595 9.37049961090088
-41 0 0 0.890959024429321 9.43587017059326
-40 0 0 0.895026981830597 9.50121021270752
-39 0 0 0.899049997329712 9.56653022766113
-38 0 0 0.903029024600983 9.6318302154541
-37 0 0 0.906964004039764 9.69711017608643
-36 0 0 0.910853981971741 9.76237010955811
-35 0 0 0.914699971675873 9.82761001586914
-34 0 0 0.918502986431122 9.89284038543701
-33 0 0 0.922262012958527 9.95804977416992
-32 0 0 0.925976991653442 10.0233001708984
-31 0 0 0.929650008678436 10.088399887085
-30 0 0 0.933278977870941 10.1535997390747
-29 0 0 0.936865985393524 10.2187995910645
-28 0 0 0.940410017967224 10.2839002609253
-27 0 0 0.943912029266357 10.349100112915
-26 0 0 0.947372019290924 10.4141998291016
-25 0 0 0.950789988040924 10.4793996810913
-24 0 0 0.954165995121002 10.5445003509521
-23 0 0 0.957500994205475 10.6097002029419
-22 0 0 0.960794985294342 10.6747999191284
-21 0 0 0.964048027992249 10.7399997711182
-20 0 0 0.967260003089905 10.805100440979
-19 0 0 0.970431983470917 10.8703002929688
-18 0 0 0.973563015460968 10.9354000091553
-17 0 0 0.97665399312973 11.000599861145
-16 0 0 0.979705989360809 11.0656995773315
-15 0 0 0.982717990875244 11.1309003829956
-14 0 0 0.985689997673035 11.1961002349854
-13 0 0 0.988623976707458 11.2613000869751
-12 0 0 0.991518974304199 11.3264999389648
-11 0 0 0.994374990463257 11.3917999267578
-10 0 0 0.996303975582123 11.4364004135132
-9 0 0 0.997581005096436 11.4660997390747
-8 0 0 0.998427987098694 11.4858999252319
-7 0 0 0.998989999294281 11.4990997314453
-6 0 0 0.999364018440247 11.5079002380371
-5 0 0 0.999612987041473 11.5137996673584
-4 0 0 0.999778985977173 11.5177001953125
-3 0 0 0.999890029430389 11.520299911499
-2 0 0 0.999944984912872 11.5215997695923
1 0 0 1 11.5228996276855
1 0 0 1 11.5228996276855
-2 0 0 1.00005996227264 11.5242004394531
-3 0 0 1.00011003017426 11.5256004333496
-4 0 0 1.00021994113922 11.5282001495361
-5 0 0 1.00039005279541 11.5320997238159
-6 0 0 1.00063002109528 11.5380001068115
-7 0 0 1.00100004673004 11.546799659729
-8 0 0 1.00155997276306 11.5600004196167
-9 0 0 1.0023900270462 11.5797996520996
-10 0 0 1.00363004207611 11.6096000671387
-11 0 0 1.00547003746033 11.6541996002197
-12 0 0 1.0081399679184 11.7194995880127
-13 0 0 1.01076996326447 11.7848997116089
-14 0 0 1.01336002349854 11.8501996994019
-15 0 0 1.01591002941132 11.915599822998
-16 0 0 1.01842999458313 11.9809999465942
-17 0 0 1.02091002464294 12.0464000701904
-18 0 0 1.02336001396179 12.1119003295898
-19 0 0 1.02576994895935 12.1773996353149
-20 0 0 1.02813994884491 12.2428998947144
-21 0 0 1.03048002719879 12.308500289917
-22 0 0 1.03278994560242 12.3740997314453
-23 0 0 1.03506004810333 12.4397001266479
-24 0 0 1.03728997707367 12.5052995681763
-25 0 0 1.03948998451233 12.5710000991821
-26 0 0 1.04165995121002 12.6366996765137
-27 0 0 1.04378998279572 12.7025003433228
-28 0 0 1.04588997364044 12.7683000564575
-29 0 0 1.04796004295349 12.8340997695923
-30 0 0 1.04999005794525 12.8999996185303
-31 0 0 1.05199003219604 12.9659004211426
-32 0 0 1.05395996570587 13.0319004058838
-33 0 0 1.0558899641037 13.097900390625
-34 0 0 1.05780005455017 13.1639003753662
-35 0 0 1.05966997146606 13.2299995422363
-36 0 0 1.06150996685028 13.2960996627808
-37 0 0 1.06332004070282 13.3622999191284
-38 0 0 1.06508994102478 13.4285001754761
-39 0 0 1.06684005260468 13.4947996139526
-40 0 0 1.06856000423431 13.5611000061035
-41 0 0 1.07024002075195 13.6274995803833
-42 0 0 1.07190001010895 13.6939001083374
-43 0 0 1.07351994514465 13.7603998184204
-44 0 0 1.075119972229 13.8268995285034
-45 0 0 1.07668995857239 13.893500328064
-46 0 0 1.07822000980377 13.9601001739502
-47 0 0 1.07973003387451 14.0268001556396
-48 0 0 1.08121001720428 14.0935001373291
-49 0 0 1.08265995979309 14.1603002548218
-50 2 4 1.08407998085022 14.2271995544434
-51 0 0 1.0854799747467 14.2940998077393
-52 0 0 1.08685004711151 14.3611001968384
-53 0 0 1.08818995952606 14.4280996322632
-54 0 0 1.08949995040894 14.4952001571655
-55 0 0 1.09078001976013 14.5622997283936
-56 0 0 1.09203994274139 14.6295003890991
-57 0 0 1.0932799577713 14.6968002319336
-58 0 0 1.09448003768921 14.7641000747681
-59 0 0 1.09565997123718 14.8315000534058
-60 0 0 1.0968199968338 14.8990001678467
-61 0 0 1.09794998168945 14.9665002822876
-62 0 0 1.09905004501343 15.0340995788574
-63 0 0 1.10012996196747 15.1016998291016
-64 0 0 1.10117995738983 15.1694002151489
-65 0 0 1.10221004486084 15.2371997833252
-66 0 0 1.10321998596191 15.3050003051758
-67 0 0 1.10420000553131 15.3729000091553
-68 0 0 1.10514998435974 15.440899848938
-69 0 0 1.10608994960785 15.5089998245239
-70 0 0 1.10699999332428 15.5770998001099
-71 0 0 1.10787999629974 15.645299911499
-72 0 0 1.10874998569489 15.7135000228882
-73 0 0 1.10959005355835 15.7818002700806
-74 0 0 1.11040997505188 15.8501996994019
-75 0 0 1.11120998859406 15.9187002182007
-76 0 0 1.11197996139526 15.9871997833252
-77 0 0 1.11273002624512 16.0557994842529
-78 0 0 1.11346995830536 16.1245002746582
-79 0 0 1.11417996883392 16.1931991577148
-80 0 0 1.11486995220184 16.261999130249
-81 0 0 1.11553001403809 16.3309001922607
-82 0 0 1.11617994308472 16.3999004364014
-83 0 0 1.11680996417999 16.468900680542
-84 0 0 1.11741995811462 16.5380001068115
-85 0 0 1.1180100440979 16.6072006225586
-86 0 0 1.11856997013092 16.676399230957
-87 0 0 1.11912000179291 16.7457008361816
-88 0 0 1.11965000629425 16.8150997161865
-89 0 0 1.12015998363495 16.8845996856689
-90 0 0 1.12065994739532 16.9540996551514
-91 0 0 1.12112998962402 17.0237998962402
-92 0 0 1.1215900182724 17.0933990478516
-93 0 0 1.12202000617981 17.163200378418
-94 0 0 1.1224399805069 17.2329998016357
-95 0 0 1.12284994125366 17.30299949646
-96 0 0 1.12322998046875 17.3729000091553
-97 0 0 1.12360000610352 17.443000793457
-98 0 0 1.12395000457764 17.5130996704102
-99 0 0 1.12428998947144 17.5834007263184
-100 3 4 1.12460005283356 17.653600692749
-101 0 0 1.12490999698639 17.7240009307861
-102 0 0 1.12519001960754 17.7943992614746
-103 0 0 1.12546002864838 17.8649005889893
-104 0 0 1.12572002410889 17.9354991912842
-105 0 0 1.12595999240875 18.0062007904053
-106 0 0 1.12618005275726 18.0769004821777
-107 0 0 1.12638998031616 18.1476993560791
-108 0 0 1.12659001350403 18.218599319458
-109 0 0 1.12677001953125 18.2896003723145
-110 0 0 1.12692999839783 18.3605995178223
-111 0 0 1.12707996368408 18.4316997528076
-112 0 0 1.1272200345993 18.5028991699219
-113 0 0 1.12734997272491 18.5741996765137
-114 0 0 1.12746000289917 18.6455001831055
-115 0 0 1.1275600194931 18.7168998718262
-116 0 0 1.12764000892639 18.7884006500244
-117 0 0 1.12770998477936 18.859899520874
-118 0 0 1.127769947052 18.9316005706787
-119 0 0 1.12782001495361 19.0032997131348
-120 0 0 1.12785995006561 19.0750007629395
-121 0 0 1.12787997722626 19.146900177002
-122 0 0 1.12788999080658 19.2187995910645
123 4 2 1.12788999080658 19.2560997009277
124 0 0 1.12788999080658 19.3281993865967
125 0 0 1.12786996364594 19.4002990722656
126 0 0 1.12784004211426 19.4724998474121
127 0 0 1.12779998779297 19.5447006225586
128 0 0 1.12776005268097 19.617000579834
129 0 0 1.12769997119904 19.6893997192383
130 0 0 1.12762999534607 19.7618999481201
131 0 0 1.12755000591278 19.834400177002
132 0 0 1.12746000289917 19.9069995880127
133 0 0 1.12735998630524 19.979700088501
134 0 0 1.12724995613098 20.0524997711182
135 0 0 1.12713003158569 20.1252994537354
136 0 0 1.12699997425079 20.1982002258301
137 0 0 1.12686002254486 20.2712001800537
138 0 0 1.12671995162964 20.3442001342773
139 0 0 1.12655997276306 20.4172992706299
140 0 0 1.12639999389648 20.49049949646
141 0 0 1.12623000144958 20.56369972229
142 0 0 1.12604999542236 20.636999130249
143 0 0 1.12586998939514 20.7103996276855
144 0 0 1.12566995620728 20.783899307251
145 0 0 1.1254700422287 20.857400894165
146 0 0 1.12525999546051 20.9309997558594
147 0 0 1.12504994869232 21.0046005249023
148 0 0 1.12481999397278 21.0783004760742
149 0 0 1.12460005283356 21.152099609375
150 5 4 1.1243599653244 21.2259998321533
151 0 0 1.12411999702454 21.2999000549316
152 0 0 1.12387001514435 21.3738994598389
153 0 0 1.12361001968384 21.4479007720947
154 0 0 1.12335002422333 21.5219993591309
155 0 0 1.1230800151825 21.5962009429932
156 0 0 1.12281000614166 21.6704998016357
157 0 0 1.12252998352051 21.744800567627
158 0 0 1.12224996089935 21.8192005157471
159 0 0 1.12196004390717 21.8936004638672
160 0 0 1.12167000770569 21.9680995941162
161 0 0 1.12136995792389 22.0426998138428
162 0 0 1.12106001377106 22.1173000335693
163 0 0 1.12075996398926 22.1919994354248
164 0 0 1.1204400062561 22.2667007446289
165 0 0 1.12012994289398 22.3416004180908
166 0 0 1.11980998516083 22.4164009094238
167 0 0 1.11948001384735 22.4913997650146
168 0 0 1.11915004253387 22.5664005279541
169 0 0 1.11881995201111 22.6413993835449
170 0 0 1.11847996711731 22.7166004180908
171 0 0 1.11813998222351 22.7917995452881
172 0 0 1.11779999732971 22.867000579834
173 0 0 1.11744999885559 22.9423007965088
174 0 0 1.11710000038147 23.0177001953125
175 0 0 1.11675000190735 23.0930995941162
176 0 0 1.11640000343323 23.1686000823975
177 0 0 1.11603999137878 23.2441005706787
178 0 0 1.11567997932434 23.3197002410889
179 0 0 1.1153199672699 23.3953990936279
180 0 0 1.11494994163513 23.4710998535156
181 0 0 1.11458003520966 23.5468006134033
182 0 0 1.11422002315521 23.6226997375488
183 0 0 1.11383998394012 23.698600769043
184 0 0 1.11346995830536 23.7744998931885
185 0 0 1.11310005187988 23.8505001068115
186 0 0 1.11272001266479 23.9265003204346
187 0 0 1.11233997344971 24.0027008056641
188 0 0 1.11196005344391 24.078800201416
189 0 0 1.11158001422882 24.1550006866455
190 0 0 1.11119997501373 24.2313003540039
191 0 0 1.11082005500793 24.3076000213623
192 0 0 1.11044001579285 24.3840007781982
193 0 0 1.11004996299744 24.4605007171631
194 0 0 1.10967004299164 24.5370006561279
195 0 0 1.10927999019623 24.6135005950928
196 0 0 1.10889995098114 24.6900997161865
197 0 0 1.10851001739502 24.7667999267578
198 0 0 1.10811996459961 24.8435001373291
199 0 0 1.10774004459381 24.9202003479004
200 6 4 1.1073499917984 24.9969997406006
201 0 0 1.10696005821228 25.0739002227783
202 0 0 1.10658001899719 25.1508007049561
203 0 0 1.10618996620178 25.2278003692627
204 0 0 1.10580003261566 25.3048000335693
205 0 0 1.10541999340057 25.3819007873535
206 0 0 1.10502994060516 25.4589996337891
207 0 0 1.10464000701904 25.5361995697021
208 0 0 1.10425996780396 25.6133995056152
209 0 0 1.10388004779816 25.6905994415283
210 0 0 1.10348999500275 25.7679996490479
211 0 0 1.10310995578766 25.8453006744385
212 0 0 1.10273003578186 25.9228000640869
213 0 0 1.10234999656677 26.0002002716064
214 0 0 1.10196995735168 26.0778007507324
215 0 0 1.10159003734589 26.1553001403809
216 0 0 1.1012099981308 26.2329998016357
217 0 0 1.10083997249603 26.3106002807617
218 0 0 1.10046994686127 26.3882999420166
219 0 0 1.10009002685547 26.466100692749
220 0 0 1.0997200012207 26.5438995361328
221 0 0 1.09934997558594 26.6217994689941
222 0 0 1.09897994995117 26.6996994018555
223 0 0 1.09862005710602 26.7777004241943
224 0 0 1.09825003147125 26.8556995391846
225 0 0 1.09789001941681 26.9337005615234
226 0 0 1.09753000736237 27.0118007659912
227 0 0 1.09716999530792 27.0900001525879
228 0 0 1.0968199968338 27.1681995391846
229 0 0 1.09645998477936 27.2464008331299
230 0 0 1.09610998630524 27.3246994018555
231 0 0 1.09575998783112 27.4030990600586
232 0 0 1.09540998935699 27.4815006256104
233 0 0 1.0950700044632 27.5599002838135
234 0 0 1.0947300195694 27.6383991241455
235 0 0 1.0943900346756 27.7168998718262
236 0 0 1.0940500497818 27.7954998016357
237 0 0 1.09370994567871 27.8740997314453
238 0 0 1.09337997436523 27.9528007507324
239 0 0 1.09305000305176 28.0314998626709
240 0 0 1.09272003173828 28.110200881958
241 0 0 1.09239995479584 28.1889991760254
242 0 0 1.09207999706268 28.2679004669189
243 0 0 1.09176003932953 28.3467998504639
244 0 0 1.09144997596741 28.4256992340088
245 0 0 1.09113001823425 28.5046997070313
246 0 0 1.09081995487213 28.5837993621826
247 0 0 1.09052002429962 28.6627998352051
248 0 0 1.09021997451782 28.742000579834
249 0 0 1.08992004394531 28.8211002349854
250 7 4 1.08961999416351 28.9002990722656
251 0 0 1.08932995796204 28.9796009063721
252 0 0 1.08904004096985 29.0589008331299
253 0 0 1.08875000476837 29.1382999420166
254 0 0 1.08846998214722 29.2176990509033
255 0 0 1.08818995952606 29.2971000671387
256 0 0 1.0879100561142 29.3766002655029
257 0 0 1.08764004707336 29.4561004638672
258 0 0 1.08737003803253 29.5356998443604
259 0 0 1.0871000289917 29.6152992248535
260 0 0 1.08684003353119 29.6949996948242
261 0 0 1.08658003807068 29.7747001647949
262 0 0 1.08633005619049 29.8544998168945
263 0 0 1.08607995510101 29.9342994689941
264 0 0 1.08582997322083 30.0140991210938
265 0 0 1.08559000492096 30.0939998626709
266 0 0 1.08535003662109 30.173900604248
267 0 0 1.08510994911194 30.2539005279541
268 0 0 1.0848799943924 30.3339004516602
269 0 0 1.08465003967285 30.4139995574951
270 0 0 1.08442997932434 30.4941005706787
271 0 0 1.08421003818512 30.5743007659912
272 0 0 1.08398997783661 30.6544990539551
273 0 0 1.08378005027771 30.7346992492676
274 0 0 1.08357000350952 30.8150005340576
275 0 0 1.08336997032166 30.895299911499
276 0 0 1.08317005634308 30.975700378418
277 0 0 1.08297002315521 31.0562000274658
278 0 0 1.08278000354767 31.1366004943848
279 0 0 1.08258998394012 31.2171001434326
280 0 0 1.0824099779129 31.297700881958
281 0 0 1.08222997188568 31.3782997131348
282 0 0 1.08205997943878 31.4589996337891
283 0 0 1.08188998699188 31.5396003723145
284 0 0 1.08171999454498 31.6203994750977
285 0 0 1.08156001567841 31.7012004852295
286 0 0 1.08140003681183 31.7819995880127
287 0 0 1.08124995231628 31.8628997802734
288 0 0 1.08109998703003 31.9437999725342
289 0 0 1.0809600353241 32.0247001647949
290 0 0 1.08081996440887 32.1058006286621
291 0 0 1.08068001270294 32.1867980957031
292 0 0 1.08054995536804 32.2678985595703
293 0 0 1.08042001724243 32.3489990234375
294 0 0 1.08029997348785 32.4301986694336
295 0 0 1.0801899433136 32.5115013122559
296 0 0 1.08007001876831 32.592700958252
297 0 0 1.07995998859406 32.6740989685059
298 0 0 1.07985997200012 32.7554016113281
299 0 0 1.07975995540619 32.836799621582
300 8 4 1.07966995239258 32.9183006286621
301 0 0 1.07957994937897 32.9998016357422
302 0 0 1.07948994636536 33.081298828125
303 0 0 1.07940995693207 33.162899017334
304 0 0 1.0793399810791 33.2445983886719
305 0 0 1.07925999164581 33.3261985778809
306 0 0 1.07920002937317 33.4080009460449
307 0 0 1.07913994789124 33.4897003173828
308 0 0 1.07907998561859 33.5716018676758
309 0 0 1.07903003692627 33.6534004211426
310 0 0 1.07897996902466 33.7352981567383
311 0 0 1.07894003391266 33.8172988891602
312 0 0 1.07889997959137 33.899299621582
313 0 0 1.07886004447937 33.9813003540039
314 0 0 1.0788300037384 34.0634002685547
315 0 0 1.07880997657776 34.1455001831055
316 0 0 1.07878994941711 34.2276992797852
317 0 0 1.07878005504608 34.3098983764648
318 0 0 1.07877004146576 34.3922004699707
319 0 0 1.07876002788544 34.4744987487793
320 9 2 1.07876002788544 34.5140991210938
-321 0 0 1.07876002788544 34.5965003967285
-322 0 0 1.07877004146576 34.6789016723633
-323 0 0 1.07878005504608 34.7613983154297
-324 0 0 1.07879996299744 34.8438987731934
-325 0 0 1.07881999015808 34.9264984130859
-326 0 0 1.07885003089905 35.0091018676758
-327 0 0 1.07887995243073 35.0918006896973
-328 0 0 1.07892000675201 35.1744995117188
-329 0 0 1.07895994186401 35.2571983337402
-330 0 0 1.07901000976563 35.3400001525879
-331 0 0 1.07905995845795 35.4229011535645
-332 0 0 1.07911002635956 35.5056991577148
-333 0 0 1.0791699886322 35.5886993408203
-334 0 0 1.07923996448517 35.6716995239258
-335 0 0 1.07931005954742 35.7546997070313
-336 0 0 1.07939004898071 35.8377990722656
-337 0 0 1.079470038414 35.9208984375
-338 0 0 1.07955002784729 36.0040016174316
-339 0 0 1.0796400308609 36.0872993469238
-340 0 0 1.07974004745483 36.1705017089844
-341 0 0 1.07983994483948 36.2537994384766
-342 0 0 1.07994997501373 36.3372001647949
-343 0 0 1.08006000518799 36.4206008911133
-344 0 0 1.08017003536224 36.5040016174316
-345 0 0 1.08028995990753 36.5875015258789
-346 0 0 1.08042001724243 36.6711006164551
-347 0 0 1.08054995536804 36.7546005249023
-348 0 0 1.08068001270294 36.8382987976074
-349 0 0 1.08081996440887 36.9220008850098
-350 10 4 1.08097004890442 37.0056991577148
-351 0 0 1.08112001419067 37.0895004272461
-352 0 0 1.08127999305725 37.1733016967773
-353 0 0 1.08143997192383 37.2570991516113
-354 0 0 1.08159995079041 37.3410987854004
-355 0 0 1.0817699432373 37.4249992370605
-356 0 0 1.08194994926453 37.5089988708496
-357 0 0 1.08212995529175 37.5931015014648
-358 0 0 1.08230996131897 37.6772003173828
-359 0 0 1.08249998092651 37.7612991333008
-360 0 0 1.08270001411438 37.8455009460449
-361 0 0 1.08290004730225 37.9297981262207
-362 0 0 1.08310997486115 38.0139999389648
-363 0 0 1.08332002162933 38.0984001159668
-364 0 0 1.08352994918823 38.1828002929688
-365 0 0 1.08375000953674 38.2672004699707
-366 0 0 1.08397996425629 38.3516998291016
-367 0 0 1.08421003818512 38.4361991882324
-368 0 0 1.08445000648499 38.5208015441895
-369 0 0 1.08468997478485 38.6054000854492
-370 0 0 1.08492994308472 38.689998626709
-371 0 0 1.08518004417419 38.7747001647949
-372 0 0 1.0854400396347 38.8595008850098
-373 0 0 1.08570003509521 38.9443016052246
-374 0 0 1.08597004413605 39.0292015075684
-375 0 0 1.08624005317688 39.1141014099121
-376 0 0 1.08650994300842 39.1990013122559
-377 0 0 1.08678996562958 39.2840003967285
-378 0 0 1.08708000183105 39.3689994812012
-379 0 0 1.08737003803253 39.4541015625
-380 0 0 1.08766996860504 39.5392990112305
-381 0 0 1.08797001838684 39.6245002746582
-382 0 0 1.08826994895935 39.7097015380859
-383 0 0 1.08859002590179 39.7949981689453
-384 0 0 1.08889997005463 39.880298614502
-385 0 0 1.08922004699707 39.9656982421875
-386 0 0 1.08955001831055 40.0511016845703
-387 0 0 1.08987998962402 40.1365013122559
-388 0 0 1.09021997451782 40.2220993041992
-389 0 0 1.09055995941162 40.3075981140137
-390 0 0 1.09089994430542 40.3931999206543
-391 0 0 1.09125995635986 40.4789009094238
-392 0 0 1.09160995483398 40.5646018981934
-393 0 0 1.09196996688843 40.6502990722656
-394 0 0 1.09233999252319 40.7360992431641
-395 0 0 1.09271001815796 40.8219985961914
-396 0 0 1.09309005737305 40.907901763916
-397 0 0 1.09346997737885 40.9938011169434
-398 0 0 1.09385001659393 41.0797996520996
-399 0 0 1.09424996376038 41.1657981872559
-400 11 4 1.09464001655579 41.2518997192383
-401 0 0 1.09503996372223 41.3380012512207
-402 0 0 1.09545004367828 41.4241981506348
-403 0 0 1.09586000442505 41.5103988647461
-404 0 0 1.09627997875214 41.5966987609863
-405 0 0 1.09669995307922 41.6829986572266
-406 0 0 1.0971200466156 41.7692985534668
-407 0 0 1.09756004810333 41.8558006286621
-408 0 0 1.09799003601074 41.9421997070313
-409 0 0 1.09843003749847 42.0287017822266
-410 0 0 1.09888005256653 42.1152992248535
-411 0 0 1.09932994842529 42.2018013000488
-412 0 0 1.09978997707367 42.288501739502
-413 0 0 1.10025000572205 42.3751983642578
-414 0 0 1.10071003437042 42.4618988037109
-415 0 0 1.10117995738983 42.548698425293
-416 0 0 1.10166001319885 42.6355018615723
-417 0 0 1.10213994979858 42.7224006652832
-418 0 0 1.10263001918793 42.8092994689941
-419 0 0 1.10311996936798 42.8963012695313
-420 0 0 1.10361003875732 42.9832992553711
-421 0 0 1.1041100025177 43.0703010559082
-422 0 0 1.1046199798584 43.157398223877
-423 0 0 1.1051299571991 43.2445983886719
-424 0 0 1.10564005374908 43.3317985534668
-425 0 0 1.1061600446701 43.4189987182617
-426 0 0 1.10669004917145 43.5063018798828
-427 0 0 1.10722005367279 43.5936012268066
-428 0 0 1.10775005817413 43.6809997558594
-429 0 0 1.10828995704651 43.7685012817383
-430 0 0 1.1088399887085 43.855899810791
-431 0 0 1.10939002037048 43.9434013366699
-432 0 0 1.10994005203247 44.0309982299805
-433 0 0 1.11049997806549 44.1185989379883
-434 0 0 1.1110600233078 44.206298828125
-435 0 0 1.11162996292114 44.2939987182617
-436 0 0 1.1122100353241 44.3816986083984
-437 0 0 1.11277997493744 44.4695014953613
-438 0 0 1.11336994171143 44.557300567627
-439 0 0 1.1139600276947 44.6451988220215
-440 0 0 1.11454999446869 44.7331008911133
-441 0 0 1.115149974823 44.8210983276367
-442 0 0 1.11574995517731 44.9090995788574
-443 0 0 1.11635994911194 44.997200012207
-444 0 0 1.11696994304657 45.0853004455566
-445 0 0 1.11758995056152 45.1735000610352
-446 0 0 1.11820995807648 45.2616004943848
-447 0 0 1.11883997917175 45.3498992919922
-448 0 0 1.11947000026703 45.4382019042969
-449 0 0 1.12011003494263 45.5265007019043
-450 12 4 1.12074995040894 45.6148986816406
-451 0 0 1.12138998508453 45.7033004760742
-452 0 0 1.12205004692078 45.7918014526367
-453 0 0 1.12269997596741 45.880298614502
-454 0 0 1.12336003780365 45.9687995910645
-455 0 0 1.12402999401093 46.0573997497559
-456 0 0 1.1246999502182 46.1460990905762
-457 0 0 1.12537002563477 46.2346992492676
-458 0 0 1.12604999542236 46.3235015869141
-459 0 0 1.12673997879028 46.4122009277344
-460 0 0 1.1274299621582 46.5009994506836
-461 0 0 1.12811994552612 46.589900970459
-462 0 0 1.12881994247437 46.6787986755371
-463 0 0 1.1295200586319 46.7677001953125
-464 0 0 1.13022994995117 46.8567008972168
-465 0 0 1.13093996047974 46.94580078125
-466 0 0 1.13165998458862 47.0348014831543
-467 0 0 1.13239002227783 47.1240005493164
-468 0 0 1.13311004638672 47.2131004333496
-469 0 0 1.13383996486664 47.3022994995117
-470 0 0 1.13458001613617 47.3916015625
-471 0 0 1.13531994819641 47.4808006286621
-472 0 0 1.13607001304626 47.5702018737793
-473 0 0 1.13681995868683 47.6595001220703
-474 0 0 1.13757002353668 47.7490005493164
-475 0 0 1.13832998275757 47.8384017944336
-476 0 0 1.13909995555878 47.9278984069824
-477 0 0 1.13987004756927 48.0175018310547
-478 0 0 1.14064002037048 48.1069984436035
-479 0 0 1.14142000675201 48.1967010498047
-480 0 0 1.14219999313354 48.2863006591797
-481 0 0 1.1429899930954 48.3759994506836
-482 0 0 1.14379000663757 48.4658012390137
-483 0 0 1.14458000659943 48.5555992126465
-484 0 0 1.14539003372192 48.6454010009766
-485 0 0 1.1461900472641 48.7352981567383
-486 0 0 1.14699995517731 48.8251991271973
-487 0 0 1.14781999588013 48.9151000976563
-488 0 0 1.14864003658295 49.0051002502441
-489 0 0 1.14945995807648 49.0951995849609
-490 0 0 1.15029001235962 49.1851997375488
-491 0 0 1.15112996101379 49.2753982543945
-492 0 0 1.15197002887726 49.3655014038086
-493 0 0 1.15280997753143 49.4556999206543
-494 0 0 1.15366005897522 49.5458984375
-495 0 0 1.15451002120972 49.6361999511719
-496 0 0 1.15536999702454 49.7265014648438
-497 0 0 1.15622997283936 49.8168983459473
-498 0 0 1.1570999622345 49.907299041748
-499 0 0 1.15796995162964 49.9976997375488
-500 13 4 1.15883994102478 50.0881996154785
-501 0 0 1.15971994400024 50.1786994934082
-502 0 0 1.16060996055603 50.2692985534668
-503 0 0 1.16149997711182 50.3597984313965
-504 0 0 1.1623899936676 50.4505004882813
-505 0 0 1.16329002380371 50.5410995483398
-506 0 0 1.16419005393982 50.6318016052246
-507 0 0 1.16509997844696 50.722599029541
-508 0 0 1.16601002216339 50.8134002685547
-509 0 0 1.16692996025085 50.9042015075684
-510 0 0 1.16785001754761 50.9950981140137
-511 0 0 1.16876995563507 51.0859985351563
-512 0 0 1.16970002651215 51.1768989562988
-513 0 0 1.17062997817993 51.2678985595703
-514 0 0 1.17156994342804 51.3588981628418
-515 0 0 1.17252004146576 51.4499015808105
-516 0 0 1.17346000671387 51.5410003662109
-517 0 0 1.17441999912262 51.6320991516113
-518 0 0 1.17536997795105 51.7233009338379
-519 0 0 1.1763299703598 51.8144989013672
-520 0 0 1.17729997634888 51.9057006835938
-521 0 0 1.17826998233795 51.9970016479492
-522 0 0 1.17923998832703 52.0882987976074
-523 0 0 1.18022000789642 52.1795997619629
-524 0 0 1.18120002746582 52.2709999084473
-525 0 0 1.18218994140625 52.3624000549316
-526 0 0 1.18317997455597 52.4538993835449
-527 0 0 1.18418002128601 52.5453987121582
-528 0 0 1.18517994880676 52.6369018554688
-529 0 0 1.1861799955368 52.7285003662109
-530 0 0 1.18719005584717 52.8199996948242
-531 0 0 1.18821001052856 52.9117012023926
-532 0 0 1.18921995162964 53.0032997131348
-533 0 0 1.19025003910065 53.0950012207031
-534 0 0 1.19126999378204 53.1867980957031
-535 0 0 1.19230997562408 53.2784996032715
-536 0 0 1.1933399438858 53.3703002929688
-537 0 0 1.19438004493713 53.4622001647949
-538 0 0 1.19542002677917 53.5541000366211
-539 0 0 1.19647002220154 53.6459999084473
-540 0 0 1.19753003120422 53.7378997802734
-541 0 0 1.19858002662659 53.8298988342285
-542 0 0 1.19964003562927 53.9219017028809
-543 0 0 1.20071005821228 54.0139007568359
-544 0 0 1.201779961586 54.1059989929199
-545 0 0 1.20284998416901 54.1981010437012
-546 0 0 1.20393002033234 54.2902984619141
-547 0 0 1.2050199508667 54.3824005126953
-548 0 0 1.20609998703003 54.4746017456055
-549 0 0 1.20719003677368 54.5668983459473
-550 14 4 1.20828998088837 54.6591987609863
-551 0 0 1.20939004421234 54.7514991760254
-552 0 0 1.21048998832703 54.8437995910645
-553 0 0 1.21159994602203 54.9361991882324
-554 0 0 1.21272003650665 55.0285987854004
-555 0 0 1.21382999420166 55.1209983825684
-556 0 0 1.21494996547699 55.2135009765625
-557 0 0 1.21607995033264 55.3059997558594
-558 0 0 1.21721005439758 55.3984985351563
-559 0 0 1.21834003925323 55.4911003112793
-560 0 0 1.21948003768921 55.5836982727051
-561 0 0 1.22062003612518 55.6763000488281
-562 0 0 1.22177004814148 55.7689018249512
-563 0 0 1.22291994094849 55.8615989685059
-564 0 0 1.2240799665451 55.9543991088867
-565 0 0 1.22523999214172 56.0471000671387
-566 0 0 1.22640001773834 56.1399002075195
-567 0 0 1.22757005691528 56.2327003479004
-568 0 0 1.22873997688293 56.3255004882813
-569 0 0 1.22991001605988 56.418399810791
-570 0 0 1.23108994960785 56.5112991333008
-571 0 0 1.23228001594543 56.6041984558105
-572 0 0 1.23346996307373 56.6972007751465
-573 0 0 1.23466002941132 56.7901992797852
-574 0 0 1.23585999011993 56.8832015991211
-575 0 0 1.23705995082855 56.9762001037598
-576 0 0 1.23826003074646 57.0693016052246
-577 0 0 1.2394700050354 57.1623992919922
-578 0 0 1.24067997932434 57.255500793457
-579 0 0 1.2418999671936 57.3487014770508
-580 0 0 1.24311995506287 57.4418983459473
-581 0 0 1.24434995651245 57.535099029541
-582 0 0 1.24557995796204 57.6283988952637
-583 0 0 1.24680995941162 57.7215995788574
-584 0 0 1.24804997444153 57.8148994445801
-585 0 0 1.24928998947144 57.9082984924316
-586 0 0 1.25054001808167 58.0015983581543
-587 0 0 1.25179004669189 58.0950012207031
-588 0 0 1.25303995609283 58.1884002685547
-589 0 0 1.25429999828339 58.2818984985352
-590 0 0 1.25556004047394 58.375301361084
-591 0 0 1.25682997703552 58.4687995910645
-592 0 0 1.2581000328064 58.5624008178711
-593 0 0 1.25936996936798 58.6558990478516
-594 0 0 1.26065003871918 58.7495002746582
-595 0 0 1.26192998886108 58.8431015014648
-596 0 0 1.26321995258331 58.9366989135742
-597 0 0 1.26451003551483 59.0303993225098
-598 0 0 1.26579999923706 59.1240005493164
-599 0 0 1.26709997653961 59.2178001403809
-600 15 4 1.26839995384216 59.3115005493164
-601 0 0 1.26970994472504 59.405200958252
-602 0 0 1.2710200548172 59.4990005493164
-603 0 0 1.2723400592804 59.5928001403809
-604 0 0 1.27365005016327 59.6866989135742
-605 0 0 1.2749799489975 59.7804985046387
-606 0 0 1.27629995346069 59.8744010925293
-607 0 0 1.27762997150421 59.9682998657227
-608 0 0 1.27897000312805 60.0623016357422
-609 0 0 1.28031003475189 60.1562004089355
-610 0 0 1.28164994716644 60.2501983642578
-611 0 0 1.28298997879028 60.3442001342773
-612 0 0 1.28434002399445 60.4382019042969
-613 0 0 1.28569996356964 60.532299041748
-614 0 0 1.28706002235413 60.6263999938965
-615 0 0 1.28841996192932 60.7205009460449
-616 0 0 1.28978002071381 60.8146018981934
-617 0 0 1.29114997386932 60.9086990356445
-618 0 0 1.29252994060516 61.0028991699219
-619 0 0 1.29391002655029 61.0970993041992
-620 0 0 1.29528999328613 61.1912994384766
-621 0 0 1.29666996002197 61.2855987548828
-622 0 0 1.29806005954742 61.3797988891602
-623 0 0 1.29945003986359 61.4740982055664
-624 0 0 1.30085003376007 61.5684013366699
-625 0 0 1.30225002765656 61.6627998352051
-626 0 0 1.30366003513336 61.7570991516113
-627 0 0 1.30507004261017 61.8515014648438
-628 0 0 1.30648005008698 61.9458999633789
-629 0 0 1.30789995193481 62.0402984619141
-630 0 0 1.30931997299194 62.1347999572754
-631 0 0 1.31073999404907 62.2291984558105
-632 0 0 1.31217002868652 62.3236999511719
-633 0 0 1.31359994411469 62.4182014465332
-634 0 0 1.31503999233246 62.5127983093262
-635 0 0 1.31648004055023 62.6072998046875
-636 0 0 1.31791996955872 62.7019004821777
-637 0 0 1.31937003135681 62.796501159668
-638 0 0 1.32081997394562 62.8911018371582
-639 0 0 1.32227003574371 62.9856986999512
-640 0 0 1.32372999191284 63.0803985595703
-641 0 0 1.32519996166229 63.1750984191895
-642 0 0 1.32666003704071 63.2697982788086
-643 0 0 1.32813000679016 63.3644981384277
-644 0 0 1.32960999011993 63.4592018127441
-645 0 0 1.33107995986938 63.5540008544922
-646 0 0 1.33256995677948 63.6487007141113
-647 0 0 1.33405005931854 63.7434997558594
-648 0 0 1.33554005622864 63.8384017944336
-649 0 0 1.33703005313873 63.9332008361816
-650 16 4 1.33852994441986 64.0279998779297
-651 0 0 1.34002995491028 64.1229019165039
-652 0 0 1.34153997898102 64.2177963256836
-653 0 0 1.34303998947144 64.3126983642578
-654 0 0 1.3445600271225 64.4076995849609
-655 0 0 1.34607005119324 64.5026016235352
-656 0 0 1.34758996963501 64.5976028442383
-657 0 0 1.34911000728607 64.6925964355469
-658 0 0 1.35064005851746 64.78759765625
-659 0 0 1.35216999053955 64.8825988769531
-660 0 0 1.35371005535126 64.9776000976563
-661 0 0 1.35525000095367 65.0727005004883
-662 0 0 1.35678994655609 65.1678009033203
-663 0 0 1.3583300113678 65.2629013061523
-664 0 0 1.35987997055054 65.3580017089844
-665 0 0 1.3614399433136 65.4531021118164
-666 0 0 1.36299002170563 65.5483016967773
-667 0 0 1.36454999446869 65.6434020996094
-668 0 0 1.36611998081207 65.7386016845703
-669 0 0 1.36767995357513 65.8338012695313
-670 0 0 1.36925995349884 65.9290008544922
-671 0 0 1.37083005905151 66.024299621582
-672 0 0 1.37241005897522 66.119499206543
-673 0 0 1.37399005889893 66.2147979736328
-674 0 0 1.37557995319366 66.3100967407227
-675 0 0 1.37716996669769 66.405403137207
-676 0 0 1.37875998020172 66.5007019042969
-677 0 0 1.38036000728607 66.5960006713867
-678 0 0 1.38196003437042 66.6913986206055
-679 0 0 1.38356995582581 66.7867965698242
-680 0 0 1.38517999649048 66.8821029663086
-681 0 0 1.38679003715515 66.9775009155273
-682 0 0 1.38840997219086 67.072998046875
-683 0 0 1.39002001285553 67.1684036254883
-684 0 0 1.39164996147156 67.263801574707
-685 0 0 1.39327001571655 67.3592987060547
-686 0 0 1.3949099779129 67.4548034667969
-687 0 0 1.39654004573822 67.5503005981445
-688 0 0 1.39818000793457 67.6457977294922
-689 0 0 1.39981997013092 67.7413024902344
-690 0 0 1.40146005153656 67.836799621582
-691 0 0 1.40311002731323 67.9324035644531
-692 0 0 1.40477001667023 68.0279998779297
-693 0 0 1.4064199924469 68.1234970092773
-694 0 0 1.40807998180389 68.2191009521484
-695 0 0 1.40973997116089 68.314697265625
-696 0 0 1.41140997409821 68.410400390625
-697 0 0 1.41307997703552 68.5059967041016
-698 0 0 1.41475999355316 68.6016998291016
-699 0 0 1.41642999649048 68.6973037719727
-700 17 4 1.41811001300812 68.7929992675781
-701 0 0 1.41980004310608 68.8887023925781
-702 0 0 1.42148995399475 68.9843978881836
-703 0 0 1.42317998409271 69.0801010131836
-704 0 0 1.424880027771 69.1759033203125
-705 0 0 1.42657995223999 69.271598815918
-706 0 0 1.42827999591827 69.3674011230469
-707 0 0 1.42999005317688 69.4632034301758
-708 0 0 1.4316999912262 69.5589981079102
-709 0 0 1.4334100484848 69.6548004150391
-710 0 0 1.43513000011444 69.750602722168
-711 0 0 1.43684995174408 69.8463973999023
-712 0 0 1.43857002258301 69.9422988891602
-713 0 0 1.44029998779297 70.0381011962891
-714 0 0 1.44202995300293 70.1340026855469
-715 0 0 1.4437700510025 70.2298965454102
-716 0 0 1.44550001621246 70.325798034668
-717 0 0 1.44725000858307 70.4216995239258
-718 0 0 1.44898998737335 70.5176010131836
-719 0 0 1.45073997974396 70.6135025024414
-720 0 0 1.45249998569489 70.7095031738281
-721 0 0 1.45424997806549 70.8053970336914
-722 0 0 1.45600998401642 70.9013977050781
-723 0 0 1.45778000354767 70.9972991943359
-724 0 0 1.4595400094986 71.0932998657227
-725 0 0 1.46131002902985 71.1893005371094
-726 0 0 1.46308994293213 71.285400390625
-727 0 0 1.4648699760437 71.3814010620117
-728 0 0 1.46665000915527 71.4774017333984
-729 0 0 1.46843004226685 71.5735015869141
-730 0 0 1.47021996974945 71.6695022583008
-731 0 0 1.47201001644135 71.7656021118164
-732 0 0 1.47380995750427 71.861701965332
-733 0 0 1.47561001777649 71.9578018188477
-734 0 0 1.47740995883942 72.0539016723633
-735 0 0 1.47921001911163 72.1500015258789
-736 0 0 1.48101997375488 72.2461013793945
-737 0 0 1.48283994197845 72.3422012329102
-738 0 0 1.48465001583099 72.4384002685547
-739 0 0 1.48646998405457 72.5345001220703
-740 0 0 1.48829996585846 72.6306991577148
-741 0 0 1.49012005329132 72.7268981933594
-742 0 0 1.49196004867554 72.8230972290039
-743 0 0 1.49379003047943 72.9192962646484
-744 0 0 1.49563002586365 73.0155029296875
-745 0 0 1.49747002124786 73.111701965332
-746 0 0 1.49931001663208 73.2079010009766
-747 0 0 1.50116002559662 73.30419921875
-748 0 0 1.50301003456116 73.4003982543945
-749 0 0 1.50487005710602 73.496696472168
-750 18 4 1.50672996044159 73.592903137207
-751 0 0 1.50858998298645 73.6892013549805
-752 0 0 1.51045000553131 73.7854995727539
-753 0 0 1.51232004165649 73.8817977905273
-754 0 0 1.51419997215271 73.9781036376953
-755 0 0 1.51607000827789 74.0744018554688
-756 0 0 1.5179500579834 74.1707000732422
-757 0 0 1.51982998847961 74.2669982910156
-758 0 0 1.52172005176544 74.3634033203125
-759 0 0 1.52360999584198 74.4597015380859
-760 0 0 1.52550005912781 74.5560989379883
-761 0 0 1.52740001678467 74.6524963378906
-762 0 0 1.52929997444153 74.7488021850586
-763 0 0 1.53120994567871 74.8451995849609
-764 0 0 1.53311002254486 74.9415969848633
-765 0 0 1.53501999378204 75.0380020141602
-766 0 0 1.53693997859955 75.1343994140625
-767 0 0 1.53885996341705 75.2307968139648
-768 0 0 1.54077994823456 75.3273010253906
-769 0 0 1.54270005226135 75.423698425293
-770 0 0 1.54463005065918 75.5201034545898
-771 0 0 1.54656004905701 75.6166000366211
-772 0 0 1.54849994182587 75.7129974365234
-773 0 0 1.55043005943298 75.8095016479492
-774 0 0 1.55237996578217 75.9059982299805
-775 0 0 1.55431997776031 76.0025024414063
-776 0 0 1.55627000331879 76.0989990234375
-777 0 0 1.55822002887726 76.1955032348633
-778 0 0 1.56017994880676 76.2919998168945
-779 0 0 1.56213998794556 76.3884963989258
-780 0 0 1.56410002708435 76.4850006103516
-781 0 0 1.56606996059418 76.5814971923828
-782 0 0 1.56804001331329 76.6781005859375
-783 0 0 1.57000994682312 76.7745971679688
-784 0 0 1.57199001312256 76.8712005615234
-785 0 0 1.57396996021271 76.9676971435547
-786 0 0 1.57595002651215 77.0643005371094
-787 0 0 1.57793998718262 77.1607971191406
-788 0 0 1.57992994785309 77.2574005126953
-789 0 0 1.58192002773285 77.3539962768555
-790 0 0 1.58392000198364 77.4505996704102
-791 0 0 1.58591997623444 77.5472030639648
-792 0 0 1.58791995048523 77.643798828125
-793 0 0 1.58993005752563 77.7404022216797
-794 0 0 1.59194004535675 77.8369979858398
-795 0 0 1.59395003318787 77.9336013793945
-796 0 0 1.5959700345993 78.0302963256836
-797 0 0 1.59799003601074 78.1268997192383
-798 0 0 1.6000200510025 78.2236022949219
-799 0 0 1.60204994678497 78.320198059082
-800 19 4 1.60407996177673 78.4169006347656
-801 0 0 1.60610997676849 78.5134963989258
-802 0 0 1.60815000534058 78.6101989746094
-803 0 0 1.61019003391266 78.706901550293
-804 0 0 1.61223995685577 78.8034973144531
-805 0 0 1.61428999900818 78.9001998901367
-806 0 0 1.61634004116058 78.9969024658203
-807 0 0 1.6183899641037 79.0935974121094
-808 0 0 1.62045001983643 79.190299987793
-809 0 0 1.62251996994019 79.2870025634766
-810 0 0 1.62458002567291 79.3836975097656
-811 0 0 1.62664997577667 79.4804992675781
-812 0 0 1.62872004508972 79.5772018432617
-813 0 0 1.6308000087738 79.6738967895508
-814 0 0 1.63287997245789 79.7706985473633
-815 0 0 1.63496005535126 79.8674011230469
-816 0 0 1.63705003261566 79.9641036987305
-817 0 0 1.63914000988007 80.0608978271484
-818 0 0 1.64122998714447 80.1576995849609
-819 0 0 1.6433299779892 80.2544021606445
-820 0 0 1.64542996883392 80.3511962890625
-821 0 0 1.64752995967865 80.447998046875
-822 0 0 1.6496399641037 80.5447006225586
-823 0 0 1.65174996852875 80.6415023803711
-824 0 0 1.6538599729538 80.7382965087891
-825 0 0 1.65597999095917 80.8350982666016
-826 0 0 1.65810000896454 80.9319000244141
-827 0 0 1.66022002696991 81.0287017822266
-828 0 0 1.6623500585556 81.1255035400391
-829 0 0 1.66447997093201 81.222297668457
-830 0 0 1.66662001609802 81.3190994262695
-831 0 0 1.66875004768372 81.415901184082
-832 0 0 1.67089998722076 81.5128021240234
-833 0 0 1.67304003238678 81.6095962524414
-834 0 0 1.67518997192383 81.7063980102539
-835 0 0 1.67734003067017 81.8032989501953
-836 0 0 1.67948997020721 81.9001007080078
-837 0 0 1.68165004253387 81.9969024658203
-838 0 0 1.68380999565125 82.0938034057617
-839 0 0 1.68597996234894 82.1906967163086
-840 0 0 1.68815004825592 82.2874984741211
-841 0 0 1.69032001495361 82.3843994140625
-842 0 0 1.69248998165131 82.481201171875
-843 0 0 1.69466996192932 82.5781021118164
-844 0 0 1.69685995578766 82.6750030517578
-845 0 0 1.69904005527496 82.7718963623047
-846 0 0 1.7012300491333 82.8686981201172
-847 0 0 1.70342004299164 82.9655990600586
-848 0 0 1.7056200504303 83.0625
-849 0 0 1.70782005786896 83.1594009399414
-850 20 4 1.71001994609833 83.2563018798828
-851 0 0 1.71222996711731 83.3532028198242
-852 0 0 1.71443998813629 83.4501037597656
-853 0 0 1.71665000915527 83.5469970703125
-854 0 0 1.71887004375458 83.6438980102539
-855 0 0 1.72108995914459 83.7407989501953
-856 0 0 1.7233099937439 83.8376998901367
-857 0 0 1.72554004192352 83.9346008300781
-858 0 0 1.72776997089386 84.0316009521484
-859 0 0 1.73000001907349 84.1285018920898
-860 0 0 1.73223996162415 84.2254028320313
-861 0 0 1.73448002338409 84.3223037719727
-862 0 0 1.73671996593475 84.4192962646484
-863 0 0 1.73897004127502 84.5161972045898
-864 0 0 1.74121999740601 84.6131973266602
-865 0 0 1.74346995353699 84.7100982666016
-866 0 0 1.74573004245758 84.806999206543
-867 0 0 1.74799001216888 84.9039993286133
-868 0 0 1.75025999546051 85.0009002685547
-869 0 0 1.75251996517181 85.097900390625
-870 0 0 1.75479996204376 85.1948013305664
-871 0 0 1.75706994533539 85.2918014526367
-872 0 0 1.75934994220734 85.388801574707
-873 0 0 1.76163005828857 85.4857025146484
-874 0 0 1.76391994953156 85.5827026367188
-875 0 0 1.7661999464035 85.6797027587891
-876 0 0 1.7684999704361 85.7766036987305
-877 0 0 1.77078998088837 85.8735961914063
-878 0 0 1.77309000492096 85.9705963134766
-879 0 0 1.77539002895355 86.0675964355469
-880 0 0 1.77769994735718 86.1644973754883
-881 0 0 1.78000998497009 86.2614974975586
-882 0 0 1.78232002258301 86.3584976196289
-883 0 0 1.78463995456696 86.4554977416992
-884 0 0 1.78696000576019 86.5524978637695
-885 0 0 1.78928005695343 86.6494979858398
-886 0 0 1.79159998893738 86.7464981079102
-887 0 0 1.79393005371094 86.8433990478516
-888 0 0 1.79627001285553 86.9403991699219
-889 0 0 1.7985999584198 87.0373992919922
-890 0 0 1.800950050354 87.1343994140625
-891 0 0 1.8032900094986 87.2313995361328
-892 0 0 1.80563998222351 87.3283996582031
-893 0 0 1.80798995494843 87.4253997802734
-894 0 0 1.81034004688263 87.5224990844727
-895 0 0 1.81270003318787 87.619499206543
-896 0 0 1.8150600194931 87.7164993286133
-897 0 0 1.81742000579834 87.8134994506836
-898 0 0 1.8197900056839 87.9104995727539
-899 0 0 1.82216000556946 88.0074996948242
-900 21 4 1.82454001903534 88.1044998168945
-901 0 0 1.82692003250122 88.2014999389648
-902 0 0 1.8293000459671 88.2985992431641
-903 0 0 1.83168005943298 88.3955993652344
-904 0 0 1.8340699672699 88.4925994873047
-905 0 0 1.8364599943161 88.589599609375
-906 0 0 1.83886003494263 88.6865997314453
-907 0 0 1.84125995635986 88.7836990356445
-908 0 0 1.84365999698639 88.8806991577148
-909 0 0 1.84607005119324 88.9776992797852
-910 0 0 1.8484799861908 89.0746994018555
-911 0 0 1.85089004039764 89.1717987060547
-912 0 0 1.85330998897552 89.268798828125
-913 0 0 1.8557300567627 89.3657989501953
-914 0 0 1.85815000534058 89.4628982543945
-915 0 0 1.86057996749878 89.5598983764648
-916 0 0 1.86301004886627 89.6568984985352
-917 0 0 1.86544001102448 89.7539978027344
-918 0 0 1.867879986763 89.8509979248047
-919 0 0 1.87031996250153 89.947998046875
-920 0 0 1.87276995182037 90.0450973510742
-921 0 0 1.87521004676819 90.1420974731445
-922 0 0 1.87767004966736 90.2390975952148
-923 0 0 1.88012003898621 90.3361968994141
-924 0 0 1.88258004188538 90.4331970214844
-925 0 0 1.88504004478455 90.5302963256836
-926 0 0 1.88750994205475 90.6272964477539
-927 0 0 1.88997995853424 90.7242965698242
-928 0 0 1.89244997501373 90.821403503418
-929 0 0 1.89491999149323 90.9184036254883
-930 0 0 1.89740002155304 91.0155029296875
-931 0 0 1.89988994598389 91.1125030517578
-932 0 0 1.9023699760437 91.209602355957
-933 0 0 1.90486001968384 91.3066024780273
-934 0 0 1.90735995769501 91.4036026000977
-935 0 0 1.90985000133514 91.5007019042969
-936 0 0 1.9123500585556 91.5977020263672
-937 0 0 1.91486001014709 91.6948013305664
-938 0 0 1.91736996173859 91.7918014526367
-939 0 0 1.91988003253937 91.8889007568359
-940 0 0 1.92238998413086 91.9859008789063
-941 0 0 1.92490994930267 92.0829010009766
-942 0 0 1.92743003368378 92.1800003051758
-943 0 0 1.92996001243591 92.2770004272461
-944 0 0 1.93248999118805 92.3740997314453
-945 0 0 1.93501996994019 92.4710998535156
-946 0 0 1.93755996227264 92.5681991577148
-947 0 0 1.94008994102478 92.6651992797852
-948 0 0 1.94263994693756 92.7621994018555
-949 0 0 1.94518005847931 92.8592987060547
-950 22 4 1.9477299451828 92.956298828125
-951 0 0 1.9502899646759 93.0533981323242
-952 0 0 1.95284998416901 93.1503982543945
-953 0 0 1.95541000366211 93.2474975585938
-954 0 0 1.95797002315521 93.3444976806641
-955 0 0 1.96054005622864 93.4414978027344
-956 0 0 1.96310997009277 93.5385971069336
-957 0 0 1.96569001674652 93.6355972290039
-958 0 0 1.96826004981995 93.7326965332031
-959 0 0 1.97084999084473 93.8296966552734
-960 0 0 1.97343003749847 93.9266967773438
-961 0 0 1.97601997852325 94.0238037109375
-962 0 0 1.97861003875732 94.1207962036133
-963 0 0 1.98120999336243 94.217903137207
-964 0 0 1.98380994796753 94.3149032592773
-965 0 0 1.98642003536224 94.4119033813477
-966 0 0 1.98901998996735 94.5090026855469
-967 0 0 1.99162995815277 94.6060028076172
-968 0 0 1.99425005912781 94.7030029296875
-969 0 0 1.99687004089355 94.8001022338867
-970 0 0 1.9994900226593 94.897102355957
-971 0 0 2.00211000442505 94.9941024780273
-972 0 0 2.00473999977112 95.0912017822266
-973 0 0 2.00736999511719 95.1882019042969
-974 0 0 2.01001000404358 95.2852020263672
-975 0 0 2.01265001296997 95.3822021484375
-976 0 0 2.01529002189636 95.4793014526367
-977 0 0 2.01794004440308 95.576301574707
-978 0 0 2.02059006690979 95.6733016967773
-979 0 0 2.02325010299683 95.7703018188477
-980 0 0 2.02589988708496 95.8674011230469
-981 0 0 2.028559923172 95.9644012451172
-982 0 0 2.03122997283936 96.0614013671875
-983 0 0 2.03390002250671 96.1584014892578
-984 0 0 2.03657007217407 96.2554016113281
-985 0 0 2.03924989700317 96.3525009155273
-986 0 0 2.04192996025085 96.4495010375977
-987 0 0 2.04461002349854 96.546501159668
-988 0 0 2.04730010032654 96.6435012817383
-989 0 0 2.04998993873596 96.7405014038086
-990 0 0 2.05268001556396 96.8375015258789
-991 0 0 2.05538010597229 96.9345016479492
-992 0 0 2.05807995796204 97.0315017700195
-993 0 0 2.06079006195068 97.1285018920898
-994 0 0 2.06348991394043 97.2255020141602
-995 0 0 2.0662100315094 97.3225021362305
-996 0 0 2.06891989707947 97.4195022583008
-997 0 0 2.07164001464844 97.5165023803711
-998 0 0 2.07436990737915 97.6135025024414
-999 0 0 2.07709002494812 97.7105026245117
-1000 23 9 2.07981991767883 97.807502746582
