-1000 43 9 -5.15208005905151 -15.0747995376587
-999 0 0 -5.14700984954834 -15.0728998184204
-998 0 0 -5.141930103302 -15.0708999633789
-997 0 0 -5.13684988021851 -15.0689001083374
-996 0 0 -5.13177013397217 -15.0669002532959
-995 0 0 -5.12667989730835 -15.0649003982544
-994 0 0 -5.12160015106201 -15.0628995895386
-993 0 0 -5.11651992797852 -15.0608997344971
-992 0 0 -5.11143016815186 -15.0588998794556
-991 0 0 -5.10634994506836 -15.0569000244141
-990 0 0 -5.1012601852417 -15.0549001693726
-989 0 0 -5.09616994857788 -15.0529003143311
-988 0 0 -5.09108018875122 -15.0509004592896
-987 0 0 -5.0859899520874 -15.0488004684448
-986 0 0 -5.08090019226074 -15.046799659729
-985 0 0 -5.07580995559692 -15.0447998046875
-984 0 0 -5.07072019577026 -15.0426998138428
-983 0 0 -5.06561994552612 -15.0406999588013
-982 0 0 -5.06053018569946 -15.0385999679565
-981 0 0 -5.05542993545532 -15.036600112915
-980 0 0 -5.05034017562866 -15.0345001220703
-979 0 0 -5.04523992538452 -15.0325002670288
-978 0 0 -5.04014015197754 -15.0304002761841
-977 0 0 -5.0350399017334 -15.0283002853394
-976 0 0 -5.02994012832642 -15.0263004302979
-975 0 0 -5.02483987808228 -15.0242004394531
-974 0 0 -5.01973009109497 -15.0221004486084
-973 0 0 -5.01462984085083 -15.0200004577637
-972 0 0 -5.00953006744385 -15.0179004669189
-971 0 0 -5.00441980361938 -15.0158004760742
-970 0 0 -4.99931001663208 -15.0136995315552
-969 0 0 -4.99420022964478 -15.0115995407104
-968 0 0 -4.98909997940063 -15.0094995498657
-967 0 0 -4.98399019241333 -15.0073003768921
-966 0 0 -4.97887992858887 -15.0052003860474
-965 0 0 -4.97376012802124 -15.0031003952026
-964 0 0 -4.96864986419678 -15.0010004043579
-963 0 0 -4.96354007720947 -14.99880027771
-962 0 0 -4.95841979980469 -14.9967002868652
-961 0 0 -4.95331001281738 -14.9945001602173
-960 0 0 -4.94819021224976 -14.9924001693726
-959 0 0 -4.94306993484497 -14.9902000427246
-958 0 0 -4.93795013427734 -14.9879999160767
-957 0 0 -4.93282985687256 -14.9858999252319
-956 0 0 -4.92771005630493 -14.983699798584
-955 0 0 -4.92258977890015 -14.981499671936
-954 0 0 -4.91746997833252 -14.9792995452881
-953 0 0 -4.91234016418457 -14.9771003723145
-952 0 0 -4.90721988677979 -14.9750003814697
-951 0 0 -4.90209007263184 -14.9728002548218
-950 42 4 -4.89696979522705 -14.9704999923706
-949 0 0 -4.8918399810791 -14.9682998657227
-948 0 0 -4.88671016693115 -14.9660997390747
-947 0 0 -4.88157987594604 -14.9638996124268
-946 0 0 -4.8764500617981 -14.9617004394531
-945 0 0 -4.87131977081299 -14.959400177002
-944 0 0 -4.86617994308472 -14.957200050354
-943 0 0 -4.86105012893677 -14.9549999237061
-942 0 0 -4.85590982437134 -14.9526996612549
-941 0 0 -4.85078001022339 -14.9504995346069
-940 0 0 -4.84564018249512 -14.9482002258301
-939 0 0 -4.84049987792969 -14.9458999633789
-938 0 0 -4.83536005020142 -14.943699836731
-937 0 0 -4.83022022247314 -14.9413995742798
-936 0 0 -4.82507991790771 -14.9391002655029
-935 0 0 -4.81994009017944 -14.9368000030518
-934 0 0 -4.81479978561401 -14.9344997406006
-933 0 0 -4.80964994430542 -14.9322004318237
-932 0 0 -4.80451011657715 -14.9299001693726
-931 0 0 -4.7993597984314 -14.9275999069214
-930 0 0 -4.7942099571228 -14.9252996444702
-929 0 0 -4.78907012939453 -14.9230003356934
-928 0 0 -4.78391981124878 -14.9207000732422
-927 0 0 -4.77876996994019 -14.918399810791
-926 0 0 -4.77361011505127 -14.9160003662109
-925 0 0 -4.76845979690552 -14.9137001037598
-924 0 0 -4.76330995559692 -14.9112997055054
-923 0 0 -4.75815010070801 -14.9090003967285
-922 0 0 -4.75299978256226 -14.9065999984741
-921 0 0 -4.74783992767334 -14.9042997360229
-920 0 0 -4.74268007278442 -14.9019002914429
-919 0 0 -4.73752021789551 -14.8994998931885
-918 0 0 -4.73235988616943 -14.8971004486084
-917 0 0 -4.72720003128052 -14.894700050354
-916 0 0 -4.7220401763916 -14.8923997879028
-915 0 0 -4.71687984466553 -14.8900003433228
-914 0 0 -4.71170997619629 -14.8874998092651
-913 0 0 -4.70655012130737 -14.8851003646851
-912 0 0 -4.70137977600098 -14.8826999664307
-911 0 0 -4.69620990753174 -14.8802995681763
-910 0 0 -4.69105005264282 -14.8779001235962
-909 0 0 -4.68588018417358 -14.8753995895386
-908 0 0 -4.68070983886719 -14.8730001449585
-907 0 0 -4.67553997039795 -14.8705997467041
-906 0 0 -4.67036008834839 -14.8681001663208
-905 0 0 -4.66519021987915 -14.8655996322632
-904 0 0 -4.66000986099243 -14.8632001876831
-903 0 0 -4.65483999252319 -14.8606996536255
-902 0 0 -4.64966011047363 -14.8582000732422
-901 0 0 -4.64448022842407 -14.8556995391846
-900 41 4 -4.63929986953735 -14.8533000946045
-899 0 0 -4.63411998748779 -14.8507995605469
-898 0 0 -4.62894010543823 -14.8482999801636
-897 0 0 -4.62376022338867 -14.8458003997803
-896 0 0 -4.61857986450195 -14.8431997299194
-895 0 0 -4.61338996887207 -14.8407001495361
-894 0 0 -4.60821008682251 -14.8381996154785
-893 0 0 -4.60302019119263 -14.8357000350952
-892 0 0 -4.59783983230591 -14.8331003189087
-891 0 0 -4.59264993667603 -14.8305997848511
-890 0 0 -4.58746004104614 -14.8280000686646
-889 0 0 -4.58227014541626 -14.8254995346069
-888 0 0 -4.57707023620605 -14.8228998184204
-887 0 0 -4.57187986373901 -14.8203001022339
-886 0 0 -4.56668996810913 -14.8177003860474
-885 0 0 -4.56149005889893 -14.8151998519897
-884 0 0 -4.55630016326904 -14.8126001358032
-883 0 0 -4.55109977722168 -14.8100004196167
-882 0 0 -4.54589986801147 -14.8073997497559
-881 0 0 -4.54069995880127 -14.8048000335693
-880 0 0 -4.53550004959106 -14.8021001815796
-879 0 0 -4.53030014038086 -14.7995004653931
-878 0 0 -4.52510023117065 -14.7968997955322
-877 0 0 -4.51988983154297 -14.7941999435425
-876 0 0 -4.51468992233276 -14.791600227356
-875 0 0 -4.50947999954224 -14.7889003753662
-874 0 0 -4.50428009033203 -14.7862997055054
-873 0 0 -4.4990701675415 -14.7835998535156
-872 0 0 -4.49385976791382 -14.7809000015259
-871 0 0 -4.48864984512329 -14.7783002853394
-870 0 0 -4.48343992233276 -14.7756004333496
-869 0 0 -4.47821998596191 -14.7728996276855
-868 0 0 -4.47301006317139 -14.7701997756958
-867 0 0 -4.46779012680054 -14.7674999237061
-866 0 0 -4.46258020401001 -14.7648000717163
-865 0 0 -4.457359790802 -14.7620000839233
-864 0 0 -4.45213985443115 -14.7593002319336
-863 0 0 -4.4469199180603 -14.7566003799438
-862 0 0 -4.44169998168945 -14.7538003921509
-861 0 0 -4.4364800453186 -14.7510995864868
-860 0 0 -4.43126010894775 -14.7482995986938
-859 0 0 -4.4260401725769 -14.7455997467041
-858 0 0 -4.42081022262573 -14.7427997589111
-857 0 0 -4.41558980941772 -14.7399997711182
-856 0 0 -4.41035985946655 -14.7371997833252
-855 0 0 -4.40512990951538 -14.7343997955322
-854 0 0 -4.39989995956421 -14.7315998077393
-853 0 0 -4.39467000961304 -14.7287998199463
-852 0 0 -4.38944005966187 -14.7259998321533
-851 0 0 -4.38421010971069 -14.7231998443604
-850 40 4 -4.3789701461792 -14.7202997207642
-849 0 0 -4.37374019622803 -14.7174997329712
-848 0 0 -4.36850023269653 -14.7146997451782
-847 0 0 -4.3632698059082 -14.711799621582
-846 0 0 -4.35802984237671 -14.7089004516602
-845 0 0 -4.35278987884521 -14.7061004638672
-844 0 0 -4.34754991531372 -14.703200340271
-843 0 0 -4.34230995178223 -14.7003002166748
-842 0 0 -4.33705997467041 -14.6974000930786
-841 0 0 -4.33182001113892 -14.6944999694824
-840 0 0 -4.3265700340271 -14.6915998458862
-839 0 0 -4.32133007049561 -14.68869972229
-838 0 0 -4.31608009338379 -14.6857995986938
-837 0 0 -4.31083011627197 -14.6828002929688
-836 0 0 -4.30558013916016 -14.6799001693726
-835 0 0 -4.30033016204834 -14.6768999099731
-834 0 0 -4.29508018493652 -14.673999786377
-833 0 0 -4.28983020782471 -14.6709995269775
-832 0 0 -4.28457021713257 -14.6680002212524
-831 0 0 -4.27931976318359 -14.6651000976563
-830 0 0 -4.27405977249146 -14.6620998382568
-829 0 0 -4.26879978179932 -14.6590995788574
-828 0 0 -4.26353979110718 -14.6561002731323
-827 0 0 -4.25827980041504 -14.6531000137329
-826 0 0 -4.2530198097229 -14.6499996185303
-825 0 0 -4.24775981903076 -14.6470003128052
-824 0 0 -4.24249982833862 -14.6440000534058
-823 0 0 -4.23722982406616 -14.6408996582031
-822 0 0 -4.23196983337402 -14.637900352478
-821 0 0 -4.22669982910156 -14.6347999572754
-820 0 0 -4.2214298248291 -14.6316995620728
-819 0 0 -4.21615982055664 -14.6287002563477
-818 0 0 -4.21088981628418 -14.625599861145
-817 0 0 -4.20561981201172 -14.6225004196167
-816 0 0 -4.20034980773926 -14.6194000244141
-815 0 0 -4.19506978988647 -14.6162004470825
-814 0 0 -4.18979978561401 -14.6131000518799
-813 0 0 -4.18451976776123 -14.6099996566772
-812 0 0 -4.17924022674561 -14.6068000793457
-811 0 0 -4.17396020889282 -14.6036996841431
-810 0 0 -4.16868019104004 -14.6005001068115
-809 0 0 -4.16340017318726 -14.5973997116089
-808 0 0 -4.15812015533447 -14.5942001342773
-807 0 0 -4.15284013748169 -14.5909996032715
-806 0 0 -4.14755010604858 -14.5878000259399
-805 0 0 -4.14226007461548 -14.5846004486084
-804 0 0 -4.1369800567627 -14.5813999176025
-803 0 0 -4.13169002532959 -14.578200340271
-802 0 0 -4.12639999389648 -14.5748996734619
-801 0 0 -4.12110996246338 -14.5717000961304
-800 39 4 -4.11581993103027 -14.5684003829956
-799 0 0 -4.11051988601685 -14.5651998519897
-798 0 0 -4.10522985458374 -14.561900138855
-797 0 0 -4.09992980957031 -14.5586004257202
-796 0 0 -4.09463977813721 -14.5552997589111
-795 0 0 -4.08934020996094 -14.5521001815796
-794 0 0 -4.08404016494751 -14.5487003326416
-793 0 0 -4.07874011993408 -14.5453996658325
-792 0 0 -4.07344007492065 -14.5420999526978
-791 0 0 -4.0681300163269 -14.538800239563
-790 0 0 -4.06282997131348 -14.535400390625
-789 0 0 -4.05751991271973 -14.5320997238159
-788 0 0 -4.0522198677063 -14.5286998748779
-787 0 0 -4.04690980911255 -14.5253000259399
-786 0 0 -4.04160022735596 -14.521900177002
-785 0 0 -4.03629016876221 -14.518500328064
-784 0 0 -4.03098011016846 -14.5150995254517
-783 0 0 -4.02566003799438 -14.5116996765137
-782 0 0 -4.02034997940063 -14.5082998275757
-781 0 0 -4.01503992080688 -14.5048999786377
-780 0 0 -4.00971984863281 -14.5013999938965
-779 0 0 -4.00439977645874 -14.4980001449585
-778 0 0 -3.99907994270325 -14.4945001602173
-777 0 0 -3.99376010894775 -14.4910001754761
-776 0 0 -3.98844003677368 -14.4875001907349
-775 0 0 -3.98311996459961 -14.4841003417969
-774 0 0 -3.97779011726379 -14.4805002212524
-773 0 0 -3.97247004508972 -14.4770002365112
-772 0 0 -3.96713995933533 -14.47350025177
-771 0 0 -3.96181011199951 -14.4700002670288
-770 0 0 -3.95648002624512 -14.4664001464844
-769 0 0 -3.95114994049072 -14.4629001617432
-768 0 0 -3.94582009315491 -14.4593000411987
-767 0 0 -3.94049000740051 -14.4556999206543
-766 0 0 -3.9351499080658 -14.4520998001099
-765 0 0 -3.92982006072998 -14.4484996795654
-764 0 0 -3.92447996139526 -14.444899559021
-763 0 0 -3.91914010047913 -14.4413003921509
-762 0 0 -3.91380000114441 -14.4376001358032
-761 0 0 -3.90845990180969 -14.4340000152588
-760 0 0 -3.90312004089355 -14.4302997589111
-759 0 0 -3.89777994155884 -14.4266996383667
-758 0 0 -3.89243006706238 -14.4230003356934
-757 0 0 -3.88708996772766 -14.4193000793457
-756 0 0 -3.8817400932312 -14.415599822998
-755 0 0 -3.87638998031616 -14.4118995666504
-754 0 0 -3.8710401058197 -14.4082002639771
-753 0 0 -3.86568999290466 -14.4043998718262
-752 0 0 -3.8603401184082 -14.4006996154785
-751 0 0 -3.85499000549316 -14.396900177002
-750 38 4 -3.84963011741638 -14.3931999206543
-749 0 0 -3.84428000450134 -14.3893995285034
-748 0 0 -3.83892011642456 -14.3856000900269
-747 0 0 -3.8335599899292 -14.381799697876
-746 0 0 -3.82820010185242 -14.3780002593994
-745 0 0 -3.82283997535706 -14.3740997314453
-744 0 0 -3.81748008728027 -14.3703002929688
-743 0 0 -3.81210994720459 -14.3663997650146
-742 0 0 -3.80675005912781 -14.3626003265381
-741 0 0 -3.80137991905212 -14.358699798584
-740 0 0 -3.79601001739502 -14.3548002243042
-739 0 0 -3.79064011573792 -14.3508996963501
-738 0 0 -3.78526997566223 -14.3470001220703
-737 0 0 -3.77990007400513 -14.3430995941162
-736 0 0 -3.77451992034912 -14.3390998840332
-735 0 0 -3.76915001869202 -14.3352003097534
-734 0 0 -3.76377010345459 -14.3311996459961
-733 0 0 -3.75839996337891 -14.3271999359131
-732 0 0 -3.75302004814148 -14.3233003616333
-731 0 0 -3.74763989448547 -14.319299697876
-730 0 0 -3.74225997924805 -14.3151998519897
-729 0 0 -3.7368700504303 -14.3112001419067
-728 0 0 -3.73148989677429 -14.3072004318237
-727 0 0 -3.72609996795654 -14.3030996322632
-726 0 0 -3.72072005271912 -14.2990999221802
-725 0 0 -3.71532988548279 -14.2950000762939
-724 0 0 -3.70993995666504 -14.2909002304077
-723 0 0 -3.70455002784729 -14.2868003845215
-722 0 0 -3.69915008544922 -14.2826995849609
-721 0 0 -3.69375991821289 -14.2784996032715
-720 0 0 -3.68835997581482 -14.2743997573853
-719 0 0 -3.68297004699707 -14.2701997756958
-718 0 0 -3.677570104599 -14.2660999298096
-717 0 0 -3.67216992378235 -14.2618999481201
-716 0 0 -3.66676998138428 -14.2576999664307
-715 0 0 -3.66137003898621 -14.2534999847412
-714 0 0 -3.65596008300781 -14.2491998672485
-713 0 0 -3.65055990219116 -14.2449998855591
-712 0 0 -3.64514994621277 -14.2406997680664
-711 0 0 -3.63973999023438 -14.236499786377
-710 0 0 -3.63433003425598 -14.2321996688843
-709 0 0 -3.62892007827759 -14.2278995513916
-708 0 0 -3.62350988388062 -14.2236003875732
-707 0 0 -3.61809992790222 -14.2193002700806
-706 0 0 -3.61267995834351 -14.2149000167847
-705 0 0 -3.60727000236511 -14.210599899292
-704 0 0 -3.6018500328064 -14.2061996459961
-703 0 0 -3.59643006324768 -14.2018003463745
-702 0 0 -3.59101009368896 -14.1974000930786
-701 0 0 -3.58558988571167 -14.1929998397827
-700 37 4 -3.58015990257263 -14.1885995864868
-699 0 0 -3.57473993301392 -14.184100151062
-698 0 0 -3.56930994987488 -14.1796998977661
-697 0 0 -3.56387996673584 -14.1752004623413
-696 0 0 -3.5584499835968 -14.1707000732422
-695 0 0 -3.55302000045776 -14.1661996841431
-694 0 0 -3.54759001731873 -14.1617002487183
-693 0 0 -3.54216003417969 -14.1571998596191
-692 0 0 -3.53672003746033 -14.1526002883911
-691 0 0 -3.53128004074097 -14.148099899292
-690 0 0 -3.52585005760193 -14.143500328064
-689 0 0 -3.52041006088257 -14.1388998031616
-688 0 0 -3.51496005058289 -14.1343002319336
-687 0 0 -3.50952005386353 -14.1296997070313
-686 0 0 -3.50408005714417 -14.125
-685 0 0 -3.49863004684448 -14.120400428772
-684 0 0 -3.4931800365448 -14.1156997680664
-683 0 0 -3.48774003982544 -14.1110000610352
-682 0 0 -3.48229002952576 -14.1063003540039
-681 0 0 -3.47683000564575 -14.1015996932983
-680 0 0 -3.47137999534607 -14.0968999862671
-679 0 0 -3.46592998504639 -14.0921001434326
-678 0 0 -3.46046996116638 -14.0873003005981
-677 0 0 -3.45500993728638 -14.0825004577637
-676 0 0 -3.44954991340637 -14.0776996612549
-675 0 0 -3.44408988952637 -14.0728998184204
-674 0 0 -3.43863010406494 -14.0680999755859
-673 0 0 -3.43316006660461 -14.0631999969482
-672 0 0 -3.42770004272461 -14.0584001541138
-671 0 0 -3.42223000526428 -14.0535001754761
-670 0 0 -3.41675996780396 -14.0486001968384
-669 0 0 -3.41128993034363 -14.0436000823975
-668 0 0 -3.4058198928833 -14.0387001037598
-667 0 0 -3.40035009384155 -14.0336999893188
-666 0 0 -3.3948700428009 -14.0288000106812
-665 0 0 -3.38940000534058 -14.0237998962402
-664 0 0 -3.38391995429993 -14.0187997817993
-663 0 0 -3.37843990325928 -14.0136995315552
-662 0 0 -3.37296009063721 -14.0087003707886
-661 0 0 -3.36748003959656 -14.0036001205444
-660 0 0 -3.36198997497559 -13.9984998703003
-659 0 0 -3.35650992393494 -13.9933996200562
-658 0 0 -3.35102009773254 -13.9883003234863
-657 0 0 -3.34553003311157 -13.9832000732422
-656 0 0 -3.3400399684906 -13.9779996871948
-655 0 0 -3.33454990386963 -13.9728002548218
-654 0 0 -3.32905006408691 -13.9675998687744
-653 0 0 -3.32355999946594 -13.9624004364014
-652 0 0 -3.31805992126465 -13.957200050354
-651 0 0 -3.31256008148193 -13.9519996643066
-650 36 4 -3.30706000328064 -13.9467000961304
-649 0 0 -3.30155992507935 -13.9413995742798
-648 0 0 -3.29605007171631 -13.9361000061035
-647 0 0 -3.29054999351501 -13.9308004379272
-646 0 0 -3.2850399017334 -13.9253997802734
-645 0 0 -3.27953004837036 -13.9200000762939
-644 0 0 -3.27401995658875 -13.9146003723145
-643 0 0 -3.26851010322571 -13.9091997146606
-642 0 0 -3.26300001144409 -13.9038000106812
-641 0 0 -3.25747990608215 -13.8984003067017
-640 0 0 -3.25196003913879 -13.8929004669189
-639 0 0 -3.24643993377686 -13.8873996734619
-638 0 0 -3.2409200668335 -13.8818998336792
-637 0 0 -3.23539996147156 -13.8763999938965
-636 0 0 -3.2298800945282 -13.8708000183105
-635 0 0 -3.22434997558594 -13.8652000427246
-634 0 0 -3.21882009506226 -13.8596000671387
-633 0 0 -3.21329998970032 -13.8540000915527
-632 0 0 -3.20776009559631 -13.8484001159668
-631 0 0 -3.20222997665405 -13.8427000045776
-630 0 0 -3.19670009613037 -13.8371000289917
-629 0 0 -3.19115996360779 -13.8313999176025
-628 0 0 -3.18562006950378 -13.8255996704102
-627 0 0 -3.1800799369812 -13.819899559021
-626 0 0 -3.1745400428772 -13.8141002655029
-625 0 0 -3.16899991035461 -13.8083000183105
-624 0 0 -3.16346001625061 -13.8024997711182
-623 0 0 -3.15791010856628 -13.7966995239258
-622 0 0 -3.15235996246338 -13.7909002304077
-621 0 0 -3.14681005477905 -13.7849998474121
-620 0 0 -3.14125990867615 -13.7791004180908
-619 0 0 -3.13571000099182 -13.7732000350952
-618 0 0 -3.13015007972717 -13.7672004699707
-617 0 0 -3.12458992004395 -13.7611999511719
-616 0 0 -3.1190299987793 -13.7552003860474
-615 0 0 -3.11347007751465 -13.7491998672485
-614 0 0 -3.10790991783142 -13.743200302124
-613 0 0 -3.10234999656677 -13.737099647522
-612 0 0 -3.0967800617218 -13.7309999465942
-611 0 0 -3.09120988845825 -13.7249002456665
-610 0 0 -3.08563995361328 -13.7187995910645
-609 0 0 -3.08007001876831 -13.7125997543335
-608 0 0 -3.07449007034302 -13.7065000534058
-607 0 0 -3.06891989707947 -13.7002000808716
-606 0 0 -3.06333994865417 -13.6940002441406
-605 0 0 -3.05776000022888 -13.6878004074097
-604 0 0 -3.05218005180359 -13.6815004348755
-603 0 0 -3.0466001033783 -13.6752004623413
-602 0 0 -3.0410099029541 -13.6688003540039
-601 0 0 -3.03542995452881 -13.6625003814697
-600 35 4 -3.02983999252319 -13.6561002731323
-599 0 0 -3.02425003051758 -13.6497001647949
-598 0 0 -3.01865005493164 -13.6431999206543
-597 0 0 -3.01306009292603 -13.6367998123169
-596 0 0 -3.00746011734009 -13.6302995681763
-595 0 0 -3.00185990333557 -13.62380027771
-594 0 0 -2.99625992774963 -13.6171998977661
-593 0 0 -2.9906599521637 -13.6106996536255
-592 0 0 -2.98505997657776 -13.604100227356
-591 0 0 -2.9794499874115 -13.5973997116089
-590 0 0 -2.97383999824524 -13.5908002853394
-589 0 0 -2.96823000907898 -13.5840997695923
-588 0 0 -2.96262001991272 -13.5774002075195
-587 0 0 -2.95701003074646 -13.5706996917725
-586 0 0 -2.95139002799988 -13.5638999938965
-585 0 0 -2.9457700252533 -13.5571002960205
-584 0 0 -2.94015002250671 -13.5502996444702
-583 0 0 -2.93453001976013 -13.5434999465942
-582 0 0 -2.92890000343323 -13.536600112915
-581 0 0 -2.92328000068665 -13.5297002792358
-580 0 0 -2.91764998435974 -13.5228004455566
-579 0 0 -2.91201996803284 -13.5158004760742
-578 0 0 -2.90638995170593 -13.5087995529175
-577 0 0 -2.90074992179871 -13.5017995834351
-576 0 0 -2.8951199054718 -13.4947004318237
-575 0 0 -2.88948011398315 -13.4877004623413
-574 0 0 -2.88384008407593 -13.4805002212524
-573 0 0 -2.87819004058838 -13.4734001159668
-572 0 0 -2.87255001068115 -13.4661998748779
-571 0 0 -2.8668999671936 -13.4589996337891
-570 0 0 -2.86124992370605 -13.4518003463745
-569 0 0 -2.85560011863708 -13.4444999694824
-568 0 0 -2.84995007514954 -13.4371995925903
-567 0 0 -2.84429001808167 -13.4299001693726
-566 0 0 -2.83862996101379 -13.4225997924805
-565 0 0 -2.83296990394592 -13.4152002334595
-564 0 0 -2.82731008529663 -13.4076995849609
-563 0 0 -2.82164001464844 -13.4003000259399
-562 0 0 -2.81597995758057 -13.3928003311157
-561 0 0 -2.81030988693237 -13.3852996826172
-560 0 0 -2.80464005470276 -13.3776998519897
-559 0 0 -2.79895997047424 -13.3701000213623
-558 0 0 -2.79328989982605 -13.3625001907349
-557 0 0 -2.78761005401611 -13.3549003601074
-556 0 0 -2.7819299697876 -13.3472003936768
-555 0 0 -2.77624988555908 -13.3395004272461
-554 0 0 -2.77056002616882 -13.3317003250122
-553 0 0 -2.76487994194031 -13.3239002227783
-552 0 0 -2.75919008255005 -13.3161001205444
-551 0 0 -2.75349998474121 -13.3081998825073
-550 34 4 -2.74780011177063 -13.3002996444702
-549 0 0 -2.74211001396179 -13.2924003601074
-548 0 0 -2.73640990257263 -13.2843999862671
-547 0 0 -2.73071002960205 -13.2763996124268
-546 0 0 -2.72499990463257 -13.2684001922607
-545 0 0 -2.71930003166199 -13.2602996826172
-544 0 0 -2.7135899066925 -13.2522001266479
-543 0 0 -2.7078800201416 -13.2440004348755
-542 0 0 -2.70216989517212 -13.2358999252319
-541 0 0 -2.69644999504089 -13.2276000976563
-540 0 0 -2.69073009490967 -13.2194004058838
-539 0 0 -2.68500995635986 -13.2110996246338
-538 0 0 -2.67929005622864 -13.2026996612549
-537 0 0 -2.67356991767883 -13.1943998336792
-536 0 0 -2.66784000396729 -13.1858997344971
-535 0 0 -2.66211009025574 -13.1774997711182
-534 0 0 -2.65637993812561 -13.168999671936
-533 0 0 -2.65064001083374 -13.1604995727539
-532 0 0 -2.64490008354187 -13.1519002914429
-531 0 0 -2.63915991783142 -13.1433000564575
-530 0 0 -2.63341999053955 -13.1345996856689
-529 0 0 -2.62768006324768 -13.1259002685547
-528 0 0 -2.62192988395691 -13.1171998977661
-527 0 0 -2.61617994308472 -13.1084003448486
-526 0 0 -2.61043000221252 -13.0995998382568
-525 0 0 -2.60467004776001 -13.0907001495361
-524 0 0 -2.5989100933075 -13.0818004608154
-523 0 0 -2.5931499004364 -13.0728998184204
-522 0 0 -2.58738994598389 -13.0638999938965
-521 0 0 -2.58161997795105 -13.0548000335693
-520 0 0 -2.57586002349854 -13.0458002090454
-519 0 0 -2.57008004188538 -13.036600112915
-518 0 0 -2.56431007385254 -13.0275001525879
-517 0 0 -2.55853009223938 -13.0183000564575
-516 0 0 -2.55275011062622 -13.0089998245239
-515 0 0 -2.54696989059448 -12.9996995925903
-514 0 0 -2.54118990898132 -12.9904003143311
-513 0 0 -2.53539991378784 -12.9809999465942
-512 0 0 -2.52960991859436 -12.9715003967285
-511 0 0 -2.52381992340088 -12.9619998931885
-510 0 0 -2.51801991462708 -12.9525003433228
-509 0 0 -2.51221990585327 -12.9428997039795
-508 0 0 -2.50641989707947 -12.9333000183105
-507 0 0 -2.50061988830566 -12.9236001968384
-506 0 0 -2.49481010437012 -12.9139003753662
-505 0 0 -2.48900008201599 -12.9041004180908
-504 0 0 -2.48319005966187 -12.8943004608154
-503 0 0 -2.47737002372742 -12.8844003677368
-502 0 0 -2.47154998779297 -12.8745002746582
-501 0 0 -2.46572995185852 -12.8646001815796
-500 33 4 -2.45990991592407 -12.8544998168945
-499 0 0 -2.45408010482788 -12.8444995880127
-498 0 0 -2.44825005531311 -12.8343000411987
-497 0 0 -2.44240999221802 -12.8241996765137
-496 0 0 -2.43657994270325 -12.8138999938965
-495 0 0 -2.43074011802673 -12.8037004470825
-494 0 0 -2.42490005493164 -12.7932996749878
-493 0 0 -2.41904997825623 -12.7828998565674
-492 0 0 -2.41319990158081 -12.772500038147
-491 0 0 -2.40735006332397 -12.7620000839233
-490 0 0 -2.40148997306824 -12.7515001296997
-489 0 0 -2.39563989639282 -12.7409000396729
-488 0 0 -2.38977003097534 -12.7301998138428
-487 0 0 -2.3839099407196 -12.7194995880127
-486 0 0 -2.37804007530212 -12.7087001800537
-485 0 0 -2.37216997146606 -12.6978998184204
-484 0 0 -2.36630010604858 -12.6870002746582
-483 0 0 -2.3604199886322 -12.6760997772217
-482 0 0 -2.3545401096344 -12.6651000976563
-481 0 0 -2.3486499786377 -12.6540002822876
-480 0 0 -2.34277009963989 -12.6429004669189
-479 0 0 -2.33687996864319 -12.6316995620728
-478 0 0 -2.33098006248474 -12.6204996109009
-477 0 0 -2.32507991790771 -12.6091995239258
-476 0 0 -2.31918001174927 -12.5978002548218
-475 0 0 -2.31328010559082 -12.5864000320435
-474 0 0 -2.30736994743347 -12.5748996734619
-473 0 0 -2.3014600276947 -12.5634002685547
-472 0 0 -2.29555010795593 -12.5517997741699
-471 0 0 -2.28962993621826 -12.5401000976563
-470 0 0 -2.28371000289917 -12.5284004211426
-469 0 0 -2.27778005599976 -12.5165996551514
-468 0 0 -2.27185010910034 -12.5046997070313
-467 0 0 -2.26591992378235 -12.4927997589111
-466 0 0 -2.25997996330261 -12.4807996749878
-465 0 0 -2.25404000282288 -12.4687004089355
-464 0 0 -2.24810004234314 -12.456600189209
-463 0 0 -2.24215006828308 -12.4443998336792
-462 0 0 -2.23620009422302 -12.4321002960205
-461 0 0 -2.23024988174438 -12.4197998046875
-460 0 0 -2.224289894104 -12.4074001312256
-459 0 0 -2.21832990646362 -12.3949003219604
-458 0 0 -2.21235990524292 -12.3823003768921
-457 0 0 -2.20638990402222 -12.3697004318237
-456 0 0 -2.20041990280151 -12.3570003509521
-455 0 0 -2.19443988800049 -12.3443002700806
-454 0 0 -2.18846011161804 -12.3313999176025
-453 0 0 -2.18248009681702 -12.3184995651245
-452 0 0 -2.17649006843567 -12.3055000305176
-451 0 0 -2.17050004005432 -12.2924995422363
-450 32 4 -2.16449999809265 -12.2792997360229
-449 0 0 -2.15849995613098 -12.2660999298096
-448 0 0 -2.15248990058899 -12.252799987793
-447 0 0 -2.14648008346558 -12.2395000457764
-446 0 0 -2.14047002792358 -12.2259998321533
-445 0 0 -2.13444995880127 -12.2124996185303
-444 0 0 -2.12842988967896 -12.1989002227783
-443 0 0 -2.12241005897522 -12.1851997375488
-442 0 0 -2.11637997627258 -12.1714000701904
-441 0 0 -2.1103401184082 -12.157600402832
-440 0 0 -2.10430002212524 -12.1436996459961
-439 0 0 -2.09825992584229 -12.129599571228
-438 0 0 -2.09221005439758 -12.1155004501343
-437 0 0 -2.0861599445343 -12.1014003753662
-436 0 0 -2.08010005950928 -12.0871000289917
-435 0 0 -2.07403993606567 -12.072699546814
-434 0 0 -2.06798005104065 -12.0583000183105
-433 0 0 -2.06190991401672 -12.0438003540039
-432 0 0 -2.05584001541138 -12.0291004180908
-431 0 0 -2.04976010322571 -12.0143995285034
-430 0 0 -2.04366993904114 -11.9996004104614
-429 0 0 -2.03758001327515 -11.9847002029419
-428 0 0 -2.03149008750916 -11.9696998596191
-427 0 0 -2.02538990974426 -11.9547004699707
-426 0 0 -2.01928997039795 -11.9394998550415
-425 0 0 -2.01319003105164 -11.9242000579834
-424 0 0 -2.00707006454468 -11.9089002609253
-423 0 0 -2.00096011161804 -11.8934001922607
-422 0 0 -1.99483001232147 -11.877799987793
-421 0 0 -1.98871004581451 -11.8621997833252
-420 0 0 -1.98257994651794 -11.8464002609253
-419 0 0 -1.97643995285034 -11.8305997848511
-418 0 0 -1.97029995918274 -11.8145999908447
-417 0 0 -1.96414995193481 -11.7986001968384
-416 0 0 -1.95799994468689 -11.7824001312256
-415 0 0 -1.95184004306793 -11.7660999298096
-414 0 0 -1.94568002223969 -11.7497997283936
-413 0 0 -1.93950998783112 -11.7333002090454
-412 0 0 -1.93333995342255 -11.7166996002197
-411 0 0 -1.92716002464294 -11.6999998092651
-410 0 0 -1.92097997665405 -11.6831998825073
-409 0 0 -1.91479003429413 -11.6662998199463
-408 0 0 -1.90858995914459 -11.649299621582
-407 0 0 -1.90239000320435 -11.6322002410889
-406 0 0 -1.8961900472641 -11.6148996353149
-405 0 0 -1.88997995853424 -11.5974998474121
-404 0 0 -1.88375997543335 -11.5801000595093
-403 0 0 -1.87753999233246 -11.5625
-402 0 0 -1.87130999565125 -11.5447998046875
-401 0 0 -1.86506998538971 -11.5269002914429
-400 31 4 -1.85882997512817 -11.5089998245239
-399 0 0 -1.85258996486664 -11.4909000396729
-398 0 0 -1.84633994102478 -11.4727001190186
-397 0 0 -1.84008002281189 -11.454400062561
-396 0 0 -1.83380997180939 -11.4358997344971
-395 0 0 -1.82754004001617 -11.4174003601074
-394 0 0 -1.82126998901367 -11.398699760437
-393 0 0 -1.81499004364014 -11.3797998428345
-392 0 0 -1.80869996547699 -11.3608999252319
-391 0 0 -1.80239999294281 -11.3417997360229
-390 0 0 -1.79610002040863 -11.3226003646851
-389 0 0 -1.78979003429413 -11.3031997680664
-388 0 0 -1.78348004817963 -11.2836999893188
-387 0 0 -1.7771600484848 -11.2641000747681
-386 0 0 -1.77083003520966 -11.2442998886108
-385 0 0 -1.76450002193451 -11.2243995666504
-384 0 0 -1.75814998149872 -11.2042999267578
-383 0 0 -1.75180995464325 -11.1842002868652
-382 0 0 -1.74545001983643 -11.163800239563
-381 0 0 -1.73908996582031 -11.1433000564575
-380 0 0 -1.73272001743317 -11.1226997375488
-379 0 0 -1.72634994983673 -11.101900100708
-378 0 0 -1.71995997428894 -11.081000328064
-377 0 0 -1.71358001232147 -11.0599002838135
-376 0 0 -1.70718002319336 -11.0387001037598
-375 0 0 -1.70077002048492 -11.0172996520996
-374 0 0 -1.69436001777649 -10.9958000183105
-373 0 0 -1.68794000148773 -10.974100112915
-372 0 0 -1.68151998519897 -10.9521999359131
-371 0 0 -1.6750899553299 -10.9301996231079
-370 0 0 -1.66864001750946 -10.9079999923706
-369 0 0 -1.66219997406006 -10.8856000900269
-368 0 0 -1.6557400226593 -10.8631000518799
-367 0 0 -1.64927005767822 -10.8403997421265
-366 0 0 -1.64279997348785 -10.8176002502441
-365 0 0 -1.63631999492645 -10.7945003509521
-364 0 0 -1.62983000278473 -10.7713003158569
-363 0 0 -1.62334001064301 -10.7479000091553
-362 0 0 -1.61682999134064 -10.7243995666504
-361 0 0 -1.61031997203827 -10.7006998062134
-360 0 0 -1.60380005836487 -10.6766996383667
-359 0 0 -1.59727001190186 -10.6526002883911
-358 0 0 -1.59072995185852 -10.6282997131348
-357 0 0 -1.58417999744415 -10.6038999557495
-356 0 0 -1.57763004302979 -10.5791997909546
-355 0 0 -1.57106995582581 -10.5544004440308
-354 0 0 -1.56448996067047 -10.5292997360229
-353 0 0 -1.55790996551514 -10.5040998458862
-352 0 0 -1.55131995677948 -10.4785995483398
-351 0 0 -1.54472005367279 -10.4530000686646
-350 30 4 -1.53811001777649 -10.4271001815796
-349 0 0 -1.53149998188019 -10.4011001586914
-348 0 0 -1.52487003803253 -10.3747997283936
-347 0 0 -1.51822996139526 -10.3484001159668
-346 0 0 -1.51159000396729 -10.3217000961304
-345 0 0 -1.50493001937866 -10.2947998046875
-344 0 0 -1.49827003479004 -10.2677001953125
-343 0 0 -1.49159002304077 -10.2404003143311
-342 0 0 -1.4849100112915 -10.2129001617432
-341 0 0 -1.47820997238159 -10.1850996017456
-340 0 0 -1.47151005268097 -10.1570997238159
-339 0 0 -1.46478998661041 -10.1288995742798
-338 0 0 -1.45807003974915 -10.1005001068115
-337 0 0 -1.45132994651794 -10.0718002319336
-336 0 0 -1.44458997249603 -10.0429000854492
-335 0 0 -1.43782997131348 -10.0137996673584
-334 0 0 -1.43106997013092 -9.98437023162842
-333 0 0 -1.42428994178772 -9.95475006103516
-332 0 0 -1.41750001907349 -9.924880027771
-331 0 0 -1.41069996356964 -9.89476013183594
-330 0 0 -1.40389001369476 -9.86439037322998
-329 0 0 -1.39707005023956 -9.83376979827881
-328 0 0 -1.39023995399475 -9.80290031433105
-327 0 0 -1.38339996337891 -9.77176952362061
-326 0 0 -1.37654995918274 -9.74036979675293
-325 0 0 -1.36968004703522 -9.70872020721436
-324 0 0 -1.36280000209808 -9.67679977416992
-323 0 0 -1.35591995716095 -9.64459991455078
-322 0 0 -1.34902000427246 -9.61213970184326
-321 0 0 -1.34210002422333 -9.5794095993042
-320 0 0 -1.33518004417419 -9.54638957977295
-319 0 0 -1.32824003696442 -9.51309967041016
-318 0 0 -1.32130002975464 -9.47951984405518
-317 0 0 -1.31433999538422 -9.44565963745117
-316 0 0 -1.30736005306244 -9.4115104675293
-315 0 0 -1.30037999153137 -9.37707042694092
-314 0 0 -1.29338002204895 -9.34232997894287
-313 0 0 -1.28637003898621 -9.30729961395264
-312 0 0 -1.27935004234314 -9.27196025848389
-311 0 0 -1.27232003211975 -9.23631954193115
-310 0 0 -1.26526999473572 -9.20038032531738
-309 0 0 -1.25820994377136 -9.16413021087646
-308 0 0 -1.25112998485565 -9.12757015228271
-307 0 0 -1.24405002593994 -9.09068965911865
-306 0 0 -1.23695003986359 -9.05348968505859
-305 0 0 -1.22983002662659 -9.01597023010254
-304 0 0 -1.22271001338959 -8.97813034057617
-303 0 0 -1.21556997299194 -8.93997001647949
-302 0 0 -1.20841002464294 -8.90147018432617
-301 0 0 -1.20124995708466 -8.86264038085938
-300 29 4 -1.19405996799469 -8.82347965240479
-299 0 0 -1.18686997890472 -8.78398036956787
-298 0 0 -1.17965996265411 -8.74413967132568
-297 0 0 -1.17244005203247 -8.70394992828369
-296 0 0 -1.16519999504089 -8.66341972351074
-295 0 0 -1.15795004367828 -8.62254047393799
-294 0 0 -1.15068995952606 -8.5813102722168
-293 0 0 -1.14340996742249 -8.539719581604
-292 0 0 -1.13610994815826 -8.49777030944824
-291 0 0 -1.12881004810333 -8.45547008514404
-290 0 0 -1.12147998809814 -8.41279983520508
-289 0 0 -1.11415004730225 -8.36977005004883
-288 0 0 -1.10679996013641 -8.32637023925781
-287 0 0 -1.09942996501923 -8.2826099395752
-286 0 0 -1.09204995632172 -8.23847007751465
-285 0 0 -1.08466005325317 -8.19394969940186
-284 0 0 -1.0772500038147 -8.14906024932861
-283 0 0 -1.06982004642487 -8.10379028320313
-282 0 0 -1.06237995624542 -8.05813980102539
-281 0 0 -1.05492997169495 -8.01210975646973
-280 0 0 -1.04745995998383 -7.96569013595581
-279 0 0 -1.03998005390167 -7.91888999938965
-278 0 0 -1.03248000144958 -7.87169981002808
-277 0 0 -1.02497005462646 -7.82412004470825
-276 0 0 -1.01743996143341 -7.77615022659302
-275 0 0 -1.00989997386932 -7.72777986526489
-274 0 0 -1.00233995914459 -7.67902994155884
-273 0 0 -0.994772970676422 -7.62986993789673
-272 0 0 -0.98718798160553 -7.58031988143921
-271 0 0 -0.979587018489838 -7.53037977218628
-270 0 0 -0.971971988677979 -7.48003005981445
-269 0 0 -0.964341998100281 -7.42928981781006
-268 0 0 -0.956698000431061 -7.37814998626709
-267 0 0 -0.949039995670319 -7.32661008834839
-266 0 0 -0.941366970539093 -7.27467012405396
-265 0 0 -0.933678984642029 -7.22233009338379
-264 0 0 -0.925978004932404 -7.16960000991821
-263 0 0 -0.918262004852295 -7.11645984649658
-262 0 0 -0.910533010959625 -7.0629301071167
-261 0 0 -0.902788996696472 -7.0089898109436
-260 0 0 -0.895031988620758 -6.95465993881226
-259 0 0 -0.887260973453522 -6.8999400138855
-258 0 0 -0.879476010799408 -6.84481000900269
-257 0 0 -0.871677994728088 -6.78929996490479
-256 0 0 -0.863865971565247 -6.73338985443115
-255 0 0 -0.856041014194489 -6.67709016799927
-254 0 0 -0.848204016685486 -6.62040996551514
-253 0 0 -0.840353012084961 -6.56333017349243
-252 0 0 -0.832489013671875 -6.5058798789978
-251 0 0 -0.824612975120544 -6.44804000854492
-250 28 4 -0.816724002361298 -6.38982009887695
-249 0 0 -0.808822989463806 -6.3312201499939
-248 0 0 -0.800909996032715 -6.27225017547607
-247 0 0 -0.792985022068024 -6.21291017532349
-246 0 0 -0.785049021244049 -6.15320014953613
-245 0 0 -0.777100026607513 -6.09313011169434
-244 0 0 -0.769141018390656 -6.0327000617981
-243 0 0 -0.761170029640198 -5.97190999984741
-242 0 0 -0.753188014030457 -5.91076993942261
-241 0 0 -0.745194971561432 -5.84927988052368
-240 0 0 -0.73719197511673 -5.78744983673096
-239 0 0 -0.729178011417389 -5.72527980804443
-238 0 0 -0.721153974533081 -5.66277980804443
-237 0 0 -0.713120996952057 -5.59994983673096
-236 0 0 -0.705076992511749 -5.536789894104
-235 0 0 -0.697023987770081 -5.4733099937439
-234 0 0 -0.688961029052734 -5.40952014923096
-233 0 0 -0.680890023708344 -5.34541988372803
-232 0 0 -0.67280900478363 -5.28102016448975
-231 0 0 -0.664719998836517 -5.2163200378418
-230 0 0 -0.656621992588043 -5.15131998062134
-229 0 0 -0.648515999317169 -5.08604001998901
-228 0 0 -0.640401005744934 -5.02048015594482
-227 0 0 -0.632278978824615 -4.95464992523193
-226 0 0 -0.624149024486542 -4.8885498046875
-225 0 0 -0.616011023521423 -4.82217979431152
-224 0 0 -0.607865989208221 -4.75555992126465
-223 0 0 -0.599713981151581 -4.68869018554688
-222 0 0 -0.591554999351501 -4.62158012390137
-221 0 0 -0.583388984203339 -4.55422019958496
-220 0 0 -0.575215995311737 -4.48663997650146
-219 0 0 -0.567036986351013 -4.41882991790771
-218 0 0 -0.558851003646851 -4.35080003738403
-217 0 0 -0.550659000873566 -4.28255987167358
-216 0 0 -0.542460978031158 -4.21411991119385
-215 0 0 -0.534256994724274 -4.1454701423645
-214 0 0 -0.526048004627228 -4.07663011550903
-213 0 0 -0.517831981182098 -4.00759983062744
-212 0 0 -0.509611010551453 -3.93839001655579
-211 0 0 -0.501384973526001 -3.86899995803833
-210 0 0 -0.493153005838394 -3.79943990707397
-209 0 0 -0.484916001558304 -3.72972011566162
-208 0 0 -0.476673990488052 -3.65984010696411
-207 0 0 -0.468427002429962 -3.58980989456177
-206 0 0 -0.46017399430275 -3.51962995529175
-205 0 0 -0.451916992664337 -3.4493100643158
-204 0 0 -0.443655014038086 -3.37885999679565
-203 0 0 -0.435389012098312 -3.3082799911499
-202 0 0 -0.427116990089417 -3.23757004737854
-201 0 0 -0.418841004371643 -3.16673994064331
-200 27 4 -0.410560011863708 -3.09579992294312
-199 0 0 -0.402274996042252 -3.02474999427795
-198 0 0 -0.393985003232956 -2.95358991622925
-197 0 0 -0.385690003633499 -2.8823299407959
-196 0 0 -0.377391010522842 -2.81098008155823
-195 0 0 -0.369087010622025 -2.73954010009766
-194 0 0 -0.360778987407684 -2.66802000999451
-193 0 0 -0.352467000484467 -2.59641003608704
-192 0 0 -0.344150006771088 -2.52471995353699
-191 0 0 -0.335828006267548 -2.45297002792358
-190 0 0 -0.327502012252808 -2.3811399936676
-189 0 0 -0.319171994924545 -2.30924010276794
-188 0 0 -0.310837000608444 -2.2372899055481
-187 0 0 -0.302496999502182 -2.16528010368347
-186 0 0 -0.29415300488472 -2.09320998191833
-185 0 0 -0.285804986953735 -2.02109003067017
-184 0 0 -0.277451992034912 -1.94893002510071
-183 0 0 -0.269093990325928 -1.87671005725861
-182 0 0 -0.260731995105743 -1.80446004867554
-181 0 0 -0.252364993095398 -1.73216998577118
-180 0 0 -0.243992999196053 -1.65983998775482
-179 0 0 -0.235616996884346 -1.5874799489975
-178 0 0 -0.22723600268364 -1.5150899887085
-177 0 0 -0.218851000070572 -1.44266998767853
-176 0 0 -0.210460007190704 -1.37021994590759
-175 0 0 -0.202065005898476 -1.2977499961853
-174 0 0 -0.193664997816086 -1.22525000572205
-173 0 0 -0.185260996222496 -1.15274000167847
-172 0 0 -0.176851004362106 -1.08020997047424
-171 0 0 -0.168437004089355 -1.00767004489899
-170 0 0 -0.160017997026443 -0.935104012489319
-169 0 0 -0.151594996452332 -0.862531006336212
-168 0 0 -0.14316600561142 -0.789946973323822
-167 0 0 -0.134733006358147 -0.717352986335754
-166 0 0 -0.126294001936913 -0.644751012325287
-165 0 0 -0.117852002382278 -0.572142004966736
-164 0 0 -0.109403997659683 -0.499527007341385
-163 0 0 -0.100951999425888 -0.426907986402512
-162 0 0 -0.0924945026636124 -0.3542859852314
-161 0 0 -0.0840327963232994 -0.281661003828049
-160 0 0 -0.075566403567791 -0.209034994244576
-159 0 0 -0.0670955032110214 -0.136408001184464
-158 0 0 -0.058620098978281 -0.0637810006737709
-157 0 0 -0.0501402989029884 0.00884468015283346
-156 0 0 -0.0416560992598534 0.0814687013626099
-155 0 0 -0.0331676006317139 0.154090002179146
-154 0 0 -0.0246748998761177 0.226708993315697
-153 0 0 -0.0161780007183552 0.299324005842209
-152 0 0 -0.00767723983153701 0.37193500995636
-151 0 0 0.000827447976917028 0.444541990756989
-150 26 4 0.00933589041233063 0.517144024372101
-149 0 0 0.0178478993475437 0.589740991592407
-148 0 0 0.0263634994626045 0.662331998348236
-147 0 0 0.0348822996020317 0.734916985034943
-146 0 0 0.0434042997658253 0.807496011257172
-145 0 0 0.0519292987883091 0.880069017410278
-144 0 0 0.0604570992290974 0.952634990215302
-143 0 0 0.0689873993396759 1.02518999576569
-142 0 0 0.0775201022624969 1.09774994850159
-141 0 0 0.0860550031065941 1.17028999328613
-140 0 0 0.0945916995406151 1.24283003807068
-139 0 0 0.103129997849464 1.31535995006561
-138 0 0 0.11167000234127 1.38787996768951
-137 0 0 0.120210997760296 1.46038997173309
-136 0 0 0.128753006458282 1.53289997577667
-135 0 0 0.137294992804527 1.60539996623993
-134 0 0 0.145836994051933 1.67788994312286
-133 0 0 0.154379993677139 1.75037002563477
-132 0 0 0.162920996546745 1.82283997535706
-131 0 0 0.171461999416351 1.89531004428864
-130 0 0 0.180002003908157 1.96775996685028
-129 0 0 0.188539996743202 2.04021000862122
-128 0 0 0.197075992822647 2.11263990402222
-127 0 0 0.205610007047653 2.1850700378418
-126 0 0 0.214139997959137 2.25748991966248
-125 0 0 0.222668007016182 2.32990002632141
-124 0 0 0.231190994381905 2.4022901058197
-123 0 0 0.239711001515388 2.47467994689941
-122 0 0 0.248225003480911 2.54704999923706
-121 0 0 0.256734013557434 2.61942005157471
-120 0 0 0.265237003564835 2.69177007675171
-119 0 0 0.273734003305435 2.76411008834839
-118 0 0 0.282223999500275 2.83644008636475
-117 0 0 0.290706008672714 2.90875005722046
-116 0 0 0.299180001020432 2.98105001449585
-115 0 0 0.307644993066788 3.05333995819092
-114 0 0 0.316101014614105 3.12561011314392
-113 0 0 0.324546009302139 3.19787001609802
-112 0 0 0.332980990409851 3.27010989189148
-111 0 0 0.341405004262924 3.34232997894287
-110 0 0 0.349815994501114 3.41453003883362
-109 0 0 0.358213990926743 3.48672008514404
-108 0 0 0.36659899353981 3.55889010429382
-107 0 0 0.374969989061356 3.63103008270264
-106 0 0 0.383325010538101 3.70316004753113
-105 0 0 0.391665011644363 3.77525997161865
-104 0 0 0.399987995624542 3.84734010696411
-103 0 0 0.40829399228096 3.91938996315002
-102 0 0 0.416581004858017 3.99141001701355
-101 0 0 0.424849003553391 4.06340980529785
-100 25 4 0.433097988367081 4.13537979125977
-99 0 0 0.441325008869171 4.20732021331787
-98 0 0 0.449530988931656 4.27923011779785
-97 0 0 0.457715004682541 4.35110998153687
-96 0 0 0.465874999761581 4.42294979095459
-95 0 0 0.4740110039711 4.49476003646851
-94 0 0 0.482122004032135 4.56653022766113
-93 0 0 0.490206986665726 4.63824987411499
-92 0 0 0.498264998197556 4.70993995666504
-91 0 0 0.50629597902298 4.7815899848938
-90 0 0 0.514297008514404 4.85318994522095
-89 0 0 0.522269010543823 4.92474985122681
-88 0 0 0.530210018157959 4.99626016616821
-87 0 0 0.538119971752167 5.06770992279053
-86 0 0 0.545997023582458 5.13912010192871
-85 0 0 0.5538409948349 5.21048021316528
-84 0 0 0.561650991439819 5.28177976608276
-83 0 0 0.569424986839294 5.35302019119263
-82 0 0 0.577162981033325 5.4242000579834
-81 0 0 0.584864974021912 5.49531984329224
-80 0 0 0.592527985572815 5.5663800239563
-79 0 0 0.600152015686035 5.63737010955811
-78 0 0 0.607737004756927 5.70830011367798
-77 0 0 0.615280985832214 5.7791600227356
-76 0 0 0.622783005237579 5.84993982315063
-75 0 0 0.630243003368378 5.9206600189209
-74 0 0 0.637660026550293 5.99130010604858
-73 0 0 0.645031988620758 6.06186008453369
-72 0 0 0.652360022068024 6.13233995437622
-71 0 0 0.659641981124878 6.20274019241333
-70 0 0 0.666876971721649 6.2730598449707
-69 0 0 0.674063980579376 6.34329986572266
-68 0 0 0.68120402097702 6.41344976425171
-67 0 0 0.688293993473053 6.48351001739502
-66 0 0 0.695334017276764 6.55348014831543
-65 0 0 0.702323973178864 6.62336015701294
-64 0 0 0.709263026714325 6.69314002990723
-63 0 0 0.716149985790253 6.76282978057861
-62 0 0 0.72298401594162 6.83242988586426
-61 0 0 0.729764997959137 6.90191984176636
-60 0 0 0.736491978168488 6.97132015228271
-59 0 0 0.743165016174316 7.04060983657837
-58 0 0 0.749782025814056 7.10979986190796
-57 0 0 0.756344020366669 7.17889022827148
-56 0 0 0.762848973274231 7.24786996841431
-55 0 0 0.769297003746033 7.31675004959106
-54 0 0 0.775689005851746 7.38550996780396
-53 0 0 0.782021999359131 7.45417022705078
-52 0 0 0.78829699754715 7.5227198600769
-51 0 0 0.794512987136841 7.59114980697632
-50 24 4 0.800670981407166 7.65948009490967
-49 0 0 0.806768000125885 7.72769021987915
-48 0 0 0.812806010246277 7.79579019546509
-47 0 0 0.81878399848938 7.86377000808716
-46 0 0 0.824701011180878 7.93164014816284
-45 0 0 0.830556988716125 7.99939012527466
-44 0 0 0.836351990699768 8.06702995300293
-43 0 0 0.842085003852844 8.13455009460449
-42 0 0 0.84775698184967 8.20195007324219
-41 0 0 0.85336697101593 8.2692403793335
-40 0 0 0.858914971351624 8.33640003204346
-39 0 0 0.86440098285675 8.40345001220703
-38 0 0 0.86982399225235 8.47039031982422
-37 0 0 0.875185012817383 8.53719997406006
-36 0 0 0.880482971668243 8.60389995574951
-35 0 0 0.885717988014221 8.6704797744751
-34 0 0 0.890891015529633 8.73694038391113
-33 0 0 0.896000981330872 8.80327987670898
-32 0 0 0.901048004627228 8.86950969696045
-31 0 0 0.906032025814056 8.93562030792236
-30 0 0 0.910952985286713 9.00162029266357
-29 0 0 0.915812015533447 9.06750011444092
-28 0 0 0.920606970787048 9.13325977325439
-27 0 0 0.925339996814728 9.19890975952148
-26 0 0 0.93001002073288 9.26445007324219
-25 0 0 0.93461799621582 9.32987022399902
-24 0 0 0.939163029193878 9.39517974853516
-23 0 0 0.943646013736725 9.4603796005249
-22 0 0 0.948067009449005 9.52546977996826
-21 0 0 0.952426016330719 9.59045028686523
-20 0 0 0.956722974777222 9.6553201675415
-19 0 0 0.960958003997803 9.72008037567139
-18 0 0 0.965130984783173 9.78474044799805
-17 0 0 0.969244003295898 9.849289894104
-16 0 0 0.973294973373413 9.91374015808105
-15 0 0 0.977285027503967 9.9780797958374
-14 0 0 0.981215000152588 10.0423002243042
-13 0 0 0.985083997249603 10.106499671936
-12 0 0 0.98889297246933 10.1704998016357
-11 0 0 0.992642998695374 10.2343997955322
-10 0 0 0.995171010494232 10.2781000137329
-9 0 0 0.996841013431549 10.3072004318237
-8 0 0 0.997946977615356 10.3264999389648
-7 0 0 0.998682022094727 10.3394002914429
-6 0 0 0.999170005321503 10.3479995727539
-5 0 0 0.999495029449463 10.3537998199463
-4 0 0 0.999711990356445 10.3576002120972
-3 0 0 0.999855995178223 10.3600997924805
-2 0 0 0.999927997589111 10.3613996505737
1 0 0 1 10.3627004623413
1 0 0 1 10.3627004623413
-2 0 0 1.00006997585297 10.3640003204346
-3 0 0 1.00013995170593 10.3652000427246
-4 0 0 1.00029003620148 10.3677997589111
-5 0 0 1.00049996376038 10.371600151062
-6 0 0 1.00083005428314 10.3773002624512
-7 0 0 1.00130999088287 10.3858995437622
-8 0 0 1.00203001499176 10.3987998962402
-9 0 0 1.00311005115509 10.4181995391846
-10 0 0 1.0047299861908 10.4470996856689
-11 0 0 1.007120013237 10.4905996322632
-12 0 0 1.01057004928589 10.5539999008179
-13 0 0 1.01397001743317 10.6174001693726
-14 0 0 1.01730000972748 10.680700302124
-15 0 0 1.02058005332947 10.7439002990723
-16 0 0 1.02381002902985 10.8070001602173
-17 0 0 1.02697002887726 10.8701000213623
-18 0 0 1.03007996082306 10.9329996109009
-19 0 0 1.03313004970551 10.9959001541138
-20 0 0 1.03612995147705 11.0586996078491
-21 0 0 1.03907001018524 11.1213998794556
-22 0 0 1.04196000099182 11.184100151062
-23 0 0 1.04479002952576 11.246600151062
-24 0 0 1.04756999015808 11.309100151062
-25 0 0 1.05028998851776 11.371600151062
-26 0 0 1.05296003818512 11.4338998794556
-27 0 0 1.05558001995087 11.4961996078491
-28 0 0 1.05815005302429 11.5584001541138
-29 0 0 1.06066000461578 11.6205997467041
-30 0 0 1.06312000751495 11.6827001571655
-31 0 0 1.06552994251251 11.7447004318237
-32 0 0 1.06788003444672 11.8066997528076
-33 0 0 1.07018995285034 11.8685998916626
-34 0 0 1.07244002819061 11.9305000305176
-35 0 0 1.07465004920959 11.9923000335693
-36 0 0 1.07681000232697 12.0541000366211
-37 0 0 1.07890999317169 12.1157999038696
-38 0 0 1.08097004890442 12.1774997711182
-39 0 0 1.08298003673553 12.2391004562378
-40 0 0 1.08493995666504 12.3007001876831
-41 0 0 1.08685004711151 12.3621997833252
-42 0 0 1.0887199640274 12.4237003326416
-43 0 0 1.09054005146027 12.4850997924805
-44 0 0 1.09230995178223 12.5465002059937
-45 0 0 1.09403002262115 12.6078996658325
-46 0 0 1.09571003913879 12.6691999435425
-47 0 0 1.09735000133514 12.7305002212524
-48 0 0 1.09894001483917 12.7917995452881
-49 0 0 1.10047996044159 12.853099822998
-50 2 4 1.10197997093201 12.9142999649048
-51 0 0 1.10344004631042 12.9755001068115
-52 0 0 1.10485005378723 13.036600112915
-53 0 0 1.10623002052307 13.0978002548218
-54 0 0 1.10755002498627 13.1589002609253
-55 0 0 1.1088399887085 13.2200002670288
-56 0 0 1.1100800037384 13.2811002731323
-57 0 0 1.11128997802734 13.3421001434326
-58 0 0 1.11245000362396 13.4032001495361
-59 0 0 1.11356997489929 13.4642000198364
-60 0 0 1.11465001106262 13.5251998901367
-61 0 0 1.11568999290466 13.586199760437
-62 0 0 1.1166900396347 13.6471996307373
-63 0 0 1.11765003204346 13.7082004547119
-64 0 0 1.11857998371124 13.7692003250122
-65 0 0 1.11945998668671 13.8302001953125
-66 0 0 1.1203099489212 13.8912000656128
-67 0 0 1.1211199760437 13.9520998001099
-68 0 0 1.12188994884491 14.0130996704102
-69 0 0 1.12261998653412 14.0740995407104
-70 0 0 1.12331998348236 14.1351003646851
-71 0 0 1.12399005889893 14.1960000991821
-72 0 0 1.12460994720459 14.2569999694824
-73 0 0 1.12520003318787 14.3179998397827
-74 0 0 1.12575995922089 14.378999710083
-75 0 0 1.12627995014191 14.4399995803833
-76 0 0 1.12677001953125 14.5010004043579
-77 0 0 1.1272200345993 14.5621004104614
-78 0 0 1.12765002250671 14.6231002807617
-79 0 0 1.12802994251251 14.6842002868652
-80 0 0 1.12838995456696 14.7452001571655
-81 0 0 1.1287100315094 14.806300163269
-82 0 0 1.12899994850159 14.8674001693726
-83 0 0 1.1292599439621 14.9286003112793
-84 0 0 1.12949001789093 14.9897003173828
-85 0 0 1.12968003749847 15.0509004592896
-86 0 0 1.12985002994537 15.1120004653931
-87 0 0 1.12997996807098 15.1732997894287
-88 0 0 1.13008999824524 15.2344999313354
-89 0 0 1.13015997409821 15.2958002090454
-90 0 0 1.13021004199982 15.3570003509521
-91 0 0 1.13022994995117 15.418399810791
92 3 2 1.13022994995117 15.4265003204346
93 0 0 1.13022005558014 15.4877996444702
94 0 0 1.13016998767853 15.5492000579834
95 0 0 1.13010001182556 15.6106004714966
96 0 0 1.13001000881195 15.6721000671387
97 0 0 1.12987995147705 15.7335996627808
98 0 0 1.1297299861908 15.7951002120972
99 0 0 1.12954998016357 15.8565998077393
100 4 4 1.12934994697571 15.9181995391846
101 0 0 1.12911999225616 15.9798002243042
102 0 0 1.12887001037598 16.0415000915527
103 0 0 1.12858998775482 16.1032009124756
104 0 0 1.12828004360199 16.1648998260498
105 0 0 1.12794995307922 16.2266998291016
106 0 0 1.1275999546051 16.2884998321533
107 0 0 1.12723004817963 16.3502998352051
108 0 0 1.12682998180389 16.4122009277344
109 0 0 1.12639999389648 16.4741992950439
110 0 0 1.12595999240875 16.5361995697021
111 0 0 1.12548995018005 16.5981998443604
112 0 0 1.125 16.6602993011475
113 0 0 1.1244900226593 16.7224006652832
114 0 0 1.12396001815796 16.7845993041992
115 0 0 1.12340998649597 16.8467998504639
116 0 0 1.12283003330231 16.9090995788574
117 0 0 1.12223994731903 16.971399307251
118 0 0 1.12162005901337 17.0338001251221
119 0 0 1.12099003791809 17.0962009429932
120 0 0 1.12033998966217 17.1585998535156
121 0 0 1.11966001987457 17.2212009429932
122 0 0 1.11897003650665 17.2837009429932
123 0 0 1.11826002597809 17.3463001251221
124 0 0 1.11752998828888 17.4090003967285
125 0 0 1.11679005622864 17.4717998504639
126 0 0 1.11601996421814 17.5345001220703
127 0 0 1.11523997783661 17.5974006652832
128 0 0 1.11444997787476 17.6602993011475
129 0 0 1.11363005638123 17.7231998443604
130 0 0 1.11280000209808 17.7861995697021
131 0 0 1.11195003986359 17.8493003845215
132 0 0 1.11108994483948 17.9123992919922
133 0 0 1.11020994186401 17.9755001068115
134 0 0 1.10932004451752 18.0387992858887
135 0 0 1.10841000080109 18.1021003723145
136 0 0 1.10748994350433 18.1653995513916
137 0 0 1.10655999183655 18.2287998199463
138 0 0 1.10561001300812 18.292200088501
139 0 0 1.10464000701904 18.3558006286621
140 0 0 1.10365998744965 18.4193000793457
141 0 0 1.10266995429993 18.4829998016357
142 0 0 1.10167002677917 18.5466003417969
143 0 0 1.10064995288849 18.6103992462158
144 0 0 1.09962999820709 18.6742000579834
145 0 0 1.09859001636505 18.7381000518799
146 0 0 1.09753000736237 18.8020000457764
147 0 0 1.09646999835968 18.8659992218018
148 0 0 1.09539997577667 18.9300003051758
149 0 0 1.09431004524231 18.9941005706787
150 5 4 1.09321999549866 19.0583000183105
151 0 0 1.09211003780365 19.1224994659424
152 0 0 1.09099996089935 19.1868000030518
153 0 0 1.0898699760437 19.25119972229
154 0 0 1.08873999118805 19.3155994415283
155 0 0 1.08758997917175 19.3799991607666
156 0 0 1.08643996715546 19.4445991516113
157 0 0 1.08527994155884 19.5090999603271
158 0 0 1.08411002159119 19.5737991333008
159 0 0 1.08292996883392 19.638500213623
160 0 0 1.08174002170563 19.7033004760742
161 0 0 1.08054995536804 19.7681007385254
162 0 0 1.0793399810791 19.8330001831055
163 0 0 1.07814002037048 19.8978996276855
164 0 0 1.07692003250122 19.9629001617432
165 0 0 1.07570004463196 20.0279998779297
166 0 0 1.07447004318237 20.0930995941162
167 0 0 1.07323002815247 20.1583003997803
168 0 0 1.07199001312256 20.2236003875732
169 0 0 1.07074999809265 20.2889003753662
170 0 0 1.0694899559021 20.3542003631592
171 0 0 1.06824004650116 20.4197006225586
172 0 0 1.06696999073029 20.485200881958
173 0 0 1.06570994853973 20.5506992340088
174 0 0 1.06444001197815 20.6163005828857
175 0 0 1.06315994262695 20.681999206543
176 0 0 1.06187999248505 20.7476997375488
177 0 0 1.06059002876282 20.8134994506836
178 0 0 1.05930995941162 20.8792991638184
179 0 0 1.05800998210907 20.9451999664307
180 0 0 1.05672001838684 21.011100769043
181 0 0 1.05542004108429 21.0771999359131
182 0 0 1.05411994457245 21.1431999206543
183 0 0 1.0528199672699 21.2092990875244
184 0 0 1.05150997638702 21.2754993438721
185 0 0 1.05019998550415 21.3418006896973
186 0 0 1.04888999462128 21.4081001281738
187 0 0 1.0475800037384 21.4743995666504
188 0 0 1.04627001285553 21.5408000946045
189 0 0 1.04495000839233 21.6072998046875
190 0 0 1.04364001750946 21.6737995147705
191 0 0 1.04232001304626 21.7404003143311
192 0 0 1.04100000858307 21.806999206543
193 0 0 1.03968000411987 21.8736991882324
194 0 0 1.03835999965668 21.9405002593994
195 0 0 1.03703999519348 22.0072994232178
196 0 0 1.03571999073029 22.0741004943848
197 0 0 1.03439998626709 22.1410007476807
198 0 0 1.03307998180389 22.2080001831055
199 0 0 1.0317599773407 22.2749996185303
200 6 4 1.0304399728775 22.3421001434326
201 0 0 1.02911996841431 22.409200668335
202 0 0 1.02779996395111 22.4764003753662
203 0 0 1.02647995948792 22.5436000823975
204 0 0 1.02516996860504 22.6109008789063
205 0 0 1.02384996414185 22.6781997680664
206 0 0 1.02253997325897 22.7455997467041
207 0 0 1.0212299823761 22.8131008148193
208 0 0 1.01991999149323 22.8805999755859
209 0 0 1.01861000061035 22.9480991363525
210 0 0 1.01730000972748 23.0156993865967
211 0 0 1.01600003242493 23.0834007263184
212 0 0 1.01470005512238 23.1511001586914
213 0 0 1.01339995861053 23.2187995910645
214 0 0 1.01209998130798 23.286600112915
215 0 0 1.01080000400543 23.3544998168945
216 0 0 1.0095100402832 23.422399520874
217 0 0 1.00821995735168 23.4902992248535
218 0 0 1.00694000720978 23.5583000183105
219 0 0 1.00565004348755 23.6263999938965
220 0 0 1.00437998771667 23.6944999694824
221 0 0 1.00310003757477 23.7626991271973
222 0 0 1.00182998180389 23.8309001922607
223 0 0 1.00056004524231 23.8990993499756
224 0 0 0.999293029308319 23.967399597168
225 0 0 0.99803102016449 24.0358009338379
226 0 0 0.996774017810822 24.1042003631592
227 0 0 0.995521008968353 24.172700881958
228 0 0 0.994271993637085 24.2411994934082
229 0 0 0.993026971817017 24.309700012207
230 0 0 0.991786003112793 24.3782997131348
231 0 0 0.990549981594086 24.44700050354
232 0 0 0.989318013191223 24.5156993865967
233 0 0 0.988090991973877 24.584400177002
234 0 0 0.986868977546692 24.6532001495361
235 0 0 0.985652029514313 24.7220993041992
236 0 0 0.984439015388489 24.7910003662109
237 0 0 0.983232021331787 24.859899520874
238 0 0 0.982029020786285 24.9288997650146
239 0 0 0.980831980705261 24.9979991912842
240 0 0 0.979640007019043 25.0671005249023
241 0 0 0.978452980518341 25.1361999511719
242 0 0 0.977271974086761 25.2054004669189
243 0 0 0.976095974445343 25.2745990753174
244 0 0 0.974925994873047 25.343900680542
245 0 0 0.973761022090912 25.413200378418
246 0 0 0.972602009773254 25.4825992584229
247 0 0 0.971449017524719 25.5520000457764
248 0 0 0.9703009724617 25.6215000152588
249 0 0 0.96916002035141 25.6909999847412
250 7 4 0.968024015426636 25.7605991363525
251 0 0 0.9668949842453 25.8302001953125
252 0 0 0.965771019458771 25.8999004364014
253 0 0 0.96465402841568 25.9696006774902
254 0 0 0.963541984558105 26.039400100708
255 0 0 0.962436974048615 26.1091995239258
256 0 0 0.961338996887207 26.1791000366211
257 0 0 0.960246026515961 26.2490005493164
258 0 0 0.959159970283508 26.3188991546631
259 0 0 0.958081007003784 26.3889999389648
260 0 0 0.957008004188538 26.4589996337891
261 0 0 0.955941021442413 26.5291004180908
262 0 0 0.954881012439728 26.5993003845215
263 0 0 0.953827977180481 26.6695003509521
264 0 0 0.952781975269318 26.7397003173828
265 0 0 0.951741993427277 26.8099994659424
266 0 0 0.950708985328674 26.8803997039795
267 0 0 0.949681997299194 26.9507999420166
268 0 0 0.948662996292114 27.0212001800537
269 0 0 0.947650015354156 27.0916996002197
270 0 0 0.946645021438599 27.1623001098633
271 0 0 0.945645987987518 27.2329006195068
272 0 0 0.944653987884521 27.3034992218018
273 0 0 0.943669974803925 27.3742008209229
274 0 0 0.94269198179245 27.4449996948242
275 0 0 0.941721975803375 27.5158004760742
276 0 0 0.940757989883423 27.5867004394531
277 0 0 0.93980199098587 27.657600402832
278 0 0 0.938853025436401 27.7285003662109
279 0 0 0.937910974025726 27.7994995117188
280 0 0 0.936977028846741 27.8705997467041
281 0 0 0.936048984527588 27.9416999816895
282 0 0 0.93512898683548 28.0128002166748
283 0 0 0.934216022491455 28.0841007232666
284 0 0 0.933310985565186 28.1553001403809
285 0 0 0.932412981987 28.2266006469727
286 0 0 0.931522011756897 28.2980003356934
287 0 0 0.930639028549194 28.3694000244141
288 0 0 0.92976301908493 28.4409008026123
289 0 0 0.928893983364105 28.5123996734619
290 0 0 0.928032994270325 28.5839996337891
291 0 0 0.927179992198944 28.6557006835938
292 0 0 0.926334023475647 28.7273998260498
293 0 0 0.925495028495789 28.7991008758545
294 0 0 0.92466402053833 28.8708992004395
295 0 0 0.923840999603271 28.942699432373
296 0 0 0.923025012016296 29.0146999359131
297 0 0 0.92221599817276 29.0865993499756
298 0 0 0.921414971351624 29.1585998535156
299 0 0 0.920621991157532 29.2306995391846
300 8 4 0.919835984706879 29.3027992248535
301 0 0 0.91905802488327 29.375
302 0 0 0.918287992477417 29.4472999572754
303 0 0 0.917524993419647 29.5195999145508
304 0 0 0.916769981384277 29.5918998718262
305 0 0 0.916023015975952 29.6643009185791
306 0 0 0.915283024311066 29.7367992401123
307 0 0 0.914551019668579 29.8092994689941
308 0 0 0.913825988769531 29.8819007873535
309 0 0 0.913109004497528 29.9545993804932
310 0 0 0.912400007247925 30.0272998809814
311 0 0 0.911698997020721 30.1000003814697
312 0 0 0.911005020141602 30.1728992462158
313 0 0 0.910318970680237 30.2457008361816
314 0 0 0.9096400141716 30.3187007904053
315 0 0 0.90896999835968 30.3917007446289
316 0 0 0.908307015895844 30.4647006988525
317 0 0 0.907652020454407 30.5379009246826
318 0 0 0.907003998756409 30.6110000610352
319 0 0 0.906364023685455 30.6842994689941
320 0 0 0.905731976032257 30.7576007843018
321 0 0 0.905107975006104 30.8309993743896
322 0 0 0.904491007328033 30.9043998718262
323 0 0 0.903882026672363 30.9778995513916
324 0 0 0.903280973434448 31.051399230957
325 0 0 0.902688026428223 31.125
326 0 0 0.902101993560791 31.1986999511719
327 0 0 0.901524007320404 31.2724990844727
328 0 0 0.900954008102417 31.3463001251221
329 0 0 0.90039199590683 31.4200992584229
330 0 0 0.899837017059326 31.4941005706787
331 0 0 0.899290025234222 31.5680999755859
332 0 0 0.898751020431519 31.6420993804932
333 0 0 0.898218989372253 31.7162990570068
334 0 0 0.897695004940033 31.7905006408691
335 0 0 0.897179007530212 31.8647003173828
336 0 0 0.896670997142792 31.9391002655029
337 0 0 0.896170020103455 32.0134010314941
338 0 0 0.895676970481873 32.0878982543945
339 0 0 0.89519202709198 32.1623992919922
340 0 0 0.894715011119843 32.2369995117188
341 0 0 0.894245028495789 32.3116989135742
342 0 0 0.89378297328949 32.3863983154297
343 0 0 0.893328011035919 32.4612007141113
344 0 0 0.892881989479065 32.5360984802246
345 0 0 0.892443001270294 32.6110000610352
346 0 0 0.892010986804962 32.6860008239746
347 0 0 0.891587972640991 32.761100769043
348 0 0 0.891171991825104 32.8362007141113
349 0 0 0.890763998031616 32.9114990234375
350 9 4 0.890362977981567 32.9866981506348
351 0 0 0.889970004558563 33.0620994567871
352 0 0 0.889585018157959 33.1375007629395
353 0 0 0.889207005500793 33.2130012512207
354 0 0 0.888836979866028 33.2886009216309
355 0 0 0.888475000858307 33.364200592041
356 0 0 0.888119995594025 33.4398994445801
357 0 0 0.887772977352142 33.5157012939453
358 0 0 0.887434005737305 33.5915985107422
359 0 0 0.887102007865906 33.6674995422363
360 0 0 0.886777997016907 33.7434997558594
361 0 0 0.886461019515991 33.8195991516113
362 0 0 0.886152029037476 33.8956985473633
363 0 0 0.88585102558136 33.9719009399414
364 0 0 0.885556995868683 34.0481986999512
365 0 0 0.885271012783051 34.1245994567871
366 0 0 0.884992003440857 34.201099395752
367 0 0 0.884720981121063 34.2775993347168
368 0 0 0.884458005428314 34.3541984558105
369 0 0 0.884202003479004 34.4309005737305
370 0 0 0.883952975273132 34.5075988769531
371 0 0 0.883711993694305 34.584400177002
372 0 0 0.883478999137878 34.6613006591797
373 0 0 0.88325297832489 34.7383003234863
374 0 0 0.883035004138947 34.815299987793
375 0 0 0.882824003696442 34.8925018310547
376 0 0 0.882620990276337 34.9696998596191
377 0 0 0.882425010204315 35.0470008850098
378 0 0 0.882237017154694 35.1242980957031
379 0 0 0.882055997848511 35.2018013000488
380 0 0 0.881883025169373 35.2793006896973
381 0 0 0.881717026233673 35.3568992614746
382 0 0 0.881559014320374 35.4346008300781
383 0 0 0.881407976150513 35.5122985839844
384 0 0 0.881263971328735 35.5900993347168
385 0 0 0.881128013134003 35.6679992675781
386 0 0 0.880999982357025 35.7459983825684
387 0 0 0.880878984928131 35.8241004943848
388 0 0 0.880765020847321 35.9023017883301
389 0 0 0.880658984184265 35.9804992675781
390 0 0 0.880559980869293 36.0587997436523
391 0 0 0.880468010902405 36.1371994018555
392 0 0 0.880384027957916 36.2156982421875
393 0 0 0.880307018756866 36.2942008972168
394 0 0 0.880236983299255 36.3727989196777
395 0 0 0.880174994468689 36.4514999389648
396 0 0 0.880120992660522 36.5303001403809
397 0 0 0.880073010921478 36.6091995239258
398 0 0 0.880033016204834 36.6882019042969
399 0 0 0.879999995231628 36.7672004699707
400 10 4 0.879975020885468 36.8462982177734
401 0 0 0.879957020282745 36.9254989624023
402 0 0 0.879945993423462 37.0047988891602
-403 11 2 0.879941999912262 37.0834999084473
-404 0 0 0.879945993423462 37.1629981994629
-405 0 0 0.879957020282745 37.2425003051758
-406 0 0 0.879975020885468 37.3221015930176
-407 0 0 0.879999995231628 37.401798248291
-408 0 0 0.880033016204834 37.4816017150879
-409 0 0 0.880073010921478 37.5614013671875
-410 0 0 0.880119979381561 37.6413993835449
-411 0 0 0.880173981189728 37.7214012145996
-412 0 0 0.880236029624939 37.8014984130859
-413 0 0 0.880304992198944 37.8816986083984
-414 0 0 0.880380988121033 37.9620018005371
-415 0 0 0.880464017391205 38.0424003601074
-416 0 0 0.880554020404816 38.1227989196777
-417 0 0 0.880650997161865 38.2033004760742
-418 0 0 0.880756020545959 38.2839012145996
-419 0 0 0.880868017673492 38.3646011352539
-420 0 0 0.880986988544464 38.4454002380371
-421 0 0 0.881112992763519 38.5262985229492
-422 0 0 0.881245970726013 38.6072006225586
-423 0 0 0.881385982036591 38.6883010864258
-424 0 0 0.881533026695251 38.769401550293
-425 0 0 0.881687998771667 38.8506011962891
-426 0 0 0.881848990917206 38.9319000244141
-427 0 0 0.882018029689789 39.0131988525391
-428 0 0 0.882193028926849 39.0946998596191
-429 0 0 0.88237601518631 39.1762008666992
-430 0 0 0.882565975189209 39.2579002380371
-431 0 0 0.882762014865875 39.339599609375
-432 0 0 0.882965981960297 39.4213981628418
-433 0 0 0.883176982402802 39.5032005310059
-434 0 0 0.88339501619339 39.5852012634277
-435 0 0 0.883619010448456 39.6673011779785
-436 0 0 0.883850991725922 39.7494010925293
-437 0 0 0.884090006351471 39.831600189209
-438 0 0 0.884334981441498 39.9138984680176
-439 0 0 0.884588003158569 39.9962997436523
-440 0 0 0.884846985340118 40.078800201416
-441 0 0 0.885114014148712 40.1613006591797
-442 0 0 0.885387003421783 40.2439002990723
-443 0 0 0.885667979717255 40.3266983032227
-444 0 0 0.885954976081848 40.4095001220703
-445 0 0 0.886249005794525 40.4924011230469
-446 0 0 0.886550009250641 40.5752983093262
-447 0 0 0.886857986450195 40.6584014892578
-448 0 0 0.887172996997833 40.7415008544922
-449 0 0 0.887494027614594 40.8247985839844
-450 12 4 0.887821972370148 40.9081001281738
-451 0 0 0.888158023357391 40.9915008544922
-452 0 0 0.888499975204468 41.0750007629395
-453 0 0 0.888849020004272 41.1585006713867
-454 0 0 0.889204025268555 41.2421989440918
-455 0 0 0.889567017555237 41.3259010314941
-456 0 0 0.889935970306396 41.4096984863281
-457 0 0 0.890312016010284 41.4935989379883
-458 0 0 0.890694975852966 41.5775985717773
-459 0 0 0.891084015369415 41.6617012023926
-460 0 0 0.891480028629303 41.7458000183105
-461 0 0 0.891883015632629 41.8300018310547
-462 0 0 0.892292976379395 41.9143981933594
-463 0 0 0.892709016799927 41.9987983703613
-464 0 0 0.893131971359253 42.0831985473633
-465 0 0 0.893562018871307 42.1678009033203
-466 0 0 0.893998026847839 42.2523994445801
-467 0 0 0.89444100856781 42.3372001647949
-468 0 0 0.894891023635864 42.4220008850098
-469 0 0 0.895346999168396 42.5069007873535
-470 0 0 0.895810008049011 42.5918006896973
-471 0 0 0.896279990673065 42.6768989562988
-472 0 0 0.896755993366241 42.7620010375977
-473 0 0 0.897239029407501 42.8473014831543
-474 0 0 0.897728025913239 42.9325981140137
-475 0 0 0.898223996162415 43.0178985595703
-476 0 0 0.898726999759674 43.103401184082
-477 0 0 0.899236023426056 43.1888999938965
-478 0 0 0.899751007556915 43.274600982666
-479 0 0 0.900273025035858 43.3602981567383
-480 0 0 0.90080201625824 43.4459991455078
-481 0 0 0.901337027549744 43.5318984985352
-482 0 0 0.901877999305725 43.6178016662598
-483 0 0 0.90242600440979 43.7038993835449
-484 0 0 0.902980983257294 43.7900009155273
-485 0 0 0.90354198217392 43.8760986328125
-486 0 0 0.904109001159668 43.9623985290527
-487 0 0 0.904682993888855 44.048698425293
-488 0 0 0.905263006687164 44.1352005004883
-489 0 0 0.905849993228912 44.2216987609863
-490 0 0 0.906442999839783 44.3082008361816
-491 0 0 0.907042026519775 44.3949012756348
-492 0 0 0.907648026943207 44.4816017150879
-493 0 0 0.908259987831116 44.5684013366699
-494 0 0 0.908878028392792 44.6553001403809
-495 0 0 0.909502983093262 44.7421989440918
-496 0 0 0.910134017467499 44.8292999267578
-497 0 0 0.910772025585175 44.9164009094238
-498 0 0 0.911414980888367 45.0036010742188
-499 0 0 0.912065029144287 45.0908012390137
-500 13 4 0.91272097826004 45.1781997680664
-501 0 0 0.913384020328522 45.2655982971191
-502 0 0 0.914053022861481 45.353099822998
-503 0 0 0.914727985858917 45.4407005310059
-504 0 0 0.915409028530121 45.5283012390137
-505 0 0 0.916095972061157 45.6160011291504
-506 0 0 0.916790008544922 45.703800201416
-507 0 0 0.917488992214203 45.7916984558105
-508 0 0 0.918195009231567 45.8796005249023
-509 0 0 0.918906986713409 45.967601776123
-510 0 0 0.919625997543335 46.0556983947754
-511 0 0 0.920350015163422 46.143798828125
-512 0 0 0.921079993247986 46.2321014404297
-513 0 0 0.921817004680634 46.3204002380371
-514 0 0 0.922559976577759 46.4086990356445
-515 0 0 0.92330801486969 46.497200012207
-516 0 0 0.92406302690506 46.5857009887695
-517 0 0 0.924823999404907 46.6743011474609
-518 0 0 0.925590991973877 46.7629013061523
-519 0 0 0.926364004611969 46.8516006469727
-520 0 0 0.927142977714539 46.9403991699219
-521 0 0 0.92792797088623 47.0293006896973
-522 0 0 0.928717970848083 47.1181983947754
-523 0 0 0.92951500415802 47.2071990966797
-524 0 0 0.930317997932434 47.2962989807129
-525 0 0 0.93112701177597 47.3853988647461
-526 0 0 0.931941986083984 47.4746017456055
-527 0 0 0.932762026786804 47.5638999938965
-528 0 0 0.933588981628418 47.6531982421875
-529 0 0 0.934421002864838 47.7426986694336
-530 0 0 0.935258984565735 47.8320999145508
-531 0 0 0.936103999614716 47.9216995239258
-532 0 0 0.936954021453857 48.0112991333008
-533 0 0 0.937810003757477 48.101001739502
-534 0 0 0.938670992851257 48.1907005310059
-535 0 0 0.939539015293121 48.2804985046387
-536 0 0 0.940411984920502 48.3703994750977
-537 0 0 0.941290974617004 48.4603004455566
-538 0 0 0.942175984382629 48.5503005981445
-539 0 0 0.943066000938416 48.6403999328613
-540 0 0 0.94396299123764 48.7304992675781
-541 0 0 0.944864988327026 48.8207015991211
-542 0 0 0.945773005485535 48.9109001159668
-543 0 0 0.946686029434204 49.0012016296387
-544 0 0 0.947605013847351 49.0915985107422
-545 0 0 0.94853001832962 49.181999206543
-546 0 0 0.949460983276367 49.2724990844727
-547 0 0 0.95039701461792 49.3630981445313
-548 0 0 0.95133900642395 49.4537010192871
-549 0 0 0.952286005020142 49.5443992614746
-550 14 4 0.953239023685455 49.6351013183594
-551 0 0 0.954198002815247 49.7258987426758
-552 0 0 0.955161988735199 49.8167991638184
-553 0 0 0.956131994724274 49.9076995849609
-554 0 0 0.95710700750351 49.9986991882324
-555 0 0 0.958087980747223 50.0896987915039
-556 0 0 0.959074974060059 50.1808013916016
-557 0 0 0.960066974163055 50.2719993591309
-558 0 0 0.961063981056213 50.3632011413574
-559 0 0 0.962067008018494 50.4543991088867
-560 0 0 0.96307498216629 50.5457992553711
-561 0 0 0.964088976383209 50.6371002197266
-562 0 0 0.965107977390289 50.7285995483398
-563 0 0 0.966132998466492 50.8200988769531
-564 0 0 0.967163026332855 50.9115982055664
-565 0 0 0.968199014663696 51.0032005310059
-566 0 0 0.969240009784698 51.094898223877
-567 0 0 0.970286011695862 51.1865997314453
-568 0 0 0.971337974071503 51.2783012390137
-569 0 0 0.972395002841949 51.3700981140137
-570 0 0 0.973456978797913 51.4620018005371
-571 0 0 0.974524974822998 51.5539016723633
-572 0 0 0.975597977638245 51.6459007263184
-573 0 0 0.976675987243652 51.7378997802734
-574 0 0 0.977760016918182 51.8300018310547
-575 0 0 0.978848993778229 51.9221000671387
-576 0 0 0.979942977428436 52.0143013000488
-577 0 0 0.98104202747345 52.1064987182617
-578 0 0 0.982146978378296 52.1987991333008
-579 0 0 0.983256995677948 52.2911987304688
-580 0 0 0.984372019767761 52.3834991455078
-581 0 0 0.985491991043091 52.476001739502
-582 0 0 0.986617028713226 52.5684013366699
-583 0 0 0.987748026847839 52.6609992980957
-584 0 0 0.988883972167969 52.7535018920898
-585 0 0 0.990024983882904 52.8461990356445
-586 0 0 0.991171002388 52.9388008117676
-587 0 0 0.992322027683258 53.0316009521484
-588 0 0 0.993478000164032 53.1242980957031
-589 0 0 0.994638979434967 53.217098236084
-590 0 0 0.995805978775024 53.310001373291
-591 0 0 0.996976971626282 53.4029006958008
-592 0 0 0.9981529712677 53.4958000183105
-593 0 0 0.999334990978241 53.5887985229492
-594 0 0 1.00051999092102 53.6819000244141
-595 0 0 1.00171005725861 53.7750015258789
-596 0 0 1.00291001796722 53.8680992126465
-597 0 0 1.00410997867584 53.9612998962402
-598 0 0 1.00531995296478 54.054500579834
-599 0 0 1.00653004646301 54.1477012634277
-600 15 4 1.00775003433228 54.2411003112793
-601 0 0 1.00897002220154 54.334400177002
-602 0 0 1.0101900100708 54.4277992248535
-603 0 0 1.01142001152039 54.5211982727051
-604 0 0 1.01266002655029 54.6147003173828
-605 0 0 1.0139000415802 54.7081985473633
-606 0 0 1.01514995098114 54.8017997741699
-607 0 0 1.01639997959137 54.8954010009766
-608 0 0 1.0176500082016 54.9889984130859
-609 0 0 1.01891005039215 55.0826988220215
-610 0 0 1.02017998695374 55.176399230957
-611 0 0 1.02145004272461 55.2700996398926
-612 0 0 1.02271997928619 55.363899230957
-613 0 0 1.02400004863739 55.4578018188477
-614 0 0 1.02529001235962 55.5516014099121
-615 0 0 1.02657997608185 55.6455993652344
-616 0 0 1.02787005901337 55.7394981384277
-617 0 0 1.02917003631592 55.8334999084473
-618 0 0 1.03047001361847 55.9275016784668
-619 0 0 1.03178000450134 56.021598815918
-620 0 0 1.03308999538422 56.1156997680664
-621 0 0 1.03440999984741 56.2098007202148
-622 0 0 1.03573000431061 56.3040008544922
-623 0 0 1.03706002235413 56.3982009887695
-624 0 0 1.03839004039764 56.4924011230469
-625 0 0 1.03972005844116 56.5867004394531
-626 0 0 1.04105997085571 56.6809997558594
-627 0 0 1.04241001605988 56.7753982543945
-628 0 0 1.04375994205475 56.869701385498
-629 0 0 1.04510998725891 56.9641990661621
-630 0 0 1.0464700460434 57.0586013793945
-631 0 0 1.04783999919891 57.1530990600586
-632 0 0 1.0492000579834 57.2476005554199
-633 0 0 1.05058002471924 57.3422012329102
-634 0 0 1.05194997787476 57.4366989135742
-635 0 0 1.05333995819092 57.5313987731934
-636 0 0 1.05472004413605 57.6259994506836
-637 0 0 1.05611002445221 57.7206993103027
-638 0 0 1.05751001834869 57.8153991699219
-639 0 0 1.05891001224518 57.910099029541
-640 0 0 1.06031000614166 58.0049018859863
-641 0 0 1.06172001361847 58.0997009277344
-642 0 0 1.06313002109528 58.1944999694824
-643 0 0 1.0645500421524 58.2893981933594
-644 0 0 1.06596994400024 58.3843002319336
-645 0 0 1.0673999786377 58.4791984558105
-646 0 0 1.06883001327515 58.5741996765137
-647 0 0 1.0702600479126 58.6692008972168
-648 0 0 1.07169997692108 58.7641983032227
-649 0 0 1.07315003871918 58.8591995239258
-650 16 4 1.07459998130798 58.9542999267578
-651 0 0 1.07605004310608 59.0494003295898
-652 0 0 1.07750999927521 59.1445007324219
-653 0 0 1.07896995544434 59.2397003173828
-654 0 0 1.08043003082275 59.3348999023438
-655 0 0 1.0819000005722 59.4300994873047
-656 0 0 1.08337998390198 59.5252990722656
-657 0 0 1.08484995365143 59.6206016540527
-658 0 0 1.08633995056152 59.7158012390137
-659 0 0 1.08782005310059 59.8111991882324
-660 0 0 1.08931994438171 59.9065017700195
-661 0 0 1.09080994129181 60.0018997192383
-662 0 0 1.09230995178223 60.0973014831543
-663 0 0 1.09380996227264 60.192699432373
-664 0 0 1.09531998634338 60.2881011962891
-665 0 0 1.09684002399445 60.3835983276367
-666 0 0 1.09835004806519 60.4790992736816
-667 0 0 1.09986996650696 60.5746002197266
-668 0 0 1.10140001773834 60.6702003479004
-669 0 0 1.10292994976044 60.7657012939453
-670 0 0 1.10446000099182 60.8613014221191
-671 0 0 1.10599994659424 60.956901550293
-672 0 0 1.10754001140594 61.0526008605957
-673 0 0 1.10908997058868 61.1482009887695
-674 0 0 1.11064004898071 61.2439002990723
-675 0 0 1.11219000816345 61.339599609375
-676 0 0 1.11374998092651 61.4352989196777
-677 0 0 1.11530995368958 61.5311012268066
-678 0 0 1.11688005924225 61.6268997192383
-679 0 0 1.11845004558563 61.7226982116699
-680 0 0 1.12002003192902 61.8185005187988
-681 0 0 1.12160003185272 61.9142990112305
-682 0 0 1.12318003177643 62.0102005004883
-683 0 0 1.12477004528046 62.1059989929199
-684 0 0 1.12636005878448 62.2019004821777
-685 0 0 1.12794995307922 62.2979011535645
-686 0 0 1.12954998016357 62.393798828125
-687 0 0 1.13116002082825 62.4897994995117
-688 0 0 1.1327600479126 62.5858001708984
-689 0 0 1.13436996936798 62.6818008422852
-690 0 0 1.13599002361298 62.7778015136719
-691 0 0 1.13760995864868 62.8737983703613
-692 0 0 1.13923001289368 62.969898223877
-693 0 0 1.1408599615097 63.0660018920898
-694 0 0 1.14249002933502 63.1621017456055
-695 0 0 1.14411997795105 63.2582015991211
-696 0 0 1.14576005935669 63.3543014526367
-697 0 0 1.14740002155304 63.4505004882813
-698 0 0 1.14904999732971 63.5466003417969
-699 0 0 1.15069997310638 63.6427993774414
-700 17 4 1.15234994888306 63.7389984130859
-701 0 0 1.15401005744934 63.8353004455566
-702 0 0 1.15567004680634 63.9314994812012
-703 0 0 1.15734004974365 64.0278015136719
-704 0 0 1.15901005268097 64.1240005493164
-705 0 0 1.16068005561829 64.2202987670898
-706 0 0 1.16235995292664 64.3165969848633
-707 0 0 1.16403996944427 64.4130020141602
-708 0 0 1.16572999954224 64.5093002319336
-709 0 0 1.1674200296402 64.6056976318359
-710 0 0 1.16910994052887 64.7021026611328
-711 0 0 1.17079997062683 64.7984008789063
-712 0 0 1.17251002788544 64.8948974609375
-713 0 0 1.17420995235443 64.9913024902344
-714 0 0 1.17592000961304 65.0876998901367
-715 0 0 1.17762994766235 65.184196472168
-716 0 0 1.17935001850128 65.2806015014648
-717 0 0 1.18106997013092 65.3770980834961
-718 0 0 1.18279004096985 65.4736022949219
-719 0 0 1.18452000617981 65.5700988769531
-720 0 0 1.18624997138977 65.6667022705078
-721 0 0 1.18798005580902 65.7631988525391
-722 0 0 1.1897200345993 65.8598022460938
-723 0 0 1.19146001338959 65.9563980102539
-724 0 0 1.19321000576019 66.0529022216797
-725 0 0 1.1949599981308 66.1494979858398
-726 0 0 1.1967099905014 66.2462005615234
-727 0 0 1.19846999645233 66.3427963256836
-728 0 0 1.20023000240326 66.4393997192383
-729 0 0 1.20199000835419 66.5361022949219
-730 0 0 1.20376002788544 66.632698059082
-731 0 0 1.20553004741669 66.7294006347656
-732 0 0 1.20730996131897 66.8261032104492
-733 0 0 1.20908999443054 66.9227981567383
-734 0 0 1.21087002754211 67.0195007324219
-735 0 0 1.21265995502472 67.1163024902344
-736 0 0 1.21445000171661 67.2129974365234
-737 0 0 1.21624004840851 67.3097991943359
-738 0 0 1.21803998947144 67.4065017700195
-739 0 0 1.21984004974365 67.503303527832
-740 0 0 1.2216500043869 67.60009765625
-741 0 0 1.22345995903015 67.6968994140625
-742 0 0 1.22527003288269 67.793701171875
-743 0 0 1.22709000110626 67.8905029296875
-744 0 0 1.22890996932983 67.9873962402344
-745 0 0 1.2307300567627 68.0841979980469
-746 0 0 1.23256003856659 68.1810989379883
-747 0 0 1.23439002037048 68.2779998779297
-748 0 0 1.23622000217438 68.3748016357422
-749 0 0 1.23805999755859 68.4717025756836
-750 18 4 1.23989999294281 68.568603515625
-751 0 0 1.24173998832703 68.6654968261719
-752 0 0 1.24358999729156 68.7624969482422
-753 0 0 1.2454400062561 68.8593978881836
-754 0 0 1.24730002880096 68.956298828125
-755 0 0 1.24916005134583 69.0532989501953
-756 0 0 1.2510199546814 69.1502990722656
-757 0 0 1.25288999080658 69.247200012207
-758 0 0 1.25476002693176 69.3442001342773
-759 0 0 1.25662994384766 69.4412002563477
-760 0 0 1.25850999355316 69.538200378418
-761 0 0 1.26039004325867 69.6352005004883
-762 0 0 1.26226997375488 69.7322006225586
-763 0 0 1.26416003704071 69.8292999267578
-764 0 0 1.26604998111725 69.9263000488281
-765 0 0 1.2679500579834 70.0233001708984
-766 0 0 1.26985001564026 70.1203994750977
-767 0 0 1.27174997329712 70.2174987792969
-768 0 0 1.27365005016327 70.3144989013672
-769 0 0 1.27556002140045 70.4115982055664
-770 0 0 1.27748000621796 70.5086975097656
-771 0 0 1.27938997745514 70.6057968139648
-772 0 0 1.28130996227264 70.7029037475586
-773 0 0 1.28322994709015 70.8000030517578
-774 0 0 1.28515994548798 70.897102355957
-775 0 0 1.2870899438858 70.9943008422852
-776 0 0 1.28901994228363 71.0914001464844
-777 0 0 1.29095995426178 71.1884994506836
-778 0 0 1.29289996623993 71.2856979370117
-779 0 0 1.29483997821808 71.3828964233398
-780 0 0 1.29679000377655 71.4800033569336
-781 0 0 1.29874002933502 71.5772018432617
-782 0 0 1.30069994926453 71.6744003295898
-783 0 0 1.302649974823 71.771598815918
-784 0 0 1.30462002754211 71.8687973022461
-785 0 0 1.30657994747162 71.9660034179688
-786 0 0 1.30855000019073 72.0632019042969
-787 0 0 1.31052005290985 72.160400390625
-788 0 0 1.3125 72.2575988769531
-789 0 0 1.31447005271912 72.3547973632813
-790 0 0 1.31646001338959 72.4521026611328
-791 0 0 1.31843996047974 72.5493011474609
-792 0 0 1.3204300403595 72.646598815918
-793 0 0 1.32242000102997 72.7437973022461
-794 0 0 1.32441997528076 72.8411026000977
-795 0 0 1.32641994953156 72.9384002685547
-796 0 0 1.32842004299164 73.0355987548828
-797 0 0 1.33043003082275 73.1328964233398
-798 0 0 1.33243000507355 73.2302017211914
-799 0 0 1.33445000648499 73.3274993896484
-800 19 4 1.3364599943161 73.4247970581055
-801 0 0 1.33847999572754 73.522102355957
-802 0 0 1.3405100107193 73.6194000244141
-803 0 0 1.34253001213074 73.7166976928711
-804 0 0 1.3445600271225 73.8140029907227
-805 0 0 1.34660005569458 73.9113998413086
-806 0 0 1.34862995147705 74.0086975097656
-807 0 0 1.35066998004913 74.1060028076172
-808 0 0 1.35272002220154 74.2033996582031
-809 0 0 1.35476005077362 74.3006973266602
-810 0 0 1.35680997371674 74.3981018066406
-811 0 0 1.35887002944946 74.4953994750977
-812 0 0 1.36091995239258 74.5927963256836
-813 0 0 1.36298000812531 74.6901016235352
-814 0 0 1.36504995822906 74.7874984741211
-815 0 0 1.36711001396179 74.8849029541016
-816 0 0 1.36917996406555 74.9822998046875
-817 0 0 1.37126004695892 75.0795974731445
-818 0 0 1.37334001064301 75.177001953125
-819 0 0 1.37541997432709 75.2743988037109
-820 0 0 1.37750005722046 75.3718032836914
-821 0 0 1.37959003448486 75.4692001342773
-822 0 0 1.38168001174927 75.5665969848633
-823 0 0 1.38376998901367 75.6640014648438
-824 0 0 1.3858699798584 75.7613983154297
-825 0 0 1.38796997070313 75.8589019775391
-826 0 0 1.39006996154785 75.956298828125
-827 0 0 1.3921799659729 76.0537033081055
-828 0 0 1.39428997039795 76.1511001586914
-829 0 0 1.39640998840332 76.2485961914063
-830 0 0 1.39851999282837 76.3460006713867
-831 0 0 1.40064001083374 76.4433975219727
-832 0 0 1.40277004241943 76.540901184082
-833 0 0 1.40489995479584 76.638298034668
-834 0 0 1.40702998638153 76.7358016967773
-835 0 0 1.40916001796722 76.8331985473633
-836 0 0 1.41129994392395 76.9307022094727
-837 0 0 1.41343998908997 77.0281982421875
-838 0 0 1.41558003425598 77.125602722168
-839 0 0 1.41772997379303 77.2230987548828
-840 0 0 1.41988003253937 77.3206024169922
-841 0 0 1.42203998565674 77.4179992675781
-842 0 0 1.42419004440308 77.5155029296875
-843 0 0 1.42636001110077 77.6129989624023
-844 0 0 1.42851996421814 77.7105026245117
-845 0 0 1.43069005012512 77.8078994750977
-846 0 0 1.43286001682281 77.905403137207
-847 0 0 1.43502998352051 78.0028991699219
-848 0 0 1.43720996379852 78.1004028320313
-849 0 0 1.43938994407654 78.1978988647461
-850 20 4 1.44158005714417 78.2954025268555
-851 0 0 1.44376003742218 78.3928985595703
-852 0 0 1.44595003128052 78.4904022216797
-853 0 0 1.44815003871918 78.5878982543945
-854 0 0 1.45035004615784 78.6854019165039
-855 0 0 1.4525500535965 78.7828979492188
-856 0 0 1.45474994182587 78.8804016113281
-857 0 0 1.45695996284485 78.977897644043
-858 0 0 1.45916998386383 79.0755004882813
-859 0 0 1.46138000488281 79.1729965209961
-860 0 0 1.46360003948212 79.2705001831055
-861 0 0 1.46581995487213 79.3679962158203
-862 0 0 1.46803998947144 79.4654998779297
-863 0 0 1.47027003765106 79.563102722168
-864 0 0 1.4724999666214 79.6605987548828
-865 0 0 1.47474002838135 79.7581024169922
-866 0 0 1.47696995735168 79.8556976318359
-867 0 0 1.47921001911163 79.9532012939453
-868 0 0 1.48145997524261 80.0506973266602
-869 0 0 1.48371005058289 80.1483001708984
-870 0 0 1.48596000671387 80.2457962036133
-871 0 0 1.48820996284485 80.3432998657227
-872 0 0 1.49047005176544 80.4409027099609
-873 0 0 1.49273002147675 80.5383987426758
-874 0 0 1.49498999118805 80.6360015869141
-875 0 0 1.49725997447968 80.7334976196289
-876 0 0 1.4995299577713 80.8311004638672
-877 0 0 1.50179994106293 80.928596496582
-878 0 0 1.50408005714417 81.0261001586914
-879 0 0 1.50636005401611 81.1237030029297
-880 0 0 1.50864005088806 81.2211990356445
-881 0 0 1.51092994213104 81.3188018798828
-882 0 0 1.51321995258331 81.4163970947266
-883 0 0 1.51550996303558 81.5139007568359
-884 0 0 1.51780998706818 81.6115036010742
-885 0 0 1.52011001110077 81.7089996337891
-886 0 0 1.52242004871368 81.8066024780273
-887 0 0 1.52471995353699 81.9040985107422
-888 0 0 1.5270299911499 82.0017013549805
-889 0 0 1.52935004234314 82.0992965698242
-890 0 0 1.53165996074677 82.1968002319336
-891 0 0 1.53398001194 82.2944030761719
-892 0 0 1.53630995750427 82.3918991088867
-893 0 0 1.53863000869751 82.489501953125
-894 0 0 1.54095995426178 82.5870971679688
-895 0 0 1.54330003261566 82.6846008300781
-896 0 0 1.54562997817993 82.7822036743164
-897 0 0 1.54797005653381 82.8797988891602
-898 0 0 1.55032002925873 82.9773025512695
-899 0 0 1.55265998840332 83.0748977661133
-900 21 4 1.55500996112823 83.1724014282227
-901 0 0 1.55736994743347 83.2699966430664
-902 0 0 1.55972003936768 83.3675994873047
-903 0 0 1.56208002567291 83.4651031494141
-904 0 0 1.56445002555847 83.5626983642578
-905 0 0 1.56681001186371 83.6603012084961
-906 0 0 1.56918001174927 83.7577972412109
-907 0 0 1.57155001163483 83.8554000854492
-908 0 0 1.57393002510071 83.9530029296875
-909 0 0 1.57631003856659 84.0505981445313
-910 0 0 1.57869005203247 84.1481018066406
-911 0 0 1.58107995986938 84.2456970214844
-912 0 0 1.58346998691559 84.3432998657227
-913 0 0 1.58586001396179 84.440803527832
-914 0 0 1.58826005458832 84.5383987426758
-915 0 0 1.59065997600555 84.6360015869141
-916 0 0 1.59306001663208 84.7334976196289
-917 0 0 1.59546995162964 84.8311004638672
-918 0 0 1.59788000583649 84.9287033081055
-919 0 0 1.60028994083405 85.0261993408203
-920 0 0 1.60271000862122 85.1238021850586
-921 0 0 1.6051299571991 85.2213973999023
-922 0 0 1.60755002498627 85.3189010620117
-923 0 0 1.60997998714447 85.4164962768555
-924 0 0 1.61240994930267 85.5140991210938
-925 0 0 1.61484003067017 85.6116027832031
-926 0 0 1.61728000640869 85.7091979980469
-927 0 0 1.61971998214722 85.8067016601563
-928 0 0 1.62215995788574 85.904296875
-929 0 0 1.62460994720459 86.0018997192383
-930 0 0 1.6270500421524 86.0994033813477
-931 0 0 1.62951004505157 86.1969985961914
-932 0 0 1.63196003437042 86.2946014404297
-933 0 0 1.63442003726959 86.3920974731445
-934 0 0 1.63689005374908 86.4897003173828
-935 0 0 1.63935005664825 86.5871963500977
-936 0 0 1.64181995391846 86.6847991943359
-937 0 0 1.64429998397827 86.7823028564453
-938 0 0 1.64677000045776 86.8798980712891
-939 0 0 1.64925003051758 86.9775009155273
-940 0 0 1.65173995494843 87.0749969482422
-941 0 0 1.65421998500824 87.1725997924805
-942 0 0 1.65671002864838 87.2701034545898
-943 0 0 1.65920996665955 87.3676986694336
-944 0 0 1.66170001029968 87.465202331543
-945 0 0 1.66419994831085 87.5627975463867
-946 0 0 1.66671001911163 87.6603012084961
-947 0 0 1.6692099571228 87.7578964233398
-948 0 0 1.67172002792358 87.8554000854492
-949 0 0 1.6742399930954 87.9530029296875
-950 22 4 1.67674994468689 88.0504989624023
-951 0 0 1.67927002906799 88.1480026245117
-952 0 0 1.68180000782013 88.2455978393555
-953 0 0 1.68431997299194 88.3431015014648
-954 0 0 1.68684995174408 88.4406967163086
-955 0 0 1.68938994407654 88.538200378418
-956 0 0 1.69192004203796 88.6356964111328
-957 0 0 1.69446003437042 88.7332992553711
-958 0 0 1.6970100402832 88.8308029174805
-959 0 0 1.69956004619598 88.9282989501953
-960 0 0 1.70211005210876 89.0259017944336
-961 0 0 1.70466005802155 89.1233978271484
-962 0 0 1.70721995830536 89.2209014892578
-963 0 0 1.70977997779846 89.3184967041016
-964 0 0 1.71233999729156 89.4160003662109
-965 0 0 1.71491003036499 89.5134963989258
-966 0 0 1.71747994422913 89.6110000610352
-967 0 0 1.72005999088287 89.7085037231445
-968 0 0 1.7226300239563 89.8060989379883
-969 0 0 1.72520995140076 89.9036026000977
-970 0 0 1.72780001163483 90.0010986328125
-971 0 0 1.73038995265961 90.0986022949219
-972 0 0 1.73298001289368 90.1960983276367
-973 0 0 1.73556995391846 90.2936019897461
-974 0 0 1.73817002773285 90.3910980224609
-975 0 0 1.74076998233795 90.4886016845703
-976 0 0 1.74337995052338 90.5861968994141
-977 0 0 1.74599003791809 90.6837005615234
-978 0 0 1.74860000610352 90.7811965942383
-979 0 0 1.75120997428894 90.8787002563477
-980 0 0 1.75382995605469 90.9761962890625
-981 0 0 1.75645995140076 91.0736999511719
-982 0 0 1.75908005237579 91.1710968017578
-983 0 0 1.76171004772186 91.2686004638672
-984 0 0 1.76434004306793 91.366096496582
-985 0 0 1.76698005199432 91.4636001586914
-986 0 0 1.76961994171143 91.5610961914063
-987 0 0 1.77225995063782 91.6585998535156
-988 0 0 1.77490997314453 91.756103515625
-989 0 0 1.77755999565125 91.8535003662109
-990 0 0 1.78021001815796 91.9509963989258
-991 0 0 1.782870054245 92.0485000610352
-992 0 0 1.78552997112274 92.1460037231445
-993 0 0 1.78819000720978 92.2434005737305
-994 0 0 1.79086005687714 92.3408966064453
-995 0 0 1.79352998733521 92.4384002685547
-996 0 0 1.79620003700256 92.5357971191406
-997 0 0 1.79887998104095 92.63330078125
-998 0 0 1.80156004428864 92.7307968139648
-999 0 0 1.80423998832703 92.8282012939453
-1000 23 9 1.80692994594574 92.9256973266602
