-1000 43 9 -5.44435977935791 -15.1775999069214
-999 0 0 -5.4387001991272 -15.1757001876831
-998 0 0 -5.43304014205933 -15.1737003326416
-997 0 0 -5.42738008499146 -15.1716995239258
-996 0 0 -5.42172002792358 -15.1697998046875
-995 0 0 -5.41605997085571 -15.167799949646
-994 0 0 -5.41039991378784 -15.1658000946045
-993 0 0 -5.40473985671997 -15.163800239563
-992 0 0 -5.3990797996521 -15.1618003845215
-991 0 0 -5.39342021942139 -15.1597995758057
-990 0 0 -5.38775014877319 -15.1577997207642
-989 0 0 -5.38209009170532 -15.1557998657227
-988 0 0 -5.37643003463745 -15.1538000106812
-987 0 0 -5.37075996398926 -15.1517000198364
-986 0 0 -5.36509990692139 -15.1497001647949
-985 0 0 -5.35942983627319 -15.1477003097534
-984 0 0 -5.35376977920532 -15.1456003189087
-983 0 0 -5.34810018539429 -15.1436004638672
-982 0 0 -5.34243011474609 -15.1415996551514
-981 0 0 -5.3367600440979 -15.1394996643066
-980 0 0 -5.33109998703003 -15.1374998092651
-979 0 0 -5.32542991638184 -15.1353998184204
-978 0 0 -5.31975984573364 -15.1332998275757
-977 0 0 -5.31408977508545 -15.1312999725342
-976 0 0 -5.30842018127441 -15.1291999816895
-975 0 0 -5.30275011062622 -15.1270999908447
-974 0 0 -5.29708003997803 -15.1251001358032
-973 0 0 -5.29140996932983 -15.1230001449585
-972 0 0 -5.28573989868164 -15.1209001541138
-971 0 0 -5.28005981445313 -15.118800163269
-970 0 0 -5.27439022064209 -15.1167001724243
-969 0 0 -5.2687201499939 -15.1146001815796
-968 0 0 -5.26304006576538 -15.1125001907349
-967 0 0 -5.25736999511719 -15.1104001998901
-966 0 0 -5.25168991088867 -15.1082000732422
-965 0 0 -5.24601984024048 -15.1061000823975
-964 0 0 -5.24034023284912 -15.1040000915527
-963 0 0 -5.23466014862061 -15.101900100708
-962 0 0 -5.22899007797241 -15.0996999740601
-961 0 0 -5.2233099937439 -15.0975999832153
-960 0 0 -5.21762990951538 -15.0953998565674
-959 0 0 -5.21194982528687 -15.0932998657227
-958 0 0 -5.20627021789551 -15.0910997390747
-957 0 0 -5.20059013366699 -15.0888996124268
-956 0 0 -5.19491004943848 -15.086799621582
-955 0 0 -5.18922996520996 -15.0846004486084
-954 0 0 -5.18354988098145 -15.0824003219604
-953 0 0 -5.17786979675293 -15.0802001953125
-952 0 0 -5.17219018936157 -15.0780000686646
-951 0 0 -5.16651010513306 -15.0759000778198
-950 42 4 -5.16082000732422 -15.0736999511719
-949 0 0 -5.1551399230957 -15.0714998245239
-948 0 0 -5.14945983886719 -15.0691995620728
-947 0 0 -5.14377021789551 -15.0670003890991
-946 0 0 -5.13809013366699 -15.0648002624512
-945 0 0 -5.13240003585815 -15.0626001358032
-944 0 0 -5.12670993804932 -15.0602998733521
-943 0 0 -5.1210298538208 -15.0580997467041
-942 0 0 -5.11534023284912 -15.0558996200562
-941 0 0 -5.10965013504028 -15.0536003112793
-940 0 0 -5.10396003723145 -15.0514001846313
-939 0 0 -5.09826993942261 -15.0490999221802
-938 0 0 -5.09257984161377 -15.0468997955322
-937 0 0 -5.08689022064209 -15.0445995330811
-936 0 0 -5.08120012283325 -15.0423002243042
-935 0 0 -5.07551002502441 -15.039999961853
-934 0 0 -5.06981992721558 -15.0376996994019
-933 0 0 -5.06412982940674 -15.0354995727539
-932 0 0 -5.05844020843506 -15.0332002639771
-931 0 0 -5.0527400970459 -15.0309000015259
-930 0 0 -5.04704999923706 -15.0285997390747
-929 0 0 -5.04135990142822 -15.0262002944946
-928 0 0 -5.03565979003906 -15.0239000320435
-927 0 0 -5.02996015548706 -15.0215997695923
-926 0 0 -5.02427005767822 -15.0193004608154
-925 0 0 -5.01856994628906 -15.016900062561
-924 0 0 -5.01287984848022 -15.0145998001099
-923 0 0 -5.00718021392822 -15.0122003555298
-922 0 0 -5.00148010253906 -15.0099000930786
-921 0 0 -4.9957799911499 -15.0074996948242
-920 0 0 -4.99007987976074 -15.0052003860474
-919 0 0 -4.98437976837158 -15.002799987793
-918 0 0 -4.97868013381958 -15.0003995895386
-917 0 0 -4.97298002243042 -14.9980001449585
-916 0 0 -4.96727991104126 -14.9956998825073
-915 0 0 -4.9615797996521 -14.9933004379272
-914 0 0 -4.9558801651001 -14.9909000396729
-913 0 0 -4.95017004013062 -14.9884996414185
-912 0 0 -4.94446992874146 -14.9861001968384
-911 0 0 -4.93876981735229 -14.9835996627808
-910 0 0 -4.93306016921997 -14.9812002182007
-909 0 0 -4.92736005783081 -14.9787998199463
-908 0 0 -4.92164993286133 -14.9764003753662
-907 0 0 -4.91593980789185 -14.9738998413086
-906 0 0 -4.91024017333984 -14.9715003967285
-905 0 0 -4.90453004837036 -14.9689998626709
-904 0 0 -4.89881992340088 -14.9666004180908
-903 0 0 -4.8931097984314 -14.9640998840332
-902 0 0 -4.88740015029907 -14.9616003036499
-901 0 0 -4.88170003890991 -14.9590997695923
-900 41 4 -4.87598991394043 -14.9567003250122
-899 0 0 -4.87026977539063 -14.9541997909546
-898 0 0 -4.8645601272583 -14.9517002105713
-897 0 0 -4.85885000228882 -14.9491996765137
-896 0 0 -4.85313987731934 -14.9467000961304
-895 0 0 -4.84743022918701 -14.9441995620728
-894 0 0 -4.84171009063721 -14.9415998458862
-893 0 0 -4.83599996566772 -14.9391002655029
-892 0 0 -4.83027982711792 -14.9365997314453
-891 0 0 -4.8245701789856 -14.9340000152588
-890 0 0 -4.81885004043579 -14.9315004348755
-889 0 0 -4.81313991546631 -14.9288997650146
-888 0 0 -4.8074197769165 -14.9264001846313
-887 0 0 -4.80170011520386 -14.9238004684448
-886 0 0 -4.79597997665405 -14.921199798584
-885 0 0 -4.79026985168457 -14.9187002182007
-884 0 0 -4.78455018997192 -14.9160995483398
-883 0 0 -4.77883005142212 -14.9134998321533
-882 0 0 -4.77310991287231 -14.9109001159668
-881 0 0 -4.76738023757935 -14.9083003997803
-880 0 0 -4.76166009902954 -14.9056997299194
-879 0 0 -4.75593996047974 -14.9029998779297
-878 0 0 -4.75021982192993 -14.9004001617432
-877 0 0 -4.74450016021729 -14.8978004455566
-876 0 0 -4.73877000808716 -14.8950996398926
-875 0 0 -4.73304986953735 -14.8924999237061
-874 0 0 -4.72732019424438 -14.8898000717163
-873 0 0 -4.72160005569458 -14.8872003555298
-872 0 0 -4.71586990356445 -14.8844995498657
-871 0 0 -4.71014022827148 -14.881799697876
-870 0 0 -4.70442008972168 -14.8791999816895
-869 0 0 -4.69868993759155 -14.8765001296997
-868 0 0 -4.69295978546143 -14.87380027771
-867 0 0 -4.68723011016846 -14.8711004257202
-866 0 0 -4.68149995803833 -14.8683996200562
-865 0 0 -4.6757698059082 -14.8656997680664
-864 0 0 -4.67004013061523 -14.8628997802734
-863 0 0 -4.66430997848511 -14.8601999282837
-862 0 0 -4.65857982635498 -14.8575000762939
-861 0 0 -4.65284013748169 -14.854700088501
-860 0 0 -4.64710998535156 -14.8520002365112
-859 0 0 -4.64137983322144 -14.8492002487183
-858 0 0 -4.63564014434814 -14.8464002609253
-857 0 0 -4.62990999221802 -14.8437004089355
-856 0 0 -4.62416982650757 -14.8409004211426
-855 0 0 -4.61843013763428 -14.8381004333496
-854 0 0 -4.61269998550415 -14.8353004455566
-853 0 0 -4.6069598197937 -14.8325004577637
-852 0 0 -4.60122013092041 -14.8297004699707
-851 0 0 -4.59547996520996 -14.8268995285034
-850 40 4 -4.58973979949951 -14.8240995407104
-849 0 0 -4.58400011062622 -14.8212003707886
-848 0 0 -4.57825994491577 -14.8184003829956
-847 0 0 -4.57251977920532 -14.8155002593994
-846 0 0 -4.56678009033203 -14.8127002716064
-845 0 0 -4.56103992462158 -14.8098001480103
-844 0 0 -4.55529022216797 -14.8069000244141
-843 0 0 -4.54955005645752 -14.8041000366211
-842 0 0 -4.54379987716675 -14.8011999130249
-841 0 0 -4.53806018829346 -14.7982997894287
-840 0 0 -4.53231000900269 -14.7953996658325
-839 0 0 -4.52656984329224 -14.7924995422363
-838 0 0 -4.52082014083862 -14.7895002365112
-837 0 0 -4.51506996154785 -14.786600112915
-836 0 0 -4.5093297958374 -14.7836999893188
-835 0 0 -4.50358009338379 -14.7806997299194
-834 0 0 -4.49782991409302 -14.7777996063232
-833 0 0 -4.4920802116394 -14.7748003005981
-832 0 0 -4.48633003234863 -14.771900177002
-831 0 0 -4.48057985305786 -14.7688999176025
-830 0 0 -4.47482013702393 -14.7658996582031
-829 0 0 -4.46906995773315 -14.762900352478
-828 0 0 -4.46331977844238 -14.7599000930786
-827 0 0 -4.45756006240845 -14.7568998336792
-826 0 0 -4.45180988311768 -14.7538995742798
-825 0 0 -4.44605016708374 -14.7509002685547
-824 0 0 -4.44029998779297 -14.7477998733521
-823 0 0 -4.43453979492188 -14.7447996139526
-822 0 0 -4.42878007888794 -14.7417001724243
-821 0 0 -4.42302989959717 -14.7386999130249
-820 0 0 -4.41727018356323 -14.7356004714966
-819 0 0 -4.41150999069214 -14.7325000762939
-818 0 0 -4.40574979782104 -14.7294998168945
-817 0 0 -4.39999008178711 -14.7264003753662
-816 0 0 -4.39422988891602 -14.7232999801636
-815 0 0 -4.38847017288208 -14.7201995849609
-814 0 0 -4.38269996643066 -14.7170000076294
-813 0 0 -4.37693977355957 -14.7138996124268
-812 0 0 -4.37118005752563 -14.7108001708984
-811 0 0 -4.36540985107422 -14.7075996398926
-810 0 0 -4.35965013504028 -14.7045001983643
-809 0 0 -4.35387992858887 -14.7012996673584
-808 0 0 -4.34812021255493 -14.6981000900269
-807 0 0 -4.34235000610352 -14.6949996948242
-806 0 0 -4.3365797996521 -14.6918001174927
-805 0 0 -4.33081007003784 -14.6885995864868
-804 0 0 -4.32503986358643 -14.6854000091553
-803 0 0 -4.31927013397217 -14.6822004318237
-802 0 0 -4.31349992752075 -14.6788997650146
-801 0 0 -4.30773019790649 -14.6757001876831
-800 39 4 -4.30195999145508 -14.6724004745483
-799 0 0 -4.29618978500366 -14.6691999435425
-798 0 0 -4.2904200553894 -14.6659002304077
-797 0 0 -4.28463983535767 -14.6626996994019
-796 0 0 -4.27887010574341 -14.6593999862671
-795 0 0 -4.27308988571167 -14.6561002731323
-794 0 0 -4.26732015609741 -14.6527996063232
-793 0 0 -4.26153993606567 -14.6494998931885
-792 0 0 -4.25576019287109 -14.6462001800537
-791 0 0 -4.24997997283936 -14.6428003311157
-790 0 0 -4.24420976638794 -14.6394996643066
-789 0 0 -4.23843002319336 -14.6360998153687
-788 0 0 -4.23264980316162 -14.6328001022339
-787 0 0 -4.22687005996704 -14.6294002532959
-786 0 0 -4.22107982635498 -14.6260004043579
-785 0 0 -4.2153000831604 -14.6225996017456
-784 0 0 -4.20951986312866 -14.6191997528076
-783 0 0 -4.20373010635376 -14.6157999038696
-782 0 0 -4.19794988632202 -14.6124000549316
-781 0 0 -4.19217014312744 -14.6090002059937
-780 0 0 -4.18637990951538 -14.6055002212524
-779 0 0 -4.18059015274048 -14.6021003723145
-778 0 0 -4.17480993270874 -14.5986003875732
-777 0 0 -4.16902017593384 -14.5951995849609
-776 0 0 -4.16322994232178 -14.5916996002197
-775 0 0 -4.15744018554688 -14.5881996154785
-774 0 0 -4.15164995193481 -14.5846996307373
-773 0 0 -4.14586019515991 -14.5811996459961
-772 0 0 -4.14006996154785 -14.5776996612549
-771 0 0 -4.13427019119263 -14.5740995407104
-770 0 0 -4.12847995758057 -14.5705995559692
-769 0 0 -4.12269020080566 -14.5670003890991
-768 0 0 -4.11688995361328 -14.5635004043579
-767 0 0 -4.11110019683838 -14.5599002838135
-766 0 0 -4.105299949646 -14.556300163269
-765 0 0 -4.09951019287109 -14.5527000427246
-764 0 0 -4.09370994567871 -14.5490999221802
-763 0 0 -4.08791017532349 -14.5454998016357
-762 0 0 -4.0821099281311 -14.5418996810913
-761 0 0 -4.07631015777588 -14.538200378418
-760 0 0 -4.0705099105835 -14.5346002578735
-759 0 0 -4.06471014022827 -14.5309000015259
-758 0 0 -4.05890989303589 -14.5271997451782
-757 0 0 -4.05310010910034 -14.5235996246338
-756 0 0 -4.04729986190796 -14.5199003219604
-755 0 0 -4.04150009155273 -14.5160999298096
-754 0 0 -4.03568983078003 -14.5123996734619
-753 0 0 -4.0298900604248 -14.5087003707886
-752 0 0 -4.0240797996521 -14.5050001144409
-751 0 0 -4.01827001571655 -14.50119972229
-750 38 4 -4.01246023178101 -14.4974002838135
-749 0 0 -4.0066499710083 -14.4937000274658
-748 0 0 -4.00084018707275 -14.4898996353149
-747 0 0 -3.99502992630005 -14.4861001968384
-746 0 0 -3.98921990394592 -14.4822998046875
-745 0 0 -3.9834098815918 -14.4784002304077
-744 0 0 -3.97760009765625 -14.4745998382568
-743 0 0 -3.9717800617218 -14.4708003997803
-742 0 0 -3.96597003936768 -14.4668998718262
-741 0 0 -3.96015000343323 -14.4630002975464
-740 0 0 -3.9543399810791 -14.4590997695923
-739 0 0 -3.94851994514465 -14.4552001953125
-738 0 0 -3.94269990921021 -14.4512996673584
-737 0 0 -3.93688988685608 -14.4474000930786
-736 0 0 -3.93107008934021 -14.4434995651245
-735 0 0 -3.92525005340576 -14.4394998550415
-734 0 0 -3.91943001747131 -14.4356002807617
-733 0 0 -3.91359996795654 -14.4315996170044
-732 0 0 -3.90777993202209 -14.4275999069214
-731 0 0 -3.90195989608765 -14.4236001968384
-730 0 0 -3.89613008499146 -14.4195995330811
-729 0 0 -3.89031004905701 -14.415599822998
-728 0 0 -3.88447999954224 -14.411600112915
-727 0 0 -3.87865996360779 -14.4075002670288
-726 0 0 -3.87282991409302 -14.4034996032715
-725 0 0 -3.86700010299683 -14.3993997573853
-724 0 0 -3.86117005348206 -14.395299911499
-723 0 0 -3.85534000396729 -14.3912000656128
-722 0 0 -3.84950995445251 -14.3871002197266
-721 0 0 -3.84367990493774 -14.3830003738403
-720 0 0 -3.83785009384155 -14.3788003921509
-719 0 0 -3.83201003074646 -14.3746995925903
-718 0 0 -3.82617998123169 -14.3704996109009
-717 0 0 -3.8203399181366 -14.3662996292114
-716 0 0 -3.81451010704041 -14.362099647522
-715 0 0 -3.80867004394531 -14.3578996658325
-714 0 0 -3.80282998085022 -14.3536996841431
-713 0 0 -3.79698991775513 -14.3494997024536
-712 0 0 -3.79115009307861 -14.3451995849609
-711 0 0 -3.78531002998352 -14.3409004211426
-710 0 0 -3.77946996688843 -14.3367004394531
-709 0 0 -3.77362990379333 -14.3324003219604
-708 0 0 -3.76779007911682 -14.3281002044678
-707 0 0 -3.76194000244141 -14.3238000869751
-706 0 0 -3.75609993934631 -14.3193998336792
-705 0 0 -3.75025010108948 -14.3150997161865
-704 0 0 -3.74441003799438 -14.3107004165649
-703 0 0 -3.73855996131897 -14.306300163269
-702 0 0 -3.73270988464355 -14.3018999099731
-701 0 0 -3.72686004638672 -14.2974996566772
-700 37 4 -3.7210099697113 -14.2931003570557
-699 0 0 -3.71515989303589 -14.2887001037598
-698 0 0 -3.70931005477905 -14.2841997146606
-697 0 0 -3.70345997810364 -14.2798004150391
-696 0 0 -3.6975998878479 -14.2753000259399
-695 0 0 -3.69175004959106 -14.2707996368408
-694 0 0 -3.68588995933533 -14.266300201416
-693 0 0 -3.68003988265991 -14.2616996765137
-692 0 0 -3.67418003082275 -14.2572002410889
-691 0 0 -3.66831994056702 -14.2525997161865
-690 0 0 -3.66246008872986 -14.2481002807617
-689 0 0 -3.65659999847412 -14.2434997558594
-688 0 0 -3.65073990821838 -14.2389001846313
-687 0 0 -3.64488005638123 -14.2341995239258
-686 0 0 -3.63901996612549 -14.2295999526978
-685 0 0 -3.63315010070801 -14.2250003814697
-684 0 0 -3.62729001045227 -14.2202997207642
-683 0 0 -3.62141990661621 -14.2156000137329
-682 0 0 -3.61555004119873 -14.2109003067017
-681 0 0 -3.60968995094299 -14.2061996459961
-680 0 0 -3.60382008552551 -14.2013998031616
-679 0 0 -3.59794998168945 -14.1967000961304
-678 0 0 -3.59208011627197 -14.1919002532959
-677 0 0 -3.58619999885559 -14.1871004104614
-676 0 0 -3.58032989501953 -14.1822996139526
-675 0 0 -3.57446002960205 -14.1774997711182
-674 0 0 -3.56857991218567 -14.1726999282837
-673 0 0 -3.56271004676819 -14.167799949646
-672 0 0 -3.55682992935181 -14.1630001068115
-671 0 0 -3.550950050354 -14.1581001281738
-670 0 0 -3.54506993293762 -14.1532001495361
-669 0 0 -3.53920006752014 -14.1483001708984
-668 0 0 -3.53330993652344 -14.1433000564575
-667 0 0 -3.52743005752563 -14.1384000778198
-666 0 0 -3.52154994010925 -14.1333999633789
-665 0 0 -3.51567006111145 -14.128399848938
-664 0 0 -3.50977993011475 -14.1233997344971
-663 0 0 -3.50390005111694 -14.1183996200562
-662 0 0 -3.49800992012024 -14.1133003234863
-661 0 0 -3.49212002754211 -14.1083002090454
-660 0 0 -3.48622989654541 -14.1031999588013
-659 0 0 -3.48034000396729 -14.0980997085571
-658 0 0 -3.47445011138916 -14.0930004119873
-657 0 0 -3.46855998039246 -14.0878000259399
-656 0 0 -3.46267008781433 -14.0826997756958
-655 0 0 -3.4567699432373 -14.0775003433228
-654 0 0 -3.45088005065918 -14.0722999572754
-653 0 0 -3.44497990608215 -14.067099571228
-652 0 0 -3.43907999992371 -14.061900138855
-651 0 0 -3.43318009376526 -14.0565996170044
-650 36 4 -3.42727994918823 -14.0513000488281
-649 0 0 -3.42138004302979 -14.0460996627808
-648 0 0 -3.41547989845276 -14.0408000946045
-647 0 0 -3.40957999229431 -14.035400390625
-646 0 0 -3.40367007255554 -14.0300998687744
-645 0 0 -3.39776992797852 -14.0247001647949
-644 0 0 -3.39186000823975 -14.0193004608154
-643 0 0 -3.3859601020813 -14.0138998031616
-642 0 0 -3.38004994392395 -14.0085000991821
-641 0 0 -3.37414002418518 -14.0030002593994
-640 0 0 -3.36823010444641 -13.9975996017456
-639 0 0 -3.36231994628906 -13.9920997619629
-638 0 0 -3.35640001296997 -13.9865999221802
-637 0 0 -3.3504900932312 -13.9811000823975
-636 0 0 -3.34456992149353 -13.9755001068115
-635 0 0 -3.33866000175476 -13.9699001312256
-634 0 0 -3.33274006843567 -13.9643001556396
-633 0 0 -3.326819896698 -13.9587001800537
-632 0 0 -3.32089996337891 -13.9531002044678
-631 0 0 -3.31498003005981 -13.9474000930786
-630 0 0 -3.30906009674072 -13.9418001174927
-629 0 0 -3.30312991142273 -13.9361000061035
-628 0 0 -3.29720997810364 -13.9302997589111
-627 0 0 -3.29128003120422 -13.924599647522
-626 0 0 -3.28536009788513 -13.9188003540039
-625 0 0 -3.27942991256714 -13.9130001068115
-624 0 0 -3.27349996566772 -13.9071998596191
-623 0 0 -3.26757001876831 -13.9013996124268
-622 0 0 -3.2616400718689 -13.8955001831055
-621 0 0 -3.25570011138916 -13.8896999359131
-620 0 0 -3.24976992607117 -13.8837995529175
-619 0 0 -3.24382996559143 -13.877799987793
-618 0 0 -3.23790001869202 -13.8718996047974
-617 0 0 -3.23196005821228 -13.8659000396729
-616 0 0 -3.22602009773254 -13.8599004745483
-615 0 0 -3.22007989883423 -13.8538999557495
-614 0 0 -3.21413993835449 -13.847900390625
-613 0 0 -3.20818996429443 -13.8417997360229
-612 0 0 -3.2022500038147 -13.8357000350952
-611 0 0 -3.19630002975464 -13.8296003341675
-610 0 0 -3.1903600692749 -13.8234996795654
-609 0 0 -3.18441009521484 -13.8172998428345
-608 0 0 -3.17845988273621 -13.8111000061035
-607 0 0 -3.17250990867615 -13.8049001693726
-606 0 0 -3.16655993461609 -13.7987003326416
-605 0 0 -3.16059994697571 -13.7924003601074
-604 0 0 -3.15464997291565 -13.7861003875732
-603 0 0 -3.14868998527527 -13.7798004150391
-602 0 0 -3.14274001121521 -13.7735004425049
-601 0 0 -3.13678002357483 -13.7671003341675
-600 35 4 -3.13082003593445 -13.7608003616333
-599 0 0 -3.12486004829407 -13.7543001174927
-598 0 0 -3.11889004707336 -13.7479000091553
-597 0 0 -3.11293005943298 -13.7413997650146
-596 0 0 -3.10696005821228 -13.7349996566772
-595 0 0 -3.1010000705719 -13.7284002304077
-594 0 0 -3.0950300693512 -13.7218999862671
-593 0 0 -3.08906006813049 -13.7152996063232
-592 0 0 -3.08309006690979 -13.7087001800537
-591 0 0 -3.07711005210876 -13.7020998001099
-590 0 0 -3.07114005088806 -13.6954002380371
-589 0 0 -3.06516003608704 -13.6887998580933
-588 0 0 -3.05919003486633 -13.6821002960205
-587 0 0 -3.05321002006531 -13.6752996444702
-586 0 0 -3.04723000526428 -13.6686000823975
-585 0 0 -3.04124999046326 -13.6618003845215
-584 0 0 -3.03526997566223 -13.654899597168
-583 0 0 -3.02927994728088 -13.648099899292
-582 0 0 -3.02329993247986 -13.6412000656128
-581 0 0 -3.01730990409851 -13.6343002319336
-580 0 0 -3.01132011413574 -13.6274003982544
-579 0 0 -3.00533008575439 -13.620400428772
-578 0 0 -2.99934005737305 -13.6134004592896
-577 0 0 -2.9933500289917 -13.6063995361328
-576 0 0 -2.98734998703003 -13.5993003845215
-575 0 0 -2.98135995864868 -13.5922002792358
-574 0 0 -2.97535991668701 -13.5851001739502
-573 0 0 -2.96936011314392 -13.5780000686646
-572 0 0 -2.96336007118225 -13.5707998275757
-571 0 0 -2.95736002922058 -13.5635995864868
-570 0 0 -2.95134997367859 -13.5564002990723
-569 0 0 -2.94534993171692 -13.5490999221802
-568 0 0 -2.93934011459351 -13.5417995452881
-567 0 0 -2.93333005905151 -13.5345001220703
-566 0 0 -2.92732000350952 -13.527099609375
-565 0 0 -2.92130994796753 -13.519700050354
-564 0 0 -2.91529989242554 -13.5122995376587
-563 0 0 -2.9092800617218 -13.5047998428345
-562 0 0 -2.90327000617981 -13.4973001480103
-561 0 0 -2.8972499370575 -13.489800453186
-560 0 0 -2.89123010635376 -13.4821996688843
-559 0 0 -2.88521003723145 -13.4745998382568
-558 0 0 -2.87917995452881 -13.4670000076294
-557 0 0 -2.87315988540649 -13.4593000411987
-556 0 0 -2.86713004112244 -13.4516000747681
-555 0 0 -2.8610999584198 -13.4439001083374
-554 0 0 -2.85507011413574 -13.4361000061035
-553 0 0 -2.84904003143311 -13.4282999038696
-552 0 0 -2.84300994873047 -13.4204998016357
-551 0 0 -2.83697009086609 -13.4125995635986
-550 34 4 -2.83094000816345 -13.4047002792358
-549 0 0 -2.82489991188049 -13.3968000411987
-548 0 0 -2.81886005401611 -13.3887996673584
-547 0 0 -2.81281995773315 -13.3808002471924
-546 0 0 -2.80677008628845 -13.3727998733521
-545 0 0 -2.80072999000549 -13.3647003173828
-544 0 0 -2.79468011856079 -13.356499671936
-543 0 0 -2.78863000869751 -13.3484001159668
-542 0 0 -2.78257989883423 -13.3402004241943
-541 0 0 -2.7765200138092 -13.3318996429443
-540 0 0 -2.77046990394592 -13.3236999511719
-539 0 0 -2.7644100189209 -13.3154001235962
-538 0 0 -2.75834989547729 -13.3070001602173
-537 0 0 -2.75229001045227 -13.2986001968384
-536 0 0 -2.74622988700867 -13.2902002334595
-535 0 0 -2.74017000198364 -13.2817001342773
-534 0 0 -2.7341001033783 -13.2732000350952
-533 0 0 -2.72802996635437 -13.2646999359131
-532 0 0 -2.72196006774902 -13.2560997009277
-531 0 0 -2.7158899307251 -13.2475004196167
-530 0 0 -2.70982003211975 -13.2388000488281
-529 0 0 -2.7037398815155 -13.2300996780396
-528 0 0 -2.69765996932983 -13.2213001251221
-527 0 0 -2.69158005714417 -13.2124996185303
-526 0 0 -2.68549990653992 -13.2037000656128
-525 0 0 -2.67941999435425 -13.1948003768921
-524 0 0 -2.67333006858826 -13.1858997344971
-523 0 0 -2.66723990440369 -13.1768999099731
-522 0 0 -2.6611499786377 -13.1679000854492
-521 0 0 -2.6550600528717 -13.1589002609253
-520 0 0 -2.64896988868713 -13.1498003005981
-519 0 0 -2.64286994934082 -13.1406002044678
-518 0 0 -2.63677000999451 -13.1315002441406
-517 0 0 -2.63067007064819 -13.122200012207
-516 0 0 -2.6245698928833 -13.1129999160767
-515 0 0 -2.61845993995667 -13.1035995483398
-514 0 0 -2.61236000061035 -13.0943002700806
-513 0 0 -2.60625004768372 -13.0848999023438
-512 0 0 -2.60013008117676 -13.075400352478
-511 0 0 -2.59401988983154 -13.065899848938
-510 0 0 -2.58789992332458 -13.0564002990723
-509 0 0 -2.58178997039795 -13.046799659729
-508 0 0 -2.57567000389099 -13.0370998382568
-507 0 0 -2.56954002380371 -13.0274000167847
-506 0 0 -2.56342005729675 -13.0177001953125
-505 0 0 -2.55729007720947 -13.0079002380371
-504 0 0 -2.55116009712219 -12.9980001449585
-503 0 0 -2.54503011703491 -12.9882001876831
-502 0 0 -2.53889989852905 -12.9781999588013
-501 0 0 -2.53275990486145 -12.9681997299194
-500 33 4 -2.52661991119385 -12.9582004547119
-499 0 0 -2.52047991752625 -12.9481000900269
-498 0 0 -2.51432991027832 -12.9378995895386
-497 0 0 -2.50818991661072 -12.9277000427246
-496 0 0 -2.50203990936279 -12.9174995422363
-495 0 0 -2.49588990211487 -12.9071998596191
-494 0 0 -2.48973989486694 -12.8968000411987
-493 0 0 -2.48358011245728 -12.8864002227783
-492 0 0 -2.47742009162903 -12.8760004043579
-491 0 0 -2.47126007080078 -12.8654003143311
-490 0 0 -2.46510004997253 -12.8549003601074
-489 0 0 -2.45893001556396 -12.8442001342773
-488 0 0 -2.4527599811554 -12.8334999084473
-487 0 0 -2.44658994674683 -12.8227996826172
-486 0 0 -2.44041991233826 -12.8120002746582
-485 0 0 -2.43424010276794 -12.8011999130249
-484 0 0 -2.42806005477905 -12.7902002334595
-483 0 0 -2.42188000679016 -12.7792997360229
-482 0 0 -2.41568994522095 -12.7681999206543
-481 0 0 -2.40950989723206 -12.7571001052856
-480 0 0 -2.4033100605011 -12.746000289917
-479 0 0 -2.39711999893188 -12.7348003387451
-478 0 0 -2.39092993736267 -12.72350025177
-477 0 0 -2.38473010063171 -12.7122001647949
-476 0 0 -2.37853002548218 -12.7007999420166
-475 0 0 -2.37231993675232 -12.6892995834351
-474 0 0 -2.36612010002136 -12.6778001785278
-473 0 0 -2.3599100112915 -12.6662998199463
-472 0 0 -2.35368990898132 -12.6546001434326
-471 0 0 -2.34748005867004 -12.6429004669189
-470 0 0 -2.34125995635986 -12.6310997009277
-469 0 0 -2.33504009246826 -12.6192998886108
-468 0 0 -2.32880997657776 -12.6073999404907
-467 0 0 -2.32259011268616 -12.5953998565674
-466 0 0 -2.31634998321533 -12.583399772644
-465 0 0 -2.31012010574341 -12.5712995529175
-464 0 0 -2.30387997627258 -12.559100151062
-463 0 0 -2.29764008522034 -12.5468997955322
-462 0 0 -2.29139995574951 -12.5346002578735
-461 0 0 -2.28516006469727 -12.5221996307373
-460 0 0 -2.27890992164612 -12.5096998214722
-459 0 0 -2.27265000343323 -12.497200012207
-458 0 0 -2.26640009880066 -12.4846000671387
-457 0 0 -2.26013994216919 -12.4720001220703
-456 0 0 -2.2538800239563 -12.4591999053955
-455 0 0 -2.24761009216309 -12.4463996887207
-454 0 0 -2.24133992195129 -12.433500289917
-453 0 0 -2.23506999015808 -12.420599937439
-452 0 0 -2.22880005836487 -12.407600402832
-451 0 0 -2.22252011299133 -12.3944997787476
-450 32 4 -2.2162299156189 -12.3812999725342
-449 0 0 -2.20994997024536 -12.3680000305176
-448 0 0 -2.2036600112915 -12.354700088501
-447 0 0 -2.19737005233765 -12.3411998748779
-446 0 0 -2.19107007980347 -12.3277997970581
-445 0 0 -2.18477010726929 -12.3142004013062
-444 0 0 -2.17846989631653 -12.3004999160767
-443 0 0 -2.17215991020203 -12.2868003845215
-442 0 0 -2.16584992408752 -12.2729997634888
-441 0 0 -2.15953993797302 -12.2590999603271
-440 0 0 -2.1532199382782 -12.2451000213623
-439 0 0 -2.14689993858337 -12.2309999465942
-438 0 0 -2.14056992530823 -12.2167997360229
-437 0 0 -2.13423991203308 -12.2025995254517
-436 0 0 -2.12790989875793 -12.1883001327515
-435 0 0 -2.12157011032104 -12.1738004684448
-434 0 0 -2.11523008346558 -12.1592998504639
-433 0 0 -2.10888004302979 -12.144700050354
-432 0 0 -2.10253000259399 -12.1301002502441
-431 0 0 -2.0961799621582 -12.1153001785278
-430 0 0 -2.08981990814209 -12.1003999710083
-429 0 0 -2.08346009254456 -12.0854997634888
-428 0 0 -2.07710003852844 -12.0704002380371
-427 0 0 -2.07072997093201 -12.0552997589111
-426 0 0 -2.06434988975525 -12.039999961853
-425 0 0 -2.05798006057739 -12.0247001647949
-424 0 0 -2.05158996582031 -12.0093002319336
-423 0 0 -2.04520988464355 -11.9937000274658
-422 0 0 -2.03882002830505 -11.978099822998
-421 0 0 -2.03241991996765 -11.9624004364014
-420 0 0 -2.02602005004883 -11.9464998245239
-419 0 0 -2.01961994171143 -11.9306001663208
-418 0 0 -2.01321005821228 -11.9146003723145
-417 0 0 -2.00679993629456 -11.8984003067017
-416 0 0 -2.00038003921509 -11.8822002410889
-415 0 0 -1.99396002292633 -11.8659000396729
-414 0 0 -1.98752999305725 -11.8493995666504
-413 0 0 -1.98109996318817 -11.832799911499
-412 0 0 -1.97466003894806 -11.8162002563477
-411 0 0 -1.96821999549866 -11.7994003295898
-410 0 0 -1.96177995204926 -11.7825002670288
-409 0 0 -1.95533001422882 -11.7655000686646
-408 0 0 -1.94886994361877 -11.7483997344971
-407 0 0 -1.94240999221802 -11.7312002182007
-406 0 0 -1.93595004081726 -11.7138004302979
-405 0 0 -1.92947995662689 -11.6963996887207
-404 0 0 -1.92299997806549 -11.6787996292114
-403 0 0 -1.91651999950409 -11.6611003875732
-402 0 0 -1.91003000736237 -11.6433000564575
-401 0 0 -1.90354001522064 -11.6253995895386
-400 31 4 -1.89705002307892 -11.6072998046875
-399 0 0 -1.89054000377655 -11.5890998840332
-398 0 0 -1.8840399980545 -11.5707998275757
-397 0 0 -1.87752997875214 -11.5523996353149
-396 0 0 -1.87100994586945 -11.5339002609253
-395 0 0 -1.86448001861572 -11.5151996612549
-394 0 0 -1.85795998573303 -11.4963998794556
-393 0 0 -1.85142004489899 -11.4773998260498
-392 0 0 -1.84487998485565 -11.458399772644
-391 0 0 -1.83833003044128 -11.4391002655029
-390 0 0 -1.83177995681763 -11.4197998046875
-389 0 0 -1.82523000240326 -11.4003000259399
-388 0 0 -1.81866002082825 -11.3807001113892
-387 0 0 -1.81209003925323 -11.3610000610352
-386 0 0 -1.80552005767822 -11.3410997390747
-385 0 0 -1.79893004894257 -11.3210000991821
-384 0 0 -1.79235005378723 -11.3009004592896
-383 0 0 -1.78575003147125 -11.2805004119873
-382 0 0 -1.77915000915527 -11.2601003646851
-381 0 0 -1.77254998683929 -11.2393999099731
-380 0 0 -1.76593005657196 -11.2187004089355
-379 0 0 -1.75931000709534 -11.1977996826172
-378 0 0 -1.75268995761871 -11.1766996383667
-377 0 0 -1.74606001377106 -11.1555004119873
-376 0 0 -1.73942005634308 -11.1340999603271
-375 0 0 -1.73276996612549 -11.1126003265381
-374 0 0 -1.72611999511719 -11.0909004211426
-373 0 0 -1.71946001052856 -11.0690002441406
-372 0 0 -1.71280002593994 -11.0469999313354
-371 0 0 -1.70612001419067 -11.0248003005981
-370 0 0 -1.69944000244141 -11.0024995803833
-369 0 0 -1.69275999069214 -10.9799003601074
-368 0 0 -1.68605995178223 -10.9573001861572
-367 0 0 -1.6793600320816 -10.9343996047974
-366 0 0 -1.67264997959137 -10.9113998413086
-365 0 0 -1.6659300327301 -10.8881998062134
-364 0 0 -1.65920996665955 -10.864800453186
-363 0 0 -1.65248000621796 -10.8411998748779
-362 0 0 -1.64574003219604 -10.8175001144409
-361 0 0 -1.63900005817413 -10.7936000823975
-360 0 0 -1.63224005699158 -10.7694997787476
-359 0 0 -1.62548005580902 -10.7452001571655
-358 0 0 -1.61871004104614 -10.7207002639771
-357 0 0 -1.61193001270294 -10.6960000991821
-356 0 0 -1.60514998435974 -10.671199798584
-355 0 0 -1.59835004806519 -10.6461000442505
-354 0 0 -1.59154999256134 -10.6209001541138
-353 0 0 -1.58474004268646 -10.5953998565674
-352 0 0 -1.57791996002197 -10.5698003768921
-351 0 0 -1.57108998298645 -10.5438995361328
-350 30 4 -1.56426000595093 -10.5179004669189
-349 0 0 -1.55741000175476 -10.4916000366211
-348 0 0 -1.55055999755859 -10.4651002883911
-347 0 0 -1.5436999797821 -10.4384002685547
-346 0 0 -1.53682994842529 -10.4114999771118
-345 0 0 -1.52995002269745 -10.3844003677368
-344 0 0 -1.52305996417999 -10.3570995330811
-343 0 0 -1.5161600112915 -10.3295001983643
-342 0 0 -1.50926005840302 -10.3016996383667
-341 0 0 -1.50233995914459 -10.273699760437
-340 0 0 -1.49540996551514 -10.2454996109009
-339 0 0 -1.48847997188568 -10.2170000076294
-338 0 0 -1.4815399646759 -10.1883001327515
-337 0 0 -1.47458004951477 -10.1593999862671
-336 0 0 -1.46762001514435 -10.1302003860474
-335 0 0 -1.46063995361328 -10.1007995605469
-334 0 0 -1.4536600112915 -10.0711002349854
-333 0 0 -1.44666004180908 -10.0411996841431
-332 0 0 -1.43965995311737 -10.0110998153687
-331 0 0 -1.43264997005463 -9.98064994812012
-330 0 0 -1.42561995983124 -9.94999027252197
-329 0 0 -1.41858994960785 -9.91907024383545
-328 0 0 -1.41154003143311 -9.88788986206055
-327 0 0 -1.40448999404907 -9.8564395904541
-326 0 0 -1.39742004871368 -9.82474040985107
-325 0 0 -1.39033997058868 -9.79275989532471
-324 0 0 -1.38324999809265 -9.76051044464111
-323 0 0 -1.3761500120163 -9.72799015045166
-322 0 0 -1.36904001235962 -9.6951904296875
-321 0 0 -1.36191999912262 -9.66211986541748
-320 0 0 -1.3547899723053 -9.62876033782959
-319 0 0 -1.34764003753662 -9.5951099395752
-318 0 0 -1.34048998355865 -9.56118011474609
-317 0 0 -1.33332002162933 -9.52694988250732
-316 0 0 -1.32614004611969 -9.49242973327637
-315 0 0 -1.31895005702972 -9.45761966705322
-314 0 0 -1.31175005435944 -9.42249965667725
-313 0 0 -1.3045300245285 -9.38708019256592
-312 0 0 -1.29730999469757 -9.35136032104492
-311 0 0 -1.29007005691528 -9.31532001495361
-310 0 0 -1.28281998634338 -9.27898025512695
-309 0 0 -1.27555000782013 -9.24232006072998
-308 0 0 -1.26828002929688 -9.20534038543701
-307 0 0 -1.26099002361298 -9.16804027557373
-306 0 0 -1.25369000434875 -9.13041019439697
-305 0 0 -1.24637997150421 -9.0924596786499
-304 0 0 -1.23905003070831 -9.05418014526367
-303 0 0 -1.2317099571228 -9.01556968688965
-302 0 0 -1.22435998916626 -8.97661972045898
-301 0 0 -1.21700000762939 -8.93733024597168
-300 29 4 -1.20961999893188 -8.89770030975342
-299 0 0 -1.20222997665405 -8.8577299118042
-298 0 0 -1.19482004642487 -8.81741046905518
-297 0 0 -1.18740999698639 -8.77672958374023
-296 0 0 -1.17998003959656 -8.73571014404297
-295 0 0 -1.17253005504608 -8.6943302154541
-294 0 0 -1.16507005691528 -8.65258979797363
-293 0 0 -1.15760004520416 -8.61048984527588
-292 0 0 -1.15012001991272 -8.56801986694336
-291 0 0 -1.14261996746063 -8.52519035339355
-290 0 0 -1.13511002063751 -8.48198986053467
-289 0 0 -1.12758994102478 -8.43840980529785
-288 0 0 -1.12004995346069 -8.39447021484375
-287 0 0 -1.11249005794525 -8.35013961791992
-286 0 0 -1.10493004322052 -8.30543994903564
-285 0 0 -1.09735000133514 -8.26035022735596
-284 0 0 -1.08975005149841 -8.21488952636719
-283 0 0 -1.08214998245239 -8.16903018951416
-282 0 0 -1.07453000545502 -8.12279033660889
-281 0 0 -1.066890001297 -8.0761604309082
-280 0 0 -1.05923998355865 -8.02914047241211
-279 0 0 -1.05157995223999 -7.98171997070313
-278 0 0 -1.04390001296997 -7.93390989303589
-277 0 0 -1.03620994091034 -7.88570976257324
-276 0 0 -1.02849996089935 -7.8371000289917
-275 0 0 -1.02078998088837 -7.78809976577759
-274 0 0 -1.01304996013641 -7.73868989944458
-273 0 0 -1.00531005859375 -7.68888998031616
-272 0 0 -0.99754798412323 -7.63867998123169
-271 0 0 -0.989775002002716 -7.58806991577148
-270 0 0 -0.98198801279068 -7.53705978393555
-269 0 0 -0.974188029766083 -7.48564004898071
-268 0 0 -0.966373980045319 -7.43381023406982
-267 0 0 -0.958546996116638 -7.38158988952637
-266 0 0 -0.950706005096436 -7.32894992828369
-265 0 0 -0.942852973937988 -7.27590990066528
-264 0 0 -0.934985995292664 -7.22246980667114
-263 0 0 -0.927106022834778 -7.16863012313843
-262 0 0 -0.919214010238647 -7.1143798828125
-261 0 0 -0.911307990550995 -7.05972003936768
-260 0 0 -0.903389990329742 -7.00467014312744
-259 0 0 -0.89546000957489 -6.94922018051147
-258 0 0 -0.887516975402832 -6.89336013793945
-257 0 0 -0.879561007022858 -6.83711004257202
-256 0 0 -0.8715940117836 -6.78045988082886
-255 0 0 -0.863614976406097 -6.72342014312744
-254 0 0 -0.85562402009964 -6.66598987579346
-253 0 0 -0.847621977329254 -6.60817003250122
-252 0 0 -0.839608013629913 -6.54996013641357
-251 0 0 -0.831583023071289 -6.49137020111084
-250 28 4 -0.82354599237442 -6.43240022659302
-249 0 0 -0.815499007701874 -6.37305021286011
-248 0 0 -0.807440996170044 -6.31332015991211
-247 0 0 -0.799372971057892 -6.25322008132935
-246 0 0 -0.791294991970062 -6.19275999069214
-245 0 0 -0.783205986022949 -6.13192987442017
-244 0 0 -0.775107026100159 -6.07074022293091
-243 0 0 -0.766999006271362 -6.00919008255005
-242 0 0 -0.758881986141205 -5.94729995727539
-241 0 0 -0.75075501203537 -5.88505983352661
-240 0 0 -0.742618978023529 -5.82247018814087
-239 0 0 -0.734474003314972 -5.75955009460449
-238 0 0 -0.72632098197937 -5.69630002975464
-237 0 0 -0.718159019947052 -5.63271999359131
-236 0 0 -0.70999002456665 -5.56881999969482
-235 0 0 -0.701812028884888 -5.50460004806519
-234 0 0 -0.693626999855042 -5.44007015228271
-233 0 0 -0.685433983802795 -5.37523984909058
-232 0 0 -0.677233994007111 -5.31011009216309
-231 0 0 -0.669026017189026 -5.24468994140625
-230 0 0 -0.660812020301819 -5.17897987365723
-229 0 0 -0.65259200334549 -5.11297988891602
-228 0 0 -0.644365012645721 -5.04672002792358
-227 0 0 -0.63613098859787 -4.98017978668213
-226 0 0 -0.627892017364502 -4.91338014602661
-225 0 0 -0.619646012783051 -4.84633016586304
-224 0 0 -0.611396014690399 -4.77902984619141
-223 0 0 -0.603138983249664 -4.71148014068604
-222 0 0 -0.594877004623413 -4.64370012283325
-221 0 0 -0.586610972881317 -4.57568979263306
-220 0 0 -0.578338980674744 -4.50745010375977
-219 0 0 -0.570061981678009 -4.43900012969971
-218 0 0 -0.561780989170074 -4.37032985687256
-217 0 0 -0.553494989871979 -4.30146980285645
-216 0 0 -0.545204997062683 -4.23239994049072
-215 0 0 -0.536909997463226 -4.16313982009888
-214 0 0 -0.528612017631531 -4.09369993209839
-213 0 0 -0.520308971405029 -4.0240797996521
-212 0 0 -0.512001991271973 -3.95427989959717
-211 0 0 -0.503691971302032 -3.88432002067566
-210 0 0 -0.495377987623215 -3.81419992446899
-209 0 0 -0.487060010433197 -3.74393010139465
-208 0 0 -0.478738993406296 -3.67350006103516
-207 0 0 -0.470414996147156 -3.60294008255005
-206 0 0 -0.462087005376816 -3.53222990036011
-205 0 0 -0.453754991292953 -3.46140003204346
-204 0 0 -0.445421010255814 -3.39043998718262
-203 0 0 -0.437083005905151 -3.31936001777649
-202 0 0 -0.428741991519928 -3.24816989898682
-201 0 0 -0.420397013425827 -3.17686009407043
-200 27 4 -0.412050008773804 -3.10544991493225
-199 0 0 -0.403699994087219 -3.03395009040833
-198 0 0 -0.395345985889435 -2.9623498916626
-197 0 0 -0.386988997459412 -2.89065003395081
-196 0 0 -0.378630012273788 -2.81888008117676
-195 0 0 -0.370267003774643 -2.74702000617981
-194 0 0 -0.361900985240936 -2.67509007453918
-193 0 0 -0.353531986474991 -2.6030900478363
-192 0 0 -0.345158994197845 -2.53100991249084
-191 0 0 -0.3367840051651 -2.45887994766235
-190 0 0 -0.328406006097794 -2.38667988777161
-189 0 0 -0.320024013519287 -2.31442999839783
-188 0 0 -0.311639010906219 -2.24213004112244
-187 0 0 -0.303250998258591 -2.16978001594543
-186 0 0 -0.294860005378723 -2.09737992286682
-185 0 0 -0.286464989185333 -2.0249400138855
-184 0 0 -0.278066992759705 -1.95246005058289
-183 0 0 -0.269665986299515 -1.87995004653931
-182 0 0 -0.261260986328125 -1.80739998817444
-181 0 0 -0.252851992845535 -1.73482000827789
-180 0 0 -0.244441002607346 -1.6622200012207
-179 0 0 -0.236025005578995 -1.58958995342255
-178 0 0 -0.227605998516083 -1.51692998409271
-177 0 0 -0.219183996319771 -1.44426000118256
-176 0 0 -0.210757002234459 -1.37156999111176
-175 0 0 -0.202326998114586 -1.29885995388031
-174 0 0 -0.193893998861313 -1.22614002227783
-173 0 0 -0.185455992817879 -1.15339994430542
-172 0 0 -0.177015006542206 -1.0806599855423
-171 0 0 -0.168569996953011 -1.00789999961853
-170 0 0 -0.160120993852615 -0.935140013694763
-169 0 0 -0.15166799724102 -0.862372994422913
-168 0 0 -0.143211007118225 -0.789601981639862
-167 0 0 -0.134751006960869 -0.716827988624573
-166 0 0 -0.126286000013351 -0.644051015377045
-165 0 0 -0.117817997932434 -0.571274995803833
-164 0 0 -0.109346002340317 -0.498497992753983
-163 0 0 -0.100868999958038 -0.425722986459732
-162 0 0 -0.092389203608036 -0.352950990200043
-161 0 0 -0.0839051976799965 -0.280180990695953
-160 0 0 -0.0754173025488853 -0.207415997982025
-159 0 0 -0.0669256001710892 -0.134654998779297
-158 0 0 -0.0584301985800266 -0.0618996992707253
-157 0 0 -0.0499310009181499 0.0108497999608517
-156 0 0 -0.0414281003177166 0.0835928022861481
-155 0 0 -0.0329216010868549 0.15632900595665
-154 0 0 -0.0244116000831127 0.229057997465134
-153 0 0 -0.0158980991691351 0.301779001951218
-152 0 0 -0.00738123012706637 0.374491989612579
-151 0 0 0.00113890995271504 0.447196006774902
-150 26 4 0.00966222025454044 0.519891977310181
-149 0 0 0.0181885994970798 0.592579007148743
-148 0 0 0.0267178993672132 0.665256977081299
-147 0 0 0.035249900072813 0.737926006317139
-146 0 0 0.0437845997512341 0.810585975646973
-145 0 0 0.0523217990994453 0.883235991001129
-144 0 0 0.0608613006770611 0.955877006053925
-143 0 0 0.0694027990102768 1.02850997447968
-142 0 0 0.0779464021325111 1.10113000869751
-141 0 0 0.0864915996789932 1.17374002933502
-140 0 0 0.0950383022427559 1.24634003639221
-139 0 0 0.103586003184319 1.3189400434494
-138 0 0 0.112135000526905 1.39152002334595
-137 0 0 0.120685003697872 1.46410000324249
-136 0 0 0.129234999418259 1.53665995597839
-135 0 0 0.137786000967026 1.60921001434326
-134 0 0 0.146336004137993 1.68175995349884
-133 0 0 0.15488600730896 1.75429999828339
-132 0 0 0.163434997200966 1.82682001590729
-131 0 0 0.171983003616333 1.89934003353119
-130 0 0 0.180528998374939 1.97185003757477
-129 0 0 0.189073994755745 2.04434990882874
-128 0 0 0.197615996003151 2.11683011054993
-127 0 0 0.206156000494957 2.18931007385254
-126 0 0 0.214691996574402 2.26178002357483
-125 0 0 0.223225995898247 2.3342399597168
-124 0 0 0.231755003333092 2.40668988227844
-123 0 0 0.240279003977776 2.47913002967834
-122 0 0 0.248798996210098 2.55155992507935
-121 0 0 0.257313013076782 2.6239800453186
-120 0 0 0.265821993350983 2.69637989997864
-119 0 0 0.274322986602783 2.76877999305725
-118 0 0 0.282817989587784 2.84116005897522
-117 0 0 0.291305005550385 2.91353988647461
-116 0 0 0.299784004688263 2.98589992523193
-115 0 0 0.30825400352478 3.05823993682861
-114 0 0 0.316713988780975 3.13057994842529
-113 0 0 0.325165003538132 3.20289993286133
-112 0 0 0.333604007959366 3.27519989013672
-111 0 0 0.342032998800278 3.34749007225037
-110 0 0 0.350448995828629 3.41977000236511
-109 0 0 0.358851999044418 3.49201989173889
-108 0 0 0.367242008447647 3.56426000595093
-107 0 0 0.375616997480392 3.63649010658264
-106 0 0 0.383976995944977 3.70868992805481
-105 0 0 0.3923220038414 3.78086996078491
-104 0 0 0.40064999461174 3.85302996635437
-103 0 0 0.40896001458168 3.92516994476318
-102 0 0 0.417252987623215 3.99727988243103
-101 0 0 0.425525993108749 4.06936979293823
-100 25 4 0.433779001235962 4.14142990112305
-99 0 0 0.442012012004852 4.21346998214722
-98 0 0 0.450222998857498 4.28548002243042
-97 0 0 0.458411991596222 4.35745000839233
-96 0 0 0.466578006744385 4.4293999671936
-95 0 0 0.474718987941742 4.50130987167358
-94 0 0 0.482834994792938 4.57319021224976
-93 0 0 0.490925997495651 4.64503002166748
-92 0 0 0.49898898601532 4.71682977676392
-91 0 0 0.507023990154266 4.78858995437622
-90 0 0 0.515030980110168 4.86032009124756
-89 0 0 0.523007988929749 4.93199014663696
-88 0 0 0.530955016613007 5.0036301612854
-87 0 0 0.538869976997375 5.0752100944519
-86 0 0 0.546751976013184 5.14674997329712
-85 0 0 0.554601013660431 5.2182297706604
-84 0 0 0.562416017055511 5.28966999053955
-83 0 0 0.570195019245148 5.36104011535645
-82 0 0 0.57793802022934 5.43237018585205
-81 0 0 0.585644006729126 5.5036301612854
-80 0 0 0.59331202507019 5.57483005523682
-79 0 0 0.600941002368927 5.6459698677063
-78 0 0 0.608529984951019 5.71704006195068
-77 0 0 0.616078019142151 5.78804016113281
-76 0 0 0.623583972454071 5.85898017883301
-75 0 0 0.631048023700714 5.92984008789063
-74 0 0 0.638468027114868 6.00062990188599
-73 0 0 0.645843029022217 6.07134008407593
-72 0 0 0.65317302942276 6.14198017120361
-71 0 0 0.660458028316498 6.21254014968872
-70 0 0 0.667694985866547 6.28301000595093
-69 0 0 0.674884021282196 6.35340023040771
-68 0 0 0.682025015354156 6.42369985580444
-67 0 0 0.68911600112915 6.49391984939575
-66 0 0 0.696157991886139 6.564040184021
-65 0 0 0.703148007392883 6.6340799331665
-64 0 0 0.7100870013237 6.70402002334595
-63 0 0 0.716973006725311 6.77385997772217
-62 0 0 0.723806023597717 6.84360980987549
-61 0 0 0.730584979057312 6.91325998306274
-60 0 0 0.737309992313385 6.98280000686646
-59 0 0 0.74397999048233 7.05224990844727
-58 0 0 0.750594973564148 7.12159013748169
-57 0 0 0.75715297460556 7.19082021713257
-56 0 0 0.763653993606567 7.25995016098022
-55 0 0 0.770097970962524 7.32896995544434
-54 0 0 0.77648401260376 7.39788007736206
-53 0 0 0.782811999320984 7.46667003631592
-52 0 0 0.78908097743988 7.53535985946655
-51 0 0 0.795289993286133 7.60392999649048
-50 24 4 0.801440000534058 7.67238998413086
-49 0 0 0.807528972625732 7.74072980880737
-48 0 0 0.813558995723724 7.80894994735718
-47 0 0 0.819526970386505 7.87705993652344
-46 0 0 0.825434029102325 7.94504976272583
-45 0 0 0.831279993057251 8.01292037963867
-44 0 0 0.837063014507294 8.08067035675049
-43 0 0 0.842785000801086 8.14830017089844
-42 0 0 0.848444998264313 8.21580982208252
-41 0 0 0.854041993618011 8.28320026397705
-40 0 0 0.859575986862183 8.3504695892334
-39 0 0 0.865047991275787 8.4176197052002
-38 0 0 0.870455980300903 8.48464012145996
-37 0 0 0.875801980495453 8.55154037475586
-36 0 0 0.881084024906158 8.61833000183105
-35 0 0 0.886303007602692 8.68498992919922
-34 0 0 0.891458988189697 8.75152015686035
-33 0 0 0.896551012992859 8.81793975830078
-32 0 0 0.901579976081848 8.88422966003418
-31 0 0 0.906545996665955 8.95040988922119
-30 0 0 0.911448001861572 9.01646041870117
-29 0 0 0.916287004947662 9.08240032196045
-28 0 0 0.921063005924225 9.14820957183838
-27 0 0 0.925774991512299 9.21389961242676
-26 0 0 0.930423974990845 9.27947998046875
-25 0 0 0.935010015964508 9.34494018554688
-24 0 0 0.93953400850296 9.41028022766113
-23 0 0 0.943993985652924 9.47550964355469
-22 0 0 0.948391973972321 9.54061985015869
-21 0 0 0.952727973461151 9.60560989379883
-20 0 0 0.957000970840454 9.67049980163574
-19 0 0 0.961212992668152 9.73526954650879
-18 0 0 0.965362012386322 9.79992008209229
-17 0 0 0.969449996948242 9.86446952819824
-16 0 0 0.973475992679596 9.92891025543213
-15 0 0 0.977441012859344 9.99324035644531
-14 0 0 0.981346011161804 10.0574998855591
-13 0 0 0.985189020633698 10.121600151062
-12 0 0 0.988973021507263 10.1856002807617
-11 0 0 0.992695987224579 10.2495002746582
-10 0 0 0.995205998420715 10.2931003570557
-9 0 0 0.996864020824432 10.3221998214722
-8 0 0 0.99796199798584 10.3415002822876
-7 0 0 0.998691976070404 10.3543996810913
-6 0 0 0.999176979064941 10.3629999160767
-5 0 0 0.999499022960663 10.368800163269
-4 0 0 0.999714016914368 10.3725996017456
-3 0 0 0.999857008457184 10.3751001358032
-2 0 0 0.999929010868073 10.3763999938965
1 0 0 1 10.3776998519897
1 0 0 1 10.3776998519897
-2 0 0 1.00006997585297 10.378999710083
-3 0 0 1.00013995170593 10.3802003860474
-4 0 0 1.00029003620148 10.3828001022339
-5 0 0 1.00049996376038 10.3865995407104
-6 0 0 1.00082004070282 10.3922996520996
-7 0 0 1.00129997730255 10.400899887085
-8 0 0 1.00202000141144 10.413800239563
-9 0 0 1.00309002399445 10.4330997467041
-10 0 0 1.0046900510788 10.4621000289917
-11 0 0 1.00706005096436 10.5054998397827
-12 0 0 1.01048994064331 10.5689001083374
-13 0 0 1.01385998725891 10.6322002410889
-14 0 0 1.01716995239258 10.6954002380371
-15 0 0 1.0204199552536 10.7586002349854
-16 0 0 1.0236200094223 10.8215999603271
-17 0 0 1.02674996852875 10.8845996856689
-18 0 0 1.02983999252319 10.9475002288818
-19 0 0 1.03286004066467 11.010199546814
-20 0 0 1.03583002090454 11.0729999542236
-21 0 0 1.03875005245209 11.1356000900269
-22 0 0 1.04159998893738 11.1981000900269
-23 0 0 1.04440999031067 11.2606000900269
-24 0 0 1.04716002941132 11.3229999542236
-25 0 0 1.04986000061035 11.3852996826172
-26 0 0 1.05250000953674 11.4476003646851
-27 0 0 1.05508995056152 11.5096998214722
-28 0 0 1.05762994289398 11.5718002319336
-29 0 0 1.0601099729538 11.6338996887207
-30 0 0 1.06254005432129 11.6957998275757
-31 0 0 1.06491994857788 11.7576999664307
-32 0 0 1.06726002693176 11.8196001052856
-33 0 0 1.06953001022339 11.8814001083374
-34 0 0 1.07176005840302 11.9430999755859
-35 0 0 1.07394003868103 12.0047998428345
-36 0 0 1.07606995105743 12.0663995742798
-37 0 0 1.07815003395081 12.1279001235962
-38 0 0 1.08018004894257 12.1893997192383
-39 0 0 1.08217000961304 12.2509002685547
-40 0 0 1.08410000801086 12.3122997283936
-41 0 0 1.0859899520874 12.3737001419067
-42 0 0 1.08782994747162 12.4350004196167
-43 0 0 1.08963000774384 12.4962997436523
-44 0 0 1.09136998653412 12.5574998855591
-45 0 0 1.0930700302124 12.6187000274658
-46 0 0 1.0947300195694 12.6798000335693
-47 0 0 1.09633994102478 12.7410001754761
-48 0 0 1.09791004657745 12.8021001815796
-49 0 0 1.09942996501923 12.8631000518799
-50 2 4 1.100909948349 12.9240999221802
-51 0 0 1.10233998298645 12.9850997924805
-52 0 0 1.10372996330261 13.0460996627808
-53 0 0 1.10508000850677 13.1070003509521
-54 0 0 1.10638999938965 13.1679000854492
-55 0 0 1.1076500415802 13.2287998199463
-56 0 0 1.10888004302979 13.2896995544434
-57 0 0 1.11005997657776 13.3505001068115
-58 0 0 1.11119997501373 13.4113998413086
-59 0 0 1.11230003833771 13.4722003936768
-60 0 0 1.11336004734039 13.5329999923706
-61 0 0 1.11438000202179 13.5937995910645
-62 0 0 1.11537003517151 13.6546001434326
-63 0 0 1.11631000041962 13.7152996063232
-64 0 0 1.11721003055573 13.7761001586914
-65 0 0 1.11808001995087 13.836799621582
-66 0 0 1.11890995502472 13.8976001739502
-67 0 0 1.11969995498657 13.9582996368408
-68 0 0 1.12046003341675 14.019100189209
-69 0 0 1.12118005752563 14.0797996520996
-70 0 0 1.12186002731323 14.1405000686646
-71 0 0 1.12249994277954 14.2012996673584
-72 0 0 1.12311995029449 14.2620000839233
-73 0 0 1.12369000911713 14.3227996826172
-74 0 0 1.12423002719879 14.3835000991821
-75 0 0 1.12474000453949 14.444299697876
-76 0 0 1.12521004676819 14.5050001144409
-77 0 0 1.12565004825592 14.5657997131348
-78 0 0 1.12606000900269 14.6266002655029
-79 0 0 1.12643003463745 14.6873998641968
-80 0 0 1.12678003311157 14.7482004165649
-81 0 0 1.1270899772644 14.809100151062
-82 0 0 1.12735998630524 14.8698997497559
-83 0 0 1.12760996818542 14.9308004379272
-84 0 0 1.12782001495361 14.9917001724243
-85 0 0 1.12801003456116 15.0525999069214
-86 0 0 1.12815999984741 15.1134996414185
-87 0 0 1.12829005718231 15.1744003295898
-88 0 0 1.12837994098663 15.2354001998901
-89 0 0 1.12845003604889 15.2964000701904
-90 0 0 1.12848997116089 15.3573999404907
91 3 2 1.12848997116089 15.4055995941162
92 0 0 1.12847995758057 15.4666996002197
93 0 0 1.12844002246857 15.5277996063232
94 0 0 1.1283700466156 15.5888996124268
95 0 0 1.12827003002167 15.6500997543335
96 0 0 1.12814998626709 15.7112998962402
97 0 0 1.12800002098083 15.772500038147
98 0 0 1.12782001495361 15.8338003158569
99 0 0 1.12761998176575 15.8950996398926
100 4 4 1.1273900270462 15.9563999176025
101 0 0 1.12714004516602 16.0177993774414
102 0 0 1.12686002254486 16.0792007446289
103 0 0 1.12655997276306 16.1406002044678
104 0 0 1.12623000144958 16.2021007537842
105 0 0 1.12588000297546 16.2637004852295
106 0 0 1.1255099773407 16.3251991271973
107 0 0 1.12511003017426 16.3868007659912
108 0 0 1.12469005584717 16.4484996795654
109 0 0 1.12425005435944 16.5102005004883
110 0 0 1.12378001213074 16.5718994140625
111 0 0 1.12328994274139 16.6336994171143
112 0 0 1.12278997898102 16.6956005096436
113 0 0 1.12225997447968 16.7574005126953
114 0 0 1.12170994281769 16.8194007873535
115 0 0 1.12112998962402 16.8813991546631
116 0 0 1.12054002285004 16.9433994293213
117 0 0 1.11993002891541 17.005500793457
118 0 0 1.11930000782013 17.0676002502441
119 0 0 1.11864995956421 17.1298007965088
120 0 0 1.11798000335693 17.1919994354248
121 0 0 1.11729001998901 17.2542991638184
122 0 0 1.11658000946045 17.3166007995605
123 0 0 1.11585998535156 17.378999710083
124 0 0 1.11512005329132 17.4414005279541
125 0 0 1.11435997486115 17.5039005279541
126 0 0 1.11357998847961 17.566499710083
127 0 0 1.11277997493744 17.6291007995605
128 0 0 1.11196994781494 17.6916999816895
129 0 0 1.11114001274109 17.7544994354248
130 0 0 1.11029994487762 17.8171997070313
131 0 0 1.10943996906281 17.8801002502441
132 0 0 1.10856997966766 17.9428997039795
133 0 0 1.10767996311188 18.0058994293213
134 0 0 1.10677003860474 18.0688991546631
135 0 0 1.10584998130798 18.1319007873535
136 0 0 1.1049200296402 18.1951007843018
137 0 0 1.10397005081177 18.2581996917725
138 0 0 1.10301005840302 18.3215007781982
139 0 0 1.10204005241394 18.3847999572754
140 0 0 1.10105001926422 18.4480991363525
141 0 0 1.10004997253418 18.5114994049072
142 0 0 1.09904003143311 18.5750007629395
143 0 0 1.0980099439621 18.638500213623
144 0 0 1.09696996212006 18.7021007537842
145 0 0 1.09591996669769 18.7658004760742
146 0 0 1.09485995769501 18.8295001983643
147 0 0 1.09379005432129 18.8932991027832
148 0 0 1.09271001815796 18.9570999145508
149 0 0 1.09161996841431 19.0209999084473
150 5 4 1.0905100107193 19.0849990844727
151 0 0 1.08940005302429 19.1490001678467
152 0 0 1.08826994895935 19.2131004333496
153 0 0 1.0871399641037 19.2772006988525
154 0 0 1.08599996566772 19.3414001464844
155 0 0 1.08484995365143 19.4057006835938
156 0 0 1.0836900472641 19.4699993133545
157 0 0 1.08252000808716 19.5344009399414
158 0 0 1.0813399553299 19.5988998413086
159 0 0 1.08016002178192 19.6634006500244
160 0 0 1.07895994186401 19.7278995513916
161 0 0 1.0777599811554 19.7926006317139
162 0 0 1.07655000686646 19.8572998046875
163 0 0 1.07534003257751 19.9220008850098
164 0 0 1.07412004470825 19.9869003295898
165 0 0 1.07289004325867 20.051700592041
166 0 0 1.07166004180908 20.11669921875
167 0 0 1.07041001319885 20.1816997528076
168 0 0 1.06916999816895 20.2467994689941
169 0 0 1.06791996955872 20.3118991851807
170 0 0 1.06666004657745 20.3770999908447
171 0 0 1.0654000043869 20.4423007965088
172 0 0 1.06412994861603 20.5076007843018
173 0 0 1.06286001205444 20.5729999542236
174 0 0 1.06157994270325 20.6383991241455
175 0 0 1.06029999256134 20.7038993835449
176 0 0 1.05901002883911 20.7695007324219
177 0 0 1.05771994590759 20.8351001739502
178 0 0 1.05642998218536 20.9008007049561
179 0 0 1.05513000488281 20.9664993286133
180 0 0 1.05383002758026 21.0323009490967
181 0 0 1.05253005027771 21.0981006622314
182 0 0 1.05122995376587 21.1639995574951
183 0 0 1.049919962883 21.2299995422363
184 0 0 1.04860997200012 21.2959995269775
185 0 0 1.04729998111725 21.3621006011963
186 0 0 1.04597997665405 21.4283008575439
187 0 0 1.04466998577118 21.494499206543
188 0 0 1.04334998130798 21.5606994628906
189 0 0 1.04202997684479 21.6270008087158
190 0 0 1.04070997238159 21.6933994293213
191 0 0 1.0393899679184 21.7597999572754
192 0 0 1.03805994987488 21.8262996673584
193 0 0 1.03673994541168 21.8929004669189
194 0 0 1.03541994094849 21.9594993591309
195 0 0 1.03409004211426 22.0261001586914
196 0 0 1.03277003765106 22.0928001403809
197 0 0 1.03144001960754 22.1595993041992
198 0 0 1.03012001514435 22.2264003753662
199 0 0 1.02880001068115 22.2933006286621
200 6 4 1.02746999263763 22.3603000640869
201 0 0 1.02614998817444 22.4272994995117
202 0 0 1.02482998371124 22.4943008422852
203 0 0 1.02350997924805 22.5613994598389
204 0 0 1.02218997478485 22.6285991668701
205 0 0 1.02086997032166 22.69580078125
206 0 0 1.01954996585846 22.7630004882813
207 0 0 1.01822996139526 22.8304004669189
208 0 0 1.01691997051239 22.8976993560791
209 0 0 1.01560997962952 22.9652004241943
210 0 0 1.01429998874664 23.032600402832
211 0 0 1.01298999786377 23.1002006530762
212 0 0 1.0116800069809 23.1678009033203
213 0 0 1.01038002967834 23.2353992462158
214 0 0 1.00908005237579 23.3031005859375
215 0 0 1.00777995586395 23.3708000183105
216 0 0 1.00648999214172 23.4386005401611
217 0 0 1.00519001483917 23.5065002441406
218 0 0 1.00390005111694 23.5743999481201
219 0 0 1.00261998176575 23.6422996520996
220 0 0 1.00133001804352 23.7103004455566
221 0 0 1.00005996227264 23.7784004211426
222 0 0 0.998778998851776 23.8465003967285
223 0 0 0.997506022453308 23.9146003723145
224 0 0 0.996236979961395 23.9827995300293
225 0 0 0.994971990585327 24.0510997772217
226 0 0 0.993710994720459 24.1194000244141
227 0 0 0.992453992366791 24.1877994537354
228 0 0 0.991200983524323 24.2562007904053
229 0 0 0.989952027797699 24.3246002197266
230 0 0 0.988708019256592 24.3931007385254
231 0 0 0.987468004226685 24.4617004394531
232 0 0 0.986232995986938 24.5303001403809
233 0 0 0.985001981258392 24.5990009307861
234 0 0 0.983775973320007 24.6676998138428
235 0 0 0.982554018497467 24.736400604248
236 0 0 0.981338024139404 24.8052005767822
237 0 0 0.980126976966858 24.8740997314453
238 0 0 0.978919982910156 24.943000793457
239 0 0 0.977719008922577 25.011999130249
240 0 0 0.976522982120514 25.0809993743896
241 0 0 0.975332021713257 25.1499996185303
242 0 0 0.974147021770477 25.2191009521484
243 0 0 0.972967028617859 25.2882995605469
244 0 0 0.971791982650757 25.3575000762939
245 0 0 0.970624029636383 25.426700592041
246 0 0 0.969461023807526 25.496000289917
247 0 0 0.968303024768829 25.5653991699219
248 0 0 0.967150986194611 25.6347999572754
249 0 0 0.966005980968475 25.7042007446289
250 7 4 0.964865982532501 25.7737007141113
251 0 0 0.963732004165649 25.8432998657227
252 0 0 0.962603986263275 25.9129009246826
253 0 0 0.961481988430023 25.9825000762939
254 0 0 0.960367023944855 26.0522003173828
255 0 0 0.959257006645203 26.1219997406006
256 0 0 0.958154022693634 26.1916999816895
257 0 0 0.957058012485504 26.2616004943848
258 0 0 0.955967009067535 26.3314990997314
259 0 0 0.954882979393005 26.4013996124268
260 0 0 0.953805983066559 26.471399307251
261 0 0 0.952735006809235 26.5414009094238
262 0 0 0.951669991016388 26.611499786377
263 0 0 0.950612008571625 26.6816997528076
264 0 0 0.9495609998703 26.7518997192383
265 0 0 0.948517024517059 26.8220996856689
266 0 0 0.947479009628296 26.8924007415771
267 0 0 0.946448028087616 26.9626998901367
268 0 0 0.945424020290375 27.0331001281738
269 0 0 0.944406986236572 27.1035995483398
270 0 0 0.943395972251892 27.173999786377
271 0 0 0.942393004894257 27.2446002960205
272 0 0 0.941395998001099 27.3152008056641
273 0 0 0.940406978130341 27.385799407959
274 0 0 0.939423978328705 27.4564990997314
275 0 0 0.938449025154114 27.5272006988525
276 0 0 0.937479972839355 27.5979995727539
277 0 0 0.936519026756287 27.6688995361328
278 0 0 0.935564994812012 27.7397994995117
279 0 0 0.93461799621582 27.8106994628906
280 0 0 0.933677971363068 27.8817005157471
281 0 0 0.93274599313736 27.9528007507324
282 0 0 0.931819975376129 28.0238990783691
283 0 0 0.930902004241943 28.095100402832
284 0 0 0.929992020130157 28.1662998199463
285 0 0 0.929087996482849 28.2374992370605
286 0 0 0.928192019462585 28.3087997436523
287 0 0 0.927304029464722 28.380199432373
288 0 0 0.926421999931335 28.4515991210938
289 0 0 0.925548017024994 28.523099899292
290 0 0 0.924682021141052 28.5946006774902
291 0 0 0.923822999000549 28.6662006378174
292 0 0 0.92297101020813 28.7378997802734
293 0 0 0.92212700843811 28.8096008300781
294 0 0 0.921290993690491 28.8812999725342
295 0 0 0.920460999011993 28.9531002044678
296 0 0 0.919640004634857 29.0249996185303
297 0 0 0.91882598400116 29.0969009399414
298 0 0 0.918018996715546 29.1688003540039
299 0 0 0.917219996452332 29.2409000396729
300 8 4 0.916428983211517 29.3129005432129
301 0 0 0.915645003318787 29.3850994110107
302 0 0 0.914867997169495 29.4573001861572
303 0 0 0.914099991321564 29.5294990539551
304 0 0 0.913338005542755 29.6018009185791
305 0 0 0.912585020065308 29.6742000579834
306 0 0 0.911839008331299 29.7465991973877
307 0 0 0.91110098361969 29.8190994262695
308 0 0 0.910369992256165 29.8915996551514
309 0 0 0.909646987915039 29.9641990661621
310 0 0 0.908931970596313 30.0368995666504
311 0 0 0.908223986625671 30.1096000671387
312 0 0 0.907523989677429 30.1823997497559
313 0 0 0.906831979751587 30.255199432373
314 0 0 0.906147003173828 30.3281002044678
315 0 0 0.905470013618469 30.4011001586914
316 0 0 0.904799997806549 30.474100112915
317 0 0 0.90413898229599 30.5471992492676
318 0 0 0.903485000133514 30.6203002929688
319 0 0 0.902837991714478 30.6935005187988
320 0 0 0.902199983596802 30.7667007446289
321 0 0 0.901569008827209 30.8400993347168
322 0 0 0.900945007801056 30.9134006500244
323 0 0 0.900330007076263 30.9869003295898
324 0 0 0.89972198009491 31.0604000091553
325 0 0 0.899121999740601 31.1340007781982
326 0 0 0.89852899312973 31.2075996398926
327 0 0 0.89794397354126 31.2812995910645
328 0 0 0.897367000579834 31.3551006317139
329 0 0 0.896797001361847 31.4288997650146
330 0 0 0.896236002445221 31.502799987793
331 0 0 0.895681977272034 31.5767002105713
332 0 0 0.89513498544693 31.6506996154785
333 0 0 0.894595980644226 31.7248001098633
334 0 0 0.894065022468567 31.798999786377
335 0 0 0.893541991710663 31.8731994628906
336 0 0 0.893025994300842 31.9475002288818
337 0 0 0.892517983913422 32.021800994873
338 0 0 0.892018020153046 32.0961990356445
339 0 0 0.891524970531464 32.1707000732422
340 0 0 0.891040027141571 32.2453002929688
341 0 0 0.890563011169434 32.3199005126953
342 0 0 0.89009302854538 32.3945999145508
343 0 0 0.889630973339081 32.4692993164063
344 0 0 0.889177024364471 32.5442008972168
345 0 0 0.888729989528656 32.6189994812012
346 0 0 0.888291001319885 32.6940002441406
347 0 0 0.887858986854553 32.7690010070801
348 0 0 0.887435019016266 32.8441009521484
349 0 0 0.887018978595734 32.9193000793457
350 9 4 0.886610984802246 32.994499206543
351 0 0 0.886210024356842 33.0698013305664
352 0 0 0.885815978050232 33.1451988220215
353 0 0 0.885429978370667 33.2206993103027
354 0 0 0.885052025318146 33.296199798584
355 0 0 0.88468199968338 33.3717994689941
356 0 0 0.884319007396698 33.4474983215332
357 0 0 0.883962988853455 33.5232009887695
358 0 0 0.883615016937256 33.5989990234375
359 0 0 0.883274972438812 33.6749000549316
360 0 0 0.882942020893097 33.7509002685547
361 0 0 0.882616996765137 33.8269004821777
362 0 0 0.882300019264221 33.9029998779297
363 0 0 0.881990015506744 33.9791984558105
364 0 0 0.881686985492706 34.0554008483887
365 0 0 0.881392002105713 34.1316986083984
366 0 0 0.881105005741119 34.2080993652344
367 0 0 0.880824983119965 34.2845993041992
368 0 0 0.880551993846893 34.361198425293
369 0 0 0.880286991596222 34.437801361084
370 0 0 0.88002997636795 34.5144996643066
371 0 0 0.879779994487762 34.5913009643555
372 0 0 0.879536986351013 34.668098449707
373 0 0 0.879302024841309 34.7450981140137
374 0 0 0.879074990749359 34.8221015930176
375 0 0 0.878854990005493 34.8991012573242
376 0 0 0.878642022609711 34.9762992858887
377 0 0 0.878436982631683 35.0535011291504
378 0 0 0.87823897600174 35.1309013366699
379 0 0 0.87804901599884 35.2083015441895
380 0 0 0.87786602973938 35.285701751709
381 0 0 0.877690017223358 35.3633003234863
382 0 0 0.877521991729736 35.4408988952637
383 0 0 0.877360999584198 35.5186004638672
384 0 0 0.87720799446106 35.5964012145996
385 0 0 0.877062022686005 35.6743011474609
386 0 0 0.876923024654388 35.7522010803223
387 0 0 0.876792013645172 35.8302001953125
388 0 0 0.876667976379395 35.9082984924316
389 0 0 0.876551985740662 35.986499786377
390 0 0 0.876443028450012 36.0648002624512
391 0 0 0.876340985298157 36.1431007385254
392 0 0 0.876245975494385 36.2215003967285
393 0 0 0.876159012317657 36.2999992370605
394 0 0 0.876079022884369 36.3786010742188
395 0 0 0.876006007194519 36.4572982788086
396 0 0 0.875940978527069 36.5359992980957
397 0 0 0.875882983207703 36.6148986816406
398 0 0 0.87583202123642 36.6938018798828
399 0 0 0.875787973403931 36.7728004455566
400 10 4 0.875751972198486 36.8517990112305
401 0 0 0.875723004341125 36.9309997558594
402 0 0 0.875701010227203 37.0102005004883
403 0 0 0.87568598985672 37.0895004272461
404 0 0 0.875679016113281 37.1688995361328
405 11 2 0.87567800283432 37.2112007141113
-406 0 0 0.875680983066559 37.290699005127
-407 0 0 0.875692009925842 37.3703002929688
-408 0 0 0.875710010528564 37.4500007629395
-409 0 0 0.875734984874725 37.5298004150391
-410 0 0 0.875768005847931 37.6096000671387
-411 0 0 0.875806987285614 37.6896018981934
-412 0 0 0.875854015350342 37.7695999145508
-413 0 0 0.875907003879547 37.8497009277344
-414 0 0 0.875967979431152 37.9299011230469
-415 0 0 0.876035988330841 38.0102005004883
-416 0 0 0.876110970973969 38.0904998779297
-417 0 0 0.876194000244141 38.1710014343262
-418 0 0 0.87628298997879 38.2514991760254
-419 0 0 0.876379013061523 38.3320999145508
-420 0 0 0.876483023166656 38.4127998352051
-421 0 0 0.876592993736267 38.4935989379883
-422 0 0 0.876711010932922 38.5744018554688
-423 0 0 0.876834988594055 38.6553993225098
-424 0 0 0.876967012882233 38.736400604248
-425 0 0 0.877104997634888 38.8175010681152
-426 0 0 0.877251029014587 38.8987007141113
-427 0 0 0.877403974533081 38.9799995422363
-428 0 0 0.877562999725342 39.0614013671875
-429 0 0 0.877730011940002 39.1427993774414
-430 0 0 0.877902984619141 39.2243995666504
-431 0 0 0.878084003925323 39.3059997558594
-432 0 0 0.878270983695984 39.3876991271973
-433 0 0 0.878466010093689 39.4695014953613
-434 0 0 0.878666996955872 39.5513000488281
-435 0 0 0.878875017166138 39.63330078125
-436 0 0 0.879091024398804 39.7153015136719
-437 0 0 0.879312992095947 39.7975006103516
-438 0 0 0.879541993141174 39.8796997070313
-439 0 0 0.879777014255524 39.9620018005371
-440 0 0 0.880020022392273 40.0443992614746
-441 0 0 0.880270004272461 40.1268005371094
-442 0 0 0.880526006221771 40.209400177002
-443 0 0 0.880789995193481 40.2919998168945
-444 0 0 0.881060004234314 40.374698638916
-445 0 0 0.881336987018585 40.4575004577637
-446 0 0 0.881619989871979 40.5404014587402
-447 0 0 0.881910979747772 40.6234016418457
-448 0 0 0.882207989692688 40.7064018249512
-449 0 0 0.882511973381042 40.7896003723145
-450 12 4 0.88282299041748 40.8727989196777
-451 0 0 0.883140981197357 40.9561004638672
-452 0 0 0.883464992046356 41.0395011901855
-453 0 0 0.883795976638794 41.1230010986328
-454 0 0 0.884133994579315 41.2065010070801
-455 0 0 0.884478986263275 41.2901992797852
-456 0 0 0.884829998016357 41.3739013671875
-457 0 0 0.885187983512878 41.4576988220215
-458 0 0 0.885551989078522 41.5415992736816
-459 0 0 0.885923981666565 41.6255989074707
-460 0 0 0.88630199432373 41.7095985412598
-461 0 0 0.886686027050018 41.7938003540039
-462 0 0 0.887077987194061 41.8779983520508
-463 0 0 0.88747501373291 41.9622993469238
-464 0 0 0.887880027294159 42.0466995239258
-465 0 0 0.888291001319885 42.1311988830566
-466 0 0 0.888709008693695 42.2156982421875
-467 0 0 0.889132976531982 42.3003005981445
-468 0 0 0.889563977718353 42.3851013183594
-469 0 0 0.890000998973846 42.469898223877
-470 0 0 0.890444993972778 42.5547981262207
-471 0 0 0.890896022319794 42.6397018432617
-472 0 0 0.891351997852325 42.7248001098633
-473 0 0 0.891816020011902 42.8098983764648
-474 0 0 0.892286002635956 42.8950996398926
-475 0 0 0.892762005329132 42.9804000854492
-476 0 0 0.893244981765747 43.0657997131348
-477 0 0 0.893734991550446 43.1511993408203
-478 0 0 0.894231021404266 43.2368011474609
-479 0 0 0.894733011722565 43.3223991394043
-480 0 0 0.895241975784302 43.4081001281738
-481 0 0 0.895757019519806 43.4938011169434
-482 0 0 0.896278977394104 43.5797004699707
-483 0 0 0.896807014942169 43.665599822998
-484 0 0 0.897341012954712 43.7515983581543
-485 0 0 0.897881984710693 43.8376998901367
-486 0 0 0.898428976535797 43.923900604248
-487 0 0 0.898981988430023 44.0101013183594
-488 0 0 0.899541974067688 44.0965003967285
-489 0 0 0.900107979774475 44.1828994750977
-490 0 0 0.900680005550385 44.269401550293
-491 0 0 0.901259005069733 44.355899810791
-492 0 0 0.901844024658203 44.4426002502441
-493 0 0 0.902435004711151 44.5293006896973
-494 0 0 0.903033018112183 44.6161003112793
-495 0 0 0.903636991977692 44.7029991149902
-496 0 0 0.904246985912323 44.7899017333984
-497 0 0 0.904862999916077 44.8768997192383
-498 0 0 0.905484974384308 44.9640007019043
-499 0 0 0.906113982200623 45.0512008666992
-500 13 4 0.90674901008606 45.138500213623
-501 0 0 0.907389998435974 45.2257995605469
-502 0 0 0.908037006855011 45.3132019042969
-503 0 0 0.908689975738525 45.4006996154785
-504 0 0 0.909349977970123 45.4882011413574
-505 0 0 0.910014986991882 45.5759010314941
-506 0 0 0.910687029361725 45.6636009216309
-507 0 0 0.9113649725914 45.7513008117676
-508 0 0 0.912047982215881 45.8391990661621
-509 0 0 0.912738025188446 45.9271011352539
-510 0 0 0.913434028625488 46.0150985717773
-511 0 0 0.914135992527008 46.103199005127
-512 0 0 0.91484397649765 46.1912994384766
-513 0 0 0.915557980537415 46.2794990539551
-514 0 0 0.916279017925262 46.3678016662598
-515 0 0 0.917005002498627 46.4561996459961
-516 0 0 0.917737007141113 46.5446014404297
-517 0 0 0.918474972248077 46.6330986022949
-518 0 0 0.919219017028809 46.7216987609863
-519 0 0 0.919968008995056 46.8102989196777
-520 0 0 0.920723974704742 46.898998260498
-521 0 0 0.921486020088196 46.9878005981445
-522 0 0 0.922254025936127 47.0766983032227
-523 0 0 0.923026978969574 47.165599822998
-524 0 0 0.92380702495575 47.2546005249023
-525 0 0 0.924592018127441 47.3436012268066
-526 0 0 0.925382971763611 47.4328002929688
-527 0 0 0.926180005073547 47.521900177002
-528 0 0 0.926982998847961 47.611198425293
-529 0 0 0.927790999412537 47.7005004882813
-530 0 0 0.928605020046234 47.7899017333984
-531 0 0 0.92942601442337 47.8793983459473
-532 0 0 0.930251002311707 47.9688987731934
-533 0 0 0.931083023548126 48.0584983825684
-534 0 0 0.931919991970062 48.1482009887695
-535 0 0 0.932762980461121 48.2378997802734
-536 0 0 0.933611989021301 48.3277015686035
-537 0 0 0.934467017650604 48.4175987243652
-538 0 0 0.935326993465424 48.5074996948242
-539 0 0 0.936192989349365 48.5974998474121
-540 0 0 0.937063992023468 48.6875
-541 0 0 0.937941014766693 48.7775993347168
-542 0 0 0.938823997974396 48.8678016662598
-543 0 0 0.939713001251221 48.9580001831055
-544 0 0 0.940607011318207 49.0483016967773
-545 0 0 0.941506028175354 49.1386985778809
-546 0 0 0.942411005496979 49.2290992736816
-547 0 0 0.943322002887726 49.3195991516113
-548 0 0 0.944238007068634 49.410099029541
-549 0 0 0.94515997171402 49.5008010864258
-550 14 4 0.946087002754211 49.5914001464844
-551 0 0 0.947019994258881 49.6820983886719
-552 0 0 0.947957992553711 49.7728996276855
-553 0 0 0.948902010917664 49.8638000488281
-554 0 0 0.949850976467133 49.9547004699707
-555 0 0 0.950806021690369 50.0456008911133
-556 0 0 0.951766014099121 50.1366996765137
-557 0 0 0.952732026576996 50.2276992797852
-558 0 0 0.953702986240387 50.3189010620117
-559 0 0 0.954679012298584 50.410099029541
-560 0 0 0.955660998821259 50.5013008117676
-561 0 0 0.956647992134094 50.592601776123
-562 0 0 0.957639992237091 50.6839981079102
-563 0 0 0.95863801240921 50.7753982543945
-564 0 0 0.959640979766846 50.8669013977051
-565 0 0 0.960650026798248 50.9584007263184
-566 0 0 0.961663007736206 51.0499992370605
-567 0 0 0.962682008743286 51.1417007446289
-568 0 0 0.963706970214844 51.2332992553711
-569 0 0 0.964735984802246 51.3250999450684
-570 0 0 0.965771019458771 51.4169006347656
-571 0 0 0.966811001300812 51.5087013244629
-572 0 0 0.967855989933014 51.600700378418
-573 0 0 0.968906998634338 51.6926002502441
-574 0 0 0.969962000846863 51.7845993041992
-575 0 0 0.97102302312851 51.8767013549805
-576 0 0 0.972088992595673 51.9687995910645
-577 0 0 0.973160028457642 52.0610008239746
-578 0 0 0.974236011505127 52.1531982421875
-579 0 0 0.975318014621735 52.2454986572266
-580 0 0 0.976404011249542 52.3377990722656
-581 0 0 0.977496027946472 52.4300994873047
-582 0 0 0.978591978549957 52.5225982666016
-583 0 0 0.979694008827209 52.6150016784668
-584 0 0 0.980800986289978 52.7075004577637
-585 0 0 0.981912970542908 52.8000984191895
-586 0 0 0.983030021190643 52.8927001953125
-587 0 0 0.984151005744934 52.9854011535645
-588 0 0 0.985278010368347 53.0780982971191
-589 0 0 0.986410021781921 53.1707992553711
-590 0 0 0.987546980381012 53.263599395752
-591 0 0 0.988689005374908 53.3564987182617
-592 0 0 0.989835023880005 53.4492988586426
-593 0 0 0.990987002849579 53.5423011779785
-594 0 0 0.992143988609314 53.6352996826172
-595 0 0 0.993305027484894 53.7282981872559
-596 0 0 0.99447101354599 53.8213996887207
-597 0 0 0.995643019676208 53.9145011901855
-598 0 0 0.996819019317627 54.0075988769531
-599 0 0 0.998000025749207 54.1007995605469
-600 15 4 0.999185979366302 54.1940994262695
-601 0 0 1.00038003921509 54.2873992919922
-602 0 0 1.00156998634338 54.3806991577148
-603 0 0 1.002769947052 54.4740982055664
-604 0 0 1.00398004055023 54.5675010681152
-605 0 0 1.00519001483917 54.6609992980957
-606 0 0 1.00639998912811 54.7545013427734
-607 0 0 1.00761997699738 54.8479995727539
-608 0 0 1.00884997844696 54.9416007995605
-609 0 0 1.01006996631622 55.0351982116699
-610 0 0 1.01130998134613 55.1288986206055
-611 0 0 1.01254999637604 55.222599029541
-612 0 0 1.01379001140594 55.3162994384766
-613 0 0 1.01504004001617 55.410099029541
-614 0 0 1.01628994941711 55.5038986206055
-615 0 0 1.01754999160767 55.5978012084961
-616 0 0 1.01881003379822 55.6916999816895
-617 0 0 1.02006995677948 55.7855987548828
-618 0 0 1.02134001255035 55.8796005249023
-619 0 0 1.02261996269226 55.9735984802246
-620 0 0 1.02390003204346 56.0676002502441
-621 0 0 1.02517998218536 56.1617012023926
-622 0 0 1.02646994590759 56.2557983398438
-623 0 0 1.02777004241943 56.3499984741211
-624 0 0 1.02907001972198 56.4441986083984
-625 0 0 1.03036999702454 56.5383987426758
-626 0 0 1.03167998790741 56.6327018737793
-627 0 0 1.03298997879028 56.7270011901855
-628 0 0 1.03429996967316 56.8213005065918
-629 0 0 1.03561997413635 56.915699005127
-630 0 0 1.03694999217987 57.0101013183594
-631 0 0 1.03828001022339 57.1044998168945
-632 0 0 1.03961002826691 57.1990013122559
-633 0 0 1.04094994068146 57.2934989929199
-634 0 0 1.04229998588562 57.3880004882813
-635 0 0 1.04364001750946 57.4826011657715
-636 0 0 1.04498994350433 57.5772018432617
-637 0 0 1.04635000228882 57.6717987060547
-638 0 0 1.04770994186401 57.7664985656738
-639 0 0 1.04908001422882 57.861198425293
-640 0 0 1.05044996738434 57.9558982849121
-641 0 0 1.05182003974915 58.0507011413574
-642 0 0 1.05320000648499 58.1455001831055
-643 0 0 1.05457997322083 58.2402992248535
-644 0 0 1.05596995353699 58.3350982666016
-645 0 0 1.05736005306244 58.4300003051758
-646 0 0 1.0587500333786 58.5248985290527
-647 0 0 1.06015002727509 58.6198997497559
-648 0 0 1.06156003475189 58.714900970459
-649 0 0 1.06296002864838 58.8098983764648
-650 16 4 1.06438004970551 58.904899597168
-651 0 0 1.06579005718231 58.9999008178711
-652 0 0 1.06720995903015 59.0950012207031
-653 0 0 1.0686399936676 59.1901016235352
-654 0 0 1.07007002830505 59.2853012084961
-655 0 0 1.07149994373322 59.3804016113281
-656 0 0 1.07293999195099 59.4756011962891
-657 0 0 1.07438004016876 59.5708999633789
-658 0 0 1.07582998275757 59.6660995483398
-659 0 0 1.07728004455566 59.7613983154297
-660 0 0 1.07872998714447 59.8567008972168
-661 0 0 1.0801899433136 59.9519996643066
-662 0 0 1.08165001869202 60.0474014282227
-663 0 0 1.08311998844147 60.1427993774414
-664 0 0 1.08458995819092 60.2382011413574
-665 0 0 1.08606994152069 60.3335990905762
-666 0 0 1.08754003047943 60.4291000366211
-667 0 0 1.08903002738953 60.5245018005371
-668 0 0 1.0905100107193 60.6199989318848
-669 0 0 1.09201002120972 60.7155990600586
-670 0 0 1.09350001811981 60.8111000061035
-671 0 0 1.09500002861023 60.9067001342773
-672 0 0 1.09650003910065 61.0023002624512
-673 0 0 1.0980099439621 61.097900390625
-674 0 0 1.09951996803284 61.1935997009277
-675 0 0 1.1010400056839 61.2891998291016
-676 0 0 1.10256004333496 61.3848991394043
-677 0 0 1.10407996177673 61.4807014465332
-678 0 0 1.10561001300812 61.5764007568359
-679 0 0 1.10713994503021 61.6721992492676
-680 0 0 1.1086699962616 61.7678985595703
-681 0 0 1.11020994186401 61.8637008666992
-682 0 0 1.11176002025604 61.9595985412598
-683 0 0 1.11329996585846 62.0554008483887
-684 0 0 1.11485004425049 62.1512985229492
-685 0 0 1.11641001701355 62.247200012207
-686 0 0 1.11796998977661 62.3431015014648
-687 0 0 1.11952996253967 62.4389991760254
-688 0 0 1.12109994888306 62.5349998474121
-689 0 0 1.12267005443573 62.6309013366699
-690 0 0 1.12424004077911 62.7268981933594
-691 0 0 1.12582004070282 62.8228988647461
-692 0 0 1.12740004062653 62.9189987182617
-693 0 0 1.12899005413055 63.0149993896484
-694 0 0 1.13057994842529 63.1110992431641
-695 0 0 1.13216996192932 63.2071990966797
-696 0 0 1.13376998901367 63.3032989501953
-697 0 0 1.13537001609802 63.3993988037109
-698 0 0 1.13697004318237 63.4954986572266
-699 0 0 1.13857996463776 63.5917015075684
-700 17 4 1.14019000530243 63.6879005432129
-701 0 0 1.14181005954742 63.7840995788574
-702 0 0 1.14342999458313 63.880298614502
-703 0 0 1.14505004882813 63.9765014648438
-704 0 0 1.14667999744415 64.0727996826172
-705 0 0 1.14830994606018 64.1689987182617
-706 0 0 1.14995002746582 64.2652969360352
-707 0 0 1.15158998966217 64.3616027832031
-708 0 0 1.15322995185852 64.4579010009766
-709 0 0 1.15488004684448 64.5542984008789
-710 0 0 1.15653002262115 64.6505966186523
-711 0 0 1.15817999839783 64.7470016479492
-712 0 0 1.15983998775482 64.8433990478516
-713 0 0 1.16149997711182 64.9397964477539
-714 0 0 1.16315996646881 65.0362014770508
-715 0 0 1.16482996940613 65.1325988769531
-716 0 0 1.16649997234344 65.2291030883789
-717 0 0 1.16817998886108 65.3255004882813
-718 0 0 1.16986000537872 65.4219970703125
-719 0 0 1.17154002189636 65.5185012817383
-720 0 0 1.17323005199432 65.6149978637695
-721 0 0 1.174919962883 65.7115020751953
-722 0 0 1.17660999298096 65.8079986572266
-723 0 0 1.17831003665924 65.9046020507813
-724 0 0 1.18000996112823 66.0010986328125
-725 0 0 1.18171000480652 66.0977020263672
-726 0 0 1.18341994285583 66.1942977905273
-727 0 0 1.18514001369476 66.290901184082
-728 0 0 1.18684995174408 66.3874969482422
-729 0 0 1.18857002258301 66.4841995239258
-730 0 0 1.19028997421265 66.5808029174805
-731 0 0 1.1920200586319 66.6774978637695
-732 0 0 1.19375002384186 66.7741012573242
-733 0 0 1.19547998905182 66.8707962036133
-734 0 0 1.1972199678421 66.9674987792969
-735 0 0 1.19895994663239 67.0642013549805
-736 0 0 1.20070004463196 67.1608963012695
-737 0 0 1.20245003700256 67.257698059082
-738 0 0 1.20420002937317 67.3544006347656
-739 0 0 1.2059600353241 67.4512023925781
-740 0 0 1.2077100276947 67.5478973388672
-741 0 0 1.20948004722595 67.6446990966797
-742 0 0 1.21124005317688 67.7415008544922
-743 0 0 1.21300995349884 67.8383026123047
-744 0 0 1.21477997303009 67.9350967407227
-745 0 0 1.21656000614166 68.0319976806641
-746 0 0 1.21834003925323 68.1287994384766
-747 0 0 1.22011995315552 68.225700378418
-748 0 0 1.22190999984741 68.3225021362305
-749 0 0 1.22369003295898 68.4194030761719
-750 18 4 1.22548997402191 68.5162963867188
-751 0 0 1.22728002071381 68.6131973266602
-752 0 0 1.22907996177673 68.7100982666016
-753 0 0 1.23089003562927 68.806999206543
-754 0 0 1.2326899766922 68.9039001464844
-755 0 0 1.23450005054474 69.0008010864258
-756 0 0 1.23632001876831 69.0978012084961
-757 0 0 1.23812997341156 69.1947021484375
-758 0 0 1.23995995521545 69.2917022705078
-759 0 0 1.24178004264832 69.3887023925781
-760 0 0 1.24361002445221 69.4856033325195
-761 0 0 1.2454400062561 69.5826034545898
-762 0 0 1.24726998806 69.6796035766602
-763 0 0 1.24910998344421 69.7767028808594
-764 0 0 1.25094997882843 69.8737030029297
-765 0 0 1.25278997421265 69.970703125
-766 0 0 1.25463998317719 70.0677032470703
-767 0 0 1.25648999214172 70.1648025512695
-768 0 0 1.25835001468658 70.2618026733398
-769 0 0 1.26021003723145 70.3589019775391
-770 0 0 1.26206994056702 70.4560012817383
-771 0 0 1.26392996311188 70.5531005859375
-772 0 0 1.26579999923706 70.6501007080078
-773 0 0 1.26767003536224 70.747200012207
-774 0 0 1.26953995227814 70.8442993164063
-775 0 0 1.27142000198364 70.9414978027344
-776 0 0 1.27330005168915 71.0385971069336
-777 0 0 1.27518999576569 71.1356964111328
-778 0 0 1.27708005905151 71.2328033447266
-779 0 0 1.27897000312805 71.3300018310547
-780 0 0 1.28085994720459 71.4271011352539
-781 0 0 1.28276002407074 71.524299621582
-782 0 0 1.2846599817276 71.6214981079102
-783 0 0 1.28656995296478 71.7185974121094
-784 0 0 1.28847002983093 71.815803527832
-785 0 0 1.29038000106812 71.9130020141602
-786 0 0 1.29229998588562 72.0102005004883
-787 0 0 1.29421997070313 72.1073989868164
-788 0 0 1.29613995552063 72.2045974731445
-789 0 0 1.29806005954742 72.3018035888672
-790 0 0 1.29999005794525 72.3991012573242
-791 0 0 1.30192005634308 72.4962997436523
-792 0 0 1.30385005474091 72.5934982299805
-793 0 0 1.30578994750977 72.690803527832
-794 0 0 1.30772995948792 72.7880020141602
-795 0 0 1.30967998504639 72.8852996826172
-796 0 0 1.31161999702454 72.9824981689453
-797 0 0 1.31357002258301 73.0798034667969
-798 0 0 1.31552994251251 73.1771011352539
-799 0 0 1.31748998165131 73.274299621582
-800 19 4 1.3194500207901 73.3715972900391
-801 0 0 1.3214099407196 73.4689025878906
-802 0 0 1.32337999343872 73.5662002563477
-803 0 0 1.32535004615784 73.6634979248047
-804 0 0 1.32731997966766 73.7608032226563
-805 0 0 1.3293000459671 73.8581008911133
-806 0 0 1.33127999305725 73.9553985595703
-807 0 0 1.33326005935669 74.0528030395508
-808 0 0 1.33525002002716 74.1501007080078
-809 0 0 1.33723998069763 74.2473983764648
-810 0 0 1.3392299413681 74.3448028564453
-811 0 0 1.34122002124786 74.4421005249023
-812 0 0 1.34321999549866 74.5394973754883
-813 0 0 1.34522998332977 74.6368026733398
-814 0 0 1.34722995758057 74.7341995239258
-815 0 0 1.34923994541168 74.8314971923828
-816 0 0 1.35125005245209 74.9289016723633
-817 0 0 1.35327005386353 75.0262985229492
-818 0 0 1.35529005527496 75.1235961914063
-819 0 0 1.3573100566864 75.2210006713867
-820 0 0 1.35933005809784 75.3183975219727
-821 0 0 1.36135995388031 75.4158020019531
-822 0 0 1.36338996887207 75.5131988525391
-823 0 0 1.36542999744415 75.6106033325195
-824 0 0 1.36746001243591 75.7080001831055
-825 0 0 1.369500041008 75.8053970336914
-826 0 0 1.37154996395111 75.9028015136719
-827 0 0 1.37360000610352 76.0001983642578
-828 0 0 1.37565004825592 76.0976028442383
-829 0 0 1.37769997119904 76.1950988769531
-830 0 0 1.37976002693176 76.2925033569336
-831 0 0 1.3818199634552 76.3899002075195
-832 0 0 1.38388001918793 76.4873962402344
-833 0 0 1.38594996929169 76.5848007202148
-834 0 0 1.38801002502441 76.6821975708008
-835 0 0 1.3900899887085 76.7797012329102
-836 0 0 1.39216005802155 76.8770980834961
-837 0 0 1.39424002170563 76.9746017456055
-838 0 0 1.39631998538971 77.0719985961914
-839 0 0 1.39840996265411 77.1695022583008
-840 0 0 1.40050005912781 77.2668991088867
-841 0 0 1.40259003639221 77.3644027709961
-842 0 0 1.40468001365662 77.4618988037109
-843 0 0 1.40678000450134 77.5593032836914
-844 0 0 1.40887999534607 77.6567993164063
-845 0 0 1.41098999977112 77.7543029785156
-846 0 0 1.41308999061584 77.8517990112305
-847 0 0 1.41519999504089 77.9492034912109
-848 0 0 1.41732001304626 78.0466995239258
-849 0 0 1.41944003105164 78.1442031860352
-850 20 4 1.42156004905701 78.24169921875
-851 0 0 1.42367994785309 78.3392028808594
-852 0 0 1.42579996585846 78.4366989135742
-853 0 0 1.42792999744415 78.5342025756836
-854 0 0 1.43007004261017 78.6316986083984
-855 0 0 1.43219995498657 78.7292022705078
-856 0 0 1.43434000015259 78.8266983032227
-857 0 0 1.4364800453186 78.924201965332
-858 0 0 1.43862998485565 79.0216979980469
-859 0 0 1.44078004360199 79.1192016601563
-860 0 0 1.44292998313904 79.2166976928711
-861 0 0 1.44508004188538 79.3142013549805
-862 0 0 1.44723999500275 79.4117965698242
-863 0 0 1.44939994812012 79.5093002319336
-864 0 0 1.45156002044678 79.6067962646484
-865 0 0 1.45372998714447 79.7042999267578
-866 0 0 1.45589995384216 79.8018035888672
-867 0 0 1.45807003974915 79.8993988037109
-868 0 0 1.46025002002716 79.9969024658203
-869 0 0 1.46243000030518 80.0943984985352
-870 0 0 1.46460998058319 80.1920013427734
-871 0 0 1.46679997444153 80.2894973754883
-872 0 0 1.46898996829987 80.3870010375977
-873 0 0 1.4711799621582 80.4845962524414
-874 0 0 1.47337996959686 80.5820999145508
-875 0 0 1.4755699634552 80.6796035766602
-876 0 0 1.47777998447418 80.7771987915039
-877 0 0 1.47997999191284 80.8747024536133
-878 0 0 1.48219001293182 80.972297668457
-879 0 0 1.48440003395081 81.0698013305664
-880 0 0 1.48661005496979 81.1672973632813
-881 0 0 1.4888299703598 81.2649002075195
-882 0 0 1.49105000495911 81.3623962402344
-883 0 0 1.49327003955841 81.4599990844727
-884 0 0 1.49549996852875 81.557502746582
-885 0 0 1.49773001670837 81.6550979614258
-886 0 0 1.49995994567871 81.7526016235352
-887 0 0 1.50220000743866 81.8501968383789
-888 0 0 1.50443005561829 81.9477005004883
-889 0 0 1.50668001174927 82.0453033447266
-890 0 0 1.50891995429993 82.1427993774414
-891 0 0 1.5111700296402 82.2404022216797
-892 0 0 1.51341998577118 82.3379974365234
-893 0 0 1.51567995548248 82.4355010986328
-894 0 0 1.51793003082275 82.5330963134766
-895 0 0 1.52019000053406 82.6305999755859
-896 0 0 1.52245998382568 82.7282028198242
-897 0 0 1.52471995353699 82.8256988525391
-898 0 0 1.5269900560379 82.9233016967773
-899 0 0 1.52927005290985 83.0208969116211
-900 21 4 1.53154003620148 83.1184005737305
-901 0 0 1.53382003307343 83.2160034179688
-902 0 0 1.5361100435257 83.3135986328125
-903 0 0 1.53839004039764 83.4111022949219
-904 0 0 1.54068005084991 83.5086975097656
-905 0 0 1.5429699420929 83.606201171875
-906 0 0 1.54526996612549 83.7037963867188
-907 0 0 1.54755997657776 83.801399230957
-908 0 0 1.54987001419067 83.8989028930664
-909 0 0 1.55217003822327 83.9964981079102
-910 0 0 1.55447995662689 84.0941009521484
-911 0 0 1.55678999423981 84.1915969848633
-912 0 0 1.55910003185272 84.2891998291016
-913 0 0 1.56141996383667 84.3867034912109
-914 0 0 1.56374001502991 84.4842987060547
-915 0 0 1.56605994701385 84.581901550293
-916 0 0 1.56839001178741 84.6793975830078
-917 0 0 1.57071995735168 84.7770004272461
-918 0 0 1.57305002212524 84.8746032714844
-919 0 0 1.57537996768951 84.9720993041992
-920 0 0 1.5777200460434 85.0697021484375
-921 0 0 1.58006000518799 85.1671981811523
-922 0 0 1.5824099779129 85.2648010253906
-923 0 0 1.58475995063782 85.3623962402344
-924 0 0 1.58711004257202 85.4598999023438
-925 0 0 1.58946001529694 85.557502746582
-926 0 0 1.59182000160217 85.6550979614258
-927 0 0 1.59417998790741 85.7526016235352
-928 0 0 1.59653997421265 85.8501968383789
-929 0 0 1.59890997409821 85.9477005004883
-930 0 0 1.60127997398376 86.0453033447266
-931 0 0 1.60364997386932 86.1427993774414
-932 0 0 1.60602998733521 86.2404022216797
-933 0 0 1.60841000080109 86.3379974365234
-934 0 0 1.61079001426697 86.4355010986328
-935 0 0 1.61317002773285 86.5330963134766
-936 0 0 1.61556005477905 86.6305999755859
-937 0 0 1.61794996261597 86.7282028198242
-938 0 0 1.62035000324249 86.8256988525391
-939 0 0 1.62275004386902 86.9233016967773
-940 0 0 1.62514996528625 87.0207977294922
-941 0 0 1.62755000591278 87.1184005737305
-942 0 0 1.62995994091034 87.2158966064453
-943 0 0 1.63236999511719 87.3134994506836
-944 0 0 1.63478004932404 87.411003112793
-945 0 0 1.63719999790192 87.5085983276367
-946 0 0 1.6396199464798 87.6061019897461
-947 0 0 1.64204001426697 87.7036972045898
-948 0 0 1.64446997642517 87.8012008666992
-949 0 0 1.64690005779266 87.8988037109375
-950 22 4 1.64933001995087 87.9962997436523
-951 0 0 1.65176999568939 88.0938034057617
-952 0 0 1.6541999578476 88.1913986206055
-953 0 0 1.65664994716644 88.2889022827148
-954 0 0 1.65909004211426 88.3864974975586
-955 0 0 1.66154003143311 88.484001159668
-956 0 0 1.66399002075195 88.5814971923828
-957 0 0 1.66645002365112 88.6791000366211
-958 0 0 1.66890001296997 88.7766036987305
-959 0 0 1.67136001586914 88.8740997314453
-960 0 0 1.67383003234863 88.9717025756836
-961 0 0 1.6762900352478 89.0691986083984
-962 0 0 1.67876005172729 89.1667022705078
-963 0 0 1.68123996257782 89.2641983032227
-964 0 0 1.68370997905731 89.3618011474609
-965 0 0 1.68619000911713 89.4592971801758
-966 0 0 1.68868005275726 89.5568008422852
-967 0 0 1.69115996360779 89.654296875
-968 0 0 1.69365000724792 89.7518005371094
-969 0 0 1.69614005088806 89.8492965698242
-970 0 0 1.69863998889923 89.9468994140625
-971 0 0 1.70114004611969 90.0444030761719
-972 0 0 1.70363998413086 90.1418991088867
-973 0 0 1.70615005493164 90.2394027709961
-974 0 0 1.70864999294281 90.3368988037109
-975 0 0 1.71116995811462 90.4344024658203
-976 0 0 1.71368002891541 90.5318984985352
-977 0 0 1.71619999408722 90.6294021606445
-978 0 0 1.71871995925903 90.7268981933594
-979 0 0 1.72124004364014 90.8244018554688
-980 0 0 1.72377002239227 90.9218978881836
-981 0 0 1.72630000114441 91.019401550293
-982 0 0 1.72882997989655 91.1168975830078
-983 0 0 1.731369972229 91.2144012451172
-984 0 0 1.73390996456146 91.311897277832
-985 0 0 1.73644995689392 91.4094009399414
-986 0 0 1.7389999628067 91.5067977905273
-987 0 0 1.74154996871948 91.6043014526367
-988 0 0 1.74409997463226 91.7017974853516
-989 0 0 1.74665999412537 91.7993011474609
-990 0 0 1.74922001361847 91.8967971801758
-991 0 0 1.75178003311157 91.9942016601563
-992 0 0 1.75434994697571 92.0916976928711
-993 0 0 1.75691998004913 92.1892013549805
-994 0 0 1.75949001312256 92.2866973876953
-995 0 0 1.76206004619598 92.3841018676758
-996 0 0 1.76463997364044 92.4815979003906
-997 0 0 1.76722002029419 92.5790023803711
-998 0 0 1.76980996131897 92.6764984130859
-999 0 0 1.77240002155304 92.7740020751953
-1000 23 9 1.77498996257782 92.8713989257813
