-1000 43 9 -5.38817977905273 -15.1586999893188
-999 0 0 -5.38263988494873 -15.1568002700806
-998 0 0 -5.37709999084473 -15.1548004150391
-997 0 0 -5.37156009674072 -15.1527996063232
-996 0 0 -5.36602020263672 -15.1507997512817
-995 0 0 -5.36047983169556 -15.1489000320435
-994 0 0 -5.35493993759155 -15.146900177002
-993 0 0 -5.34940004348755 -15.1449003219604
-992 0 0 -5.34386014938354 -15.1429004669189
-991 0 0 -5.33830976486206 -15.1408996582031
-990 0 0 -5.33276987075806 -15.1388998031616
-989 0 0 -5.32722997665405 -15.1368999481201
-988 0 0 -5.32168006896973 -15.1347999572754
-987 0 0 -5.3161301612854 -15.1328001022339
-986 0 0 -5.31058979034424 -15.1308002471924
-985 0 0 -5.30503988265991 -15.1288003921509
-984 0 0 -5.29948997497559 -15.1267004013062
-983 0 0 -5.29395008087158 -15.1246995925903
-982 0 0 -5.28840017318726 -15.1226997375488
-981 0 0 -5.28284978866577 -15.1205997467041
-980 0 0 -5.27729988098145 -15.1185998916626
-979 0 0 -5.27174997329712 -15.1164999008179
-978 0 0 -5.26620006561279 -15.1145000457764
-977 0 0 -5.26065015792847 -15.1124000549316
-976 0 0 -5.25509023666382 -15.1103000640869
-975 0 0 -5.24953985214233 -15.1082000732422
-974 0 0 -5.24398994445801 -15.1062002182007
-973 0 0 -5.23843002319336 -15.104100227356
-972 0 0 -5.23288011550903 -15.1020002365112
-971 0 0 -5.22732019424438 -15.0999002456665
-970 0 0 -5.2217698097229 -15.0978002548218
-969 0 0 -5.21620988845825 -15.0957002639771
-968 0 0 -5.21065998077393 -15.0936002731323
-967 0 0 -5.20510005950928 -15.0915002822876
-966 0 0 -5.19954013824463 -15.0894002914429
-965 0 0 -5.19398021697998 -15.0872001647949
-964 0 0 -5.18841981887817 -15.0851001739502
-963 0 0 -5.18285989761353 -15.0830001831055
-962 0 0 -5.17729997634888 -15.0808000564575
-961 0 0 -5.17174005508423 -15.0787000656128
-960 0 0 -5.16618013381958 -15.0764999389648
-959 0 0 -5.16061019897461 -15.0743999481201
-958 0 0 -5.1550498008728 -15.0721998214722
-957 0 0 -5.14948987960815 -15.0700998306274
-956 0 0 -5.14391994476318 -15.0678997039795
-955 0 0 -5.13836002349854 -15.0656995773315
-954 0 0 -5.13279008865356 -15.0635995864868
-953 0 0 -5.12722015380859 -15.0614004135132
-952 0 0 -5.12166023254395 -15.0592002868652
-951 0 0 -5.11608982086182 -15.0570001602173
-950 42 4 -5.11051988601685 -15.0548000335693
-949 0 0 -5.10494995117188 -15.0525999069214
-948 0 0 -5.0993800163269 -15.0503997802734
-947 0 0 -5.09381008148193 -15.0481996536255
-946 0 0 -5.08824014663696 -15.0459995269775
-945 0 0 -5.08267021179199 -15.0437002182007
-944 0 0 -5.07709980010986 -15.0415000915527
-943 0 0 -5.07151985168457 -15.0392999649048
-942 0 0 -5.0659499168396 -15.0369997024536
-941 0 0 -5.06037998199463 -15.0347995758057
-940 0 0 -5.05480003356934 -15.0325002670288
-939 0 0 -5.04923009872437 -15.0303001403809
-938 0 0 -5.04365015029907 -15.0279998779297
-937 0 0 -5.03807020187378 -15.0256996154785
-936 0 0 -5.03249979019165 -15.0235004425049
-935 0 0 -5.02691984176636 -15.0212001800537
-934 0 0 -5.02133989334106 -15.0188999176025
-933 0 0 -5.01575994491577 -15.0165996551514
-932 0 0 -5.01017999649048 -15.0143003463745
-931 0 0 -5.00460004806519 -15.0120000839233
-930 0 0 -4.99902009963989 -15.0096998214722
-929 0 0 -4.9934401512146 -15.007399559021
-928 0 0 -4.98786020278931 -15.0051002502441
-927 0 0 -4.98226976394653 -15.002799987793
-926 0 0 -4.97668981552124 -15.0003995895386
-925 0 0 -4.97109985351563 -14.9981002807617
-924 0 0 -4.96551990509033 -14.9958000183105
-923 0 0 -4.95992994308472 -14.9933996200562
-922 0 0 -4.95434999465942 -14.9911003112793
-921 0 0 -4.94876003265381 -14.9886999130249
-920 0 0 -4.94317007064819 -14.9863996505737
-919 0 0 -4.93758010864258 -14.9840002059937
-918 0 0 -4.93199014663696 -14.9815998077393
-917 0 0 -4.92641019821167 -14.9792003631592
-916 0 0 -4.92081022262573 -14.976900100708
-915 0 0 -4.91521978378296 -14.9744997024536
-914 0 0 -4.90962982177734 -14.9721002578735
-913 0 0 -4.90403985977173 -14.9696998596191
-912 0 0 -4.89844989776611 -14.9673004150391
-911 0 0 -4.89284992218018 -14.9647998809814
-910 0 0 -4.88725996017456 -14.9624004364014
-909 0 0 -4.88165998458862 -14.960000038147
-908 0 0 -4.87607002258301 -14.9575996398926
-907 0 0 -4.87047004699707 -14.9551000595093
-906 0 0 -4.86488008499146 -14.9526996612549
-905 0 0 -4.85928010940552 -14.9502000808716
-904 0 0 -4.85368013381958 -14.9477996826172
-903 0 0 -4.84808015823364 -14.9453001022339
-902 0 0 -4.84248018264771 -14.9427995681763
-901 0 0 -4.83688020706177 -14.9404001235962
-900 41 4 -4.83128023147583 -14.9378995895386
-899 0 0 -4.82567977905273 -14.9354000091553
-898 0 0 -4.8200798034668 -14.932900428772
-897 0 0 -4.81446981430054 -14.9303998947144
-896 0 0 -4.8088698387146 -14.9279003143311
-895 0 0 -4.80325984954834 -14.9253997802734
-894 0 0 -4.7976598739624 -14.9229001998901
-893 0 0 -4.79204988479614 -14.9202995300293
-892 0 0 -4.78644990921021 -14.917799949646
-891 0 0 -4.78083992004395 -14.9153003692627
-890 0 0 -4.77522993087769 -14.9126996994019
-889 0 0 -4.76961994171143 -14.9102001190186
-888 0 0 -4.76400995254517 -14.907600402832
-887 0 0 -4.75839996337891 -14.9049997329712
-886 0 0 -4.75278997421265 -14.9025001525879
-885 0 0 -4.74717998504639 -14.8999004364014
-884 0 0 -4.74156999588013 -14.8972997665405
-883 0 0 -4.73596000671387 -14.894700050354
-882 0 0 -4.73035001754761 -14.8921003341675
-881 0 0 -4.72473001480103 -14.8894996643066
-880 0 0 -4.71912002563477 -14.8868999481201
-879 0 0 -4.71350002288818 -14.8843002319336
-878 0 0 -4.70789003372192 -14.8816995620728
-877 0 0 -4.70227003097534 -14.878999710083
-876 0 0 -4.69665002822876 -14.8763999938965
-875 0 0 -4.69103002548218 -14.87380027771
-874 0 0 -4.6854100227356 -14.8711004257202
-873 0 0 -4.67979001998901 -14.8684997558594
-872 0 0 -4.67417001724243 -14.8657999038696
-871 0 0 -4.66855001449585 -14.8631000518799
-870 0 0 -4.66293001174927 -14.8604001998901
-869 0 0 -4.65731000900269 -14.8577995300293
-868 0 0 -4.6516900062561 -14.8550996780396
-867 0 0 -4.6460599899292 -14.8523998260498
-866 0 0 -4.64043998718262 -14.8496999740601
-865 0 0 -4.63480997085571 -14.8468999862671
-864 0 0 -4.62918996810913 -14.8442001342773
-863 0 0 -4.62355995178223 -14.8415002822876
-862 0 0 -4.61792993545532 -14.8388004302979
-861 0 0 -4.61229991912842 -14.8360004425049
-860 0 0 -4.60667991638184 -14.8332996368408
-859 0 0 -4.60104990005493 -14.8304996490479
-858 0 0 -4.59541988372803 -14.8276996612549
-857 0 0 -4.58978986740112 -14.8249998092651
-856 0 0 -4.5841498374939 -14.8221998214722
-855 0 0 -4.57851982116699 -14.8193998336792
-854 0 0 -4.57288980484009 -14.8165998458862
-853 0 0 -4.56724977493286 -14.8137998580933
-852 0 0 -4.56162023544312 -14.8109998703003
-851 0 0 -4.55598020553589 -14.8081998825073
-850 40 4 -4.55035018920898 -14.8053998947144
-849 0 0 -4.54471015930176 -14.8024997711182
-848 0 0 -4.53907012939453 -14.7996997833252
-847 0 0 -4.53344011306763 -14.796799659729
-846 0 0 -4.5278000831604 -14.793999671936
-845 0 0 -4.52216005325317 -14.7910995483398
-844 0 0 -4.51652002334595 -14.7882995605469
-843 0 0 -4.51087999343872 -14.785400390625
-842 0 0 -4.50522994995117 -14.7825002670288
-841 0 0 -4.49958992004395 -14.7796001434326
-840 0 0 -4.49394989013672 -14.7767000198364
-839 0 0 -4.48829984664917 -14.7737998962402
-838 0 0 -4.48265981674194 -14.770899772644
-837 0 0 -4.47700977325439 -14.7679996490479
-836 0 0 -4.47137022018433 -14.7650003433228
-835 0 0 -4.46572017669678 -14.7621002197266
-834 0 0 -4.46007013320923 -14.7590999603271
-833 0 0 -4.45442008972168 -14.756199836731
-832 0 0 -4.44877004623413 -14.7531995773315
-831 0 0 -4.44312000274658 -14.7503004074097
-830 0 0 -4.43746995925903 -14.7473001480103
-829 0 0 -4.43181991577148 -14.7442998886108
-828 0 0 -4.42616987228394 -14.7412996292114
-827 0 0 -4.42051982879639 -14.7383003234863
-826 0 0 -4.41485977172852 -14.7353000640869
-825 0 0 -4.40921020507813 -14.7321996688843
-824 0 0 -4.40355014801025 -14.7292003631592
-823 0 0 -4.39790010452271 -14.7262001037598
-822 0 0 -4.39224004745483 -14.7230997085571
-821 0 0 -4.38657999038696 -14.720100402832
-820 0 0 -4.38091993331909 -14.7170000076294
-819 0 0 -4.37525987625122 -14.7138996124268
-818 0 0 -4.36959981918335 -14.7109003067017
-817 0 0 -4.36393976211548 -14.707799911499
-816 0 0 -4.35828018188477 -14.7047004699707
-815 0 0 -4.35262012481689 -14.7016000747681
-814 0 0 -4.34696006774902 -14.6983995437622
-813 0 0 -4.34128999710083 -14.6953001022339
-812 0 0 -4.33562994003296 -14.6921997070313
-811 0 0 -4.32995986938477 -14.6890001296997
-810 0 0 -4.32429981231689 -14.6858997344971
-809 0 0 -4.31863021850586 -14.6827001571655
-808 0 0 -4.31296014785767 -14.6795997619629
-807 0 0 -4.30729007720947 -14.6764001846313
-806 0 0 -4.30162000656128 -14.6731996536255
-805 0 0 -4.29594993591309 -14.6700000762939
-804 0 0 -4.29027986526489 -14.6667995452881
-803 0 0 -4.2846097946167 -14.6635999679565
-802 0 0 -4.27894020080566 -14.660400390625
-801 0 0 -4.27326011657715 -14.6570997238159
-800 39 4 -4.26759004592896 -14.6539001464844
-799 0 0 -4.26191997528076 -14.6506004333496
-798 0 0 -4.25623989105225 -14.6473999023438
-797 0 0 -4.25055980682373 -14.644100189209
-796 0 0 -4.2448902130127 -14.6408004760742
-795 0 0 -4.23921012878418 -14.6374998092651
-794 0 0 -4.23353004455566 -14.6342000961304
-793 0 0 -4.22784996032715 -14.6309003829956
-792 0 0 -4.22216987609863 -14.6275997161865
-791 0 0 -4.21648979187012 -14.6243000030518
-790 0 0 -4.21081018447876 -14.621000289917
-789 0 0 -4.20512008666992 -14.617600440979
-788 0 0 -4.19944000244141 -14.6142997741699
-787 0 0 -4.19374990463257 -14.6108999252319
-786 0 0 -4.18806982040405 -14.6075000762939
-785 0 0 -4.18238019943237 -14.604100227356
-784 0 0 -4.17669010162354 -14.600700378418
-783 0 0 -4.17101001739502 -14.5972995758057
-782 0 0 -4.16531991958618 -14.5938997268677
-781 0 0 -4.15962982177734 -14.5904998779297
-780 0 0 -4.15394020080566 -14.5871000289917
-779 0 0 -4.14825010299683 -14.5836000442505
-778 0 0 -4.14254999160767 -14.5801000595093
-777 0 0 -4.13685989379883 -14.5767002105713
-776 0 0 -4.13116979598999 -14.5732002258301
-775 0 0 -4.12547016143799 -14.5697002410889
-774 0 0 -4.11978006362915 -14.5662002563477
-773 0 0 -4.11407995223999 -14.5627002716064
-772 0 0 -4.10837984085083 -14.5592002868652
-771 0 0 -4.10269021987915 -14.555700302124
-770 0 0 -4.09699010848999 -14.5521001815796
-769 0 0 -4.09128999710083 -14.5486001968384
-768 0 0 -4.08558988571167 -14.5450000762939
-767 0 0 -4.07988977432251 -14.5413999557495
-766 0 0 -4.07418012619019 -14.5378999710083
-765 0 0 -4.06848001480103 -14.5342998504639
-764 0 0 -4.06277990341187 -14.5306997299194
-763 0 0 -4.05706977844238 -14.527099609375
-762 0 0 -4.05137014389038 -14.5234003067017
-761 0 0 -4.0456600189209 -14.5198001861572
-760 0 0 -4.03994989395142 -14.5160999298096
-759 0 0 -4.03423976898193 -14.5124998092651
-758 0 0 -4.02853012084961 -14.5087995529175
-757 0 0 -4.02281999588013 -14.5051002502441
-756 0 0 -4.01710987091064 -14.5013999938965
-755 0 0 -4.01140022277832 -14.4976997375488
-754 0 0 -4.00569009780884 -14.4940004348755
-753 0 0 -3.99996995925903 -14.4903001785278
-752 0 0 -3.99426007270813 -14.4865999221802
-751 0 0 -3.98853993415833 -14.4827995300293
-750 38 4 -3.98283004760742 -14.479100227356
-749 0 0 -3.97710990905762 -14.4752998352051
-748 0 0 -3.97139000892639 -14.4715003967285
-747 0 0 -3.96567010879517 -14.4677000045776
-746 0 0 -3.95994997024536 -14.4638996124268
-745 0 0 -3.95423007011414 -14.4601001739502
-744 0 0 -3.94850993156433 -14.4561996459961
-743 0 0 -3.94279003143311 -14.4524002075195
-742 0 0 -3.93706011772156 -14.4484996795654
-741 0 0 -3.93133997917175 -14.4447002410889
-740 0 0 -3.92561006546021 -14.4407997131348
-739 0 0 -3.9198899269104 -14.436900138855
-738 0 0 -3.91416001319885 -14.4329996109009
-737 0 0 -3.9084300994873 -14.4291000366211
-736 0 0 -3.90269994735718 -14.4252004623413
-735 0 0 -3.89697003364563 -14.421199798584
-734 0 0 -3.8912398815155 -14.4173002243042
-733 0 0 -3.88550996780396 -14.4132995605469
-732 0 0 -3.87978005409241 -14.4092998504639
-731 0 0 -3.87403988838196 -14.4053001403809
-730 0 0 -3.86830997467041 -14.4013004302979
-729 0 0 -3.86257004737854 -14.3972997665405
-728 0 0 -3.85683989524841 -14.3933000564575
-727 0 0 -3.85109996795654 -14.3892002105713
-726 0 0 -3.84536004066467 -14.385199546814
-725 0 0 -3.8396201133728 -14.3810997009277
-724 0 0 -3.83387994766235 -14.3769998550415
-723 0 0 -3.82814002037048 -14.3729000091553
-722 0 0 -3.82240009307861 -14.368800163269
-721 0 0 -3.81664991378784 -14.3647003173828
-720 0 0 -3.81090998649597 -14.3606004714966
-719 0 0 -3.8051700592041 -14.3563995361328
-718 0 0 -3.79942011833191 -14.3521995544434
-717 0 0 -3.79366993904114 -14.3480997085571
-716 0 0 -3.78791999816895 -14.3438997268677
-715 0 0 -3.78218007087708 -14.3396997451782
-714 0 0 -3.7764298915863 -14.3354997634888
-713 0 0 -3.77066993713379 -14.3311996459961
-712 0 0 -3.7649199962616 -14.3269996643066
-711 0 0 -3.7591700553894 -14.322699546814
-710 0 0 -3.75342011451721 -14.3184995651245
-709 0 0 -3.74765992164612 -14.3142004013062
-708 0 0 -3.7418999671936 -14.3099002838135
-707 0 0 -3.73615002632141 -14.3056001663208
-706 0 0 -3.7303900718689 -14.3011999130249
-705 0 0 -3.72463011741638 -14.2968997955322
-704 0 0 -3.71886992454529 -14.2924995422363
-703 0 0 -3.71310997009277 -14.288200378418
-702 0 0 -3.70735001564026 -14.2838001251221
-701 0 0 -3.70158004760742 -14.2793998718262
-700 37 4 -3.69582009315491 -14.2749004364014
-699 0 0 -3.69004988670349 -14.2705001831055
-698 0 0 -3.68428993225098 -14.2660999298096
-697 0 0 -3.67851996421814 -14.2615995407104
-696 0 0 -3.6727499961853 -14.2571001052856
-695 0 0 -3.66698002815247 -14.2525997161865
-694 0 0 -3.66121006011963 -14.2481002807617
-693 0 0 -3.65544009208679 -14.2435998916626
-692 0 0 -3.64966988563538 -14.2391004562378
-691 0 0 -3.64389991760254 -14.2344999313354
-690 0 0 -3.63811993598938 -14.2299995422363
-689 0 0 -3.63234996795654 -14.2253999710083
-688 0 0 -3.62656998634338 -14.2208003997803
-687 0 0 -3.62079000473022 -14.2161998748779
-686 0 0 -3.61501002311707 -14.2115001678467
-685 0 0 -3.60923004150391 -14.2068996429443
-684 0 0 -3.60345005989075 -14.2021999359131
-683 0 0 -3.59767007827759 -14.1975002288818
-682 0 0 -3.59189009666443 -14.1927995681763
-681 0 0 -3.58610010147095 -14.188099861145
-680 0 0 -3.58031988143921 -14.1834001541138
-679 0 0 -3.57452988624573 -14.1787004470825
-678 0 0 -3.56874990463257 -14.1738996505737
-677 0 0 -3.56295990943909 -14.1690998077393
-676 0 0 -3.55716991424561 -14.1642999649048
-675 0 0 -3.55137991905212 -14.1595001220703
-674 0 0 -3.54558992385864 -14.1547002792358
-673 0 0 -3.53978991508484 -14.1498003005981
-672 0 0 -3.53399991989136 -14.1450004577637
-671 0 0 -3.52819991111755 -14.1400995254517
-670 0 0 -3.52240991592407 -14.135199546814
-669 0 0 -3.51660990715027 -14.1302995681763
-668 0 0 -3.51080989837646 -14.1253995895386
-667 0 0 -3.50500988960266 -14.120400428772
-666 0 0 -3.49920988082886 -14.1154003143311
-665 0 0 -3.49341011047363 -14.1105003356934
-664 0 0 -3.48761010169983 -14.1055002212524
-663 0 0 -3.4818000793457 -14.1003999710083
-662 0 0 -3.4760000705719 -14.0953998565674
-661 0 0 -3.47019004821777 -14.0902996063232
-660 0 0 -3.46438002586365 -14.0853004455566
-659 0 0 -3.45857000350952 -14.0802001953125
-658 0 0 -3.4527599811554 -14.0750999450684
-657 0 0 -3.44694995880127 -14.069899559021
-656 0 0 -3.44113993644714 -14.0648002624512
-655 0 0 -3.43532991409302 -14.0595998764038
-654 0 0 -3.42951011657715 -14.0544004440308
-653 0 0 -3.42370009422302 -14.0492000579834
-652 0 0 -3.41788005828857 -14.043999671936
-651 0 0 -3.41206002235413 -14.038800239563
-650 36 4 -3.40623998641968 -14.0334997177124
-649 0 0 -3.40041995048523 -14.0282001495361
-648 0 0 -3.39459991455078 -14.0228996276855
-647 0 0 -3.38878011703491 -14.0176000595093
-646 0 0 -3.38295006752014 -14.0122995376587
-645 0 0 -3.37713003158569 -14.0068998336792
-644 0 0 -3.37129998207092 -14.0015001296997
-643 0 0 -3.36546993255615 -13.9961004257202
-642 0 0 -3.35963988304138 -13.9906997680664
-641 0 0 -3.35381007194519 -13.9853000640869
-640 0 0 -3.34798002243042 -13.9798002243042
-639 0 0 -3.34214997291565 -13.9743003845215
-638 0 0 -3.33630990982056 -13.9687995910645
-637 0 0 -3.33048009872437 -13.9632997512817
-636 0 0 -3.32464003562927 -13.957799911499
-635 0 0 -3.31879997253418 -13.9521999359131
-634 0 0 -3.31295990943909 -13.9465999603271
-633 0 0 -3.30712008476257 -13.9409999847412
-632 0 0 -3.30128002166748 -13.9354000091553
-631 0 0 -3.29543995857239 -13.9296998977661
-630 0 0 -3.28958988189697 -13.9240999221802
-629 0 0 -3.28375005722046 -13.918399810791
-628 0 0 -3.27789998054504 -13.9126996994019
-627 0 0 -3.27204990386963 -13.9069004058838
-626 0 0 -3.26620006561279 -13.9012002944946
-625 0 0 -3.26034998893738 -13.8954000473022
-624 0 0 -3.25449991226196 -13.8895998001099
-623 0 0 -3.24865007400513 -13.8837995529175
-622 0 0 -3.24278998374939 -13.8779001235962
-621 0 0 -3.23692989349365 -13.8720998764038
-620 0 0 -3.23108005523682 -13.8662004470825
-619 0 0 -3.22521996498108 -13.8603000640869
-618 0 0 -3.21936011314392 -13.8542995452881
-617 0 0 -3.21350002288818 -13.8484001159668
-616 0 0 -3.20762991905212 -13.842399597168
-615 0 0 -3.20177006721497 -13.8364000320435
-614 0 0 -3.19589996337891 -13.8303003311157
-613 0 0 -3.19004011154175 -13.8242998123169
-612 0 0 -3.18417000770569 -13.8182001113892
-611 0 0 -3.17829990386963 -13.8121004104614
-610 0 0 -3.17243003845215 -13.8059997558594
-609 0 0 -3.16654992103577 -13.7997999191284
-608 0 0 -3.16068005561829 -13.7937002182007
-607 0 0 -3.1547999382019 -13.7875003814697
-606 0 0 -3.14893007278442 -13.7812004089355
-605 0 0 -3.14304995536804 -13.7749996185303
-604 0 0 -3.13717007637024 -13.7686996459961
-603 0 0 -3.13128995895386 -13.7623996734619
-602 0 0 -3.12540006637573 -13.7560997009277
-601 0 0 -3.11951994895935 -13.7496995925903
-600 35 4 -3.11363005638123 -13.7433996200562
-599 0 0 -3.10774993896484 -13.7370004653931
-598 0 0 -3.10186004638672 -13.7305002212524
-597 0 0 -3.09596991539001 -13.724100112915
-596 0 0 -3.09007000923157 -13.7175998687744
-595 0 0 -3.08418011665344 -13.7110996246338
-594 0 0 -3.07828998565674 -13.7046003341675
-593 0 0 -3.07239007949829 -13.6979999542236
-592 0 0 -3.06648993492126 -13.6913995742798
-591 0 0 -3.06059002876282 -13.6848001480103
-590 0 0 -3.05468988418579 -13.6780996322632
-589 0 0 -3.04878997802734 -13.6715002059937
-588 0 0 -3.0428900718689 -13.6647996902466
-587 0 0 -3.03697991371155 -13.6581001281738
-586 0 0 -3.03106999397278 -13.6513004302979
-585 0 0 -3.02517008781433 -13.6444997787476
-584 0 0 -3.01925992965698 -13.6377000808716
-583 0 0 -3.01333999633789 -13.6309003829956
-582 0 0 -3.00743007659912 -13.6239995956421
-581 0 0 -3.00151991844177 -13.6170997619629
-580 0 0 -2.99559998512268 -13.6101999282837
-579 0 0 -2.98968005180359 -13.6031999588013
-578 0 0 -2.9837601184845 -13.5963001251221
-577 0 0 -2.97783994674683 -13.5892000198364
-576 0 0 -2.97192001342773 -13.582200050354
-575 0 0 -2.96599006652832 -13.5750999450684
-574 0 0 -2.96006989479065 -13.5679998397827
-573 0 0 -2.95413994789124 -13.5608997344971
-572 0 0 -2.94821000099182 -13.5537004470825
-571 0 0 -2.94228005409241 -13.5465002059937
-570 0 0 -2.93635010719299 -13.5392999649048
-569 0 0 -2.93040990829468 -13.5320997238159
-568 0 0 -2.92446994781494 -13.5248003005981
-567 0 0 -2.91854000091553 -13.5174999237061
-566 0 0 -2.91260004043579 -13.5101003646851
-565 0 0 -2.90666007995605 -13.5026998519897
-564 0 0 -2.900710105896 -13.4953002929688
-563 0 0 -2.89476990699768 -13.4878997802734
-562 0 0 -2.88881993293762 -13.4804000854492
-561 0 0 -2.88286995887756 -13.472900390625
-560 0 0 -2.8769199848175 -13.4652996063232
-559 0 0 -2.87097001075745 -13.4576997756958
-558 0 0 -2.86502003669739 -13.4500999450684
-557 0 0 -2.85906004905701 -13.4425001144409
-556 0 0 -2.85310006141663 -13.4348001480103
-555 0 0 -2.84714007377625 -13.4271001815796
-554 0 0 -2.84118008613586 -13.4193000793457
-553 0 0 -2.83522009849548 -13.4114999771118
-552 0 0 -2.8292601108551 -13.4036998748779
-551 0 0 -2.8232901096344 -13.395899772644
-550 34 4 -2.8173201084137 -13.3879995346069
-549 0 0 -2.81135010719299 -13.3801002502441
-548 0 0 -2.80538010597229 -13.3720998764038
-547 0 0 -2.79941010475159 -13.3641004562378
-546 0 0 -2.79343008995056 -13.3561000823975
-545 0 0 -2.78745007514954 -13.3479995727539
-544 0 0 -2.78147006034851 -13.3399000167847
-543 0 0 -2.77549004554749 -13.3317003250122
-542 0 0 -2.76951003074646 -13.3235998153687
-541 0 0 -2.76352000236511 -13.315299987793
-540 0 0 -2.75752997398376 -13.3071002960205
-539 0 0 -2.75153994560242 -13.2988004684448
-538 0 0 -2.74554991722107 -13.2904996871948
-537 0 0 -2.73955988883972 -13.2820997238159
-536 0 0 -2.73356008529663 -13.273699760437
-535 0 0 -2.72757005691528 -13.2651996612549
-534 0 0 -2.72157001495361 -13.2566995620728
-533 0 0 -2.71556997299194 -13.2482004165649
-532 0 0 -2.70955991744995 -13.2396001815796
-531 0 0 -2.70356011390686 -13.2309999465942
-530 0 0 -2.69755005836487 -13.2223997116089
-529 0 0 -2.69154000282288 -13.2137002944946
-528 0 0 -2.68552994728088 -13.2048997879028
-527 0 0 -2.67951011657715 -13.1962003707886
-526 0 0 -2.67350006103516 -13.1873998641968
-525 0 0 -2.66747999191284 -13.1785001754761
-524 0 0 -2.66145992279053 -13.1695995330811
-523 0 0 -2.65544009208679 -13.1605997085571
-522 0 0 -2.64941000938416 -13.1517000198364
-521 0 0 -2.64337992668152 -13.1426000595093
-520 0 0 -2.63735008239746 -13.1336002349854
-519 0 0 -2.63131999969482 -13.124400138855
-518 0 0 -2.62528991699219 -13.1153001785278
-517 0 0 -2.61925005912781 -13.1061000823975
-516 0 0 -2.61321997642517 -13.0967998504639
-515 0 0 -2.60718011856079 -13.0874996185303
-514 0 0 -2.60113000869751 -13.078200340271
-513 0 0 -2.59508991241455 -13.0687999725342
-512 0 0 -2.58904004096985 -13.0593996047974
-511 0 0 -2.58298993110657 -13.0499000549316
-510 0 0 -2.57694005966187 -13.0403003692627
-509 0 0 -2.57088994979858 -13.0307998657227
-508 0 0 -2.56483006477356 -13.0211000442505
-507 0 0 -2.55876994132996 -13.0115003585815
-506 0 0 -2.55271005630493 -13.0017995834351
-505 0 0 -2.54663991928101 -12.9919996261597
-504 0 0 -2.54058003425598 -12.9821996688843
-503 0 0 -2.53450989723206 -12.9722995758057
-502 0 0 -2.52843999862671 -12.9624004364014
-501 0 0 -2.52237010002136 -12.9524002075195
-500 33 4 -2.51628994941711 -12.9423999786377
-499 0 0 -2.51021003723145 -12.9322996139526
-498 0 0 -2.5041298866272 -12.9222002029419
-497 0 0 -2.49804997444153 -12.9119997024536
-496 0 0 -2.49196004867554 -12.9018001556396
-495 0 0 -2.48586988449097 -12.8915004730225
-494 0 0 -2.47977995872498 -12.881199836731
-493 0 0 -2.47369003295898 -12.8708000183105
-492 0 0 -2.46759009361267 -12.8604001998901
-491 0 0 -2.46148991584778 -12.8499002456665
-490 0 0 -2.45538997650146 -12.8393001556396
-489 0 0 -2.44928002357483 -12.8287000656128
-488 0 0 -2.44318008422852 -12.8180999755859
-487 0 0 -2.4370698928833 -12.8073997497559
-486 0 0 -2.43095993995667 -12.7966003417969
-485 0 0 -2.42483997344971 -12.7857999801636
-484 0 0 -2.41872000694275 -12.7749004364014
-483 0 0 -2.41260004043579 -12.7638998031616
-482 0 0 -2.40648007392883 -12.7529001235962
-481 0 0 -2.40035009384155 -12.7419004440308
-480 0 0 -2.39422011375427 -12.7307996749878
-479 0 0 -2.38808989524841 -12.7195997238159
-478 0 0 -2.38194990158081 -12.7082996368408
-477 0 0 -2.37581992149353 -12.6969995498657
-476 0 0 -2.36967992782593 -12.6857004165649
-475 0 0 -2.363529920578 -12.6742000579834
-474 0 0 -2.3573899269104 -12.6627998352051
-473 0 0 -2.35123991966248 -12.6512002944946
-472 0 0 -2.34507989883423 -12.6395998001099
-471 0 0 -2.3389298915863 -12.6279001235962
-470 0 0 -2.33277010917664 -12.6162004470825
-469 0 0 -2.32661008834839 -12.6043996810913
-468 0 0 -2.32044005393982 -12.5924997329712
-467 0 0 -2.31427001953125 -12.5805997848511
-466 0 0 -2.30809998512268 -12.5685997009277
-465 0 0 -2.30192995071411 -12.5565004348755
-464 0 0 -2.29574990272522 -12.5444002151489
-463 0 0 -2.28957009315491 -12.5321998596191
-462 0 0 -2.28339004516602 -12.5199003219604
-461 0 0 -2.2771999835968 -12.5075998306274
-460 0 0 -2.27100992202759 -12.4951000213623
-459 0 0 -2.26481008529663 -12.4827003479004
-458 0 0 -2.25862002372742 -12.470100402832
-457 0 0 -2.25241994857788 -12.4575004577637
-456 0 0 -2.2462100982666 -12.4448003768921
-455 0 0 -2.24001002311707 -12.4320001602173
-454 0 0 -2.23379993438721 -12.4191999435425
-453 0 0 -2.22758007049561 -12.4062995910645
-452 0 0 -2.22135996818542 -12.3933000564575
-451 0 0 -2.21514010429382 -12.3802003860474
-450 32 4 -2.20892000198364 -12.3669996261597
-449 0 0 -2.20268988609314 -12.3537998199463
-448 0 0 -2.19646000862122 -12.3404998779297
-447 0 0 -2.19022011756897 -12.3270998001099
-446 0 0 -2.18397998809814 -12.31369972229
-445 0 0 -2.1777400970459 -12.3002004623413
-444 0 0 -2.17149996757507 -12.2864999771118
-443 0 0 -2.1652500629425 -12.2728004455566
-442 0 0 -2.15898990631104 -12.2590999603271
-441 0 0 -2.15272998809814 -12.2452001571655
-440 0 0 -2.14647006988525 -12.2313003540039
-439 0 0 -2.14020991325378 -12.2172002792358
-438 0 0 -2.13393998146057 -12.2031002044678
-437 0 0 -2.12767004966736 -12.1888999938965
-436 0 0 -2.12139010429382 -12.174599647522
-435 0 0 -2.11510992050171 -12.1603002548218
-434 0 0 -2.10881996154785 -12.1457996368408
-433 0 0 -2.10253000259399 -12.1312999725342
-432 0 0 -2.09624004364014 -12.1166000366211
-431 0 0 -2.08994007110596 -12.101900100708
-430 0 0 -2.08364009857178 -12.0871000289917
-429 0 0 -2.07733988761902 -12.0721998214722
-428 0 0 -2.07102990150452 -12.0572004318237
-427 0 0 -2.06470990180969 -12.0420999526978
-426 0 0 -2.05839991569519 -12.0269002914429
-425 0 0 -2.05206990242004 -12.0115995407104
-424 0 0 -2.04574990272522 -11.9961996078491
-423 0 0 -2.03941988945007 -11.9806995391846
-422 0 0 -2.03308010101318 -11.9652004241943
-421 0 0 -2.02674007415771 -11.9495000839233
-420 0 0 -2.02040004730225 -11.9336996078491
-419 0 0 -2.01405000686646 -11.917799949646
-418 0 0 -2.00768995285034 -11.9019002914429
-417 0 0 -2.00133991241455 -11.8858003616333
-416 0 0 -1.9949699640274 -11.8696002960205
-415 0 0 -1.98861002922058 -11.8533000946045
-414 0 0 -1.98222994804382 -11.8368997573853
-413 0 0 -1.97585999965668 -11.8204002380371
-412 0 0 -1.96947002410889 -11.8037996292114
-411 0 0 -1.96308994293213 -11.7870998382568
-410 0 0 -1.95669996738434 -11.770299911499
-409 0 0 -1.95029997825623 -11.7532997131348
-408 0 0 -1.94389998912811 -11.7363004684448
-407 0 0 -1.93748998641968 -11.7190999984741
-406 0 0 -1.93107998371124 -11.7018995285034
-405 0 0 -1.92465996742249 -11.6844997406006
-404 0 0 -1.91823995113373 -11.6669998168945
-403 0 0 -1.91181004047394 -11.649299621582
-402 0 0 -1.90538001060486 -11.6316003799438
-401 0 0 -1.89893996715546 -11.6136999130249
-400 31 4 -1.89250004291534 -11.5957002639771
-399 0 0 -1.88604998588562 -11.5775995254517
-398 0 0 -1.87960004806519 -11.5593996047974
-397 0 0 -1.87313997745514 -11.5410995483398
-396 0 0 -1.86667001247406 -11.5226001739502
-395 0 0 -1.86020004749298 -11.503999710083
-394 0 0 -1.85372996330261 -11.4851999282837
-393 0 0 -1.84724998474121 -11.4664001464844
-392 0 0 -1.84075999259949 -11.4474000930786
-391 0 0 -1.83427000045776 -11.4281997680664
-390 0 0 -1.82776999473572 -11.4090003967285
-389 0 0 -1.82125997543335 -11.3895998001099
-388 0 0 -1.81474995613098 -11.3701000213623
-387 0 0 -1.80823004245758 -11.3503999710083
-386 0 0 -1.80171000957489 -11.3305997848511
-385 0 0 -1.79517996311188 -11.3106002807617
-384 0 0 -1.78865003585815 -11.2904996871948
-383 0 0 -1.7820999622345 -11.270299911499
-382 0 0 -1.77556002140045 -11.2498998641968
-381 0 0 -1.76900005340576 -11.2293996810913
-380 0 0 -1.76243996620178 -11.2087001800537
-379 0 0 -1.75586998462677 -11.1878995895386
-378 0 0 -1.74930000305176 -11.1668996810913
-377 0 0 -1.74272000789642 -11.1457996368408
-376 0 0 -1.73612999916077 -11.1245002746582
-375 0 0 -1.72953999042511 -11.1029996871948
-374 0 0 -1.72293996810913 -11.0813999176025
-373 0 0 -1.71633005142212 -11.059700012207
-372 0 0 -1.7097100019455 -11.0377998352051
-371 0 0 -1.70308995246887 -11.015700340271
-370 0 0 -1.69646000862122 -10.9933996200562
-369 0 0 -1.68982994556427 -10.9709997177124
-368 0 0 -1.68318998813629 -10.9484996795654
-367 0 0 -1.67654001712799 -10.9257001876831
-366 0 0 -1.66988003253937 -10.9027996063232
-365 0 0 -1.66321003437042 -10.8796997070313
-364 0 0 -1.65654003620148 -10.8563995361328
-363 0 0 -1.64986002445221 -10.8330001831055
-362 0 0 -1.64316999912262 -10.8093996047974
-361 0 0 -1.63647997379303 -10.7855997085571
-360 0 0 -1.62977004051208 -10.7615995407104
-359 0 0 -1.62305998802185 -10.7374000549316
-358 0 0 -1.61634004116058 -10.7130002975464
-357 0 0 -1.60961997509003 -10.6885004043579
-356 0 0 -1.60288000106812 -10.663800239563
-355 0 0 -1.5961400270462 -10.6387996673584
-354 0 0 -1.58939003944397 -10.6136999130249
-353 0 0 -1.58263003826141 -10.588399887085
-352 0 0 -1.57586002349854 -10.5628995895386
-351 0 0 -1.56907999515533 -10.5370998382568
-350 30 4 -1.56229996681213 -10.5111999511719
-349 0 0 -1.55550003051758 -10.4850997924805
-348 0 0 -1.54869997501373 -10.4587001800537
-347 0 0 -1.54189002513885 -10.4322004318237
-346 0 0 -1.53506994247437 -10.4054002761841
-345 0 0 -1.52823996543884 -10.3784999847412
-344 0 0 -1.521399974823 -10.351300239563
-343 0 0 -1.51455998420715 -10.3239002227783
-342 0 0 -1.50769996643066 -10.296199798584
-341 0 0 -1.50083005428314 -10.2684001922607
-340 0 0 -1.49396002292633 -10.2403001785278
-339 0 0 -1.48706996440887 -10.2119998931885
-338 0 0 -1.48018002510071 -10.1834001541138
-337 0 0 -1.4732700586319 -10.1546001434326
-336 0 0 -1.4663599729538 -10.125599861145
-335 0 0 -1.45943999290466 -10.0964002609253
-334 0 0 -1.45249998569489 -10.0669002532959
-333 0 0 -1.44555997848511 -10.0370998382568
-332 0 0 -1.43859994411469 -10.0072002410889
-331 0 0 -1.43164002895355 -9.97692966461182
-330 0 0 -1.42466998100281 -9.94643974304199
-329 0 0 -1.41768002510071 -9.91569995880127
-328 0 0 -1.41068005561829 -9.88469982147217
-327 0 0 -1.40367996692657 -9.85344982147217
-326 0 0 -1.39665997028351 -9.82192993164063
-325 0 0 -1.38962996006012 -9.79014015197754
-324 0 0 -1.38259994983673 -9.75807952880859
-323 0 0 -1.37555003166199 -9.7257604598999
-322 0 0 -1.36847996711731 -9.69316005706787
-321 0 0 -1.36141002178192 -9.66028022766113
-320 0 0 -1.35432994365692 -9.62712955474854
-319 0 0 -1.34723997116089 -9.59368991851807
-318 0 0 -1.34012997150421 -9.55996036529541
-317 0 0 -1.33300995826721 -9.52595043182373
-316 0 0 -1.32588005065918 -9.49164962768555
-315 0 0 -1.31874001026154 -9.45705032348633
-314 0 0 -1.31158995628357 -9.42214965820313
-313 0 0 -1.30441999435425 -9.38696002960205
-312 0 0 -1.29725003242493 -9.35146045684814
-311 0 0 -1.29006004333496 -9.31566047668457
-310 0 0 -1.28286004066467 -9.27954959869385
-309 0 0 -1.27564001083374 -9.24312019348145
-308 0 0 -1.26841998100281 -9.20637989044189
-307 0 0 -1.26118004322052 -9.16932964324951
-306 0 0 -1.25392997264862 -9.13195037841797
-305 0 0 -1.24667000770569 -9.0942497253418
-304 0 0 -1.23939001560211 -9.05622005462646
-303 0 0 -1.23210000991821 -9.01786041259766
-302 0 0 -1.22479999065399 -8.97916984558105
-301 0 0 -1.21747994422913 -8.94015026092529
-300 29 4 -1.21016001701355 -8.90079021453857
-299 0 0 -1.20281994342804 -8.86108016967773
-298 0 0 -1.19545996189117 -8.82102966308594
-297 0 0 -1.18808996677399 -8.7806396484375
-296 0 0 -1.18070995807648 -8.73989009857178
-295 0 0 -1.17332005500793 -8.6988000869751
-294 0 0 -1.16591000556946 -8.65734004974365
-293 0 0 -1.15848994255066 -8.61553001403809
-292 0 0 -1.15105998516083 -8.57336044311523
-291 0 0 -1.14361000061035 -8.53083038330078
-290 0 0 -1.13615000247955 -8.48793029785156
-289 0 0 -1.12866997718811 -8.44466018676758
-288 0 0 -1.12118005752563 -8.40102005004883
-287 0 0 -1.11368000507355 -8.35700988769531
-286 0 0 -1.1061600446701 -8.31262016296387
-285 0 0 -1.09862995147705 -8.26784992218018
-284 0 0 -1.09107995033264 -8.22270965576172
-283 0 0 -1.08352994918823 -8.17718029022217
-282 0 0 -1.07595002651215 -8.13127040863037
-281 0 0 -1.06836998462677 -8.08497047424316
-280 0 0 -1.06077003479004 -8.03827953338623
-279 0 0 -1.05315005779266 -7.99119997024536
-278 0 0 -1.04551994800568 -7.94373989105225
-277 0 0 -1.03787994384766 -7.89587020874023
-276 0 0 -1.03022003173828 -7.84762001037598
-275 0 0 -1.02254998683929 -7.79896020889282
-274 0 0 -1.01487004756927 -7.7499098777771
-273 0 0 -1.00716996192932 -7.7004599571228
-272 0 0 -0.999459981918335 -7.65060997009277
-271 0 0 -0.991734981536865 -7.60035991668701
-270 0 0 -0.983995020389557 -7.54970979690552
-269 0 0 -0.976242005825043 -7.49866008758545
-268 0 0 -0.968474984169006 -7.44720983505249
-267 0 0 -0.960695028305054 -7.39534997940063
-266 0 0 -0.952901005744934 -7.34309005737305
-265 0 0 -0.945093989372253 -7.2904200553894
-264 0 0 -0.937273979187012 -7.23736000061035
-263 0 0 -0.929440021514893 -7.18388986587524
-262 0 0 -0.921593010425568 -7.13002014160156
-261 0 0 -0.913733005523682 -7.07574987411499
-260 0 0 -0.905860006809235 -7.02108001708984
-259 0 0 -0.897975027561188 -6.96601009368896
-258 0 0 -0.890075981616974 -6.91054010391235
-257 0 0 -0.882166028022766 -6.85467004776001
-256 0 0 -0.874242007732391 -6.79840993881226
-255 0 0 -0.866307020187378 -6.74175977706909
-254 0 0 -0.858358979225159 -6.68471002578735
-253 0 0 -0.850399971008301 -6.62727022171021
-252 0 0 -0.842428028583527 -6.56944990158081
-251 0 0 -0.834446012973785 -6.51124000549316
-250 28 4 -0.826451003551483 -6.45266008377075
-249 0 0 -0.818445026874542 -6.39369010925293
-248 0 0 -0.810428977012634 -6.33434009552002
-247 0 0 -0.802401006221771 -6.27463006973267
-246 0 0 -0.794363021850586 -6.21454000473022
-245 0 0 -0.786314010620117 -6.15408992767334
-244 0 0 -0.778253972530365 -6.09327983856201
-243 0 0 -0.770184993743896 -6.0321102142334
-242 0 0 -0.762104988098145 -5.97059011459351
-241 0 0 -0.754015982151031 -5.90871000289917
-240 0 0 -0.745917975902557 -5.84649991989136
-239 0 0 -0.737810015678406 -5.78393983840942
-238 0 0 -0.729692995548248 -5.72104978561401
-237 0 0 -0.72156697511673 -5.65782022476196
-236 0 0 -0.713432013988495 -5.59427976608276
-235 0 0 -0.705289006233215 -5.53040981292725
-234 0 0 -0.697136998176575 -5.4662299156189
-233 0 0 -0.688978016376495 -5.40173006057739
-232 0 0 -0.68080997467041 -5.33693981170654
-231 0 0 -0.672635018825531 -5.27185010910034
-230 0 0 -0.664452016353607 -5.20645999908447
-229 0 0 -0.656262993812561 -5.14078998565674
-228 0 0 -0.648065984249115 -5.07484006881714
-227 0 0 -0.63986200094223 -5.00861978530884
-226 0 0 -0.631651997566223 -4.94213008880615
-225 0 0 -0.623435020446777 -4.87537002563477
-224 0 0 -0.615211009979248 -4.8083701133728
-223 0 0 -0.606981992721558 -4.74110984802246
-222 0 0 -0.59874701499939 -4.6736102104187
-221 0 0 -0.590506017208099 -4.60586977005005
-220 0 0 -0.582258999347687 -4.53790998458862
-219 0 0 -0.574006974697113 -4.46971988677979
-218 0 0 -0.565748989582062 -4.40130996704102
-217 0 0 -0.557485997676849 -4.33268976211548
-216 0 0 -0.549217998981476 -4.26386976242065
-215 0 0 -0.540946006774902 -4.19484996795654
-214 0 0 -0.532667994499207 -4.12562990188599
-213 0 0 -0.524385988712311 -4.05623006820679
-212 0 0 -0.516098976135254 -3.98666000366211
-211 0 0 -0.507808029651642 -3.91689991950989
-210 0 0 -0.499511986970901 -3.84698009490967
-209 0 0 -0.491212010383606 -3.77690005302429
-208 0 0 -0.482908010482788 -3.70667004585266
-207 0 0 -0.474599987268448 -3.63628005981445
-206 0 0 -0.46628800034523 -3.56574988365173
-205 0 0 -0.45797199010849 -3.49507999420166
-204 0 0 -0.44965198636055 -3.4242799282074
-203 0 0 -0.44132798910141 -3.35334992408752
-202 0 0 -0.43299999833107 -3.28229999542236
-201 0 0 -0.42466801404953 -3.21113991737366
-200 27 4 -0.416332989931107 -3.13985991477966
-199 0 0 -0.407994002103806 -3.06848001480103
-198 0 0 -0.399650990962982 -2.99698996543884
-197 0 0 -0.391303986310959 -2.92541003227234
-196 0 0 -0.382954001426697 -2.85373997688293
-195 0 0 -0.374599993228912 -2.78198003768921
-194 0 0 -0.366241991519928 -2.71013998985291
-193 0 0 -0.357881009578705 -2.6382200717926
-192 0 0 -0.349516004323959 -2.56622004508972
-191 0 0 -0.341147005558014 -2.49415993690491
-190 0 0 -0.332774996757507 -2.42202997207642
-189 0 0 -0.324398010969162 -2.34982991218567
-188 0 0 -0.316017985343933 -2.27758002281189
-187 0 0 -0.307633996009827 -2.20527005195618
-186 0 0 -0.299246996641159 -2.13292002677917
-185 0 0 -0.29085499048233 -2.06050992012024
-184 0 0 -0.282460004091263 -1.98805999755859
-183 0 0 -0.274060994386673 -1.91557002067566
-182 0 0 -0.265657007694244 -1.84303998947144
-181 0 0 -0.257250010967255 -1.77047002315521
-180 0 0 -0.248839005827904 -1.69787001609802
-179 0 0 -0.240422993898392 -1.62523996829987
-178 0 0 -0.232004001736641 -1.55259001255035
-177 0 0 -0.223580002784729 -1.47990000247955
-176 0 0 -0.215152993798256 -1.40719997882843
-175 0 0 -0.206720992922783 -1.33447003364563
-174 0 0 -0.19828400015831 -1.2617199420929
-173 0 0 -0.189843997359276 -1.18895995616913
-172 0 0 -0.181399002671242 -1.11617994308472
-171 0 0 -0.172949999570847 -1.04339003562927
-170 0 0 -0.164497002959251 -0.970592975616455
-169 0 0 -0.156039997935295 -0.897781014442444
-168 0 0 -0.147578001022339 -0.824961006641388
-167 0 0 -0.139110997319221 -0.75213497877121
-166 0 0 -0.130640998482704 -0.679301977157593
-165 0 0 -0.122166000306606 -0.606465995311737
-164 0 0 -0.113686002790928 -0.533626019954681
-163 0 0 -0.105203002691269 -0.460785001516342
-162 0 0 -0.0967146977782249 -0.387942999601364
-161 0 0 -0.088222399353981 -0.315100014209747
-160 0 0 -0.0797258988022804 -0.242258995771408
-159 0 0 -0.0712252035737038 -0.169419005513191
-158 0 0 -0.0627202019095421 -0.0965823009610176
-157 0 0 -0.0542111992835999 -0.0237483996897936
-156 0 0 -0.0456979982554913 0.0490816012024879
-155 0 0 -0.0371809005737305 0.121907003223896
-154 0 0 -0.028659900650382 0.194728001952171
-153 0 0 -0.0201350003480911 0.267542988061905
-152 0 0 -0.0116063999012113 0.340351998806
-151 0 0 -0.00307407998479903 0.413154989480972
-150 26 4 0.00546171981841326 0.485951989889145
-149 0 0 0.0140009000897408 0.558740973472595
-148 0 0 0.0225434005260468 0.631523013114929
-147 0 0 0.0310890004038811 0.70429801940918
-146 0 0 0.0396375991404057 0.777064979076385
-145 0 0 0.0481889992952347 0.849824011325836
-144 0 0 0.0567431002855301 0.922574996948242
-143 0 0 0.0652996003627777 0.995317995548248
-142 0 0 0.0738582983613014 1.06805002689362
-141 0 0 0.0824190974235535 1.14077997207642
-140 0 0 0.09098169952631 1.21350002288818
-139 0 0 0.0995457991957664 1.28620994091034
-138 0 0 0.108111001551151 1.35890996456146
-137 0 0 0.11667799949646 1.43159997463226
-136 0 0 0.125245004892349 1.50427997112274
-135 0 0 0.133812993764877 1.57695996761322
-134 0 0 0.142380997538567 1.64962005615234
-133 0 0 0.150949001312256 1.72228002548218
-132 0 0 0.159516006708145 1.79491996765137
-131 0 0 0.168081998825073 1.86756002902985
-130 0 0 0.176648005843163 1.94018995761871
-129 0 0 0.185211002826691 2.01280999183655
-128 0 0 0.193773001432419 2.08541989326477
-127 0 0 0.202333003282547 2.15802001953125
-126 0 0 0.210888996720314 2.23061990737915
-125 0 0 0.219441995024681 2.30320000648499
-124 0 0 0.227991998195648 2.3757700920105
-123 0 0 0.236536994576454 2.44832992553711
-122 0 0 0.24507799744606 2.52087998390198
-121 0 0 0.253612995147705 2.59342002868652
-120 0 0 0.262142986059189 2.66595005989075
-119 0 0 0.270666003227234 2.73847007751465
-118 0 0 0.279183000326157 2.81097006797791
-117 0 0 0.287692010402679 2.88347005844116
-116 0 0 0.296193987131119 2.95595002174377
-115 0 0 0.304686009883881 3.02840995788574
-114 0 0 0.313169986009598 3.10086989402771
-113 0 0 0.321642994880676 3.17331004142761
-112 0 0 0.330105990171432 3.24572992324829
-111 0 0 0.338557988405228 3.31814002990723
-110 0 0 0.346998006105423 3.39053010940552
-109 0 0 0.355425000190735 3.46289992332458
-108 0 0 0.363839000463486 3.53525996208191
-107 0 0 0.372238993644714 3.60759997367859
-106 0 0 0.380623996257782 3.67991995811462
-105 0 0 0.388992995023727 3.75220990180969
-104 0 0 0.397347003221512 3.82449007034302
-103 0 0 0.405683010816574 3.8967399597168
-102 0 0 0.414000988006592 3.96897006034851
-101 0 0 0.422300010919571 4.04117012023926
-100 25 4 0.430579006671906 4.11333990097046
-99 0 0 0.438838988542557 4.18549013137817
-98 0 0 0.447077006101608 4.25760984420776
-97 0 0 0.455291986465454 4.32969999313354
-96 0 0 0.4634850025177 4.40175008773804
-95 0 0 0.471653997898102 4.47378015518188
-94 0 0 0.479797005653381 4.54576015472412
-93 0 0 0.487915992736816 4.61771011352539
-92 0 0 0.496006995439529 4.68963003158569
-91 0 0 0.504070997238159 4.76149988174438
-90 0 0 0.512106001377106 4.83333015441895
-89 0 0 0.520111978054047 4.90510988235474
-88 0 0 0.528087973594666 4.97686004638672
-87 0 0 0.536032021045685 5.04855012893677
-86 0 0 0.543944001197815 5.12020015716553
-85 0 0 0.551823019981384 5.19179010391235
-84 0 0 0.559668004512787 5.26332998275757
-83 0 0 0.567478001117706 5.33481979370117
-82 0 0 0.575251996517181 5.40625
-81 0 0 0.582988977432251 5.47762012481689
-80 0 0 0.590687990188599 5.54893016815186
-79 0 0 0.598348021507263 5.62018013000488
-78 0 0 0.6059690117836 5.69135999679565
-77 0 0 0.613548994064331 5.76247978210449
-76 0 0 0.621088027954102 5.83352994918823
-75 0 0 0.628584027290344 5.90450000762939
-74 0 0 0.636036992073059 5.97540998458862
-73 0 0 0.643446028232574 6.04623985290527
-72 0 0 0.65081000328064 6.1169900894165
-71 0 0 0.658128023147583 6.18766021728516
-70 0 0 0.665399014949799 6.25825023651123
-69 0 0 0.672622978687286 6.32876014709473
-68 0 0 0.679798007011414 6.39918994903564
-67 0 0 0.686924993991852 6.46953010559082
-66 0 0 0.694001019001007 6.5397801399231
-65 0 0 0.701026976108551 6.60993003845215
-64 0 0 0.708001017570496 6.67999982833862
-63 0 0 0.714923024177551 6.74996995925903
-62 0 0 0.721792995929718 6.81984996795654
-61 0 0 0.728609025478363 6.88962984085083
-60 0 0 0.735369980335236 6.95931005477905
-59 0 0 0.742076992988586 7.02889013290405
-58 0 0 0.74872899055481 7.09837007522583
-57 0 0 0.755324006080627 7.16773986816406
-56 0 0 0.761862993240356 7.23701000213623
-55 0 0 0.76834499835968 7.30616998672485
-54 0 0 0.774769008159637 7.37521982192993
-53 0 0 0.781135022640228 7.44416999816895
-52 0 0 0.787442028522491 7.51300001144409
-51 0 0 0.793690025806427 7.58172988891602
-50 24 4 0.799878001213074 7.65034008026123
-49 0 0 0.806007027626038 7.7188401222229
-48 0 0 0.812075018882751 7.7872200012207
-47 0 0 0.818081974983215 7.85549020767212
-46 0 0 0.824028015136719 7.92363977432251
-45 0 0 0.829913020133972 7.99168014526367
-44 0 0 0.835735976696014 8.05959987640381
-43 0 0 0.841498017311096 8.12740039825439
-42 0 0 0.847196996212006 8.19509029388428
-41 0 0 0.852832973003387 8.26264953613281
-40 0 0 0.858407020568848 8.33010005950928
-39 0 0 0.863918006420135 8.39743041992188
-38 0 0 0.869367003440857 8.46463966369629
-37 0 0 0.87475198507309 8.53172969818115
-36 0 0 0.880073010921478 8.59869956970215
-35 0 0 0.885331988334656 8.66555023193359
-34 0 0 0.890527009963989 8.73227977752686
-33 0 0 0.895659029483795 8.79889965057373
-32 0 0 0.900726974010468 8.86538982391357
-31 0 0 0.905731976032257 8.93177032470703
-30 0 0 0.910673022270203 8.99802017211914
-29 0 0 0.915551006793976 9.06416034698486
-28 0 0 0.920365989208221 9.13018989562988
-27 0 0 0.925117015838623 9.19608974456787
-26 0 0 0.929804980754852 9.26187992095947
-25 0 0 0.934428989887238 9.32756042480469
-24 0 0 0.938991010189056 9.39311981201172
-23 0 0 0.943489015102386 9.45856952667236
-22 0 0 0.947924971580505 9.52390003204346
-21 0 0 0.952297985553741 9.58911991119385
-20 0 0 0.956609010696411 9.65423011779785
-19 0 0 0.96085798740387 9.71922969818115
-18 0 0 0.965044021606445 9.78411960601807
-17 0 0 0.96916800737381 9.84889984130859
-16 0 0 0.973231017589569 9.9135799407959
-15 0 0 0.977231979370117 9.97815036773682
-14 0 0 0.981172025203705 10.0425996780396
-13 0 0 0.985050976276398 10.1070003509521
-12 0 0 0.98886901140213 10.171199798584
-11 0 0 0.992627024650574 10.2354001998901
-10 0 0 0.99516099691391 10.2791996002197
-9 0 0 0.996833980083466 10.3084001541138
-8 0 0 0.997942984104156 10.3277997970581
-7 0 0 0.998678982257843 10.3407001495361
-6 0 0 0.999168992042542 10.3493995666504
-5 0 0 0.999494016170502 10.3550996780396
-4 0 0 0.999710977077484 10.3590002059937
-3 0 0 0.999855995178223 10.361499786377
-2 0 0 0.999927997589111 10.3627996444702
1 0 0 1 10.3641004562378
1 0 0 1 10.3641004562378
-2 0 0 1.00006997585297 10.3654003143311
-3 0 0 1.00013995170593 10.3666000366211
-4 0 0 1.00029003620148 10.3691997528076
-5 0 0 1.00049996376038 10.3730001449585
-6 0 0 1.00083005428314 10.3788003921509
-7 0 0 1.00130999088287 10.3873996734619
-8 0 0 1.00204002857208 10.4003000259399
-9 0 0 1.00311994552612 10.4196996688843
-10 0 0 1.0047299861908 10.4488000869751
-11 0 0 1.00713002681732 10.4924001693726
-12 0 0 1.01058995723724 10.5559997558594
-13 0 0 1.01399004459381 10.6196002960205
-14 0 0 1.01733005046844 10.6830997467041
-15 0 0 1.02061998844147 10.7465000152588
-16 0 0 1.02383995056152 10.8098001480103
-17 0 0 1.02700996398926 10.8730001449585
-18 0 0 1.03012001514435 10.9362001419067
-19 0 0 1.03317999839783 10.9991998672485
-20 0 0 1.03618001937866 11.0621995925903
-21 0 0 1.03911995887756 11.1251001358032
-22 0 0 1.04200994968414 11.1878995895386
-23 0 0 1.04483997821808 11.2506999969482
-24 0 0 1.04762005805969 11.3134002685547
-25 0 0 1.05034995079041 11.3759002685547
-26 0 0 1.05302000045776 11.4385004043579
-27 0 0 1.05562996864319 11.5009002685547
-28 0 0 1.05820000171661 11.5633001327515
-29 0 0 1.06070995330811 11.625599861145
-30 0 0 1.06315994262695 11.6878995895386
-31 0 0 1.0655699968338 11.7501001358032
-32 0 0 1.06791996955872 11.8121995925903
-33 0 0 1.07023000717163 11.8743000030518
-34 0 0 1.07247996330261 11.93630027771
-35 0 0 1.07467997074127 11.9982004165649
-36 0 0 1.07683002948761 12.0601997375488
-37 0 0 1.07893002033234 12.1219997406006
-38 0 0 1.08098995685577 12.1837997436523
-39 0 0 1.08299005031586 12.2455997467041
-40 0 0 1.08494997024536 12.3072996139526
-41 0 0 1.08685004711151 12.3689002990723
-42 0 0 1.08870995044708 12.4305000305176
-43 0 0 1.09053003787994 12.4920997619629
-44 0 0 1.09229004383087 12.5536003112793
-45 0 0 1.09400999546051 12.6150999069214
-46 0 0 1.09569001197815 12.6766004562378
-47 0 0 1.09730994701385 12.7379999160767
-48 0 0 1.09889996051788 12.7994003295898
-49 0 0 1.10044002532959 12.8606996536255
-50 2 4 1.10193002223969 12.9221000671387
-51 0 0 1.10337996482849 12.9833002090454
-52 0 0 1.10477995872498 13.0445995330811
-53 0 0 1.10615003108978 13.105899810791
-54 0 0 1.10747003555298 13.1670999526978
-55 0 0 1.10874998569489 13.2283000946045
-56 0 0 1.10997998714447 13.289400100708
-57 0 0 1.11117994785309 13.3506002426147
-58 0 0 1.11232995986938 13.4117002487183
-59 0 0 1.11344003677368 13.472900390625
-60 0 0 1.11451005935669 13.5340003967285
-61 0 0 1.11554002761841 13.595100402832
-62 0 0 1.11653995513916 13.6561002731323
-63 0 0 1.11749005317688 13.7172002792358
-64 0 0 1.11839997768402 13.7783002853394
-65 0 0 1.11927998065948 13.8393001556396
-66 0 0 1.12012004852295 13.9004001617432
-67 0 0 1.12091994285583 13.9614000320435
-68 0 0 1.12168002128601 14.022500038147
-69 0 0 1.12241005897522 14.0834999084473
-70 0 0 1.12310004234314 14.1445999145508
-71 0 0 1.12374997138977 14.2055997848511
-72 0 0 1.12436997890472 14.2666997909546
-73 0 0 1.12495005130768 14.3276996612549
-74 0 0 1.12549996376038 14.3887996673584
-75 0 0 1.12600994110107 14.4498996734619
-76 0 0 1.1264899969101 14.5108995437622
-77 0 0 1.12692999839783 14.5719995498657
-78 0 0 1.12733995914459 14.6330995559692
-79 0 0 1.12771999835968 14.6941995620728
-80 0 0 1.12805998325348 14.7553997039795
-81 0 0 1.12837994098663 14.816499710083
-82 0 0 1.12865996360779 14.8776998519897
-83 0 0 1.12890994548798 14.9387998580933
-84 0 0 1.12911999225616 15
-85 0 0 1.12931001186371 15.0612001419067
-86 0 0 1.12946999073029 15.1225004196167
-87 0 0 1.12959003448486 15.1836996078491
-88 0 0 1.1296900510788 15.2449998855591
-89 0 0 1.12975001335144 15.306300163269
-90 0 0 1.12978994846344 15.367600440979
-91 3 2 1.12979996204376 15.4165000915527
92 0 0 1.12978994846344 15.4778995513916
93 0 0 1.12973999977112 15.5392999649048
94 0 0 1.12967002391815 15.600700378418
95 0 0 1.12958002090454 15.6621999740601
96 0 0 1.12944996356964 15.7236995697021
97 0 0 1.12929999828339 15.7852001190186
98 0 0 1.12911999225616 15.8467998504639
99 0 0 1.1289199590683 15.9083995819092
100 4 4 1.12869000434875 15.9700002670288
101 0 0 1.12843000888824 16.0317001342773
102 0 0 1.12814998626709 16.0933990478516
103 0 0 1.12785005569458 16.1550998687744
104 0 0 1.12751996517181 16.2168998718262
105 0 0 1.12716996669769 16.2787990570068
106 0 0 1.12679004669189 16.3405990600586
107 0 0 1.12638998031616 16.4025001525879
108 0 0 1.12597000598907 16.4645004272461
109 0 0 1.12551999092102 16.5265007019043
110 0 0 1.12504994869232 16.5884990692139
111 0 0 1.12455999851227 16.6506004333496
112 0 0 1.12405002117157 16.7126998901367
113 0 0 1.1235100030899 16.7749004364014
114 0 0 1.12295997142792 16.8370990753174
115 0 0 1.12238001823425 16.8994007110596
116 0 0 1.12179005146027 16.9617004394531
117 0 0 1.12117004394531 17.0240993499756
118 0 0 1.12054002285004 17.0865001678467
119 0 0 1.11987996101379 17.1490001678467
120 0 0 1.11921000480652 17.2115001678467
121 0 0 1.11851000785828 17.2740001678467
122 0 0 1.11779999732971 17.3367004394531
123 0 0 1.1170699596405 17.399299621582
124 0 0 1.11632001399994 17.4619998931885
125 0 0 1.11556005477905 17.5247993469238
126 0 0 1.11477994918823 17.5876007080078
127 0 0 1.11398005485535 17.6504993438721
128 0 0 1.11316001415253 17.7134990692139
129 0 0 1.11232995986938 17.7763996124268
130 0 0 1.11147999763489 17.8395004272461
131 0 0 1.11061000823975 17.9025993347168
132 0 0 1.10973000526428 17.965799331665
133 0 0 1.1088399887085 18.0289993286133
134 0 0 1.10792994499207 18.0921993255615
135 0 0 1.10699999332428 18.1555995941162
136 0 0 1.10607004165649 18.218900680542
137 0 0 1.10511004924774 18.2824001312256
138 0 0 1.10415005683899 18.3458995819092
139 0 0 1.10317003726959 18.4094009399414
140 0 0 1.10216999053955 18.4731006622314
141 0 0 1.10116994380951 18.5366992950439
142 0 0 1.10014998912811 18.6005001068115
143 0 0 1.09912002086639 18.6641998291016
144 0 0 1.09808003902435 18.728099822998
145 0 0 1.09702003002167 18.7919998168945
146 0 0 1.09596002101898 18.8560009002686
147 0 0 1.09487998485565 18.9200000762939
148 0 0 1.09379005432129 18.9841003417969
149 0 0 1.09268999099731 19.0482006072998
150 5 4 1.09159004688263 19.1124000549316
151 0 0 1.09046995639801 19.176700592041
152 0 0 1.08933997154236 19.2409992218018
153 0 0 1.08819997310638 19.3054008483887
154 0 0 1.08704996109009 19.3698997497559
155 0 0 1.08589994907379 19.4344005584717
156 0 0 1.08473002910614 19.4988994598389
157 0 0 1.0835599899292 19.5636005401611
158 0 0 1.08238005638123 19.6282005310059
159 0 0 1.08118999004364 19.693000793457
160 0 0 1.07999002933502 19.7577991485596
161 0 0 1.07878994941711 19.8227005004883
162 0 0 1.07756996154785 19.8875999450684
163 0 0 1.07635998725891 19.952600479126
164 0 0 1.07512998580933 20.017599105835
165 0 0 1.07389998435974 20.0827007293701
166 0 0 1.07265996932983 20.1478996276855
167 0 0 1.07141995429993 20.2131004333496
168 0 0 1.07017004489899 20.2784004211426
169 0 0 1.06891000270844 20.3437004089355
170 0 0 1.06764996051788 20.4090995788574
171 0 0 1.0663800239563 20.4745998382568
172 0 0 1.06510996818542 20.5401000976563
173 0 0 1.06384003162384 20.6056995391846
174 0 0 1.06255996227264 20.6713008880615
175 0 0 1.06126999855042 20.7369995117188
176 0 0 1.05999004840851 20.8027992248535
177 0 0 1.05868995189667 20.8686008453369
178 0 0 1.05739998817444 20.9344997406006
179 0 0 1.05610001087189 21.0004005432129
180 0 0 1.05480003356934 21.0664005279541
181 0 0 1.05349004268646 21.1324996948242
182 0 0 1.05218994617462 21.198600769043
183 0 0 1.05087995529175 21.2646999359131
184 0 0 1.04956996440887 21.3309001922607
185 0 0 1.04824995994568 21.3971996307373
186 0 0 1.04693996906281 21.4634990692139
187 0 0 1.04561996459961 21.529899597168
188 0 0 1.04429996013641 21.596399307251
189 0 0 1.04297995567322 21.6629009246826
190 0 0 1.04165995121002 21.7294006347656
191 0 0 1.04033005237579 21.7961006164551
192 0 0 1.0390100479126 21.862699508667
193 0 0 1.0376900434494 21.9293994903564
194 0 0 1.03636002540588 21.9962005615234
195 0 0 1.03504002094269 22.0631008148193
196 0 0 1.03371000289917 22.1298999786377
197 0 0 1.03238999843597 22.1968994140625
198 0 0 1.03105998039246 22.2639007568359
199 0 0 1.02973997592926 22.3309001922607
200 6 4 1.02841997146606 22.3980007171631
201 0 0 1.02708995342255 22.4652004241943
202 0 0 1.02576994895935 22.5324001312256
203 0 0 1.02444994449615 22.5997009277344
204 0 0 1.02313005924225 22.6669998168945
205 0 0 1.02181994915009 22.7343997955322
206 0 0 1.02049994468689 22.8017997741699
207 0 0 1.01918005943298 22.8693008422852
208 0 0 1.01786994934082 22.9368000030518
209 0 0 1.01655995845795 23.0044002532959
210 0 0 1.01524996757507 23.07200050354
211 0 0 1.0139399766922 23.1396999359131
212 0 0 1.01263999938965 23.2073993682861
213 0 0 1.0113400220871 23.2751998901367
214 0 0 1.01004004478455 23.3430995941162
215 0 0 1.00873994827271 23.4109992980957
216 0 0 1.00744998455048 23.4789009094238
217 0 0 1.00616002082825 23.5468997955322
218 0 0 1.00487005710602 23.6149005889893
219 0 0 1.00358998775482 23.6830005645752
220 0 0 1.00231003761292 23.75119972229
221 0 0 1.00102996826172 23.8194007873535
222 0 0 0.999755024909973 23.8875999450684
223 0 0 0.998485028743744 23.9559001922607
224 0 0 0.997219026088715 24.024299621582
225 0 0 0.995957016944885 24.0925998687744
226 0 0 0.994699001312256 24.1611003875732
227 0 0 0.99344402551651 24.2296009063721
228 0 0 0.992195010185242 24.2980995178223
229 0 0 0.990948975086212 24.36669921875
230 0 0 0.989708006381989 24.4354000091553
231 0 0 0.98847097158432 24.503999710083
232 0 0 0.987239003181458 24.5727996826172
233 0 0 0.986011981964111 24.6415996551514
234 0 0 0.984790027141571 24.7103996276855
235 0 0 0.983572006225586 24.7793006896973
236 0 0 0.982358992099762 24.8481998443604
237 0 0 0.98115199804306 24.917200088501
238 0 0 0.97995001077652 24.9862003326416
239 0 0 0.978752017021179 25.0552997589111
240 0 0 0.977559983730316 25.1243991851807
241 0 0 0.976373970508575 25.1935997009277
242 0 0 0.975193023681641 25.2628002166748
243 0 0 0.974017024040222 25.3320999145508
244 0 0 0.972846984863281 25.4013996124268
245 0 0 0.971683025360107 25.4708003997803
246 0 0 0.970525026321411 25.5401992797852
247 0 0 0.969371974468231 25.6096992492676
248 0 0 0.968225002288818 25.67919921875
249 0 0 0.967083990573883 25.7486991882324
250 7 4 0.96594899892807 25.8183994293213
251 0 0 0.964820027351379 25.8880004882813
252 0 0 0.963697016239166 25.9577007293701
253 0 0 0.962580978870392 26.0275001525879
254 0 0 0.961470007896423 26.0972995758057
255 0 0 0.960366010665894 26.1671009063721
256 0 0 0.959267973899841 26.2369995117188
257 0 0 0.958176970481873 26.306999206543
258 0 0 0.957091987133026 26.3770008087158
259 0 0 0.956013977527618 26.44700050354
260 0 0 0.954941987991333 26.5170993804932
261 0 0 0.95387601852417 26.5872993469238
262 0 0 0.952817022800446 26.6574993133545
263 0 0 0.95176500082016 26.7276992797852
264 0 0 0.950720012187958 26.7980003356934
265 0 0 0.949680984020233 26.8682994842529
266 0 0 0.948650002479553 26.93869972229
267 0 0 0.947624981403351 27.0091991424561
268 0 0 0.946605980396271 27.0797004699707
269 0 0 0.945595026016235 27.1501998901367
270 0 0 0.944590985774994 27.2208003997803
271 0 0 0.943593978881836 27.2914009094238
272 0 0 0.9426029920578 27.3621006011963
273 0 0 0.941619992256165 27.4328994750977
274 0 0 0.940644025802612 27.5037002563477
275 0 0 0.939674973487854 27.574499130249
276 0 0 0.938713014125824 27.6453990936279
277 0 0 0.937758028507233 27.7162990570068
278 0 0 0.936810970306396 27.7873001098633
279 0 0 0.935869991779327 27.8584003448486
280 0 0 0.934937000274658 27.929500579834
281 0 0 0.934010982513428 28.0006008148193
282 0 0 0.933093011379242 28.0718002319336
283 0 0 0.932182013988495 28.1431007385254
284 0 0 0.931277990341187 28.2143993377686
285 0 0 0.930381000041962 28.2858009338379
286 0 0 0.929491996765137 28.3572006225586
287 0 0 0.928610980510712 28.4286003112793
288 0 0 0.927735984325409 28.5002002716064
289 0 0 0.926868975162506 28.5716991424561
290 0 0 0.926010012626648 28.6434001922607
291 0 0 0.925158023834229 28.7150001525879
292 0 0 0.924314022064209 28.7868003845215
293 0 0 0.923476994037628 28.8586006164551
294 0 0 0.922646999359131 28.9304008483887
295 0 0 0.921824991703033 29.0023002624512
296 0 0 0.921010971069336 29.0741996765137
297 0 0 0.920203983783722 29.1462993621826
298 0 0 0.919404983520508 29.2182998657227
299 0 0 0.918613016605377 29.2903995513916
300 8 4 0.917828977108002 29.3626003265381
301 0 0 0.917052984237671 29.4347991943359
302 0 0 0.916284024715424 29.5070991516113
303 0 0 0.915522992610931 29.5795001983643
304 0 0 0.914770007133484 29.6518993377686
305 0 0 0.914023995399475 29.7243003845215
306 0 0 0.913285970687866 29.7968006134033
307 0 0 0.912554979324341 29.8694000244141
308 0 0 0.911831974983215 29.9421005249023
309 0 0 0.911117017269135 30.0146999359131
310 0 0 0.910408973693848 30.0874996185303
311 0 0 0.909708976745605 30.1602993011475
312 0 0 0.909017026424408 30.2332000732422
313 0 0 0.908333003520966 30.3061008453369
314 0 0 0.907656013965607 30.3791007995605
315 0 0 0.906987011432648 30.4521007537842
316 0 0 0.906325995922089 30.5251998901367
317 0 0 0.905672013759613 30.5984001159668
318 0 0 0.905026018619537 30.6716003417969
319 0 0 0.904388010501862 30.7448997497559
320 0 0 0.903756976127625 30.8183002471924
321 0 0 0.903133988380432 30.8917007446289
322 0 0 0.90251898765564 30.9652004241943
323 0 0 0.901911973953247 31.0387001037598
324 0 0 0.901311993598938 31.1123008728027
325 0 0 0.900720000267029 31.1860008239746
326 0 0 0.90013599395752 31.2597007751465
327 0 0 0.89955997467041 31.3334999084473
328 0 0 0.898990988731384 31.4073009490967
329 0 0 0.898429989814758 31.4813003540039
330 0 0 0.897876024246216 31.5552005767822
331 0 0 0.89733099937439 31.6292991638184
332 0 0 0.896793007850647 31.7033996582031
333 0 0 0.896263003349304 31.7775993347168
334 0 0 0.8957399725914 31.8518009185791
335 0 0 0.895224988460541 31.9260997772217
336 0 0 0.894717991352081 32.0004997253418
337 0 0 0.894218981266022 32.0750007629395
338 0 0 0.893727004528046 32.1495018005371
339 0 0 0.893243014812469 32.2239990234375
340 0 0 0.892767012119293 32.298698425293
341 0 0 0.892297983169556 32.3734016418457
342 0 0 0.891837000846863 32.4482002258301
343 0 0 0.89138400554657 32.5229988098145
344 0 0 0.890938997268677 32.597900390625
345 0 0 0.890501022338867 32.6729011535645
346 0 0 0.890070021152496 32.7480010986328
347 0 0 0.889648020267487 32.8231010437012
348 0 0 0.889232993125916 32.8983001708984
349 0 0 0.888826012611389 32.9735984802246
350 9 4 0.888426005840302 33.048900604248
351 0 0 0.888033986091614 33.1242980957031
352 0 0 0.887650012969971 33.1997985839844
353 0 0 0.887273013591766 33.2752990722656
354 0 0 0.886904001235962 33.351001739502
355 0 0 0.886542975902557 33.4266014099121
356 0 0 0.886188983917236 33.5023994445801
357 0 0 0.885842978954315 33.5782012939453
358 0 0 0.885504007339478 33.6542015075684
359 0 0 0.88517302274704 33.7300987243652
360 0 0 0.884850025177002 33.8061981201172
361 0 0 0.884534001350403 33.8823013305664
362 0 0 0.884225010871887 33.9584999084473
363 0 0 0.883925020694733 34.0348014831543
364 0 0 0.883632004261017 34.1110992431641
365 0 0 0.883346021175385 34.1875991821289
366 0 0 0.883068025112152 34.2640991210938
367 0 0 0.88279801607132 34.3405990600586
368 0 0 0.882534980773926 34.4173011779785
369 0 0 0.882278978824615 34.4939994812012
370 0 0 0.88203102350235 34.57080078125
371 0 0 0.881790995597839 34.6477012634277
372 0 0 0.881558001041412 34.7246017456055
373 0 0 0.881332993507385 34.801700592041
374 0 0 0.881115019321442 34.8787994384766
375 0 0 0.880904018878937 34.9560012817383
376 0 0 0.880702018737793 35.0331993103027
377 0 0 0.880505979061127 35.1105995178223
378 0 0 0.880317986011505 35.1879997253418
379 0 0 0.880137979984283 35.2654991149902
380 0 0 0.879963994026184 35.3429985046387
381 0 0 0.879799008369446 35.4207000732422
382 0 0 0.879640996456146 35.4984016418457
383 0 0 0.87949001789093 35.5761985778809
384 0 0 0.879346013069153 35.6540985107422
385 0 0 0.879209995269775 35.7321014404297
386 0 0 0.879082024097443 35.8101005554199
387 0 0 0.878961026668549 35.8881988525391
388 0 0 0.878847002983093 35.9664001464844
389 0 0 0.878740012645721 36.0447006225586
390 0 0 0.87864100933075 36.1231002807617
391 0 0 0.878549993038177 36.2014999389648
392 0 0 0.878464996814728 36.2799987792969
393 0 0 0.878387987613678 36.358699798584
394 0 0 0.878319025039673 36.4373016357422
395 0 0 0.878256022930145 36.5161018371582
396 0 0 0.878201007843018 36.5950012207031
397 0 0 0.878153026103973 36.673900604248
398 0 0 0.878112971782684 36.7528991699219
399 0 0 0.878080010414124 36.8320007324219
400 10 4 0.878054022789001 36.9112014770508
401 0 0 0.878035008907318 36.9903984069824
402 0 0 0.878023982048035 37.0696983337402
403 0 0 0.878019988536835 37.1492004394531
404 11 2 0.878019988536835 37.154598236084
-405 0 0 0.878023028373718 37.2341995239258
-406 0 0 0.878033995628357 37.3137016296387
-407 0 0 0.878051996231079 37.3933982849121
-408 0 0 0.87807697057724 37.473201751709
-409 0 0 0.878109991550446 37.5530014038086
-410 0 0 0.87814998626709 37.6329002380371
-411 0 0 0.878197014331818 37.7128982543945
-412 0 0 0.878251016139984 37.7929992675781
-413 0 0 0.878311991691589 37.8731994628906
-414 0 0 0.878380000591278 37.953498840332
-415 0 0 0.878455996513367 38.0337982177734
-416 0 0 0.878538012504578 38.114200592041
-417 0 0 0.878628015518188 38.1946983337402
-418 0 0 0.878724992275238 38.2752990722656
-419 0 0 0.878829002380371 38.3559989929199
-420 0 0 0.878939986228943 38.4366989135742
-421 0 0 0.879059016704559 38.5176010131836
-422 0 0 0.879184007644653 38.5984992980957
-423 0 0 0.879315972328186 38.679500579834
-424 0 0 0.879455983638763 38.7606010437012
-425 0 0 0.879602015018463 38.8418006896973
-426 0 0 0.879755973815918 38.9230003356934
-427 0 0 0.879917025566101 39.0043983459473
-428 0 0 0.880083978176117 39.0858001708984
-429 0 0 0.880258977413177 39.1673011779785
-430 0 0 0.880441009998322 39.2489013671875
-431 0 0 0.880629003047943 39.3306007385254
-432 0 0 0.880824983119965 39.4123992919922
-433 0 0 0.88102799654007 39.4942016601563
-434 0 0 0.881236970424652 39.5761985778809
-435 0 0 0.881453990936279 39.6581993103027
-436 0 0 0.881676971912384 39.7402992248535
-437 0 0 0.881907999515533 39.8224983215332
-438 0 0 0.88214498758316 39.9048004150391
-439 0 0 0.882389008998871 39.9870986938477
-440 0 0 0.882641017436981 40.0695991516113
-441 0 0 0.882898986339569 40.152099609375
-442 0 0 0.88316398859024 40.2346992492676
-443 0 0 0.883436024188995 40.3174018859863
-444 0 0 0.883714020252228 40.4001998901367
-445 0 0 0.88400000333786 40.4830017089844
-446 0 0 0.884292006492615 40.5660018920898
-447 0 0 0.884591996669769 40.648998260498
-448 0 0 0.884898006916046 40.7321014404297
-449 0 0 0.885210990905762 40.815299987793
-450 12 4 0.8855299949646 40.8986015319824
-451 0 0 0.885856986045837 40.9819984436035
-452 0 0 0.886189997196198 41.0653991699219
-453 0 0 0.886529982089996 41.148998260498
-454 0 0 0.886877000331879 41.2326011657715
-455 0 0 0.8872309923172 41.3162994384766
-456 0 0 0.887591004371643 41.4001007080078
-457 0 0 0.887957990169525 41.484001159668
-458 0 0 0.888332009315491 41.5679016113281
-459 0 0 0.888711988925934 41.6520004272461
-460 0 0 0.88909900188446 41.7360992431641
-461 0 0 0.889492988586426 41.8203010559082
-462 0 0 0.889894008636475 41.904598236084
-463 0 0 0.890300989151001 41.988899230957
-464 0 0 0.890715003013611 42.0733985900879
-465 0 0 0.891135990619659 42.157901763916
-466 0 0 0.89156299829483 42.2425003051758
-467 0 0 0.891996026039124 42.3272018432617
-468 0 0 0.892436981201172 42.4119987487793
-469 0 0 0.892884016036987 42.496898651123
-470 0 0 0.89333701133728 42.5817985534668
-471 0 0 0.893796980381012 42.6669006347656
-472 0 0 0.894263982772827 42.7519989013672
-473 0 0 0.894737005233765 42.837100982666
-474 0 0 0.895217001438141 42.9224014282227
-475 0 0 0.895703017711639 43.0078010559082
-476 0 0 0.896196007728577 43.0932006835938
-477 0 0 0.896695971488953 43.1786994934082
-478 0 0 0.897201001644135 43.2643013000488
-479 0 0 0.897714018821716 43.3499984741211
-480 0 0 0.898232996463776 43.4356994628906
-481 0 0 0.898757994174957 43.521598815918
-482 0 0 0.899290025234222 43.6074981689453
-483 0 0 0.899828016757965 43.6935005187988
-484 0 0 0.90037202835083 43.7794990539551
-485 0 0 0.900923013687134 43.8656997680664
-486 0 0 0.901480972766876 43.9519004821777
-487 0 0 0.902043998241425 44.038200378418
-488 0 0 0.902613997459412 44.1245994567871
-489 0 0 0.903190970420837 44.2111015319824
-490 0 0 0.90377402305603 44.2975997924805
-491 0 0 0.904362976551056 44.3842010498047
-492 0 0 0.904958009719849 44.4709014892578
-493 0 0 0.90556001663208 44.5577011108398
-494 0 0 0.906167984008789 44.6445999145508
-495 0 0 0.906782984733582 44.7314987182617
-496 0 0 0.907402992248535 44.8185005187988
-497 0 0 0.908029973506927 44.9056015014648
-498 0 0 0.908663988113403 44.9928016662598
-499 0 0 0.90930300951004 45.0800018310547
-500 13 4 0.909949004650116 45.1673011779785
-501 0 0 0.910601019859314 45.2546997070313
-502 0 0 0.91125899553299 45.342098236084
-503 0 0 0.911922991275787 45.4296989440918
-504 0 0 0.912593007087708 45.5172996520996
-505 0 0 0.913269996643066 45.6049995422363
-506 0 0 0.913953006267548 45.692699432373
-507 0 0 0.914641976356506 45.7806015014648
-508 0 0 0.915337026119232 45.8684997558594
-509 0 0 0.916037976741791 45.9564018249512
-510 0 0 0.916745007038116 46.0444984436035
-511 0 0 0.91745799779892 46.1325988769531
-512 0 0 0.918178021907806 46.2207984924316
-513 0 0 0.918902993202209 46.3091011047363
-514 0 0 0.919634997844696 46.3973999023438
-515 0 0 0.920372009277344 46.4858016967773
-516 0 0 0.92111599445343 46.5742988586426
-517 0 0 0.921864986419678 46.662899017334
-518 0 0 0.922621011734009 46.7514991760254
-519 0 0 0.923382997512817 46.8401985168457
-520 0 0 0.924149990081787 46.9290008544922
-521 0 0 0.92492401599884 47.0177993774414
-522 0 0 0.92570298910141 47.1067008972168
-523 0 0 0.926487982273102 47.1957015991211
-524 0 0 0.927280008792877 47.2846984863281
-525 0 0 0.928076982498169 47.3737983703613
-526 0 0 0.928879976272583 47.4630012512207
-527 0 0 0.929688990116119 47.5522003173828
-528 0 0 0.930503010749817 47.6416015625
-529 0 0 0.931324005126953 47.730899810791
-530 0 0 0.932151019573212 47.8204002380371
-531 0 0 0.932982981204987 47.9099006652832
-532 0 0 0.933821022510529 47.9995002746582
-533 0 0 0.934665024280548 48.0890998840332
-534 0 0 0.935513973236084 48.1787986755371
-535 0 0 0.936370015144348 48.2686004638672
-536 0 0 0.937231004238129 48.3585014343262
-537 0 0 0.938098013401031 48.4483985900879
-538 0 0 0.938970983028412 48.5382995605469
-539 0 0 0.939849019050598 48.6283988952637
-540 0 0 0.940733015537262 48.7184982299805
-541 0 0 0.941622972488403 48.8086013793945
-542 0 0 0.942517995834351 48.8987998962402
-543 0 0 0.943418979644775 48.9891014099121
-544 0 0 0.944325983524323 49.0794982910156
-545 0 0 0.945239007472992 49.1698989868164
-546 0 0 0.946156978607178 49.2603988647461
-547 0 0 0.947080016136169 49.3508987426758
-548 0 0 0.948009014129639 49.4415016174316
-549 0 0 0.948943972587585 49.5321006774902
-550 14 4 0.949883997440338 49.6227989196777
-551 0 0 0.950829982757568 49.7136001586914
-552 0 0 0.951781988143921 49.8044013977051
-553 0 0 0.952739000320435 49.8953018188477
-554 0 0 0.953701019287109 49.9863014221191
-555 0 0 0.954668998718262 50.0773010253906
-556 0 0 0.955641984939575 50.168399810791
-557 0 0 0.956620991230011 50.2594985961914
-558 0 0 0.957606017589569 50.350700378418
-559 0 0 0.958594977855682 50.4418983459473
-560 0 0 0.959590971469879 50.5331993103027
-561 0 0 0.960591018199921 50.6245994567871
-562 0 0 0.96159702539444 50.7159996032715
-563 0 0 0.962608993053436 50.8073997497559
-564 0 0 0.963625013828278 50.8988990783691
-565 0 0 0.964648008346558 50.9905014038086
-566 0 0 0.965674996376038 51.0820999145508
-567 0 0 0.96670800447464 51.1738014221191
-568 0 0 0.967746019363403 51.2655982971191
-569 0 0 0.968788981437683 51.3573989868164
-570 0 0 0.96983802318573 51.4491996765137
-571 0 0 0.970892012119293 51.5410995483398
-572 0 0 0.971951007843018 51.632999420166
-573 0 0 0.973016023635864 51.7249984741211
-574 0 0 0.974085986614227 51.8171005249023
-575 0 0 0.975161015987396 51.9091987609863
-576 0 0 0.976240992546082 52.0013999938965
-577 0 0 0.977325975894928 52.0936012268066
-578 0 0 0.978416979312897 52.1857986450195
-579 0 0 0.979511976242065 52.2780990600586
-580 0 0 0.980612993240356 52.3704986572266
-581 0 0 0.981719017028809 52.4628982543945
-582 0 0 0.982831001281738 52.5553016662598
-583 0 0 0.983946979045868 52.6478004455566
-584 0 0 0.985068023204803 52.7403984069824
-585 0 0 0.986195027828217 52.8330001831055
-586 0 0 0.98732602596283 52.9255981445313
-587 0 0 0.98846298456192 53.0182991027832
-588 0 0 0.989603996276855 53.1110992431641
-589 0 0 0.990751028060913 53.2038993835449
-590 0 0 0.991903007030487 53.2966995239258
-591 0 0 0.993058979511261 53.3895988464355
-592 0 0 0.994220972061157 53.4824981689453
-593 0 0 0.995387971401215 53.5755004882813
-594 0 0 0.996559977531433 53.6684989929199
-595 0 0 0.997735977172852 53.7616004943848
-596 0 0 0.998917996883392 53.8546981811523
-597 0 0 1.00010001659393 53.9477996826172
-598 0 0 1.00129997730255 54.0410003662109
-599 0 0 1.00249004364014 54.1343002319336
-600 15 4 1.00369000434875 54.2275009155273
-601 0 0 1.0048999786377 54.3208999633789
-602 0 0 1.00610995292664 54.4141998291016
-603 0 0 1.0073299407959 54.5075988769531
-604 0 0 1.00855004787445 54.6011009216309
-605 0 0 1.00977003574371 54.6945991516113
-606 0 0 1.0110000371933 54.7881011962891
-607 0 0 1.01224005222321 54.8816986083984
-608 0 0 1.01347994804382 54.9752998352051
-609 0 0 1.01471996307373 55.0690002441406
-610 0 0 1.01596999168396 55.1627006530762
-611 0 0 1.01723003387451 55.2564010620117
-612 0 0 1.01847994327545 55.3502006530762
-613 0 0 1.01974999904633 55.4440002441406
-614 0 0 1.0210200548172 55.5377998352051
-615 0 0 1.02228999137878 55.6316986083984
-616 0 0 1.02356994152069 55.725700378418
-617 0 0 1.02485001087189 55.8195991516113
-618 0 0 1.02613997459412 55.9136009216309
-619 0 0 1.02743005752563 56.0077018737793
-620 0 0 1.02873003482819 56.1016998291016
-621 0 0 1.03003001213074 56.1958999633789
-622 0 0 1.03132998943329 56.2900009155273
-623 0 0 1.03263998031616 56.3842010498047
-624 0 0 1.03395998477936 56.478401184082
-625 0 0 1.03527998924255 56.5727005004883
-626 0 0 1.03659999370575 56.6669998168945
-627 0 0 1.03793001174927 56.7612991333008
-628 0 0 1.03926002979279 56.8557014465332
-629 0 0 1.04059994220734 56.9500999450684
-630 0 0 1.04193997383118 57.0444984436035
-631 0 0 1.04329001903534 57.1389999389648
-632 0 0 1.04463994503021 57.2335014343262
-633 0 0 1.0460000038147 57.3279991149902
-634 0 0 1.04735994338989 57.4225006103516
-635 0 0 1.04872000217438 57.5171012878418
-636 0 0 1.0500899553299 57.6118011474609
-637 0 0 1.0514600276947 57.7064018249512
-638 0 0 1.05283999443054 57.8011016845703
-639 0 0 1.05421996116638 57.8959007263184
-640 0 0 1.05560994148254 57.9906005859375
-641 0 0 1.057000041008 58.0853996276855
-642 0 0 1.05840003490448 58.1801986694336
-643 0 0 1.05980002880096 58.2751007080078
-644 0 0 1.06120002269745 58.3698997497559
-645 0 0 1.06261003017426 58.4648017883301
-646 0 0 1.06402003765106 58.5597991943359
-647 0 0 1.06544005870819 58.6548004150391
-648 0 0 1.06685996055603 58.749698638916
-649 0 0 1.06828999519348 58.844799041748
-650 16 4 1.06972002983093 58.9398002624512
-651 0 0 1.07114994525909 59.0349006652832
-652 0 0 1.07258999347687 59.1300010681152
-653 0 0 1.07404005527496 59.2252006530762
-654 0 0 1.07547998428345 59.3203010559082
-655 0 0 1.07693994045258 59.4155006408691
-656 0 0 1.07839000225067 59.5107002258301
-657 0 0 1.0798499584198 59.6059989929199
-658 0 0 1.08132004737854 59.701301574707
-659 0 0 1.08278000354767 59.7966003417969
-660 0 0 1.08425998687744 59.8918991088867
-661 0 0 1.08572995662689 59.9872016906738
-662 0 0 1.08721995353699 60.0825996398926
-663 0 0 1.08870005607605 60.1780014038086
-664 0 0 1.09019005298615 60.2733993530273
-665 0 0 1.09168004989624 60.3689002990723
-666 0 0 1.09317994117737 60.4644012451172
-667 0 0 1.09467995166779 60.5598983764648
-668 0 0 1.09618997573853 60.6553993225098
-669 0 0 1.09769999980927 60.7509994506836
-670 0 0 1.09921002388 60.8465003967285
-671 0 0 1.10072994232178 60.9421005249023
-672 0 0 1.10225999355316 61.0377998352051
-673 0 0 1.10378003120422 61.1333999633789
-674 0 0 1.10530996322632 61.2290992736816
-675 0 0 1.10685002803802 61.3247985839844
-676 0 0 1.10838997364044 61.4205017089844
-677 0 0 1.10993003845215 61.5162010192871
-678 0 0 1.11147999763489 61.6119995117188
-679 0 0 1.11302995681763 61.7076988220215
-680 0 0 1.11458003520966 61.8035011291504
-681 0 0 1.11614000797272 61.8993988037109
-682 0 0 1.11769998073578 61.9952011108398
-683 0 0 1.11926996707916 62.0910987854004
-684 0 0 1.12083995342255 62.1870002746582
-685 0 0 1.12241995334625 62.282901763916
-686 0 0 1.12399005889893 62.3787994384766
-687 0 0 1.12557995319366 62.4748001098633
-688 0 0 1.12715995311737 62.5707015991211
-689 0 0 1.1287499666214 62.6666984558105
-690 0 0 1.13034999370575 62.7626991271973
-691 0 0 1.1319500207901 62.8587989807129
-692 0 0 1.13355004787445 62.9547996520996
-693 0 0 1.13515996932983 63.0508995056152
-694 0 0 1.13677000999451 63.1469993591309
-695 0 0 1.13838005065918 63.2430992126465
-696 0 0 1.13999998569489 63.3391990661621
-697 0 0 1.14162003993988 63.4352989196777
-698 0 0 1.14324998855591 63.5315017700195
-699 0 0 1.14488005638123 63.6277008056641
-700 17 4 1.14651000499725 63.7238998413086
-701 0 0 1.1481499671936 63.8200988769531
-702 0 0 1.14979004859924 63.9163017272949
-703 0 0 1.15143001079559 64.0124969482422
-704 0 0 1.15307998657227 64.1088027954102
-705 0 0 1.15472996234894 64.2051010131836
-706 0 0 1.15638995170593 64.301399230957
-707 0 0 1.15804994106293 64.3976974487305
-708 0 0 1.15971004962921 64.4940032958984
-709 0 0 1.16138005256653 64.5904006958008
-710 0 0 1.16305005550385 64.6867980957031
-711 0 0 1.16472995281219 64.7830963134766
-712 0 0 1.16640996932983 64.8795013427734
-713 0 0 1.16808998584747 64.9759979248047
-714 0 0 1.16978001594543 65.0724029541016
-715 0 0 1.1714700460434 65.1688003540039
-716 0 0 1.17315995693207 65.2652969360352
-717 0 0 1.17486000061035 65.3618011474609
-718 0 0 1.17656004428864 65.4582977294922
-719 0 0 1.17825996875763 65.554801940918
-720 0 0 1.17997002601624 65.6512985229492
-721 0 0 1.18168997764587 65.747802734375
-722 0 0 1.18340003490448 65.8443984985352
-723 0 0 1.18511998653412 65.9409027099609
-724 0 0 1.18684995174408 66.0374984741211
-725 0 0 1.18857002258301 66.1341018676758
-726 0 0 1.19029998779297 66.2306976318359
-727 0 0 1.19203996658325 66.3273010253906
-728 0 0 1.19377994537354 66.4238967895508
-729 0 0 1.19552004337311 66.5205993652344
-730 0 0 1.19726002216339 66.6172027587891
-731 0 0 1.199010014534 66.7138977050781
-732 0 0 1.20077002048492 66.8106002807617
-733 0 0 1.20252001285553 66.9073028564453
-734 0 0 1.20428001880646 67.0039978027344
-735 0 0 1.20605003833771 67.100700378418
-736 0 0 1.20781004428864 67.1975021362305
-737 0 0 1.2095799446106 67.2941970825195
-738 0 0 1.21135997772217 67.390998840332
-739 0 0 1.21314001083374 67.4877014160156
-740 0 0 1.21492004394531 67.5845031738281
-741 0 0 1.2166999578476 67.6812973022461
-742 0 0 1.21849000453949 67.7780990600586
-743 0 0 1.22028005123138 67.8749008178711
-744 0 0 1.22207999229431 67.9717025756836
-745 0 0 1.22388005256653 68.068603515625
-746 0 0 1.22567999362946 68.165397644043
-747 0 0 1.22748994827271 68.2622985839844
-748 0 0 1.22930002212524 68.3591995239258
-749 0 0 1.23110997676849 68.4561004638672
-750 18 4 1.23292994499207 68.5529022216797
-751 0 0 1.23475003242493 68.64990234375
-752 0 0 1.2365700006485 68.7468032836914
-753 0 0 1.23839998245239 68.8436965942383
-754 0 0 1.24022996425629 68.9405975341797
-755 0 0 1.2420699596405 69.03759765625
-756 0 0 1.24390995502472 69.1344985961914
-757 0 0 1.24574995040894 69.2314987182617
-758 0 0 1.24758994579315 69.328498840332
-759 0 0 1.24943995475769 69.4253997802734
-760 0 0 1.25128996372223 69.5223999023438
-761 0 0 1.25314998626709 69.6194000244141
-762 0 0 1.25501000881195 69.7164001464844
-763 0 0 1.25687003135681 69.8134994506836
-764 0 0 1.25873994827271 69.9104995727539
-765 0 0 1.26060998439789 70.0074996948242
-766 0 0 1.26248002052307 70.1045989990234
-767 0 0 1.26435995101929 70.2015991210938
-768 0 0 1.26624000072479 70.298698425293
-769 0 0 1.2681200504303 70.3957977294922
-770 0 0 1.27000999450684 70.4928970336914
-771 0 0 1.27190005779266 70.5898971557617
-772 0 0 1.2737900018692 70.6869964599609
-773 0 0 1.27568995952606 70.7842025756836
-774 0 0 1.27759003639221 70.8813018798828
-775 0 0 1.27948999404907 70.978401184082
-776 0 0 1.28139996528625 71.0755004882813
-777 0 0 1.28331005573273 71.1726989746094
-778 0 0 1.28522002696991 71.2697982788086
-779 0 0 1.28714001178741 71.3669967651367
-780 0 0 1.28905999660492 71.4641036987305
-781 0 0 1.29098999500275 71.5613021850586
-782 0 0 1.29290997982025 71.6585006713867
-783 0 0 1.2948499917984 71.7555999755859
-784 0 0 1.29677999019623 71.8527984619141
-785 0 0 1.29872000217438 71.9499969482422
-786 0 0 1.30066001415253 72.0472030639648
-787 0 0 1.30260002613068 72.144401550293
-788 0 0 1.30455005168915 72.24169921875
-789 0 0 1.30649995803833 72.3388977050781
-790 0 0 1.30845999717712 72.4360961914063
-791 0 0 1.31042003631592 72.5333023071289
-792 0 0 1.31237995624542 72.6305999755859
-793 0 0 1.31433999538422 72.7277984619141
-794 0 0 1.31631004810333 72.8251037597656
-795 0 0 1.31827998161316 72.9224014282227
-796 0 0 1.3202600479126 73.0195999145508
-797 0 0 1.32222998142242 73.1168975830078
-798 0 0 1.3242199420929 73.2142028808594
-799 0 0 1.32620000839233 73.3115005493164
-800 19 4 1.32818996906281 73.4087982177734
-801 0 0 1.33018004894257 73.506103515625
-802 0 0 1.33218002319336 73.603401184082
-803 0 0 1.33416998386383 73.7006988525391
-804 0 0 1.33616995811462 73.7979965209961
-805 0 0 1.33817994594574 73.8953018188477
-806 0 0 1.34019005298615 73.9925994873047
-807 0 0 1.34220004081726 74.0899963378906
-808 0 0 1.34421002864838 74.1873016357422
-809 0 0 1.34623003005981 74.2845993041992
-810 0 0 1.34825003147125 74.3820037841797
-811 0 0 1.35028004646301 74.4793014526367
-812 0 0 1.35230994224548 74.5766983032227
-813 0 0 1.35433995723724 74.6740036010742
-814 0 0 1.356369972229 74.7714004516602
-815 0 0 1.35841000080109 74.8687973022461
-816 0 0 1.36045002937317 74.9661026000977
-817 0 0 1.36249995231628 75.0634994506836
-818 0 0 1.36453998088837 75.1608963012695
-819 0 0 1.36659002304077 75.25830078125
-820 0 0 1.36864995956421 75.3556976318359
-821 0 0 1.37071001529694 75.4531021118164
-822 0 0 1.37276995182037 75.5504989624023
-823 0 0 1.3748300075531 75.6479034423828
-824 0 0 1.37689995765686 75.7453002929688
-825 0 0 1.37897002696991 75.8426971435547
-826 0 0 1.38103997707367 75.9401016235352
-827 0 0 1.38311994075775 76.0374984741211
-828 0 0 1.38520002365112 76.1350021362305
-829 0 0 1.38727998733521 76.2323989868164
-830 0 0 1.38936996459961 76.3298034667969
-831 0 0 1.39145994186401 76.4272994995117
-832 0 0 1.39356005191803 76.5246963500977
-833 0 0 1.39565002918243 76.6221008300781
-834 0 0 1.39775002002716 76.719596862793
-835 0 0 1.39986002445221 76.8170013427734
-836 0 0 1.40196001529694 76.9144973754883
-837 0 0 1.40407001972198 77.0119018554688
-838 0 0 1.40619003772736 77.1093978881836
-839 0 0 1.4083000421524 77.206901550293
-840 0 0 1.41041994094849 77.3042984008789
-841 0 0 1.41253995895386 77.4018020629883
-842 0 0 1.41466999053955 77.4992980957031
-843 0 0 1.41680002212524 77.5967025756836
-844 0 0 1.41893005371094 77.6941986083984
-845 0 0 1.42106997966766 77.7917022705078
-846 0 0 1.42321002483368 77.8891983032227
-847 0 0 1.42534995079041 77.986701965332
-848 0 0 1.42748999595642 78.0841979980469
-849 0 0 1.42964005470276 78.1816024780273
-850 20 4 1.43180000782013 78.2790985107422
-851 0 0 1.43394994735718 78.3766021728516
-852 0 0 1.43611001968384 78.4740982055664
-853 0 0 1.43826997280121 78.5716018676758
-854 0 0 1.44044005870819 78.6690979003906
-855 0 0 1.44260001182556 78.7666015625
-856 0 0 1.44476997852325 78.8640975952148
-857 0 0 1.44694995880127 78.9617004394531
-858 0 0 1.44913005828857 79.059196472168
-859 0 0 1.45131003856659 79.1567001342773
-860 0 0 1.4534900188446 79.2542037963867
-861 0 0 1.45568001270294 79.3516998291016
-862 0 0 1.45787000656128 79.4492034912109
-863 0 0 1.46006000041962 79.5467987060547
-864 0 0 1.46226000785828 79.6443023681641
-865 0 0 1.46446001529694 79.7417984008789
-866 0 0 1.46667003631592 79.8393020629883
-867 0 0 1.46887004375458 79.936897277832
-868 0 0 1.47107994556427 80.0344009399414
-869 0 0 1.47329998016357 80.1318969726563
-870 0 0 1.47551000118256 80.2294998168945
-871 0 0 1.47773003578186 80.3270034790039
-872 0 0 1.47994995117188 80.4244995117188
-873 0 0 1.4821799993515 80.522102355957
-874 0 0 1.48441004753113 80.6195983886719
-875 0 0 1.48663997650146 80.7172012329102
-876 0 0 1.48888003826141 80.814697265625
-877 0 0 1.49111998081207 80.9122009277344
-878 0 0 1.49336004257202 81.0098037719727
-879 0 0 1.495609998703 81.1072998046875
-880 0 0 1.49784994125366 81.2049026489258
-881 0 0 1.50011003017426 81.3023986816406
-882 0 0 1.50235998630524 81.4000015258789
-883 0 0 1.50461995601654 81.4974975585938
-884 0 0 1.50688004493713 81.595100402832
-885 0 0 1.50914001464844 81.6925964355469
-886 0 0 1.51140999794006 81.7901992797852
-887 0 0 1.51367998123169 81.8878021240234
-888 0 0 1.51595997810364 81.9852981567383
-889 0 0 1.51823997497559 82.0829010009766
-890 0 0 1.52051997184753 82.1803970336914
-891 0 0 1.52279996871948 82.2779998779297
-892 0 0 1.52508997917175 82.3755035400391
-893 0 0 1.52737998962402 82.4730987548828
-894 0 0 1.52967000007629 82.5707015991211
-895 0 0 1.53197002410889 82.6681976318359
-896 0 0 1.53427004814148 82.7658004760742
-897 0 0 1.53656995296478 82.8632965087891
-898 0 0 1.5388799905777 82.9608993530273
-899 0 0 1.54119002819061 83.0585021972656
-900 21 4 1.54349994659424 83.1559982299805
-901 0 0 1.54581999778748 83.2536010742188
-902 0 0 1.54814004898071 83.3511962890625
-903 0 0 1.55045998096466 83.4486999511719
-904 0 0 1.5527800321579 83.5463027954102
-905 0 0 1.55510997772217 83.6438980102539
-906 0 0 1.55745005607605 83.7414016723633
-907 0 0 1.55978000164032 83.838996887207
-908 0 0 1.56211996078491 83.9365997314453
-909 0 0 1.56446003913879 84.0341033935547
-910 0 0 1.56681001186371 84.1316986083984
-911 0 0 1.5691499710083 84.2292022705078
-912 0 0 1.57150995731354 84.3267974853516
-913 0 0 1.57386004924774 84.4244003295898
-914 0 0 1.57622003555298 84.5218963623047
-915 0 0 1.57858002185822 84.619499206543
-916 0 0 1.58094000816345 84.7171020507813
-917 0 0 1.58331000804901 84.8145980834961
-918 0 0 1.58568000793457 84.9122009277344
-919 0 0 1.58806002140045 85.0098037719727
-920 0 0 1.59043002128601 85.1072998046875
-921 0 0 1.59281003475189 85.2049026489258
-922 0 0 1.59519994258881 85.3024978637695
-923 0 0 1.59757995605469 85.4000015258789
-924 0 0 1.59996998310089 85.4975967407227
-925 0 0 1.60237002372742 85.5951995849609
-926 0 0 1.60476005077362 85.6927032470703
-927 0 0 1.60715997219086 85.7902984619141
-928 0 0 1.60957002639771 85.8878021240234
-929 0 0 1.61196994781494 85.9853973388672
-930 0 0 1.61438000202179 86.0830001831055
-931 0 0 1.61679995059967 86.1804962158203
-932 0 0 1.61921000480652 86.2780990600586
-933 0 0 1.6216299533844 86.375602722168
-934 0 0 1.62405002117157 86.4731979370117
-935 0 0 1.62647998332977 86.5707015991211
-936 0 0 1.62890994548798 86.6682968139648
-937 0 0 1.63134002685547 86.7658996582031
-938 0 0 1.63378000259399 86.8634033203125
-939 0 0 1.6362099647522 86.9609985351563
-940 0 0 1.63865995407104 87.0585021972656
-941 0 0 1.64110004901886 87.1560974121094
-942 0 0 1.64355003833771 87.2536010742188
-943 0 0 1.64600002765656 87.3511962890625
-944 0 0 1.64846003055573 87.4486999511719
-945 0 0 1.65091001987457 87.5463027954102
-946 0 0 1.65337002277374 87.643798828125
-947 0 0 1.65584003925323 87.7414016723633
-948 0 0 1.65831005573273 87.8388977050781
-949 0 0 1.66077995300293 87.9365005493164
-950 22 4 1.66324996948242 88.0339965820313
-951 0 0 1.66572999954224 88.1315002441406
-952 0 0 1.66821002960205 88.2291030883789
-953 0 0 1.6706999540329 88.3265991210938
-954 0 0 1.67317998409271 88.424201965332
-955 0 0 1.67567002773285 88.5216979980469
-956 0 0 1.67816996574402 88.6192016601563
-957 0 0 1.68066000938416 88.716796875
-958 0 0 1.68315994739532 88.8143005371094
-959 0 0 1.68567001819611 88.9117965698242
-960 0 0 1.6881799697876 89.0093994140625
-961 0 0 1.69069004058838 89.1069030761719
-962 0 0 1.69319999217987 89.2043991088867
-963 0 0 1.69571995735168 89.3019027709961
-964 0 0 1.69824004173279 89.3994979858398
-965 0 0 1.7007600069046 89.4970016479492
-966 0 0 1.70328998565674 89.5944976806641
-967 0 0 1.70581996440887 89.6920013427734
-968 0 0 1.70834994316101 89.7894973754883
-969 0 0 1.71089005470276 89.8871002197266
-970 0 0 1.71343004703522 89.9845962524414
-971 0 0 1.71597003936768 90.0820999145508
-972 0 0 1.71851003170013 90.1796035766602
-973 0 0 1.72106003761292 90.277099609375
-974 0 0 1.72362005710602 90.3746032714844
-975 0 0 1.72616994380951 90.4720993041992
-976 0 0 1.72872996330261 90.5696029663086
-977 0 0 1.73129999637604 90.6670989990234
-978 0 0 1.73386001586914 90.7646026611328
-979 0 0 1.73643004894257 90.8620986938477
-980 0 0 1.7389999628067 90.959602355957
-981 0 0 1.74158000946045 91.0570983886719
-982 0 0 1.7441600561142 91.1546020507813
-983 0 0 1.74673998355865 91.2520980834961
-984 0 0 1.74933004379272 91.3496017456055
-985 0 0 1.7519199848175 91.4470977783203
-986 0 0 1.75451004505157 91.5446014404297
-987 0 0 1.75710999965668 91.6419982910156
-988 0 0 1.75970995426178 91.739501953125
-989 0 0 1.76231002807617 91.8369979858398
-990 0 0 1.76490998268127 91.9345016479492
-991 0 0 1.7675199508667 92.0319976806641
-992 0 0 1.77014005184174 92.1294021606445
-993 0 0 1.77275002002716 92.2268981933594
-994 0 0 1.77537000179291 92.3244018554688
-995 0 0 1.77798998355865 92.4217987060547
-996 0 0 1.78061997890472 92.5193023681641
-997 0 0 1.78324997425079 92.6167984008789
-998 0 0 1.78587996959686 92.7142028808594
-999 0 0 1.78851997852325 92.8116989135742
-1000 23 9 1.79115998744965 92.9091033935547
