-1000 43 9 -5.32326984405518 -15.1183996200562
-999 0 0 -5.31788015365601 -15.1163997650146
-998 0 0 -5.31248998641968 -15.1143999099731
-997 0 0 -5.30709981918335 -15.1124000549316
-996 0 0 -5.30171012878418 -15.1104001998901
-995 0 0 -5.29631996154785 -15.1084995269775
-994 0 0 -5.29092979431152 -15.106499671936
-993 0 0 -5.28553009033203 -15.1044998168945
-992 0 0 -5.2801399230957 -15.1023998260498
-991 0 0 -5.27475023269653 -15.1003999710083
-990 0 0 -5.26935005187988 -15.0984001159668
-989 0 0 -5.26394987106323 -15.0964002609253
-988 0 0 -5.25856018066406 -15.0944004058838
-987 0 0 -5.25315999984741 -15.0923004150391
-986 0 0 -5.24775981903076 -15.0902996063232
-985 0 0 -5.24236011505127 -15.0882997512817
-984 0 0 -5.23695993423462 -15.086199760437
-983 0 0 -5.23156023025513 -15.0841999053955
-982 0 0 -5.22616004943848 -15.0820999145508
-981 0 0 -5.2207498550415 -15.0801000595093
-980 0 0 -5.21535015106201 -15.0780000686646
-979 0 0 -5.20994997024536 -15.0759000778198
-978 0 0 -5.20453977584839 -15.0739002227783
-977 0 0 -5.1991400718689 -15.0718002319336
-976 0 0 -5.19372987747192 -15.0697002410889
-975 0 0 -5.18832015991211 -15.0676002502441
-974 0 0 -5.18290996551514 -15.0655002593994
-973 0 0 -5.17750978469849 -15.0634002685547
-972 0 0 -5.17210006713867 -15.06130027771
-971 0 0 -5.1666898727417 -15.0592002868652
-970 0 0 -5.16127014160156 -15.0571002960205
-969 0 0 -5.15585994720459 -15.0550003051758
-968 0 0 -5.15045022964478 -15.0529003143311
-967 0 0 -5.1450400352478 -15.0508003234863
-966 0 0 -5.13961982727051 -15.0486001968384
-965 0 0 -5.13421010971069 -15.0465002059937
-964 0 0 -5.1287899017334 -15.0444002151489
-963 0 0 -5.12337017059326 -15.042200088501
-962 0 0 -5.11795997619629 -15.0401000976563
-961 0 0 -5.11253976821899 -15.0378999710083
-960 0 0 -5.10712003707886 -15.0357999801636
-959 0 0 -5.10169982910156 -15.0335998535156
-958 0 0 -5.09628009796143 -15.0313997268677
-957 0 0 -5.09085988998413 -15.0291996002197
-956 0 0 -5.08543014526367 -15.027099609375
-955 0 0 -5.08000993728638 -15.0249004364014
-954 0 0 -5.07459020614624 -15.0227003097534
-953 0 0 -5.06915998458862 -15.0205001831055
-952 0 0 -5.06373977661133 -15.0183000564575
-951 0 0 -5.05831003189087 -15.0160999298096
-950 42 4 -5.05287981033325 -15.0138998031616
-949 0 0 -5.04745006561279 -15.0116996765137
-948 0 0 -5.04201984405518 -15.0094003677368
-947 0 0 -5.03659009933472 -15.0072002410889
-946 0 0 -5.0311598777771 -15.0050001144409
-945 0 0 -5.02573013305664 -15.0026998519897
-944 0 0 -5.02029991149902 -15.0004997253418
-943 0 0 -5.01487016677856 -14.9982995986938
-942 0 0 -5.00942993164063 -14.996000289917
-941 0 0 -5.00400018692017 -14.9937000274658
-940 0 0 -4.99855995178223 -14.9914999008179
-939 0 0 -4.99313020706177 -14.9891996383667
-938 0 0 -4.98768997192383 -14.9869003295898
-937 0 0 -4.98225021362305 -14.9847002029419
-936 0 0 -4.97680997848511 -14.9823999404907
-935 0 0 -4.97137022018433 -14.9800996780396
-934 0 0 -4.96592998504639 -14.9778003692627
-933 0 0 -4.96049022674561 -14.9755001068115
-932 0 0 -4.95504999160767 -14.9731998443604
-931 0 0 -4.94961023330688 -14.9708995819092
-930 0 0 -4.94415998458862 -14.9686002731323
-929 0 0 -4.93872022628784 -14.9661998748779
-928 0 0 -4.9332799911499 -14.9638996124268
-927 0 0 -4.9278302192688 -14.9616003036499
-926 0 0 -4.92237997055054 -14.9591999053955
-925 0 0 -4.91693019866943 -14.9568996429443
-924 0 0 -4.91148996353149 -14.9545001983643
-923 0 0 -4.90604019165039 -14.9521999359131
-922 0 0 -4.90058994293213 -14.9497995376587
-921 0 0 -4.89514017105103 -14.9474000930786
-920 0 0 -4.88967990875244 -14.9450998306274
-919 0 0 -4.88423013687134 -14.9427003860474
-918 0 0 -4.87877988815308 -14.940299987793
-917 0 0 -4.87332010269165 -14.9378995895386
-916 0 0 -4.86786985397339 -14.9355001449585
-915 0 0 -4.86241006851196 -14.9330997467041
-914 0 0 -4.85694980621338 -14.930700302124
-913 0 0 -4.85150003433228 -14.9282999038696
-912 0 0 -4.84603977203369 -14.9259004592896
-911 0 0 -4.84057998657227 -14.9233999252319
-910 0 0 -4.83512020111084 -14.9209995269775
-909 0 0 -4.82965993881226 -14.9184999465942
-908 0 0 -4.82419013977051 -14.9160995483398
-907 0 0 -4.81872987747192 -14.9137001037598
-906 0 0 -4.8132700920105 -14.9111995697021
-905 0 0 -4.80779981613159 -14.9086999893188
-904 0 0 -4.80234003067017 -14.9062995910645
-903 0 0 -4.79687023162842 -14.9038000106812
-902 0 0 -4.79140996932983 -14.9013004302979
-901 0 0 -4.78594017028809 -14.8987998962402
-900 41 4 -4.78046989440918 -14.8963003158569
-899 0 0 -4.77500009536743 -14.8937997817993
-898 0 0 -4.76952981948853 -14.891300201416
-897 0 0 -4.76406002044678 -14.8887996673584
-896 0 0 -4.75858020782471 -14.8863000869751
-895 0 0 -4.7531099319458 -14.8837003707886
-894 0 0 -4.74764013290405 -14.881199836731
-893 0 0 -4.74215984344482 -14.8787002563477
-892 0 0 -4.73669004440308 -14.8760995864868
-891 0 0 -4.73121023178101 -14.8736000061035
-890 0 0 -4.72572994232178 -14.871000289917
-889 0 0 -4.72025012969971 -14.8683996200562
-888 0 0 -4.7147798538208 -14.8659000396729
-887 0 0 -4.70930004119873 -14.8633003234863
-886 0 0 -4.70381021499634 -14.8606996536255
-885 0 0 -4.69832992553711 -14.858099937439
-884 0 0 -4.69285011291504 -14.8555002212524
-883 0 0 -4.68736982345581 -14.8528995513916
-882 0 0 -4.68187999725342 -14.8502998352051
-881 0 0 -4.67640018463135 -14.8477001190186
-880 0 0 -4.6709098815918 -14.845100402832
-879 0 0 -4.6654200553894 -14.842399597168
-878 0 0 -4.65993976593018 -14.8397998809814
-877 0 0 -4.65444993972778 -14.8372001647949
-876 0 0 -4.64896011352539 -14.8345003128052
-875 0 0 -4.64346981048584 -14.8318004608154
-874 0 0 -4.63797998428345 -14.8291997909546
-873 0 0 -4.63248014450073 -14.8264999389648
-872 0 0 -4.62698984146118 -14.8238000869751
-871 0 0 -4.62150001525879 -14.8211002349854
-870 0 0 -4.61600017547607 -14.8184003829956
-869 0 0 -4.61050987243652 -14.8156995773315
-868 0 0 -4.60501003265381 -14.8129997253418
-867 0 0 -4.59951019287109 -14.8102998733521
-866 0 0 -4.59400987625122 -14.8076000213623
-865 0 0 -4.58851003646851 -14.8049001693726
-864 0 0 -4.58301019668579 -14.8021001815796
-863 0 0 -4.57750988006592 -14.7994003295898
-862 0 0 -4.5720100402832 -14.7966003417969
-861 0 0 -4.56651020050049 -14.7938995361328
-860 0 0 -4.56099987030029 -14.7910995483398
-859 0 0 -4.55550003051758 -14.7882995605469
-858 0 0 -4.54999017715454 -14.7855997085571
-857 0 0 -4.54448986053467 -14.7827997207642
-856 0 0 -4.53898000717163 -14.7799997329712
-855 0 0 -4.53347015380859 -14.7771997451782
-854 0 0 -4.5279598236084 -14.7743997573853
-853 0 0 -4.52244997024536 -14.7715997695923
-852 0 0 -4.51694011688232 -14.7686996459961
-851 0 0 -4.51142978668213 -14.7658996582031
-850 40 4 -4.50591993331909 -14.7630996704102
-849 0 0 -4.50040006637573 -14.760199546814
-848 0 0 -4.4948902130127 -14.757399559021
-847 0 0 -4.48936986923218 -14.7545003890991
-846 0 0 -4.48385000228882 -14.7516002655029
-845 0 0 -4.47834014892578 -14.74880027771
-844 0 0 -4.47281980514526 -14.7459001541138
-843 0 0 -4.4672999382019 -14.7430000305176
-842 0 0 -4.46178007125854 -14.7400999069214
-841 0 0 -4.45626020431519 -14.7371997833252
-840 0 0 -4.45073986053467 -14.734299659729
-839 0 0 -4.44520998001099 -14.7313003540039
-838 0 0 -4.43969011306763 -14.7284002304077
-837 0 0 -4.43416023254395 -14.7255001068115
-836 0 0 -4.42863988876343 -14.7224998474121
-835 0 0 -4.42311000823975 -14.7194995880127
-834 0 0 -4.41758012771606 -14.7166004180908
-833 0 0 -4.41205978393555 -14.7136001586914
-832 0 0 -4.40652990341187 -14.710599899292
-831 0 0 -4.40100002288818 -14.7075996398926
-830 0 0 -4.39546012878418 -14.7046003341675
-829 0 0 -4.38992977142334 -14.7016000747681
-828 0 0 -4.38439989089966 -14.6985998153687
-827 0 0 -4.37885999679565 -14.6955995559692
-826 0 0 -4.37333011627197 -14.6926002502441
-825 0 0 -4.36779022216797 -14.6894998550415
-824 0 0 -4.36225986480713 -14.6864995956421
-823 0 0 -4.35671997070313 -14.6834001541138
-822 0 0 -4.35118007659912 -14.6803998947144
-821 0 0 -4.34564018249512 -14.677300453186
-820 0 0 -4.34009981155396 -14.6742000579834
-819 0 0 -4.33455991744995 -14.6710996627808
-818 0 0 -4.32901000976563 -14.6680002212524
-817 0 0 -4.32347011566162 -14.6648998260498
-816 0 0 -4.31792020797729 -14.6618003845215
-815 0 0 -4.31237983703613 -14.6586999893188
-814 0 0 -4.30682992935181 -14.6555995941162
-813 0 0 -4.30128002166748 -14.6524000167847
-812 0 0 -4.29574012756348 -14.649299621582
-811 0 0 -4.29019021987915 -14.6461000442505
-810 0 0 -4.28463983535767 -14.6429004669189
-809 0 0 -4.27907991409302 -14.6398000717163
-808 0 0 -4.27353000640869 -14.6365995407104
-807 0 0 -4.26798009872437 -14.6333999633789
-806 0 0 -4.26242017745972 -14.6302003860474
-805 0 0 -4.25686979293823 -14.6269998550415
-804 0 0 -4.25130987167358 -14.6237001419067
-803 0 0 -4.24574995040894 -14.6204996109009
-802 0 0 -4.24020004272461 -14.6173000335693
-801 0 0 -4.23464012145996 -14.6140003204346
-800 39 4 -4.22908020019531 -14.6106996536255
-799 0 0 -4.22350978851318 -14.6075000762939
-798 0 0 -4.21794986724854 -14.6042003631592
-797 0 0 -4.21238994598389 -14.6008996963501
-796 0 0 -4.20683002471924 -14.5975999832153
-795 0 0 -4.20126008987427 -14.5943002700806
-794 0 0 -4.1956901550293 -14.5909996032715
-793 0 0 -4.19013023376465 -14.5876998901367
-792 0 0 -4.18455982208252 -14.5843000411987
-791 0 0 -4.17898988723755 -14.581000328064
-790 0 0 -4.17341995239258 -14.5775995254517
-789 0 0 -4.16785001754761 -14.5742998123169
-788 0 0 -4.16227006912231 -14.5708999633789
-787 0 0 -4.15670013427734 -14.5675001144409
-786 0 0 -4.15113019943237 -14.5641002655029
-785 0 0 -4.14554977416992 -14.5607004165649
-784 0 0 -4.13997983932495 -14.5572996139526
-783 0 0 -4.13439989089966 -14.5538997650146
-782 0 0 -4.12881994247437 -14.5503997802734
-781 0 0 -4.12323999404907 -14.5469999313354
-780 0 0 -4.11766004562378 -14.5434999465942
-779 0 0 -4.11208009719849 -14.5401000976563
-778 0 0 -4.10650014877319 -14.536600112915
-777 0 0 -4.10091018676758 -14.5331001281738
-776 0 0 -4.09533023834229 -14.5296001434326
-775 0 0 -4.08973979949951 -14.5261001586914
-774 0 0 -4.08415985107422 -14.5226001739502
-773 0 0 -4.0785698890686 -14.519100189209
-772 0 0 -4.07297992706299 -14.5155000686646
-771 0 0 -4.06738996505737 -14.5120000839233
-770 0 0 -4.06180000305176 -14.5083999633789
-769 0 0 -4.05621004104614 -14.5047998428345
-768 0 0 -4.05061006546021 -14.5012998580933
-767 0 0 -4.04502010345459 -14.4976997375488
-766 0 0 -4.03943014144897 -14.4940996170044
-765 0 0 -4.03383016586304 -14.4905004501343
-764 0 0 -4.0282301902771 -14.4868001937866
-763 0 0 -4.02263021469116 -14.4832000732422
-762 0 0 -4.01702976226807 -14.4795999526978
-761 0 0 -4.01142978668213 -14.4758996963501
-760 0 0 -4.00582981109619 -14.4722003936768
-759 0 0 -4.00022983551025 -14.4685001373291
-758 0 0 -3.9946300983429 -14.4649000167847
-757 0 0 -3.98902010917664 -14.461199760437
-756 0 0 -3.98341989517212 -14.4574003219604
-755 0 0 -3.97780990600586 -14.4537000656128
-754 0 0 -3.9721999168396 -14.4499998092651
-753 0 0 -3.96658992767334 -14.4462003707886
-752 0 0 -3.96097993850708 -14.4425001144409
-751 0 0 -3.95536994934082 -14.43869972229
-750 38 4 -3.94975996017456 -14.4349002838135
-749 0 0 -3.9441499710083 -14.4310998916626
-748 0 0 -3.93852996826172 -14.427300453186
-747 0 0 -3.93291997909546 -14.4235000610352
-746 0 0 -3.92729997634888 -14.4196996688843
-745 0 0 -3.92167997360229 -14.4158000946045
-744 0 0 -3.91606998443604 -14.4119997024536
-743 0 0 -3.91044998168945 -14.4081001281738
-742 0 0 -3.90482997894287 -14.4041996002197
-741 0 0 -3.89919996261597 -14.4004001617432
-740 0 0 -3.89357995986938 -14.3964996337891
-739 0 0 -3.8879599571228 -14.3924999237061
-738 0 0 -3.8823299407959 -14.3886003494263
-737 0 0 -3.87669992446899 -14.3846998214722
-736 0 0 -3.87107992172241 -14.3807001113892
-735 0 0 -3.86544990539551 -14.3767995834351
-734 0 0 -3.8598198890686 -14.3727998733521
-733 0 0 -3.85419011116028 -14.368800163269
-732 0 0 -3.84856009483337 -14.364800453186
-731 0 0 -3.84292006492615 -14.3607997894287
-730 0 0 -3.83729004859924 -14.3568000793457
-729 0 0 -3.83165001869202 -14.3527002334595
-728 0 0 -3.82602000236511 -14.3486995697021
-727 0 0 -3.82037997245789 -14.3445997238159
-726 0 0 -3.81473994255066 -14.3404998779297
-725 0 0 -3.80909991264343 -14.3364000320435
-724 0 0 -3.80345988273621 -14.3323001861572
-723 0 0 -3.79782009124756 -14.328200340271
-722 0 0 -3.79217004776001 -14.3240995407104
-721 0 0 -3.78653001785278 -14.319899559021
-720 0 0 -3.78087997436523 -14.3157997131348
-719 0 0 -3.77523994445801 -14.3115997314453
-718 0 0 -3.76958990097046 -14.3073997497559
-717 0 0 -3.76394009590149 -14.3031997680664
-716 0 0 -3.75829005241394 -14.298999786377
-715 0 0 -3.75264000892639 -14.2947998046875
-714 0 0 -3.74697995185852 -14.2904996871948
-713 0 0 -3.74132990837097 -14.2862997055054
-712 0 0 -3.73567008972168 -14.2819995880127
-711 0 0 -3.73002004623413 -14.2777004241943
-710 0 0 -3.72435998916626 -14.2734003067017
-709 0 0 -3.71869993209839 -14.269100189209
-708 0 0 -3.7130401134491 -14.2648000717163
-707 0 0 -3.70738005638123 -14.2604999542236
-706 0 0 -3.70171999931335 -14.2560997009277
-705 0 0 -3.69605994224548 -14.2517004013062
-704 0 0 -3.69039011001587 -14.2473001480103
-703 0 0 -3.68472003936768 -14.2428998947144
-702 0 0 -3.6790599822998 -14.2384996414185
-701 0 0 -3.67338991165161 -14.2341003417969
-700 37 4 -3.667720079422 -14.229700088501
-699 0 0 -3.6620500087738 -14.2251996994019
-698 0 0 -3.65637993812561 -14.2207002639771
-697 0 0 -3.65070009231567 -14.2163000106812
-696 0 0 -3.64503002166748 -14.211799621582
-695 0 0 -3.63934993743896 -14.207200050354
-694 0 0 -3.63368010520935 -14.2026996612549
-693 0 0 -3.62800002098083 -14.1982002258301
-692 0 0 -3.62231993675232 -14.1935997009277
-691 0 0 -3.61664009094238 -14.1890001296997
-690 0 0 -3.61096000671387 -14.1843996047974
-689 0 0 -3.60526990890503 -14.1798000335693
-688 0 0 -3.59959006309509 -14.1752004623413
-687 0 0 -3.59389996528625 -14.1704998016357
-686 0 0 -3.58821988105774 -14.1659002304077
-685 0 0 -3.58253002166748 -14.1611995697021
-684 0 0 -3.57683992385864 -14.1564998626709
-683 0 0 -3.57115006446838 -14.1518001556396
-682 0 0 -3.56545996665955 -14.1471004486084
-681 0 0 -3.55976009368896 -14.1423997879028
-680 0 0 -3.55406999588013 -14.1375999450684
-679 0 0 -3.54836988449097 -14.1328001022339
-678 0 0 -3.54267001152039 -14.1280002593994
-677 0 0 -3.53697991371155 -14.1232004165649
-676 0 0 -3.53128004074097 -14.1183996200562
-675 0 0 -3.52556991577148 -14.1135997772217
-674 0 0 -3.5198700428009 -14.108699798584
-673 0 0 -3.51416993141174 -14.1037998199463
-672 0 0 -3.50846004486084 -14.0989999771118
-671 0 0 -3.50275993347168 -14.0939998626709
-670 0 0 -3.49705004692078 -14.0890998840332
-669 0 0 -3.49133992195129 -14.0841999053955
-668 0 0 -3.48563003540039 -14.0791997909546
-667 0 0 -3.47991991043091 -14.0741996765137
-666 0 0 -3.47421002388 -14.069299697876
-665 0 0 -3.4684898853302 -14.0642004013062
-664 0 0 -3.4627799987793 -14.0592002868652
-663 0 0 -3.45706009864807 -14.0542001724243
-662 0 0 -3.45133996009827 -14.0490999221802
-661 0 0 -3.44562005996704 -14.043999671936
-660 0 0 -3.43989992141724 -14.0389003753662
-659 0 0 -3.43418002128601 -14.0338001251221
-658 0 0 -3.42845010757446 -14.0285997390747
-657 0 0 -3.42272996902466 -14.0235004425049
-656 0 0 -3.41700005531311 -14.0183000564575
-655 0 0 -3.41126990318298 -14.0130996704102
-654 0 0 -3.40553998947144 -14.0079002380371
-653 0 0 -3.39981007575989 -14.0026998519897
-652 0 0 -3.39407992362976 -13.9974002838135
-651 0 0 -3.38835000991821 -13.9920997619629
-650 36 4 -3.38261008262634 -13.9869003295898
-649 0 0 -3.37686991691589 -13.981499671936
-648 0 0 -3.37114000320435 -13.9762001037598
-647 0 0 -3.36540007591248 -13.9708995819092
-646 0 0 -3.35965991020203 -13.9654998779297
-645 0 0 -3.35390996932983 -13.9601001739502
-644 0 0 -3.34817004203796 -13.9547004699707
-643 0 0 -3.34243011474609 -13.9492998123169
-642 0 0 -3.33667993545532 -13.9437999725342
-641 0 0 -3.33092999458313 -13.9383001327515
-640 0 0 -3.32518005371094 -13.9328002929688
-639 0 0 -3.31943011283875 -13.927300453186
-638 0 0 -3.31367993354797 -13.921799659729
-637 0 0 -3.30792999267578 -13.9162998199463
-636 0 0 -3.30217003822327 -13.9106998443604
-635 0 0 -3.29641008377075 -13.9050998687744
-634 0 0 -3.29065990447998 -13.8994998931885
-633 0 0 -3.28489995002747 -13.8937997817993
-632 0 0 -3.27912998199463 -13.8881998062134
-631 0 0 -3.27337002754211 -13.8824996948242
-630 0 0 -3.2676100730896 -13.8767995834351
-629 0 0 -3.26184010505676 -13.8711004257202
-628 0 0 -3.25606989860535 -13.8653001785278
-627 0 0 -3.25030994415283 -13.8596000671387
-626 0 0 -3.24453997612 -13.8537998199463
-625 0 0 -3.23875999450684 -13.8479995727539
-624 0 0 -3.232990026474 -13.8421001434326
-623 0 0 -3.22722005844116 -13.8362998962402
-622 0 0 -3.221440076828 -13.8304004669189
-621 0 0 -3.21566009521484 -13.8245000839233
-620 0 0 -3.20988011360168 -13.8185997009277
-619 0 0 -3.20409989356995 -13.8126001358032
-618 0 0 -3.19831991195679 -13.8065996170044
-617 0 0 -3.19252991676331 -13.8006000518799
-616 0 0 -3.18674993515015 -13.7945995330811
-615 0 0 -3.18095993995667 -13.7885999679565
-614 0 0 -3.17516994476318 -13.7825002670288
-613 0 0 -3.1693799495697 -13.7763996124268
-612 0 0 -3.16358995437622 -13.770299911499
-611 0 0 -3.15779995918274 -13.7642002105713
-610 0 0 -3.15199995040894 -13.7580003738403
-609 0 0 -3.14619994163513 -13.7517995834351
-608 0 0 -3.14039993286133 -13.7455997467041
-607 0 0 -3.13459992408752 -13.7393999099731
-606 0 0 -3.12879991531372 -13.733099937439
-605 0 0 -3.12299990653992 -13.7267999649048
-604 0 0 -3.11718988418579 -13.7204999923706
-603 0 0 -3.11139011383057 -13.7142000198364
-602 0 0 -3.10558009147644 -13.707799911499
-601 0 0 -3.09977006912231 -13.7013998031616
-600 35 4 -3.09396004676819 -13.6949996948242
-599 0 0 -3.08814001083374 -13.6885995864868
-598 0 0 -3.08232998847961 -13.6821002960205
-597 0 0 -3.07650995254517 -13.6756000518799
-596 0 0 -3.07068991661072 -13.6690998077393
-595 0 0 -3.06487011909485 -13.6625995635986
-594 0 0 -3.0590500831604 -13.6560001373291
-593 0 0 -3.05323004722595 -13.6493997573853
-592 0 0 -3.04739999771118 -13.6428003311157
-591 0 0 -3.04156994819641 -13.6360998153687
-590 0 0 -3.03573989868164 -13.6294002532959
-589 0 0 -3.02991008758545 -13.6226997375488
-588 0 0 -3.02408003807068 -13.6160001754761
-587 0 0 -3.01824998855591 -13.6091995239258
-586 0 0 -3.01240992546082 -13.6023998260498
-585 0 0 -3.0065701007843 -13.5956001281738
-584 0 0 -3.00073003768921 -13.5888004302979
-583 0 0 -2.99488997459412 -13.5818996429443
-582 0 0 -2.98904991149902 -13.5749998092651
-581 0 0 -2.98320007324219 -13.5680999755859
-580 0 0 -2.97736001014709 -13.5611000061035
-579 0 0 -2.97150993347168 -13.5541000366211
-578 0 0 -2.96566009521484 -13.5471000671387
-577 0 0 -2.95980000495911 -13.539999961853
-576 0 0 -2.95394992828369 -13.5328998565674
-575 0 0 -2.94809007644653 -13.5257997512817
-574 0 0 -2.94223999977112 -13.5186996459961
-573 0 0 -2.93637990951538 -13.5115003585815
-572 0 0 -2.9305100440979 -13.5043001174927
-571 0 0 -2.92464995384216 -13.4970998764038
-570 0 0 -2.918790102005 -13.489800453186
-569 0 0 -2.91291999816895 -13.4825000762939
-568 0 0 -2.90704989433289 -13.4751996994019
-567 0 0 -2.90118002891541 -13.4678001403809
-566 0 0 -2.89529991149902 -13.4603996276855
-565 0 0 -2.88943004608154 -13.4530000686646
-564 0 0 -2.88354992866516 -13.4455003738403
-563 0 0 -2.87767004966736 -13.4379997253418
-562 0 0 -2.87178993225098 -13.4305000305176
-561 0 0 -2.86591005325317 -13.4230003356934
-560 0 0 -2.86001992225647 -13.4153995513916
-559 0 0 -2.85414004325867 -13.4076995849609
-558 0 0 -2.84824991226196 -13.4000997543335
-557 0 0 -2.84236001968384 -13.3923997879028
-556 0 0 -2.83646011352539 -13.3846998214722
-555 0 0 -2.83056998252869 -13.3768997192383
-554 0 0 -2.82467007637024 -13.3690996170044
-553 0 0 -2.81876993179321 -13.3613004684448
-552 0 0 -2.81287002563477 -13.3534002304077
-551 0 0 -2.80696988105774 -13.3454999923706
-550 34 4 -2.80105996131897 -13.3375997543335
-549 0 0 -2.7951500415802 -13.3296003341675
-548 0 0 -2.78923988342285 -13.3215999603271
-547 0 0 -2.78332996368408 -13.3135004043579
-546 0 0 -2.77742004394531 -13.3055000305176
-545 0 0 -2.77150011062622 -13.2973003387451
-544 0 0 -2.76557993888855 -13.2891998291016
-543 0 0 -2.75966000556946 -13.2810001373291
-542 0 0 -2.75374007225037 -13.2728004455566
-541 0 0 -2.7478199005127 -13.2644996643066
-540 0 0 -2.74188995361328 -13.256199836731
-539 0 0 -2.73596000671387 -13.2477998733521
-538 0 0 -2.73003005981445 -13.2395000457764
-537 0 0 -2.72409009933472 -13.2309999465942
-536 0 0 -2.71815991401672 -13.2225999832153
-535 0 0 -2.71221995353699 -13.2140998840332
-534 0 0 -2.70627999305725 -13.2054996490479
-533 0 0 -2.70034003257751 -13.1969995498657
-532 0 0 -2.69439005851746 -13.1883001327515
-531 0 0 -2.68845009803772 -13.1796998977661
-530 0 0 -2.68249988555908 -13.1709995269775
-529 0 0 -2.6765398979187 -13.1621999740601
-528 0 0 -2.67058992385864 -13.1534004211426
-527 0 0 -2.66462993621826 -13.1445999145508
-526 0 0 -2.6586799621582 -13.1357002258301
-525 0 0 -2.6527099609375 -13.1267995834351
-524 0 0 -2.64674997329712 -13.1178998947144
-523 0 0 -2.64077997207642 -13.1089000701904
-522 0 0 -2.63481998443604 -13.0998001098633
-521 0 0 -2.62884998321533 -13.0908002853394
-520 0 0 -2.62286996841431 -13.081600189209
-519 0 0 -2.6168999671936 -13.0725002288818
-518 0 0 -2.61091995239258 -13.0631999969482
-517 0 0 -2.60493993759155 -13.0539999008179
-516 0 0 -2.59894990921021 -13.0446996688843
-515 0 0 -2.59296989440918 -13.0353002548218
-514 0 0 -2.58698010444641 -13.025899887085
-513 0 0 -2.58099007606506 -13.0165004730225
-512 0 0 -2.57500004768372 -13.0069999694824
-511 0 0 -2.56900000572205 -12.9974002838135
-510 0 0 -2.56299996376038 -12.9878997802734
-509 0 0 -2.55699992179871 -12.9781999588013
-508 0 0 -2.55100011825562 -12.9685001373291
-507 0 0 -2.54499006271362 -12.9588003158569
-506 0 0 -2.53898000717163 -12.9490003585815
-505 0 0 -2.53296995162964 -12.9392004013062
-504 0 0 -2.52695989608765 -12.9293003082275
-503 0 0 -2.52094006538391 -12.9194002151489
-502 0 0 -2.5149199962616 -12.9093999862671
-501 0 0 -2.50889992713928 -12.8993997573853
-500 33 4 -2.50287008285522 -12.8893003463745
-499 0 0 -2.49684000015259 -12.8791999816895
-498 0 0 -2.49080991744995 -12.8690004348755
-497 0 0 -2.48478007316589 -12.8587999343872
-496 0 0 -2.47873997688293 -12.84850025177
-495 0 0 -2.4727098941803 -12.8381004333496
-494 0 0 -2.4666600227356 -12.8276996612549
-493 0 0 -2.46061992645264 -12.8172998428345
-492 0 0 -2.45457005500793 -12.8067998886108
-491 0 0 -2.44851994514465 -12.796199798584
-490 0 0 -2.44247007369995 -12.7855997085571
-489 0 0 -2.43640995025635 -12.7749996185303
-488 0 0 -2.43035006523132 -12.7642002105713
-487 0 0 -2.42428994178772 -12.753399848938
-486 0 0 -2.4182300567627 -12.742600440979
-485 0 0 -2.41215991973877 -12.7316999435425
-484 0 0 -2.40609002113342 -12.7208003997803
-483 0 0 -2.40001010894775 -12.7097997665405
-482 0 0 -2.39392995834351 -12.6986999511719
-481 0 0 -2.38785004615784 -12.6876001358032
-480 0 0 -2.38176989555359 -12.6764001846313
-479 0 0 -2.3756799697876 -12.6651000976563
-478 0 0 -2.36959004402161 -12.6538000106812
-477 0 0 -2.36350011825562 -12.6423997879028
-476 0 0 -2.35740995407104 -12.6309995651245
-475 0 0 -2.35131001472473 -12.6195001602173
-474 0 0 -2.3452000617981 -12.6079998016357
-473 0 0 -2.3390998840332 -12.5963001251221
-472 0 0 -2.33298993110657 -12.5846996307373
-471 0 0 -2.32687997817993 -12.5728998184204
-470 0 0 -2.32076001167297 -12.5611000061035
-469 0 0 -2.31464004516602 -12.5492000579834
-468 0 0 -2.30852007865906 -12.5373001098633
-467 0 0 -2.30239009857178 -12.5253000259399
-466 0 0 -2.29626989364624 -12.5131998062134
-465 0 0 -2.29012989997864 -12.5010004043579
-464 0 0 -2.28399991989136 -12.4888000488281
-463 0 0 -2.27785992622375 -12.4764995574951
-462 0 0 -2.27171993255615 -12.4642000198364
-461 0 0 -2.26556992530823 -12.4518003463745
-460 0 0 -2.2594199180603 -12.4392995834351
-459 0 0 -2.25326991081238 -12.4266996383667
-458 0 0 -2.24710988998413 -12.4140996932983
-457 0 0 -2.24095010757446 -12.4013996124268
-456 0 0 -2.23478007316589 -12.3886003494263
-455 0 0 -2.22862005233765 -12.3758001327515
-454 0 0 -2.22244000434875 -12.3627996444702
-453 0 0 -2.21626996994019 -12.3498001098633
-452 0 0 -2.21008992195129 -12.336799621582
-451 0 0 -2.20391011238098 -12.3235998153687
-450 32 4 -2.19772005081177 -12.3104000091553
-449 0 0 -2.19152998924255 -12.2971000671387
-448 0 0 -2.18532991409302 -12.2836999893188
-447 0 0 -2.17914009094238 -12.2701997756958
-446 0 0 -2.17293000221252 -12.2566995620728
-445 0 0 -2.16672992706299 -12.2431001663208
-444 0 0 -2.16052007675171 -12.2293996810913
-443 0 0 -2.15429997444153 -12.2156000137329
-442 0 0 -2.14808988571167 -12.2017002105713
-441 0 0 -2.14186000823975 -12.1878004074097
-440 0 0 -2.13563990592957 -12.1737003326416
-439 0 0 -2.12941002845764 -12.1596002578735
-438 0 0 -2.12316989898682 -12.1454000473022
-437 0 0 -2.11693000793457 -12.1310997009277
-436 0 0 -2.11069011688232 -12.1167001724243
-435 0 0 -2.10443997383118 -12.1022996902466
-434 0 0 -2.09819006919861 -12.0876998901367
-433 0 0 -2.09192991256714 -12.0731000900269
-432 0 0 -2.08566999435425 -12.0583000183105
-431 0 0 -2.07941007614136 -12.0434999465942
-430 0 0 -2.07313990592957 -12.0285997390747
-429 0 0 -2.06686997413635 -12.0136003494263
-428 0 0 -2.06059002876282 -11.9984998703003
-427 0 0 -2.05430006980896 -11.9833002090454
-426 0 0 -2.04801988601685 -11.9680004119873
-425 0 0 -2.04172992706299 -11.9525995254517
-424 0 0 -2.03542995452881 -11.9371995925903
-423 0 0 -2.02912998199463 -11.9216003417969
-422 0 0 -2.02281999588013 -11.9059000015259
-421 0 0 -2.01651000976563 -11.8900995254517
-420 0 0 -2.0101900100708 -11.8741998672485
-419 0 0 -2.00387001037598 -11.8583002090454
-418 0 0 -1.99755001068115 -11.8422002792358
-417 0 0 -1.99121999740601 -11.826000213623
-416 0 0 -1.98487997055054 -11.809700012207
-415 0 0 -1.97853994369507 -11.7932996749878
-414 0 0 -1.97220003604889 -11.7768001556396
-413 0 0 -1.9658499956131 -11.760199546814
-412 0 0 -1.95948994159698 -11.7434997558594
-411 0 0 -1.95313000679016 -11.7265996932983
-410 0 0 -1.94676995277405 -11.7096996307373
-409 0 0 -1.94038999080658 -11.6927003860474
-408 0 0 -1.93402004241943 -11.6754999160767
-407 0 0 -1.92763996124268 -11.6582002639771
-406 0 0 -1.92124998569489 -11.6408004760742
-405 0 0 -1.91486001014709 -11.6232995986938
-404 0 0 -1.90846002101898 -11.6056995391846
-403 0 0 -1.90205001831055 -11.5879001617432
-402 0 0 -1.89564001560211 -11.5700998306274
-401 0 0 -1.88923001289368 -11.5521001815796
-400 31 4 -1.88280999660492 -11.5340003967285
-399 0 0 -1.87637996673584 -11.5158004760742
-398 0 0 -1.86995005607605 -11.4974002838135
-397 0 0 -1.86351001262665 -11.4788999557495
-396 0 0 -1.85706996917725 -11.4603004455566
-395 0 0 -1.85062003135681 -11.4415998458862
-394 0 0 -1.84415996074677 -11.4226999282837
-393 0 0 -1.83770000934601 -11.4036998748779
-392 0 0 -1.83123004436493 -11.3845996856689
-391 0 0 -1.82475996017456 -11.3653001785278
-390 0 0 -1.81827998161316 -11.3458995819092
-389 0 0 -1.81178998947144 -11.3263998031616
-388 0 0 -1.80529999732971 -11.3066997528076
-387 0 0 -1.79879999160767 -11.2868995666504
-386 0 0 -1.7922899723053 -11.2670001983643
-385 0 0 -1.78577995300293 -11.2468996047974
-384 0 0 -1.77926003932953 -11.2266998291016
-383 0 0 -1.77274000644684 -11.2062997817993
-382 0 0 -1.76620995998383 -11.1857995986938
-381 0 0 -1.75967001914978 -11.1651000976563
-380 0 0 -1.75311994552612 -11.1443004608154
-379 0 0 -1.74656999111176 -11.1232995986938
-378 0 0 -1.74001002311707 -11.1021995544434
-377 0 0 -1.73344004154205 -11.0809001922607
-376 0 0 -1.72686994075775 -11.0593996047974
-375 0 0 -1.72028994560242 -11.0378999710083
-374 0 0 -1.71370005607605 -11.0160999298096
-373 0 0 -1.70711004734039 -10.9941997528076
-372 0 0 -1.70050001144409 -10.9721002578735
-371 0 0 -1.69388997554779 -10.9498996734619
-370 0 0 -1.68728005886078 -10.9274997711182
-369 0 0 -1.68064999580383 -10.904899597168
-368 0 0 -1.67402005195618 -10.8822002410889
-367 0 0 -1.66737997531891 -10.8591995239258
-366 0 0 -1.66073000431061 -10.836199760437
-365 0 0 -1.65407001972198 -10.8128995895386
-364 0 0 -1.64741003513336 -10.7895002365112
-363 0 0 -1.64074003696442 -10.7658004760742
-362 0 0 -1.63406002521515 -10.7419996261597
-361 0 0 -1.62736999988556 -10.7180995941162
-360 0 0 -1.62067997455597 -10.6939001083374
-359 0 0 -1.61397004127502 -10.6695995330811
-358 0 0 -1.60725998878479 -10.6450004577637
-357 0 0 -1.60054004192352 -10.6203002929688
-356 0 0 -1.59380996227264 -10.5953998565674
-355 0 0 -1.58706998825073 -10.5703001022339
-354 0 0 -1.5803200006485 -10.5448999404907
-353 0 0 -1.57357001304626 -10.5193996429443
-352 0 0 -1.56679999828339 -10.4937000274658
-351 0 0 -1.56002998352051 -10.4678001403809
-350 30 4 -1.55324995517731 -10.4416999816895
-349 0 0 -1.54646003246307 -10.4153995513916
-348 0 0 -1.53965997695923 -10.3887996673584
-347 0 0 -1.53285002708435 -10.362099647522
-346 0 0 -1.52602994441986 -10.3351001739502
-345 0 0 -1.51919996738434 -10.307900428772
-344 0 0 -1.51235997676849 -10.2805004119873
-343 0 0 -1.50550997257233 -10.2529001235962
-342 0 0 -1.49865996837616 -10.2250995635986
-341 0 0 -1.49179005622864 -10.1969995498657
-340 0 0 -1.4849100112915 -10.1687002182007
-339 0 0 -1.47801995277405 -10.1401996612549
-338 0 0 -1.47113001346588 -10.1113996505737
-337 0 0 -1.46422004699707 -10.0824003219604
-336 0 0 -1.45729994773865 -10.0531997680664
-335 0 0 -1.45036995410919 -10.023699760437
-334 0 0 -1.44342994689941 -9.99394989013672
-333 0 0 -1.43649005889893 -9.96397972106934
-332 0 0 -1.4295300245285 -9.93375968933105
-331 0 0 -1.42255997657776 -9.90328979492188
-330 0 0 -1.41557002067566 -9.87255954742432
-329 0 0 -1.40857994556427 -9.84158039093018
-328 0 0 -1.40157997608185 -9.81033992767334
-327 0 0 -1.39455997943878 -9.77882957458496
-326 0 0 -1.38753998279572 -9.74705982208252
-325 0 0 -1.380499958992 -9.71502017974854
-324 0 0 -1.37345004081726 -9.68270969390869
-323 0 0 -1.36638998985291 -9.65013027191162
-322 0 0 -1.35932004451752 -9.61727046966553
-321 0 0 -1.35223996639252 -9.58413028717041
-320 0 0 -1.34514999389648 -9.55070972442627
-319 0 0 -1.33803999423981 -9.51700019836426
-318 0 0 -1.33091998100281 -9.48301029205322
-317 0 0 -1.32378995418549 -9.44871997833252
-316 0 0 -1.31665003299713 -9.41413974761963
-315 0 0 -1.30948996543884 -9.37926006317139
-314 0 0 -1.30232000350952 -9.34409046173096
-313 0 0 -1.29514002799988 -9.30860996246338
-312 0 0 -1.28795003890991 -9.27282047271729
-311 0 0 -1.28075003623962 -9.23672962188721
-310 0 0 -1.27353000640869 -9.20032024383545
-309 0 0 -1.26629996299744 -9.16359996795654
-308 0 0 -1.25905001163483 -9.12656021118164
-307 0 0 -1.25179994106293 -9.08920001983643
-306 0 0 -1.24452996253967 -9.05152034759521
-305 0 0 -1.23723995685577 -9.01350975036621
-304 0 0 -1.22994995117188 -8.97517013549805
-303 0 0 -1.22264003753662 -8.93649959564209
-302 0 0 -1.21530997753143 -8.89748954772949
-301 0 0 -1.20798003673553 -8.85813999176025
-300 29 4 -1.2006299495697 -8.81846046447754
-299 0 0 -1.19325995445251 -8.77842998504639
-298 0 0 -1.18588995933533 -8.73805046081543
-297 0 0 -1.17849004268646 -8.69731998443604
-296 0 0 -1.17109000682831 -8.65624046325684
-295 0 0 -1.16366994380951 -8.61480045318604
-294 0 0 -1.15623998641968 -8.57301044464111
-293 0 0 -1.1487900018692 -8.53085041046143
-292 0 0 -1.1413300037384 -8.48832988739014
-291 0 0 -1.13384997844696 -8.44544982910156
-290 0 0 -1.12636005878448 -8.40219974517822
-289 0 0 -1.1188600063324 -8.35857009887695
-288 0 0 -1.11134004592896 -8.31457042694092
-287 0 0 -1.1038099527359 -8.2701997756958
-286 0 0 -1.09625995159149 -8.22544956207275
-285 0 0 -1.08870005607605 -8.18031024932861
-284 0 0 -1.08112001419067 -8.13479995727539
-283 0 0 -1.07352995872498 -8.08889961242676
-282 0 0 -1.06593000888824 -8.04261016845703
-281 0 0 -1.05831003189087 -7.99594020843506
-280 0 0 -1.05068004131317 -7.94887018203735
-279 0 0 -1.04303002357483 -7.90141010284424
-278 0 0 -1.03536999225616 -7.85355997085571
-277 0 0 -1.02769005298615 -7.80530977249146
-276 0 0 -1.01999998092651 -7.75665998458862
-275 0 0 -1.01230001449585 -7.70762014389038
-274 0 0 -1.00458002090454 -7.65818023681641
-273 0 0 -0.99684202671051 -7.60833978652954
-272 0 0 -0.989094018936157 -7.55809020996094
-271 0 0 -0.981332004070282 -7.50745010375977
-270 0 0 -0.973555028438568 -7.45639991760254
-269 0 0 -0.965764999389648 -7.40495014190674
-268 0 0 -0.95796000957489 -7.35308980941772
-267 0 0 -0.950142025947571 -7.30082988739014
-266 0 0 -0.942309975624084 -7.24816989898682
-265 0 0 -0.934463977813721 -7.19509983062744
-264 0 0 -0.926603972911835 -7.14163017272949
-263 0 0 -0.918730974197388 -7.08775997161865
-262 0 0 -0.910844027996063 -7.03349018096924
-261 0 0 -0.902944028377533 -6.97880983352661
-260 0 0 -0.895030975341797 -6.92373991012573
-259 0 0 -0.887104988098145 -6.8682599067688
-258 0 0 -0.879166007041931 -6.81238985061646
-257 0 0 -0.871213972568512 -6.75612020492554
-256 0 0 -0.863250017166138 -6.69946002960205
-255 0 0 -0.855273008346558 -6.64239978790283
-254 0 0 -0.847284018993378 -6.58495998382568
-253 0 0 -0.839281976222992 -6.5271201133728
-252 0 0 -0.831269025802612 -6.46890020370483
-251 0 0 -0.823243975639343 -6.41029977798462
-250 28 4 -0.81520801782608 -6.35131978988647
-249 0 0 -0.807160019874573 -6.29195976257324
-248 0 0 -0.799100995063782 -6.2322301864624
-247 0 0 -0.791029989719391 -6.17213010787964
-246 0 0 -0.782948970794678 -6.11166000366211
-245 0 0 -0.774857997894287 -6.05082988739014
-244 0 0 -0.766755998134613 -5.98964023590088
-243 0 0 -0.758643984794617 -5.92809009552002
-242 0 0 -0.750522017478943 -5.86619997024536
-241 0 0 -0.742389976978302 -5.80395984649658
-240 0 0 -0.734248995780945 -5.74138021469116
-239 0 0 -0.726099014282227 -5.67846012115479
-238 0 0 -0.717939019203186 -5.61521005630493
-237 0 0 -0.709770977497101 -5.55164003372192
-236 0 0 -0.701593995094299 -5.48775005340576
-235 0 0 -0.693409025669098 -5.42354011535645
-234 0 0 -0.685214996337891 -5.3590202331543
-233 0 0 -0.677013993263245 -5.29418992996216
-232 0 0 -0.668805003166199 -5.22907018661499
-231 0 0 -0.660588026046753 -5.16366004943848
-230 0 0 -0.652364015579224 -5.09795999526978
-229 0 0 -0.644132971763611 -5.03198003768921
-228 0 0 -0.635895013809204 -4.96572017669678
-227 0 0 -0.62765097618103 -4.89919996261597
-226 0 0 -0.619399011135101 -4.83240985870361
-225 0 0 -0.611141979694366 -4.76536989212036
-224 0 0 -0.602878987789154 -4.69808006286621
-223 0 0 -0.594609975814819 -4.630539894104
-222 0 0 -0.586335003376007 -4.56276988983154
-221 0 0 -0.578054010868073 -4.49477005004883
-220 0 0 -0.569768011569977 -4.4265398979187
-219 0 0 -0.56147700548172 -4.35809993743896
-218 0 0 -0.553180992603302 -4.2894401550293
-217 0 0 -0.544879972934723 -4.22058010101318
-216 0 0 -0.536574006080627 -4.15152978897095
-215 0 0 -0.528262972831726 -4.08227014541626
-214 0 0 -0.51994800567627 -4.01283979415894
-213 0 0 -0.511628985404968 -3.94321990013123
-212 0 0 -0.503305971622467 -3.87343001365662
-211 0 0 -0.494978010654449 -3.80346989631653
-210 0 0 -0.486645996570587 -3.73335003852844
-209 0 0 -0.478309988975525 -3.6630699634552
-208 0 0 -0.469971001148224 -3.5926399230957
-207 0 0 -0.461627006530762 -3.52206993103027
-206 0 0 -0.453280001878738 -3.45135998725891
-205 0 0 -0.444929987192154 -3.38052010536194
-204 0 0 -0.436574995517731 -3.30955004692078
-203 0 0 -0.428216993808746 -3.23846006393433
-202 0 0 -0.419856011867523 -3.16724991798401
-201 0 0 -0.411491006612778 -3.0959300994873
-200 27 4 -0.403122991323471 -3.02449989318848
-199 0 0 -0.394751012325287 -2.95297002792358
-198 0 0 -0.38637700676918 -2.88134002685547
-197 0 0 -0.377997994422913 -2.80961990356445
-196 0 0 -0.369616985321045 -2.73781991004944
-195 0 0 -0.3612320125103 -2.6659300327301
-194 0 0 -0.35284298658371 -2.59396004676819
-193 0 0 -0.344451010227203 -2.5219099521637
-192 0 0 -0.336055994033813 -2.44980001449585
-191 0 0 -0.327657997608185 -2.37760996818542
-190 0 0 -0.319256007671356 -2.30537009239197
-189 0 0 -0.310851007699966 -2.23305988311768
-188 0 0 -0.302442997694016 -2.16070008277893
-187 0 0 -0.294030994176865 -2.08828997612
-186 0 0 -0.285614997148514 -2.01583003997803
-185 0 0 -0.277195990085602 -1.94332003593445
-184 0 0 -0.268774002790451 -1.87076997756958
-183 0 0 -0.260347992181778 -1.79817998409271
-182 0 0 -0.251917988061905 -1.72555005550385
-181 0 0 -0.243485003709793 -1.65288996696472
-180 0 0 -0.235047996044159 -1.58019995689392
-179 0 0 -0.226607993245125 -1.50748002529144
-178 0 0 -0.218163996934891 -1.434730052948
-177 0 0 -0.209716007113457 -1.36195003986359
-176 0 0 -0.2012639939785 -1.28914999961853
-175 0 0 -0.192809000611305 -1.21633994579315
-174 0 0 -0.184349998831749 -1.1434999704361
-173 0 0 -0.175886005163193 -1.07064998149872
-172 0 0 -0.167419999837875 -0.997779011726379
-171 0 0 -0.158949002623558 -0.924897015094757
-170 0 0 -0.15047399699688 -0.852003991603851
-169 0 0 -0.141995996236801 -0.779101014137268
-168 0 0 -0.133513003587723 -0.706188023090363
-167 0 0 -0.125027000904083 -0.633267998695374
-166 0 0 -0.116535998880863 -0.560341000556946
-165 0 0 -0.108042001724243 -0.487408012151718
-164 0 0 -0.0995443984866142 -0.414472013711929
-163 0 0 -0.0910425037145615 -0.341531991958618
-162 0 0 -0.0825368985533714 -0.268588989973068
-161 0 0 -0.0740273967385292 -0.19564500451088
-160 0 0 -0.0655141994357109 -0.122699998319149
-159 0 0 -0.0569972991943359 -0.0497543998062611
-158 0 0 -0.0484768003225327 0.023190600797534
-157 0 0 -0.0399525985121727 0.0961344987154007
-156 0 0 -0.0314249992370605 0.16907699406147
-155 0 0 -0.022893900051713 0.24201700091362
-154 0 0 -0.014359500259161 0.314954996109009
-153 0 0 -0.00582181010395288 0.387890011072159
-152 0 0 0.00271900999359787 0.460821986198425
-151 0 0 0.0112629001960158 0.533751010894775
-150 26 4 0.0198095999658108 0.606675982475281
-149 0 0 0.0283591002225876 0.679597020149231
-148 0 0 0.0369112007319927 0.752512991428375
-147 0 0 0.0454658009111881 0.825425982475281
-146 0 0 0.0540226995944977 0.89833402633667
-145 0 0 0.0625815987586975 0.971237003803253
-144 0 0 0.0711425021290779 1.04413998126984
-143 0 0 0.0797049999237061 1.1170300245285
-142 0 0 0.0882690995931625 1.18991994857788
-141 0 0 0.0968343988060951 1.26279997825623
-140 0 0 0.105401001870632 1.33568000793457
-139 0 0 0.113967999815941 1.40856003761292
-138 0 0 0.12253499776125 1.48143005371094
-137 0 0 0.131102994084358 1.55429005622864
-136 0 0 0.139669999480247 1.62715005874634
-135 0 0 0.148238003253937 1.70000004768372
-134 0 0 0.156803995370865 1.77285003662109
-133 0 0 0.165369004011154 1.84570002555847
-132 0 0 0.173932999372482 1.91854000091553
-131 0 0 0.18249499797821 1.99136996269226
-130 0 0 0.191054001450539 2.06419992446899
-129 0 0 0.199610993266106 2.13702011108398
-128 0 0 0.208165004849434 2.2098400592804
-127 0 0 0.216716006398201 2.28264999389648
-126 0 0 0.225262001156807 2.35544991493225
-125 0 0 0.233804002404213 2.4282500743866
-124 0 0 0.242340996861458 2.50103998184204
-123 0 0 0.250871986150742 2.57382988929749
-122 0 0 0.259398013353348 2.64661002159119
-121 0 0 0.26791700720787 2.71937990188599
-120 0 0 0.276428997516632 2.79214000701904
-119 0 0 0.284933000802994 2.86489009857178
-118 0 0 0.293428987264633 2.93763995170593
-117 0 0 0.301916003227234 3.01038002967834
-116 0 0 0.310393989086151 3.08310008049011
-115 0 0 0.31886100769043 3.1558198928833
-114 0 0 0.327318012714386 3.22851991653442
-113 0 0 0.33576300740242 3.30121994018555
-112 0 0 0.344195991754532 3.37389993667603
-111 0 0 0.352616012096405 3.44656991958618
-110 0 0 0.361021995544434 3.51922011375427
-109 0 0 0.369414001703262 3.59186005592346
-108 0 0 0.377790987491608 3.66447997093201
-107 0 0 0.386151999235153 3.73709011077881
-106 0 0 0.394495993852615 3.80966997146606
-105 0 0 0.402823001146317 3.88224005699158
-104 0 0 0.411132007837296 3.95479011535645
-103 0 0 0.41942098736763 4.02730989456177
-102 0 0 0.427689999341965 4.0998101234436
-101 0 0 0.435939013957977 4.17228984832764
-100 25 4 0.444166004657745 4.24474000930786
-99 0 0 0.45236998796463 4.31717014312744
-98 0 0 0.460550010204315 4.38956022262573
-97 0 0 0.468706011772156 4.46192979812622
-96 0 0 0.476837009191513 4.53425979614258
-95 0 0 0.484941989183426 4.60656023025513
-94 0 0 0.493019998073578 4.67882013320923
-93 0 0 0.501069009304047 4.75104999542236
-92 0 0 0.50908899307251 4.82322978973389
-91 0 0 0.517080008983612 4.8953800201416
-90 0 0 0.52503901720047 4.96748018264771
-89 0 0 0.5329669713974 5.03953981399536
-88 0 0 0.540862023830414 5.11154985427856
-87 0 0 0.548722982406616 5.18350982666016
-86 0 0 0.55654901266098 5.25542020797729
-85 0 0 0.564338982105255 5.32727003097534
-84 0 0 0.57209300994873 5.3990797996521
-83 0 0 0.5798100233078 5.47081995010376
-82 0 0 0.587486982345581 5.54250001907349
-81 0 0 0.59512597322464 5.6141300201416
-80 0 0 0.602723002433777 5.68568992614746
-79 0 0 0.610279977321625 5.75718021392822
-78 0 0 0.61779397726059 5.82859992980957
-77 0 0 0.625265002250671 5.89996004104614
-76 0 0 0.632691979408264 5.97124004364014
-75 0 0 0.640074014663696 6.04244995117188
-74 0 0 0.647409975528717 6.11358022689819
-73 0 0 0.6546990275383 6.18462991714478
-72 0 0 0.66194099187851 6.25559997558594
-71 0 0 0.669134020805359 6.3264799118042
-70 0 0 0.676277995109558 6.39729022979736
-69 0 0 0.683372020721436 6.46799993515015
-68 0 0 0.690415024757385 6.53861999511719
-67 0 0 0.697407007217407 6.60915994644165
-66 0 0 0.704346001148224 6.67959022521973
-65 0 0 0.711232006549835 6.74993991851807
-64 0 0 0.71806401014328 6.82018995285034
-63 0 0 0.724842011928558 6.89032983779907
-62 0 0 0.731563985347748 6.96038007736206
-61 0 0 0.738231003284454 7.0303201675415
-60 0 0 0.744841992855072 7.10016012191772
-59 0 0 0.751394987106323 7.16989994049072
-58 0 0 0.757890999317169 7.23953008651733
-57 0 0 0.764329016208649 7.30904006958008
-56 0 0 0.770708024501801 7.3784499168396
-55 0 0 0.777027010917664 7.44775009155273
-54 0 0 0.783286988735199 7.516930103302
-53 0 0 0.78948700428009 7.58599996566772
-52 0 0 0.795626997947693 7.65496015548706
-51 0 0 0.801705002784729 7.72380018234253
-50 24 4 0.807722985744476 7.79252004623413
-49 0 0 0.813678026199341 7.86113023757935
-48 0 0 0.819571018218994 7.92960977554321
-47 0 0 0.825402975082397 7.99798011779785
-46 0 0 0.831170976161957 8.0662202835083
-45 0 0 0.83687698841095 8.13434982299805
-44 0 0 0.842518985271454 8.20236015319824
-43 0 0 0.84809798002243 8.27023983001709
-42 0 0 0.853613972663879 8.33800029754639
-41 0 0 0.859066009521484 8.4056396484375
-40 0 0 0.864453971385956 8.47315979003906
-39 0 0 0.869777977466583 8.54055023193359
-38 0 0 0.875038981437683 8.60781955718994
-37 0 0 0.880235016345978 8.67496967315674
-36 0 0 0.885366976261139 8.74199962615967
-35 0 0 0.89043402671814 8.80891036987305
-34 0 0 0.895438015460968 8.87569046020508
-33 0 0 0.900376975536346 8.94235038757324
-32 0 0 0.905251979827881 9.00889015197754
-31 0 0 0.910063028335571 9.07530975341797
-30 0 0 0.914810001850128 9.14161014556885
-29 0 0 0.919493019580841 9.20779037475586
-28 0 0 0.924112021923065 9.27385997772217
-27 0 0 0.928667008876801 9.33979988098145
-26 0 0 0.933158993721008 9.40561962127686
-25 0 0 0.937587022781372 9.47132968902588
-24 0 0 0.941950976848602 9.53693008422852
-23 0 0 0.946253001689911 9.60241031646729
-22 0 0 0.950491011142731 9.66777038574219
-21 0 0 0.954666972160339 9.73301982879639
-20 0 0 0.958779990673065 9.7981595993042
-19 0 0 0.962831020355225 9.86318969726563
-18 0 0 0.966818988323212 9.92811012268066
-17 0 0 0.970745980739594 9.992919921875
-16 0 0 0.974610984325409 10.0576000213623
-15 0 0 0.978415012359619 10.122200012207
-14 0 0 0.982156991958618 10.1866998672485
-13 0 0 0.985839009284973 10.2510995864868
-12 0 0 0.989459991455078 10.3154001235962
-11 0 0 0.9930220246315 10.379599571228
-10 0 0 0.99542099237442 10.4233999252319
-9 0 0 0.997004985809326 10.4525995254517
-8 0 0 0.998054027557373 10.4720001220703
-7 0 0 0.998750984668732 10.4849996566772
-6 0 0 0.999213993549347 10.4935998916626
-5 0 0 0.999521970748901 10.499400138855
-4 0 0 0.999727010726929 10.5031995773315
-3 0 0 0.999863028526306 10.5058002471924
-2 0 0 0.999931991100311 10.5071001052856
1 0 0 1 10.5082998275757
1 0 0 1 10.5082998275757
-2 0 0 1.00006997585297 10.5095996856689
-3 0 0 1.00013995170593 10.5108995437622
-4 0 0 1.00027000904083 10.513500213623
-5 0 0 1.00048005580902 10.5172996520996
-6 0 0 1.00077998638153 10.5229997634888
-7 0 0 1.00124001502991 10.5317001342773
-8 0 0 1.00192999839783 10.5445995330811
-9 0 0 1.00294995307922 10.5640001296997
-10 0 0 1.00446999073029 10.5930995941162
-11 0 0 1.00673997402191 10.6366996765137
-12 0 0 1.00999999046326 10.700400352478
-13 0 0 1.01321005821228 10.7639999389648
-14 0 0 1.01636004447937 10.8275995254517
-15 0 0 1.01944994926453 10.8909997940063
-16 0 0 1.02248001098633 10.954400062561
-17 0 0 1.02546000480652 11.0176000595093
-18 0 0 1.02838003635406 11.0808000564575
-19 0 0 1.03123998641968 11.1438999176025
-20 0 0 1.03404998779297 11.2069997787476
-21 0 0 1.03680002689362 11.2699003219604
-22 0 0 1.03949999809265 11.332799911499
-23 0 0 1.04215002059937 11.3956003189087
-24 0 0 1.04473996162415 11.4582996368408
-25 0 0 1.0472799539566 11.5209999084473
-26 0 0 1.04975998401642 11.5836000442505
-27 0 0 1.05218994617462 11.6461000442505
-28 0 0 1.0545699596405 11.7084999084473
-29 0 0 1.05689001083374 11.770899772644
-30 0 0 1.05917000770569 11.8332996368408
-31 0 0 1.06139004230499 11.8955001831055
-32 0 0 1.06357002258301 11.957799911499
-33 0 0 1.06569004058838 12.0199003219604
-34 0 0 1.06775999069214 12.0819997787476
-35 0 0 1.06977999210358 12.144100189209
-36 0 0 1.07176005840302 12.2061004638672
-37 0 0 1.07368004322052 12.2679996490479
-38 0 0 1.07555997371674 12.3298997879028
-39 0 0 1.07738995552063 12.3917999267578
-40 0 0 1.0791699886322 12.4535999298096
-41 0 0 1.08089995384216 12.5153999328613
-42 0 0 1.08258998394012 12.5770998001099
-43 0 0 1.08422994613647 12.6387996673584
-44 0 0 1.0858199596405 12.7004995346069
-45 0 0 1.08737003803253 12.7621002197266
-46 0 0 1.08887994289398 12.8236999511719
-47 0 0 1.0903400182724 12.8852996826172
-48 0 0 1.09175002574921 12.9468002319336
-49 0 0 1.09312999248505 13.0082998275757
-50 2 4 1.09446001052856 13.0698003768921
-51 0 0 1.09573996067047 13.131199836731
-52 0 0 1.09697997570038 13.1927003860474
-53 0 0 1.09818005561829 13.2540998458862
-54 0 0 1.09933996200562 13.3155002593994
-55 0 0 1.10046005249023 13.3767995834351
-56 0 0 1.10153996944427 13.4381999969482
-57 0 0 1.10257005691528 13.4995002746582
-58 0 0 1.10356998443604 13.5608997344971
-59 0 0 1.10452997684479 13.622200012207
-60 0 0 1.10544002056122 13.683500289917
-61 0 0 1.10632002353668 13.7447996139526
-62 0 0 1.10715997219086 13.8060998916626
-63 0 0 1.10795998573303 13.8674001693726
-64 0 0 1.10871994495392 13.9286003112793
-65 0 0 1.10944998264313 13.9898996353149
-66 0 0 1.11012995243073 14.0511999130249
-67 0 0 1.11079001426697 14.1125001907349
-68 0 0 1.1114000082016 14.1738004684448
-69 0 0 1.11197996139526 14.2350997924805
-70 0 0 1.11251997947693 14.2962999343872
-71 0 0 1.11302995681763 14.3576002120972
-72 0 0 1.11351001262665 14.418999671936
-73 0 0 1.11395001411438 14.480299949646
-74 0 0 1.11434996128082 14.541600227356
-75 0 0 1.11471998691559 14.6028995513916
-76 0 0 1.11505997180939 14.6642999649048
-77 0 0 1.11537003517151 14.725700378418
-78 0 0 1.11564004421234 14.7869997024536
-79 0 0 1.11588001251221 14.8484001159668
-80 0 0 1.1160900592804 14.9098997116089
-81 0 0 1.11626994609833 14.9713001251221
-82 0 0 1.11641001701355 15.0327997207642
-83 0 0 1.11652994155884 15.0942001342773
-84 0 0 1.11661994457245 15.1557998657227
-85 0 0 1.11667001247406 15.2173004150391
-86 0 0 1.11670005321503 15.2788000106812
-87 3 2 1.11670005321503 15.3022003173828
88 0 0 1.11668002605438 15.3638000488281
89 0 0 1.11663997173309 15.4253997802734
90 0 0 1.11656999588013 15.487099647522
91 0 0 1.11646997928619 15.5488004684448
92 0 0 1.11634004116058 15.6105003356934
93 0 0 1.11618995666504 15.6722002029419
94 0 0 1.11600995063782 15.7340002059937
95 0 0 1.11580002307892 15.7959003448486
96 0 0 1.11556005477905 15.8577003479004
97 0 0 1.11530005931854 15.9195995330811
98 0 0 1.11501002311707 15.981499671936
99 0 0 1.11469995975494 16.0435009002686
100 4 4 1.11436998844147 16.1054992675781
101 0 0 1.1139999628067 16.1676006317139
102 0 0 1.1136200428009 16.2296009063721
103 0 0 1.11320996284485 16.2917995452881
104 0 0 1.11277997493744 16.3540000915527
105 0 0 1.11231994628906 16.4162006378174
106 0 0 1.11184000968933 16.4783992767334
107 0 0 1.11134004592896 16.5408000946045
108 0 0 1.11081004142761 16.603099822998
109 0 0 1.11027002334595 16.6655006408691
110 0 0 1.10969996452332 16.7280006408691
111 0 0 1.10910999774933 16.7905006408691
112 0 0 1.1085000038147 16.8530006408691
113 0 0 1.10786998271942 16.915599822998
114 0 0 1.10722005367279 16.9783000946045
115 0 0 1.10654997825623 17.0410003662109
116 0 0 1.10584998130798 17.1037006378174
117 0 0 1.10513997077942 17.1665000915527
118 0 0 1.1044100522995 17.2294006347656
119 0 0 1.10367000102997 17.2922992706299
120 0 0 1.10290002822876 17.3553009033203
121 0 0 1.10212004184723 17.4183006286621
122 0 0 1.10131001472473 17.4813995361328
123 0 0 1.10048997402191 17.5445003509521
124 0 0 1.09966003894806 17.6077003479004
125 0 0 1.09879994392395 17.6709995269775
126 0 0 1.09792995452881 17.7343006134033
127 0 0 1.09704995155334 17.7975997924805
128 0 0 1.0961400270462 17.8610000610352
129 0 0 1.09522998332977 17.9244995117188
130 0 0 1.09429001808167 17.988000869751
131 0 0 1.09334003925323 18.0515995025635
132 0 0 1.09238004684448 18.1152992248535
133 0 0 1.09140002727509 18.1790008544922
134 0 0 1.09040999412537 18.2427997589111
135 0 0 1.08940994739532 18.3066005706787
136 0 0 1.08838999271393 18.3705005645752
137 0 0 1.08735001087189 18.4344997406006
138 0 0 1.08631002902985 18.4985008239746
139 0 0 1.08525002002716 18.5625991821289
140 0 0 1.08417999744415 18.6266994476318
141 0 0 1.08309996128082 18.6909008026123
142 0 0 1.08200001716614 18.755199432373
143 0 0 1.08089995384216 18.8194999694824
144 0 0 1.07977998256683 18.8838996887207
145 0 0 1.07864999771118 18.948299407959
146 0 0 1.07750999927521 19.0128002166748
147 0 0 1.07635998725891 19.0774002075195
148 0 0 1.07519996166229 19.1420001983643
149 0 0 1.07403004169464 19.2066993713379
150 5 4 1.07284998893738 19.2714996337891
151 0 0 1.0716700553894 19.3362998962402
152 0 0 1.0704699754715 19.4011993408203
153 0 0 1.06926000118256 19.466100692749
154 0 0 1.06805002689362 19.531099319458
155 0 0 1.06682002544403 19.5962009429932
156 0 0 1.06559002399445 19.6613006591797
157 0 0 1.06435000896454 19.7264995574951
158 0 0 1.06310999393463 19.7917995452881
159 0 0 1.06184995174408 19.8570995330811
160 0 0 1.06059002876282 19.9225006103516
161 0 0 1.05931997299194 19.9878997802734
162 0 0 1.05805003643036 20.0534000396729
163 0 0 1.05676996707916 20.1189994812012
164 0 0 1.05548000335693 20.1846008300781
165 0 0 1.0541900396347 20.2502994537354
166 0 0 1.05288994312286 20.3160991668701
167 0 0 1.05158996582031 20.3819007873535
168 0 0 1.05027997493744 20.4477996826172
169 0 0 1.04896998405457 20.5137004852295
170 0 0 1.04764997959137 20.5797004699707
171 0 0 1.04631996154785 20.6457004547119
172 0 0 1.04499995708466 20.7119007110596
173 0 0 1.04367005825043 20.7779998779297
174 0 0 1.04233002662659 20.8442993164063
175 0 0 1.04098999500275 20.9106006622314
176 0 0 1.03964996337891 20.976900100708
177 0 0 1.03831005096436 21.043399810791
178 0 0 1.03696000576019 21.1098003387451
179 0 0 1.03560996055603 21.176399230957
180 0 0 1.03426003456116 21.2430000305176
181 0 0 1.03289997577667 21.3096008300781
182 0 0 1.0315500497818 21.3763008117676
183 0 0 1.03018999099731 21.4430999755859
184 0 0 1.02883005142212 21.5098991394043
185 0 0 1.02745997905731 21.5767993927002
186 0 0 1.02610003948212 21.6438007354736
187 0 0 1.02472996711731 21.7108001708984
188 0 0 1.02337002754211 21.7777996063232
189 0 0 1.02199995517731 21.8449001312256
190 0 0 1.02064001560211 21.9120998382568
191 0 0 1.0192699432373 21.9792995452881
192 0 0 1.01789999008179 22.0466003417969
193 0 0 1.01653003692627 22.113899230957
194 0 0 1.01515996456146 22.1812992095947
195 0 0 1.01380002498627 22.24880027771
196 0 0 1.01242995262146 22.3162994384766
197 0 0 1.01105999946594 22.3838996887207
198 0 0 1.00969994068146 22.4514999389648
199 0 0 1.00832998752594 22.519100189209
200 6 4 1.00697004795074 22.5869007110596
201 0 0 1.00560998916626 22.6546001434326
202 0 0 1.00425004959106 22.7224998474121
203 0 0 1.00288999080658 22.7903995513916
204 0 0 1.00153005123138 22.8582992553711
205 0 0 1.00018000602722 22.9263000488281
206 0 0 0.99882298707962 22.9943008422852
207 0 0 0.99747097492218 23.0624008178711
208 0 0 0.996122002601624 23.1305999755859
209 0 0 0.994776010513306 23.1987991333008
210 0 0 0.993431985378265 23.2670001983643
211 0 0 0.992089986801147 23.3353004455566
212 0 0 0.990751028060913 23.4036998748779
213 0 0 0.989416003227234 23.4720993041992
214 0 0 0.988083004951477 23.5405006408691
215 0 0 0.98675400018692 23.6089992523193
216 0 0 0.985427975654602 23.6776008605957
217 0 0 0.984104990959167 23.7462005615234
218 0 0 0.982785999774933 23.8148994445801
219 0 0 0.981469988822937 23.8836002349854
220 0 0 0.980158984661102 23.952299118042
221 0 0 0.978851020336151 24.0210990905762
222 0 0 0.977546989917755 24.0900001525879
223 0 0 0.976247012615204 24.158899307251
224 0 0 0.974951982498169 24.2278003692627
225 0 0 0.973659992218018 24.2968997955322
226 0 0 0.972373008728027 24.3659000396729
227 0 0 0.971090972423553 24.4349994659424
228 0 0 0.969812989234924 24.5041999816895
229 0 0 0.968540012836456 24.5734004974365
230 0 0 0.967271983623505 24.642599105835
231 0 0 0.966009020805359 24.7119007110596
232 0 0 0.964749991893768 24.7812004089355
233 0 0 0.9634969830513 24.8505992889404
234 0 0 0.962248027324677 24.9200992584229
235 0 0 0.961004972457886 24.9895992279053
236 0 0 0.959766983985901 25.0590991973877
237 0 0 0.958535015583038 25.1287002563477
238 0 0 0.957307994365692 25.198299407959
239 0 0 0.956085979938507 25.2679996490479
240 0 0 0.954869985580444 25.3376998901367
241 0 0 0.953660011291504 25.4074993133545
242 0 0 0.952455997467041 25.4773006439209
243 0 0 0.951256990432739 25.5471992492676
244 0 0 0.95006400346756 25.6170997619629
245 0 0 0.948876976966858 25.6870994567871
246 0 0 0.947695970535278 25.7570991516113
247 0 0 0.946520984172821 25.8271999359131
248 0 0 0.945352017879486 25.8973007202148
249 0 0 0.94419002532959 25.967399597168
250 7 4 0.94303297996521 26.0375995635986
251 0 0 0.941883027553558 26.1079006195068
252 0 0 0.94073897600174 26.1781997680664
253 0 0 0.939602017402649 26.2485008239746
254 0 0 0.938471019268036 26.3188991546631
255 0 0 0.9373459815979 26.3894004821777
256 0 0 0.936227977275848 26.4598999023438
257 0 0 0.93511700630188 26.5303993225098
258 0 0 0.934011995792389 26.6009998321533
259 0 0 0.932914018630981 26.6716003417969
260 0 0 0.931822001934052 26.7423000335693
261 0 0 0.930737018585205 26.8131008148193
262 0 0 0.929659008979797 26.8838005065918
263 0 0 0.928587973117828 26.9547004699707
264 0 0 0.927523970603943 27.0254993438721
265 0 0 0.926467001438141 27.0965003967285
266 0 0 0.925415992736816 27.1674003601074
267 0 0 0.924372971057892 27.2385005950928
268 0 0 0.923336982727051 27.3094997406006
269 0 0 0.922307014465332 27.3806991577148
270 0 0 0.921284973621368 27.4517993927002
271 0 0 0.920270025730133 27.523099899292
272 0 0 0.91926097869873 27.5942993164063
273 0 0 0.918259978294373 27.665599822998
274 0 0 0.917267024517059 27.7369995117188
275 0 0 0.916279971599579 27.8083992004395
276 0 0 0.915301024913788 27.8798999786377
277 0 0 0.914328992366791 27.9514007568359
278 0 0 0.913363993167877 28.0230007171631
279 0 0 0.912406027317047 28.0946006774902
280 0 0 0.911455988883972 28.1662998199463
281 0 0 0.910512983798981 28.238000869751
282 0 0 0.909578025341034 28.3097991943359
283 0 0 0.908649027347565 28.3815994262695
284 0 0 0.907729029655457 28.4535007476807
285 0 0 0.906814992427826 28.5254001617432
286 0 0 0.90590900182724 28.5974006652832
287 0 0 0.905010998249054 28.6695003509521
288 0 0 0.904120028018951 28.7415008544922
289 0 0 0.903235971927643 28.81369972229
290 0 0 0.902360022068024 28.8859004974365
291 0 0 0.90149199962616 28.9580993652344
292 0 0 0.900631010532379 29.0303993225098
293 0 0 0.899776995182037 29.1028003692627
294 0 0 0.89893102645874 29.175199508667
295 0 0 0.898091971874237 29.2476997375488
296 0 0 0.897261023521423 29.3201999664307
297 0 0 0.896438002586365 29.3927001953125
298 0 0 0.89562201499939 29.4654006958008
299 0 0 0.894814014434814 29.5380992889404
300 8 4 0.894012987613678 29.6107997894287
301 0 0 0.893220007419586 29.6835994720459
302 0 0 0.892435014247894 29.7563991546631
303 0 0 0.891656994819641 29.8292999267578
304 0 0 0.890887022018433 29.9022998809814
305 0 0 0.890124022960663 29.9752998352051
306 0 0 0.889369010925293 30.0484008789063
307 0 0 0.888620972633362 30.1215000152588
308 0 0 0.887880980968475 30.1947002410889
309 0 0 0.887148976325989 30.2679996490479
310 0 0 0.886425018310547 30.3412990570068
311 0 0 0.885707974433899 30.4146995544434
312 0 0 0.884998023509979 30.4881000518799
313 0 0 0.884297013282776 30.5615997314453
314 0 0 0.883602023124695 30.6350994110107
315 0 0 0.88291597366333 30.7087001800537
316 0 0 0.882237017154694 30.7824001312256
317 0 0 0.881565988063812 30.8561000823975
318 0 0 0.880901992321014 30.9298992156982
319 0 0 0.880245983600616 31.0037994384766
320 0 0 0.879598021507263 31.0776996612549
321 0 0 0.878956973552704 31.1515998840332
322 0 0 0.878323972225189 31.225700378418
323 0 0 0.877699017524719 31.2998008728027
324 0 0 0.877080976963043 31.3738994598389
325 0 0 0.876470983028412 31.4480991363525
326 0 0 0.875868022441864 31.5223999023438
327 0 0 0.875272989273071 31.5967998504639
328 0 0 0.874684989452362 31.671199798584
329 0 0 0.874105989933014 31.7457008361816
330 0 0 0.873533010482788 31.8201999664307
331 0 0 0.872968971729279 31.8948001861572
332 0 0 0.872412025928497 31.9694995880127
333 0 0 0.87186199426651 32.0442008972168
334 0 0 0.871320009231567 32.1189994812012
335 0 0 0.870786011219025 32.1939010620117
336 0 0 0.870258986949921 32.268798828125
337 0 0 0.869740009307861 32.3437995910645
338 0 0 0.869228005409241 32.4188995361328
339 0 0 0.86872398853302 32.4939994812012
340 0 0 0.868227005004883 32.5691986083984
341 0 0 0.867738008499146 32.644401550293
342 0 0 0.867256999015808 32.719799041748
343 0 0 0.866783022880554 32.7952003479004
344 0 0 0.866316020488739 32.8707008361816
345 0 0 0.865857005119324 32.9462013244629
346 0 0 0.865405976772308 33.021800994873
347 0 0 0.864961981773376 33.0974998474121
348 0 0 0.864525020122528 33.1731986999512
349 0 0 0.864095985889435 33.2490005493164
350 9 4 0.863673985004425 33.3249015808105
351 0 0 0.863259971141815 33.4009017944336
352 0 0 0.86285400390625 33.4768981933594
353 0 0 0.862453997135162 33.5530014038086
354 0 0 0.862062990665436 33.6291999816895
355 0 0 0.861678004264832 33.7053985595703
356 0 0 0.861301004886627 33.7817993164063
357 0 0 0.860931992530823 33.8582000732422
358 0 0 0.860570013523102 33.9346008300781
359 0 0 0.86021500825882 34.011100769043
360 0 0 0.859867990016937 34.0877990722656
361 0 0 0.859528005123138 34.1643981933594
362 0 0 0.859194993972778 34.2411994934082
363 0 0 0.858870029449463 34.318000793457
364 0 0 0.858551979064941 34.3949012756348
365 0 0 0.858241021633148 34.4719009399414
366 0 0 0.85793799161911 34.548999786377
367 0 0 0.857641994953156 34.6260986328125
368 0 0 0.85735297203064 34.7033004760742
369 0 0 0.857071995735168 34.7806015014648
370 0 0 0.856797993183136 34.8578987121582
371 0 0 0.856531023979187 34.9352989196777
372 0 0 0.856271982192993 35.0129013061523
373 0 0 0.856019973754883 35.0904006958008
374 0 0 0.855774998664856 35.168098449707
375 0 0 0.855536997318268 35.2458000183105
376 0 0 0.85530698299408 35.323600769043
377 0 0 0.855082988739014 35.4015007019043
378 0 0 0.854866981506348 35.4794998168945
379 0 0 0.854659020900726 35.5574989318848
380 0 0 0.854457020759583 35.6357002258301
381 0 0 0.854263007640839 35.7139015197754
382 0 0 0.854075014591217 35.7921981811523
383 0 0 0.853895008563995 35.8704986572266
384 0 0 0.853721976280212 35.9490013122559
385 0 0 0.853555977344513 36.0275001525879
386 0 0 0.853398025035858 36.1060981750488
387 0 0 0.853245973587036 36.1847991943359
388 0 0 0.853102028369904 36.263500213623
389 0 0 0.852964997291565 36.3423004150391
390 0 0 0.852833986282349 36.4212989807129
391 0 0 0.852711021900177 36.500301361084
392 0 0 0.852594971656799 36.5792999267578
393 0 0 0.85248601436615 36.6585006713867
394 0 0 0.852383971214294 36.7377014160156
395 0 0 0.852289021015167 36.8171005249023
396 0 0 0.852200984954834 36.8964996337891
397 0 0 0.852119982242584 36.9758987426758
398 0 0 0.852047026157379 37.0555000305176
399 0 0 0.851979970932007 37.1352005004883
400 10 4 0.851920008659363 37.214900970459
401 0 0 0.851867020130157 37.2947006225586
402 0 0 0.851821005344391 37.3745994567871
403 0 0 0.851782023906708 37.4546012878418
404 0 0 0.851750016212463 37.5345993041992
405 0 0 0.851724982261658 37.6147994995117
406 0 0 0.851706027984619 37.6949996948242
407 0 0 0.851695001125336 37.7752990722656
408 0 0 0.851691007614136 37.8557014465332
409 11 2 0.851691007614136 37.86669921875
-410 0 0 0.851693987846375 37.9472007751465
-411 0 0 0.851704001426697 38.0278015136719
-412 0 0 0.851722002029419 38.1083984375
-413 0 0 0.851746022701263 38.1892013549805
-414 0 0 0.851777017116547 38.2700004577637
-415 0 0 0.851813971996307 38.3508987426758
-416 0 0 0.851858973503113 38.4318008422852
-417 0 0 0.851909995079041 38.5129013061523
-418 0 0 0.851967990398407 38.5941009521484
-419 0 0 0.852033019065857 38.6753005981445
-420 0 0 0.852105021476746 38.7565994262695
-421 0 0 0.852182984352112 38.8380012512207
-422 0 0 0.852268993854523 38.9194984436035
-423 0 0 0.852361023426056 39.0010986328125
-424 0 0 0.852459013462067 39.0826988220215
-425 0 0 0.852564990520477 39.1645011901855
-426 0 0 0.85267698764801 39.2462997436523
-427 0 0 0.852796018123627 39.3282012939453
-428 0 0 0.852921009063721 39.4101982116699
-429 0 0 0.853052973747253 39.4922981262207
-430 0 0 0.85319197177887 39.5744018554688
-431 0 0 0.853338003158569 39.6567001342773
-432 0 0 0.853489995002747 39.7389984130859
-433 0 0 0.853648006916046 39.8213996887207
-434 0 0 0.853814005851746 39.9039001464844
-435 0 0 0.853986024856567 39.986499786377
-436 0 0 0.854164004325867 40.0690994262695
-437 0 0 0.854349970817566 40.1519012451172
-438 0 0 0.854541003704071 40.2346992492676
-439 0 0 0.854739010334015 40.3176002502441
-440 0 0 0.854943990707397 40.4006004333496
-441 0 0 0.855156004428864 40.483699798584
-442 0 0 0.855373024940491 40.5668983459473
-443 0 0 0.855597972869873 40.6501007080078
-444 0 0 0.855829000473022 40.7335014343262
-445 0 0 0.856065988540649 40.8168983459473
-446 0 0 0.85631000995636 40.9003982543945
-447 0 0 0.856559991836548 40.984001159668
-448 0 0 0.856817007064819 41.067699432373
-449 0 0 0.857079982757568 41.1514015197754
-450 12 4 0.857349991798401 41.2352981567383
-451 0 0 0.857626020908356 41.3191986083984
-452 0 0 0.857908010482788 41.4031982421875
-453 0 0 0.858196973800659 41.4873008728027
-454 0 0 0.858492016792297 41.5714988708496
-455 0 0 0.858793973922729 41.6557006835938
-456 0 0 0.859102010726929 41.7401008605957
-457 0 0 0.859416007995605 41.8245010375977
-458 0 0 0.859736025333405 41.9090003967285
-459 0 0 0.860063016414642 41.9935989379883
-460 0 0 0.860396027565002 42.0783004760742
-461 0 0 0.860736012458801 42.1629981994629
-462 0 0 0.861082017421722 42.2478981018066
-463 0 0 0.861433982849121 42.3328018188477
-464 0 0 0.861792027950287 42.4178009033203
-465 0 0 0.862155973911285 42.5028991699219
-466 0 0 0.862527012825012 42.5880012512207
-467 0 0 0.862904012203217 42.6733016967773
-468 0 0 0.863286972045898 42.7585983276367
-469 0 0 0.863677024841309 42.8440017700195
-470 0 0 0.864072024822235 42.929500579834
-471 0 0 0.8644739985466 43.0150985717773
-472 0 0 0.864881992340088 43.1007995605469
-473 0 0 0.865296006202698 43.1865005493164
-474 0 0 0.865715980529785 43.2723007202148
-475 0 0 0.866141974925995 43.3582000732422
-476 0 0 0.866573989391327 43.4441986083984
-477 0 0 0.867012023925781 43.5303001403809
-478 0 0 0.86745697259903 43.6164016723633
-479 0 0 0.867906987667084 43.7025985717773
-480 0 0 0.868363976478577 43.7888984680176
-481 0 0 0.868825972080231 43.875301361084
-482 0 0 0.869295001029968 43.9617004394531
-483 0 0 0.869769990444183 44.0483016967773
-484 0 0 0.87024998664856 44.1348991394043
-485 0 0 0.870737016201019 44.2215995788574
-486 0 0 0.871228992938995 44.3083992004395
-487 0 0 0.871728003025055 44.3951988220215
-488 0 0 0.872232019901276 44.4821014404297
-489 0 0 0.872741997241974 44.5690994262695
-490 0 0 0.873259007930756 44.6562004089355
-491 0 0 0.873781025409698 44.7434005737305
-492 0 0 0.874309003353119 44.8306007385254
-493 0 0 0.874843001365662 44.9179000854492
-494 0 0 0.875383019447327 45.005298614502
-495 0 0 0.875927984714508 45.0928001403809
-496 0 0 0.876479983329773 45.1803016662598
-497 0 0 0.877036988735199 45.2680015563965
-498 0 0 0.877600014209747 45.3557014465332
-499 0 0 0.878169000148773 45.4434013366699
-500 13 4 0.87874299287796 45.5312995910645
-501 0 0 0.879324018955231 45.6192016601563
-502 0 0 0.879909992218018 45.7071990966797
-503 0 0 0.880501985549927 45.7952995300293
-504 0 0 0.881098985671997 45.8833999633789
-505 0 0 0.88170200586319 45.9715995788574
-506 0 0 0.88231098651886 46.0598983764648
-507 0 0 0.882925987243652 46.1483001708984
-508 0 0 0.883545994758606 46.2366981506348
-509 0 0 0.884172022342682 46.3251991271973
-510 0 0 0.884804010391235 46.4137992858887
-511 0 0 0.88544100522995 46.502498626709
-512 0 0 0.886084020137787 46.5912017822266
-513 0 0 0.88673198223114 46.6800003051758
-514 0 0 0.88738602399826 46.768798828125
-515 0 0 0.888045012950897 46.8577995300293
-516 0 0 0.888710021972656 46.9468002319336
-517 0 0 0.889380991458893 47.0359001159668
-518 0 0 0.890057027339935 47.125
-519 0 0 0.890739023685455 47.2141990661621
-520 0 0 0.891426026821136 47.3035011291504
-521 0 0 0.892117977142334 47.3928985595703
-522 0 0 0.892816007137299 47.4822998046875
-523 0 0 0.893519997596741 47.5718002319336
-524 0 0 0.894228994846344 47.6613006591797
-525 0 0 0.894942998886108 47.7509994506836
-526 0 0 0.895663022994995 47.8406982421875
-527 0 0 0.896387994289398 47.9304008483887
-528 0 0 0.897117972373962 48.0203018188477
-529 0 0 0.897853970527649 48.1101989746094
-530 0 0 0.898594975471497 48.2000999450684
-531 0 0 0.899342000484467 48.2901000976563
-532 0 0 0.900093972682953 48.380199432373
-533 0 0 0.900851011276245 48.470401763916
-534 0 0 0.901612997055054 48.5606002807617
-535 0 0 0.902381002902985 48.6509017944336
-536 0 0 0.903154015541077 48.7412986755371
-537 0 0 0.903931975364685 48.8316993713379
-538 0 0 0.904715001583099 48.9221992492676
-539 0 0 0.905503988265991 49.0126991271973
-540 0 0 0.906297981739044 49.1032981872559
-541 0 0 0.907096982002258 49.1940002441406
-542 0 0 0.907900989055634 49.2846984863281
-543 0 0 0.90871000289917 49.3754997253418
-544 0 0 0.909524977207184 49.4663009643555
-545 0 0 0.910344004631042 49.557300567627
-546 0 0 0.911168992519379 49.6482009887695
-547 0 0 0.911998987197876 49.7392997741699
-548 0 0 0.912833988666534 49.8303985595703
-549 0 0 0.913672983646393 49.921501159668
-550 14 4 0.914517998695374 50.0126991271973
-551 0 0 0.915368020534515 50.1040000915527
-552 0 0 0.916224002838135 50.1953010559082
-553 0 0 0.917083978652954 50.2867012023926
-554 0 0 0.917949020862579 50.3782005310059
-555 0 0 0.918819010257721 50.4696998596191
-556 0 0 0.919694006443024 50.5611991882324
-557 0 0 0.920574009418488 50.6529006958008
-558 0 0 0.921458005905151 50.744499206543
-559 0 0 0.922348022460938 50.8362998962402
-560 0 0 0.92324298620224 50.9281005859375
-561 0 0 0.924142003059387 51.0199012756348
-562 0 0 0.925046980381012 51.1118011474609
-563 0 0 0.925956010818481 51.203800201416
-564 0 0 0.926869988441467 51.2957992553711
-565 0 0 0.927788972854614 51.3877983093262
-566 0 0 0.928713023662567 51.4799003601074
-567 0 0 0.929642021656036 51.5721015930176
-568 0 0 0.930575013160706 51.6642990112305
-569 0 0 0.931513011455536 51.7565994262695
-570 0 0 0.932456016540527 51.8488998413086
-571 0 0 0.93340402841568 51.9412994384766
-572 0 0 0.934355974197388 52.0337982177734
-573 0 0 0.935312986373901 52.1262016296387
-574 0 0 0.936275005340576 52.2187995910645
-575 0 0 0.937241971492767 52.3114013671875
-576 0 0 0.938212990760803 52.4039993286133
-577 0 0 0.939189016819 52.4967002868652
-578 0 0 0.940168976783752 52.5894012451172
-579 0 0 0.941154003143311 52.682201385498
-580 0 0 0.942143976688385 52.7750015258789
-581 0 0 0.943138003349304 52.8679008483887
-582 0 0 0.94413697719574 52.9608993530273
-583 0 0 0.945141017436981 53.0537986755371
-584 0 0 0.946148991584778 53.146900177002
-585 0 0 0.947161018848419 53.2398986816406
-586 0 0 0.948177993297577 53.3330993652344
-587 0 0 0.949199974536896 53.4262008666992
-588 0 0 0.950226008892059 53.5195007324219
-589 0 0 0.951256990432739 53.6127014160156
-590 0 0 0.952292025089264 53.7060012817383
-591 0 0 0.953330993652344 53.7994003295898
-592 0 0 0.954375028610229 53.8927993774414
-593 0 0 0.955424010753632 53.986198425293
-594 0 0 0.956476986408234 54.0797004699707
-595 0 0 0.95753401517868 54.1731986999512
-596 0 0 0.958594977855682 54.2667999267578
-597 0 0 0.95966100692749 54.3604011535645
-598 0 0 0.960731983184814 54.4541015625
-599 0 0 0.961807012557983 54.5477981567383
-600 15 4 0.962885975837708 54.6414985656738
-601 0 0 0.963968992233276 54.7352981567383
-602 0 0 0.965057015419006 54.8292007446289
-603 0 0 0.966148972511292 54.9230003356934
-604 0 0 0.967244982719421 55.0169982910156
-605 0 0 0.968344986438751 55.1109008789063
-606 0 0 0.969449996948242 55.2048988342285
-607 0 0 0.970559000968933 55.298900604248
-608 0 0 0.971671998500824 55.3930015563965
-609 0 0 0.972790002822876 55.4870986938477
-610 0 0 0.973912000656128 55.581298828125
-611 0 0 0.975036978721619 55.6754989624023
-612 0 0 0.976167976856232 55.7696990966797
-613 0 0 0.977302014827728 55.8639984130859
-614 0 0 0.97843998670578 55.9583015441895
-615 0 0 0.979583024978638 56.0526008605957
-616 0 0 0.980728983879089 56.1469993591309
-617 0 0 0.981880009174347 56.2414016723633
-618 0 0 0.983035027980804 56.3358993530273
-619 0 0 0.984193980693817 56.4304008483887
-620 0 0 0.985355973243713 56.5248985290527
-621 0 0 0.986522972583771 56.619499206543
-622 0 0 0.987694978713989 56.7140998840332
-623 0 0 0.988870024681091 56.8087005615234
-624 0 0 0.990049004554749 56.9034004211426
-625 0 0 0.991231977939606 56.9981002807617
-626 0 0 0.992419004440308 57.0928993225098
-627 0 0 0.993610024452209 57.1875991821289
-628 0 0 0.994804978370667 57.2825012207031
-629 0 0 0.996003985404968 57.3773002624512
-630 0 0 0.99720698595047 57.4721984863281
-631 0 0 0.998413980007172 57.5671005249023
-632 0 0 0.999625027179718 57.6619987487793
-633 0 0 1.00083994865417 57.7569999694824
-634 0 0 1.00206005573273 57.8520011901855
-635 0 0 1.00328004360199 57.9471015930176
-636 0 0 1.00451004505157 58.0420989990234
-637 0 0 1.00574004650116 58.1371994018555
-638 0 0 1.00697004795074 58.2323989868164
-639 0 0 1.00820994377136 58.3275985717773
-640 0 0 1.00944995880127 58.4227981567383
-641 0 0 1.0106999874115 58.5180015563965
-642 0 0 1.01195001602173 58.6132011413574
-643 0 0 1.01320004463196 58.7084999084473
-644 0 0 1.01445996761322 58.8039016723633
-645 0 0 1.01572000980377 58.8992004394531
-646 0 0 1.01698005199432 58.9945983886719
-647 0 0 1.01824998855591 59.0900001525879
-648 0 0 1.01952004432678 59.1853981018066
-649 0 0 1.02079999446869 59.2808990478516
-650 16 4 1.0220799446106 59.3763999938965
-651 0 0 1.02336001396179 59.4719009399414
-652 0 0 1.02464997768402 59.5675010681152
-653 0 0 1.02593994140625 59.6629981994629
-654 0 0 1.02723002433777 59.7585983276367
-655 0 0 1.02853000164032 59.8543014526367
-656 0 0 1.02982997894287 59.9499015808105
-657 0 0 1.03113996982574 60.0456008911133
-658 0 0 1.0324399471283 60.141300201416
-659 0 0 1.03375995159149 60.2370986938477
-660 0 0 1.03506994247437 60.3328018188477
-661 0 0 1.03638994693756 60.4286003112793
-662 0 0 1.03770995140076 60.5243988037109
-663 0 0 1.03903996944427 60.6203002929688
-664 0 0 1.04036998748779 60.7160987854004
-665 0 0 1.04170000553131 60.8120002746582
-666 0 0 1.04304003715515 60.907901763916
-667 0 0 1.0443799495697 61.0038986206055
-668 0 0 1.04572999477386 61.0998001098633
-669 0 0 1.04708003997803 61.19580078125
-670 0 0 1.0484299659729 61.2918014526367
-671 0 0 1.04978001117706 61.3879013061523
-672 0 0 1.05113995075226 61.4838981628418
-673 0 0 1.05250000953674 61.5800018310547
-674 0 0 1.05386996269226 61.6761016845703
-675 0 0 1.05523002147675 61.7722015380859
-676 0 0 1.05660998821259 61.8684005737305
-677 0 0 1.0579799413681 61.9645004272461
-678 0 0 1.05936002731323 62.0606994628906
-679 0 0 1.06073999404907 62.1568984985352
-680 0 0 1.06212997436523 62.2532005310059
-681 0 0 1.0635199546814 62.3493995666504
-682 0 0 1.06491005420685 62.4457015991211
-683 0 0 1.06631004810333 62.5419998168945
-684 0 0 1.06771004199982 62.6383018493652
-685 0 0 1.0691100358963 62.7346000671387
-686 0 0 1.07051002979279 62.8310012817383
-687 0 0 1.07192003726959 62.9273986816406
-688 0 0 1.07334005832672 63.0237998962402
-689 0 0 1.07474994659424 63.1202011108398
-690 0 0 1.07616996765137 63.2165985107422
-691 0 0 1.0775899887085 63.3130989074707
-692 0 0 1.07902002334595 63.4095993041992
-693 0 0 1.0804500579834 63.5060997009277
-694 0 0 1.08187997341156 63.6026000976563
-695 0 0 1.08332002162933 63.6991004943848
-696 0 0 1.08475005626678 63.7957000732422
-697 0 0 1.08619999885559 63.8922996520996
-698 0 0 1.08764004707336 63.9888000488281
-699 0 0 1.08908998966217 64.0854034423828
-700 17 4 1.09054005146027 64.1820983886719
-701 0 0 1.09200000762939 64.2787017822266
-702 0 0 1.0934499502182 64.3753967285156
-703 0 0 1.09492003917694 64.4720993041992
-704 0 0 1.09637999534607 64.5688018798828
-705 0 0 1.09784996509552 64.6654968261719
-706 0 0 1.09932005405426 64.7621994018555
-707 0 0 1.10079002380371 64.8589019775391
-708 0 0 1.10227000713348 64.9557037353516
-709 0 0 1.10374999046326 65.0524978637695
-710 0 0 1.10522997379303 65.149299621582
-711 0 0 1.10671997070313 65.2461013793945
-712 0 0 1.10820996761322 65.342903137207
-713 0 0 1.10969996452332 65.4397964477539
-714 0 0 1.11119997501373 65.5365982055664
-715 0 0 1.11269998550415 65.6334991455078
-716 0 0 1.11419999599457 65.7304000854492
-717 0 0 1.11570000648499 65.8273010253906
-718 0 0 1.11721003055573 65.924201965332
-719 0 0 1.11872005462646 66.0211029052734
-720 0 0 1.12023997306824 66.1181030273438
-721 0 0 1.1217600107193 66.2149963378906
-722 0 0 1.12328004837036 66.3119964599609
-723 0 0 1.12479996681213 66.4089965820313
-724 0 0 1.12633001804352 66.5059967041016
-725 0 0 1.12785005569458 66.6029968261719
-726 0 0 1.129390001297 66.7001037597656
-727 0 0 1.13092005252838 66.7970962524414
-728 0 0 1.1324599981308 66.8942031860352
-729 0 0 1.13399994373322 66.9913024902344
-730 0 0 1.13555002212524 67.0884017944336
-731 0 0 1.13708996772766 67.1855010986328
-732 0 0 1.13864004611969 67.282600402832
-733 0 0 1.14020001888275 67.3796997070313
-734 0 0 1.14174997806549 67.4767990112305
-735 0 0 1.14330995082855 67.5739974975586
-736 0 0 1.14488005638123 67.6712036132813
-737 0 0 1.14644002914429 67.7683029174805
-738 0 0 1.14801001548767 67.8655014038086
-739 0 0 1.14958000183105 67.9626998901367
-740 0 0 1.15114998817444 68.0598983764648
-741 0 0 1.15272998809814 68.1572036743164
-742 0 0 1.15430998802185 68.2544021606445
-743 0 0 1.15588998794556 68.3516998291016
-744 0 0 1.15748000144958 68.4488983154297
-745 0 0 1.15907001495361 68.5462036132813
-746 0 0 1.16066002845764 68.6435012817383
-747 0 0 1.16225004196167 68.7407989501953
-748 0 0 1.16384994983673 68.8380966186523
-749 0 0 1.16544997692108 68.9354019165039
-750 18 4 1.16705000400543 69.0326995849609
-751 0 0 1.1686600446701 69.1300964355469
-752 0 0 1.17026996612549 69.2274017333984
-753 0 0 1.17188000679016 69.3247985839844
-754 0 0 1.17349004745483 69.4220962524414
-755 0 0 1.17510998249054 69.5195007324219
-756 0 0 1.17673003673553 69.6168975830078
-757 0 0 1.17834997177124 69.7143020629883
-758 0 0 1.17997002601624 69.8116989135742
-759 0 0 1.18159997463226 69.9091033935547
-760 0 0 1.18323004245758 70.0065994262695
-761 0 0 1.18487000465393 70.1039962768555
-762 0 0 1.18649995326996 70.2014999389648
-763 0 0 1.1881400346756 70.2988967895508
-764 0 0 1.18979001045227 70.3964004516602
-765 0 0 1.19142997264862 70.493896484375
-766 0 0 1.19307994842529 70.5914001464844
-767 0 0 1.19473004341125 70.6889038085938
-768 0 0 1.19638001918793 70.7863998413086
-769 0 0 1.19804000854492 70.883903503418
-770 0 0 1.19969999790192 70.9813995361328
-771 0 0 1.20135998725891 71.0789031982422
-772 0 0 1.20301997661591 71.1764984130859
-773 0 0 1.20468997955322 71.2740020751953
-774 0 0 1.20635998249054 71.3715972900391
-775 0 0 1.20802998542786 71.4691009521484
-776 0 0 1.20969998836517 71.5667037963867
-777 0 0 1.21138000488281 71.6642990112305
-778 0 0 1.21306002140045 71.7619018554688
-779 0 0 1.21474003791809 71.8594970703125
-780 0 0 1.21642994880676 71.9570999145508
-781 0 0 1.21811997890472 72.0547027587891
-782 0 0 1.21981000900269 72.1522979736328
-783 0 0 1.22150003910065 72.25
-784 0 0 1.22319996356964 72.3476028442383
-785 0 0 1.22490000724792 72.445198059082
-786 0 0 1.22660005092621 72.5429000854492
-787 0 0 1.2282999753952 72.6406021118164
-788 0 0 1.23001003265381 72.7381973266602
-789 0 0 1.23171997070313 72.8358993530273
-790 0 0 1.23343002796173 72.9336013793945
-791 0 0 1.23514997959137 73.0313034057617
-792 0 0 1.2368700504303 73.1289978027344
-793 0 0 1.23859000205994 73.2266998291016
-794 0 0 1.24030995368958 73.3244018554688
-795 0 0 1.2420300245285 73.4220962524414
-796 0 0 1.24375998973846 73.5197982788086
-797 0 0 1.24548995494843 73.6175003051758
-798 0 0 1.247230052948 73.7153015136719
-799 0 0 1.24896001815796 73.8130035400391
-800 19 4 1.25069999694824 73.9107971191406
-801 0 0 1.25243997573853 74.0084991455078
-802 0 0 1.25418996810913 74.1063003540039
-803 0 0 1.25592994689941 74.2040023803711
-804 0 0 1.25768005847931 74.3018035888672
-805 0 0 1.25943005084991 74.3995971679688
-806 0 0 1.26119005680084 74.4973983764648
-807 0 0 1.26294004917145 74.5951995849609
-808 0 0 1.26470005512238 74.693000793457
-809 0 0 1.26645994186401 74.7908020019531
-810 0 0 1.26822996139526 74.8886032104492
-811 0 0 1.26999998092651 74.9863967895508
-812 0 0 1.27177000045776 75.0841979980469
-813 0 0 1.27354001998901 75.181999206543
-814 0 0 1.27531003952026 75.279899597168
-815 0 0 1.27708995342255 75.3777008056641
-816 0 0 1.27886998653412 75.4755020141602
-817 0 0 1.28065001964569 75.5734024047852
-818 0 0 1.2824399471283 75.6712036132813
-819 0 0 1.28421998023987 75.7690963745117
-820 0 0 1.28601002693176 75.8668975830078
-821 0 0 1.28779995441437 75.9647979736328
-822 0 0 1.28960001468658 76.0626983642578
-823 0 0 1.29139995574951 76.1604995727539
-824 0 0 1.29320001602173 76.2583999633789
-825 0 0 1.29499995708466 76.3563003540039
-826 0 0 1.29680001735687 76.4542007446289
-827 0 0 1.29860997200012 76.5521011352539
-828 0 0 1.30042004585266 76.6500015258789
-829 0 0 1.30223000049591 76.7479019165039
-830 0 0 1.30404996871948 76.8458023071289
-831 0 0 1.30587005615234 76.9437026977539
-832 0 0 1.30769002437592 77.0416030883789
-833 0 0 1.30950999259949 77.1395034790039
-834 0 0 1.31132996082306 77.2375030517578
-835 0 0 1.31315994262695 77.3354034423828
-836 0 0 1.31499004364014 77.4332962036133
-837 0 0 1.31682002544403 77.5313034057617
-838 0 0 1.31866002082825 77.6292037963867
-839 0 0 1.32049000263214 77.7270965576172
-840 0 0 1.32232999801636 77.8251037597656
-841 0 0 1.3241800069809 77.9229965209961
-842 0 0 1.32602000236511 78.0210037231445
-843 0 0 1.32787001132965 78.1190032958984
-844 0 0 1.32972002029419 78.2169036865234
-845 0 0 1.33157002925873 78.3149032592773
-846 0 0 1.33342003822327 78.4129028320313
-847 0 0 1.33527994155884 78.5108032226563
-848 0 0 1.3371399641037 78.6088027954102
-849 0 0 1.33899998664856 78.7068023681641
-850 20 4 1.34087002277374 78.804801940918
-851 0 0 1.3427300453186 78.9028015136719
-852 0 0 1.3445999622345 79.0008010864258
-853 0 0 1.34646999835968 79.0988006591797
-854 0 0 1.34835004806519 79.1967010498047
-855 0 0 1.35021996498108 79.2947998046875
-856 0 0 1.35210001468658 79.3927993774414
-857 0 0 1.3539799451828 79.4907989501953
-858 0 0 1.35587000846863 79.5887985229492
-859 0 0 1.35775005817413 79.6867980957031
-860 0 0 1.35964000225067 79.784797668457
-861 0 0 1.36152994632721 79.8827972412109
-862 0 0 1.36343002319336 79.9807968139648
-863 0 0 1.3653199672699 80.0789031982422
-864 0 0 1.36722004413605 80.1769027709961
-865 0 0 1.36912000179291 80.27490234375
-866 0 0 1.37101995944977 80.3730010986328
-867 0 0 1.37293004989624 80.4710006713867
-868 0 0 1.37484002113342 80.5690002441406
-869 0 0 1.37674999237061 80.6670989990234
-870 0 0 1.37865996360779 80.7650985717773
-871 0 0 1.38057005405426 80.8631973266602
-872 0 0 1.38249003887177 80.9611968994141
-873 0 0 1.38441002368927 81.0593032836914
-874 0 0 1.38633000850677 81.1573028564453
-875 0 0 1.3882600069046 81.2554016113281
-876 0 0 1.39017999172211 81.353401184082
-877 0 0 1.39210999011993 81.4514999389648
-878 0 0 1.39405000209808 81.5494995117188
-879 0 0 1.39598000049591 81.6475982666016
-880 0 0 1.39792001247406 81.7456970214844
-881 0 0 1.39985001087189 81.8436965942383
-882 0 0 1.40180003643036 81.9418029785156
-883 0 0 1.40374004840851 82.0399017333984
-884 0 0 1.40567994117737 82.1380004882813
-885 0 0 1.40762996673584 82.2360000610352
-886 0 0 1.40957999229431 82.334098815918
-887 0 0 1.41154003143311 82.4321975708008
-888 0 0 1.41349005699158 82.5302963256836
-889 0 0 1.41544997692108 82.6284027099609
-890 0 0 1.41741001605988 82.7265014648438
-891 0 0 1.41937005519867 82.8245010375977
-892 0 0 1.4213399887085 82.9225997924805
-893 0 0 1.42330002784729 83.0206985473633
-894 0 0 1.42526996135712 83.1187973022461
-895 0 0 1.42725002765656 83.2169036865234
-896 0 0 1.42921996116638 83.3150024414063
-897 0 0 1.43120002746582 83.4131011962891
-898 0 0 1.43317997455597 83.5111999511719
-899 0 0 1.43516004085541 83.6092987060547
-900 21 4 1.43713998794556 83.7073974609375
-901 0 0 1.43912994861603 83.8054962158203
-902 0 0 1.44111001491547 83.9036026000977
-903 0 0 1.44310998916626 84.0017013549805
-904 0 0 1.44509994983673 84.0998001098633
-905 0 0 1.44709002971649 84.197998046875
-906 0 0 1.44909000396729 84.2960968017578
-907 0 0 1.45108997821808 84.3942031860352
-908 0 0 1.45308995246887 84.492301940918
-909 0 0 1.45510005950928 84.5904006958008
-910 0 0 1.45711004734039 84.6884994506836
-911 0 0 1.45911002159119 84.7865982055664
-912 0 0 1.46113002300262 84.8848037719727
-913 0 0 1.46314001083374 84.9829025268555
-914 0 0 1.46516001224518 85.0810012817383
-915 0 0 1.46718001365662 85.1791000366211
-916 0 0 1.46920001506805 85.2772979736328
-917 0 0 1.47122001647949 85.3753967285156
-918 0 0 1.47325003147125 85.473503112793
-919 0 0 1.47527003288269 85.5716018676758
-920 0 0 1.47730004787445 85.6697998046875
-921 0 0 1.47933995723724 85.7678985595703
-922 0 0 1.481369972229 85.8659973144531
-923 0 0 1.48341000080109 85.9641036987305
-924 0 0 1.48545002937317 86.0623016357422
-925 0 0 1.48749005794525 86.160400390625
-926 0 0 1.48952996730804 86.2584991455078
-927 0 0 1.49158000946045 86.3566970825195
-928 0 0 1.49363005161285 86.4548034667969
-929 0 0 1.49567997455597 86.5529022216797
-930 0 0 1.49773001670837 86.6511001586914
-931 0 0 1.49978995323181 86.7491989135742
-932 0 0 1.50185000896454 86.847297668457
-933 0 0 1.50390994548798 86.9455032348633
-934 0 0 1.5059700012207 87.0436019897461
-935 0 0 1.50803995132446 87.1417999267578
-936 0 0 1.51010000705719 87.2398986816406
-937 0 0 1.51216995716095 87.3379974365234
-938 0 0 1.51425004005432 87.4362030029297
-939 0 0 1.51631999015808 87.5343017578125
-940 0 0 1.51839995384216 87.6324996948242
-941 0 0 1.52047002315521 87.730598449707
-942 0 0 1.52256000041962 87.8286972045898
-943 0 0 1.5246399641037 87.9269027709961
-944 0 0 1.5267299413681 88.0250015258789
-945 0 0 1.52881002426147 88.1231994628906
-946 0 0 1.53090000152588 88.2212982177734
-947 0 0 1.53299999237061 88.3195037841797
-948 0 0 1.53508996963501 88.4176025390625
-949 0 0 1.53718996047974 88.5157012939453
-950 22 4 1.53928995132446 88.613899230957
-951 0 0 1.54138994216919 88.7119979858398
-952 0 0 1.54349994659424 88.8102035522461
-953 0 0 1.54560005664825 88.9083023071289
-954 0 0 1.54770994186401 89.0065002441406
-955 0 0 1.54981994628906 89.1045989990234
-956 0 0 1.55193996429443 89.2027969360352
-957 0 0 1.55404996871948 89.3009033203125
-958 0 0 1.55616998672485 89.3991012573242
-959 0 0 1.55829000473022 89.497200012207
-960 0 0 1.5604100227356 89.5952987670898
-961 0 0 1.56254005432129 89.6934967041016
-962 0 0 1.56465995311737 89.7916030883789
-963 0 0 1.56678998470306 89.8898010253906
-964 0 0 1.56893002986908 89.9878997802734
-965 0 0 1.57105994224548 90.0860977172852
-966 0 0 1.5731999874115 90.184196472168
-967 0 0 1.57534003257751 90.2824020385742
-968 0 0 1.57747995853424 90.380500793457
-969 0 0 1.57962000370026 90.4786987304688
-970 0 0 1.5817699432373 90.5767974853516
-971 0 0 1.58390998840332 90.6748962402344
-972 0 0 1.58606004714966 90.7731018066406
-973 0 0 1.58822000026703 90.8712005615234
-974 0 0 1.59037005901337 90.9693984985352
-975 0 0 1.59253001213074 91.067497253418
-976 0 0 1.59468996524811 91.1657028198242
-977 0 0 1.59685003757477 91.263801574707
-978 0 0 1.59900999069214 91.3619995117188
-979 0 0 1.60117995738983 91.4600982666016
-980 0 0 1.60335004329681 91.5581970214844
-981 0 0 1.60552000999451 91.6564025878906
-982 0 0 1.6076899766922 91.7545013427734
-983 0 0 1.60986995697021 91.8526992797852
-984 0 0 1.61205005645752 91.950798034668
-985 0 0 1.61423003673553 92.0490036010742
-986 0 0 1.61641001701355 92.147102355957
-987 0 0 1.61858999729156 92.2452011108398
-988 0 0 1.6207799911499 92.3433990478516
-989 0 0 1.62296998500824 92.4414978027344
-990 0 0 1.62515997886658 92.5395965576172
-991 0 0 1.62735998630524 92.6378021240234
-992 0 0 1.62954998016357 92.7359008789063
-993 0 0 1.63174998760223 92.834098815918
-994 0 0 1.63394999504089 92.9321975708008
-995 0 0 1.63615000247955 93.0302963256836
-996 0 0 1.63836002349854 93.1285018920898
-997 0 0 1.64057004451752 93.2266006469727
-998 0 0 1.64277994632721 93.3246994018555
-999 0 0 1.64498996734619 93.4228973388672
-1000 23 9 1.6472100019455 93.5210037231445
