-1000 43 9 -5.80286979675293 -14.9553003311157
-999 0 0 -5.79698991775513 -14.9531002044678
-998 0 0 -5.79111003875732 -14.951000213623
-997 0 0 -5.78523015975952 -14.9488000869751
-996 0 0 -5.77934980392456 -14.9467000961304
-995 0 0 -5.77346992492676 -14.9444999694824
-994 0 0 -5.76758003234863 -14.9423999786377
-993 0 0 -5.76169013977051 -14.9401998519897
-992 0 0 -5.75580978393555 -14.9379997253418
-991 0 0 -5.74991989135742 -14.9357995986938
-990 0 0 -5.7440299987793 -14.9336004257202
-989 0 0 -5.73814010620117 -14.9314002990723
-988 0 0 -5.73225021362305 -14.9292001724243
-987 0 0 -5.72635984420776 -14.9270000457764
-986 0 0 -5.72045993804932 -14.9247999191284
-985 0 0 -5.71457004547119 -14.9225997924805
-984 0 0 -5.70867013931274 -14.9203996658325
-983 0 0 -5.70277976989746 -14.9181995391846
-982 0 0 -5.69687986373901 -14.9159002304077
-981 0 0 -5.69097995758057 -14.9137001037598
-980 0 0 -5.68508005142212 -14.9114999771118
-979 0 0 -5.67918014526367 -14.9091997146606
-978 0 0 -5.6732702255249 -14.9069995880127
-977 0 0 -5.6673698425293 -14.9047002792358
-976 0 0 -5.66146993637085 -14.9025001525879
-975 0 0 -5.65556001663208 -14.9001998901367
-974 0 0 -5.64965009689331 -14.8978996276855
-973 0 0 -5.64374017715454 -14.8957004547119
-972 0 0 -5.63783979415894 -14.8934001922607
-971 0 0 -5.63192987442017 -14.8910999298096
-970 0 0 -5.62600994110107 -14.8887996673584
-969 0 0 -5.6201000213623 -14.8865003585815
-968 0 0 -5.61419010162354 -14.8842000961304
-967 0 0 -5.60827016830444 -14.8818998336792
-966 0 0 -5.60235977172852 -14.879599571228
-965 0 0 -5.59643983840942 -14.8773002624512
-964 0 0 -5.59051990509033 -14.8748998641968
-963 0 0 -5.58459997177124 -14.8725996017456
-962 0 0 -5.57868003845215 -14.8703002929688
-961 0 0 -5.57276010513306 -14.8678998947144
-960 0 0 -5.56684017181396 -14.8655996322632
-959 0 0 -5.56091022491455 -14.8632001876831
-958 0 0 -5.5549898147583 -14.8608999252319
-957 0 0 -5.54905986785889 -14.8584995269775
-956 0 0 -5.54312992095947 -14.8561000823975
-955 0 0 -5.53720998764038 -14.8537998199463
-954 0 0 -5.53128004074097 -14.8514003753662
-953 0 0 -5.52535009384155 -14.8489999771118
-952 0 0 -5.51941013336182 -14.8465995788574
-951 0 0 -5.5134801864624 -14.8442001342773
-950 42 4 -5.50754976272583 -14.8417997360229
-949 0 0 -5.50160980224609 -14.8394002914429
-948 0 0 -5.49566984176636 -14.8369998931885
-947 0 0 -5.48973989486694 -14.8346004486084
-946 0 0 -5.48379993438721 -14.832200050354
-945 0 0 -5.47785997390747 -14.8297004699707
-944 0 0 -5.47192001342773 -14.8273000717163
-943 0 0 -5.465980052948 -14.8247995376587
-942 0 0 -5.46003007888794 -14.8224000930786
-941 0 0 -5.4540901184082 -14.819899559021
-940 0 0 -5.44814014434814 -14.8175001144409
-939 0 0 -5.44220018386841 -14.8149995803833
-938 0 0 -5.43625020980835 -14.8125
-937 0 0 -5.43030023574829 -14.8100996017456
-936 0 0 -5.42434978485107 -14.8076000213623
-935 0 0 -5.41839981079102 -14.805100440979
-934 0 0 -5.41243982315063 -14.8025999069214
-933 0 0 -5.40648984909058 -14.8001003265381
-932 0 0 -5.4005298614502 -14.7975997924805
-931 0 0 -5.39457988739014 -14.7951002120972
-930 0 0 -5.38861989974976 -14.7924995422363
-929 0 0 -5.38265991210938 -14.789999961853
-928 0 0 -5.37669992446899 -14.7875003814697
-927 0 0 -5.37073993682861 -14.7848997116089
-926 0 0 -5.36477994918823 -14.7824001312256
-925 0 0 -5.35881996154785 -14.7798004150391
-924 0 0 -5.35284996032715 -14.7772998809814
-923 0 0 -5.34688997268677 -14.7747001647949
-922 0 0 -5.34091997146606 -14.7721004486084
-921 0 0 -5.33494997024536 -14.7695999145508
-920 0 0 -5.32897996902466 -14.7670001983643
-919 0 0 -5.32300996780396 -14.7643995285034
-918 0 0 -5.31703996658325 -14.7617998123169
-917 0 0 -5.31106996536255 -14.7592000961304
-916 0 0 -5.30509996414185 -14.7566003799438
-915 0 0 -5.29911994934082 -14.753999710083
-914 0 0 -5.29314994812012 -14.7512998580933
-913 0 0 -5.28716993331909 -14.7487001419067
-912 0 0 -5.28118991851807 -14.7461004257202
-911 0 0 -5.27520990371704 -14.7433996200562
-910 0 0 -5.26922988891602 -14.7407999038696
-909 0 0 -5.26324987411499 -14.7381000518799
-908 0 0 -5.25725984573364 -14.7355003356934
-907 0 0 -5.25127983093262 -14.7327995300293
-906 0 0 -5.24528980255127 -14.7300996780396
-905 0 0 -5.23930978775024 -14.7273998260498
-904 0 0 -5.23332023620605 -14.7246999740601
-903 0 0 -5.22733020782471 -14.7220001220703
-902 0 0 -5.22134017944336 -14.7193002700806
-901 0 0 -5.21535015106201 -14.7166004180908
-900 41 4 -5.20935010910034 -14.7138996124268
-899 0 0 -5.20336008071899 -14.711199760437
-898 0 0 -5.19736003875732 -14.708399772644
-897 0 0 -5.19137001037598 -14.7056999206543
-896 0 0 -5.18536996841431 -14.7030000686646
-895 0 0 -5.17936992645264 -14.7002000808716
-894 0 0 -5.17336988449097 -14.6975002288818
-893 0 0 -5.1673698425293 -14.6947002410889
-892 0 0 -5.16136980056763 -14.6919002532959
-891 0 0 -5.15536022186279 -14.6891002655029
-890 0 0 -5.14936017990112 -14.68630027771
-889 0 0 -5.14335012435913 -14.683500289917
-888 0 0 -5.13735008239746 -14.680700302124
-887 0 0 -5.13134002685547 -14.6779003143311
-886 0 0 -5.12532997131348 -14.6751003265381
-885 0 0 -5.11931991577148 -14.6723003387451
-884 0 0 -5.11329984664917 -14.6695003509521
-883 0 0 -5.10728979110718 -14.666600227356
-882 0 0 -5.10128021240234 -14.663800239563
-881 0 0 -5.09526014328003 -14.6609001159668
-880 0 0 -5.08924007415771 -14.6581001281738
-879 0 0 -5.0832200050354 -14.6552000045776
-878 0 0 -5.07719993591309 -14.6522998809814
-877 0 0 -5.07117986679077 -14.6493997573853
-876 0 0 -5.06515979766846 -14.6464996337891
-875 0 0 -5.0591402053833 -14.6436004638672
-874 0 0 -5.05311012268066 -14.640700340271
-873 0 0 -5.04709005355835 -14.6378002166748
-872 0 0 -5.04105997085571 -14.6349000930786
-871 0 0 -5.03502988815308 -14.6319999694824
-870 0 0 -5.02899980545044 -14.628999710083
-869 0 0 -5.02297019958496 -14.6260995864868
-868 0 0 -5.01694011688232 -14.6231002807617
-867 0 0 -5.01090002059937 -14.6202001571655
-866 0 0 -5.00486993789673 -14.6171998977661
-865 0 0 -4.99882984161377 -14.6141996383667
-864 0 0 -4.99280023574829 -14.6112003326416
-863 0 0 -4.98676013946533 -14.6082000732422
-862 0 0 -4.98072004318237 -14.6051998138428
-861 0 0 -4.97467994689941 -14.6021995544434
-860 0 0 -4.96863985061646 -14.5992002487183
-859 0 0 -4.96259021759033 -14.5961999893188
-858 0 0 -4.95655012130737 -14.5931997299194
-857 0 0 -4.95050001144409 -14.5901002883911
-856 0 0 -4.94444990158081 -14.5871000289917
-855 0 0 -4.93840980529785 -14.5839996337891
-854 0 0 -4.93236017227173 -14.5809001922607
-853 0 0 -4.92630004882813 -14.5778999328613
-852 0 0 -4.92024993896484 -14.5747995376587
-851 0 0 -4.91419982910156 -14.5717000961304
-850 40 4 -4.90814018249512 -14.5685997009277
-849 0 0 -4.90209007263184 -14.5655002593994
-848 0 0 -4.89602994918823 -14.5623998641968
-847 0 0 -4.88996982574463 -14.5592002868652
-846 0 0 -4.88391017913818 -14.5560998916626
-845 0 0 -4.87785005569458 -14.5530004501343
-844 0 0 -4.87178993225098 -14.5497999191284
-843 0 0 -4.86571979522705 -14.5466995239258
-842 0 0 -4.85966014862061 -14.5434999465942
-841 0 0 -4.85359001159668 -14.5403003692627
-840 0 0 -4.84751987457275 -14.5370998382568
-839 0 0 -4.84145021438599 -14.5339002609253
-838 0 0 -4.83538007736206 -14.5306997299194
-837 0 0 -4.82930994033813 -14.5275001525879
-836 0 0 -4.82323980331421 -14.524299621582
-835 0 0 -4.81716012954712 -14.5211000442505
-834 0 0 -4.81108999252319 -14.5178003311157
-833 0 0 -4.80500984191895 -14.5145998001099
-832 0 0 -4.79893016815186 -14.5113000869751
-831 0 0 -4.79285001754761 -14.5080003738403
-830 0 0 -4.78676986694336 -14.5047998428345
-829 0 0 -4.78069019317627 -14.5015001296997
-828 0 0 -4.77461004257202 -14.4982004165649
-827 0 0 -4.76851987838745 -14.4948997497559
-826 0 0 -4.76244020462036 -14.4916000366211
-825 0 0 -4.75635004043579 -14.4883003234863
-824 0 0 -4.75025987625122 -14.4849004745483
-823 0 0 -4.74417018890381 -14.4815998077393
-822 0 0 -4.73808002471924 -14.4781999588013
-821 0 0 -4.73198986053467 -14.4749002456665
-820 0 0 -4.72589015960693 -14.4715003967285
-819 0 0 -4.71979999542236 -14.4680995941162
-818 0 0 -4.71369981765747 -14.4646997451782
-817 0 0 -4.70760011672974 -14.4612998962402
-816 0 0 -4.70149993896484 -14.4579000473022
-815 0 0 -4.69540023803711 -14.4545001983643
-814 0 0 -4.68930006027222 -14.4511003494263
-813 0 0 -4.68319988250732 -14.4476003646851
-812 0 0 -4.67709016799927 -14.4441995620728
-811 0 0 -4.67097997665405 -14.4406995773315
-810 0 0 -4.66487979888916 -14.4372997283936
-809 0 0 -4.6587700843811 -14.4337997436523
-808 0 0 -4.65265989303589 -14.4302997589111
-807 0 0 -4.64655017852783 -14.4267997741699
-806 0 0 -4.64042997360229 -14.4232997894287
-805 0 0 -4.63431978225708 -14.4197998046875
-804 0 0 -4.6282000541687 -14.4162998199463
-803 0 0 -4.62208986282349 -14.4126996994019
-802 0 0 -4.61597013473511 -14.4091997146606
-801 0 0 -4.60984992980957 -14.4055995941162
-800 39 4 -4.60373020172119 -14.4020004272461
-799 0 0 -4.59759998321533 -14.3985004425049
-798 0 0 -4.59147977828979 -14.3949003219604
-797 0 0 -4.58535003662109 -14.391300201416
-796 0 0 -4.57922983169556 -14.3877000808716
-795 0 0 -4.57310009002686 -14.3839998245239
-794 0 0 -4.566969871521 -14.3803997039795
-793 0 0 -4.56084012985229 -14.3767995834351
-792 0 0 -4.55470991134644 -14.3731002807617
-791 0 0 -4.54857015609741 -14.3694000244141
-790 0 0 -4.54243993759155 -14.3657999038696
-789 0 0 -4.53630018234253 -14.362099647522
-788 0 0 -4.53015995025635 -14.3584003448486
-787 0 0 -4.52402019500732 -14.354700088501
-786 0 0 -4.51787996292114 -14.3509998321533
-785 0 0 -4.51174020767212 -14.3472003936768
-784 0 0 -4.50559997558594 -14.3435001373291
-783 0 0 -4.49945020675659 -14.3396997451782
-782 0 0 -4.49329996109009 -14.3360004425049
-781 0 0 -4.48716020584106 -14.332200050354
-780 0 0 -4.48100996017456 -14.3283996582031
-779 0 0 -4.47486019134521 -14.3246002197266
-778 0 0 -4.46869993209839 -14.3207998275757
-777 0 0 -4.46255016326904 -14.3170003890991
-776 0 0 -4.45639991760254 -14.313099861145
-775 0 0 -4.45024013519287 -14.3093004226685
-774 0 0 -4.44407987594604 -14.3053998947144
-773 0 0 -4.43792009353638 -14.3016004562378
-772 0 0 -4.43175983428955 -14.2976999282837
-771 0 0 -4.42560005187988 -14.2938003540039
-770 0 0 -4.41943979263306 -14.2898998260498
-769 0 0 -4.41326999664307 -14.28600025177
-768 0 0 -4.40710020065308 -14.2820997238159
-767 0 0 -4.40093994140625 -14.2781000137329
-766 0 0 -4.39477014541626 -14.2742004394531
-765 0 0 -4.38859987258911 -14.2701997756958
-764 0 0 -4.3824200630188 -14.2662000656128
-763 0 0 -4.37624979019165 -14.2622003555298
-762 0 0 -4.37007999420166 -14.2581996917725
-761 0 0 -4.36390018463135 -14.2541999816895
-760 0 0 -4.35771989822388 -14.2502002716064
-759 0 0 -4.35154008865356 -14.2461996078491
-758 0 0 -4.34535980224609 -14.2420997619629
-757 0 0 -4.33917999267578 -14.2379999160767
-756 0 0 -4.33299016952515 -14.2340002059937
-755 0 0 -4.32680988311768 -14.2299003601074
-754 0 0 -4.32062005996704 -14.2257995605469
-753 0 0 -4.31443023681641 -14.2216997146606
-752 0 0 -4.30823993682861 -14.2174997329712
-751 0 0 -4.30205011367798 -14.213399887085
-750 38 4 -4.29585981369019 -14.2091999053955
-749 0 0 -4.28965997695923 -14.2051000595093
-748 0 0 -4.28347015380859 -14.2009000778198
-747 0 0 -4.27726984024048 -14.1967000961304
-746 0 0 -4.27107000350952 -14.1925001144409
-745 0 0 -4.26487016677856 -14.1883001327515
-744 0 0 -4.25866985321045 -14.1840000152588
-743 0 0 -4.25246000289917 -14.1798000335693
-742 0 0 -4.24626016616821 -14.1754999160767
-741 0 0 -4.24004983901978 -14.171199798584
-740 0 0 -4.2338399887085 -14.1669998168945
-739 0 0 -4.22763013839722 -14.1626996994019
-738 0 0 -4.22141981124878 -14.1583003997803
-737 0 0 -4.2152099609375 -14.1540002822876
-736 0 0 -4.2089900970459 -14.1497001647949
-735 0 0 -4.20277976989746 -14.145299911499
-734 0 0 -4.19655990600586 -14.1408996582031
-733 0 0 -4.19034004211426 -14.1365995407104
-732 0 0 -4.18412017822266 -14.1322002410889
-731 0 0 -4.1778998374939 -14.1276998519897
-730 0 0 -4.17166996002197 -14.1232995986938
-729 0 0 -4.16545009613037 -14.1189002990723
-728 0 0 -4.15922021865845 -14.1143999099731
-727 0 0 -4.15298986434937 -14.1099004745483
-726 0 0 -4.14675998687744 -14.1054000854492
-725 0 0 -4.14053010940552 -14.1008996963501
-724 0 0 -4.13430023193359 -14.0964002609253
-723 0 0 -4.12805986404419 -14.0918998718262
-722 0 0 -4.12182998657227 -14.0873003005981
-721 0 0 -4.11559009552002 -14.082799911499
-720 0 0 -4.10935020446777 -14.078200340271
-719 0 0 -4.10310983657837 -14.0735998153687
-718 0 0 -4.0968599319458 -14.0690002441406
-717 0 0 -4.09062004089355 -14.0643997192383
-716 0 0 -4.08437013626099 -14.059700012207
-715 0 0 -4.07812976837158 -14.055100440979
-714 0 0 -4.07187986373901 -14.0503997802734
-713 0 0 -4.06562995910645 -14.0457000732422
-712 0 0 -4.05937004089355 -14.0410003662109
-711 0 0 -4.05312013626099 -14.0362997055054
-710 0 0 -4.0468602180481 -14.0315999984741
-709 0 0 -4.04060983657837 -14.0268001556396
-708 0 0 -4.03434991836548 -14.0221004486084
-707 0 0 -4.02809000015259 -14.0172996520996
-706 0 0 -4.02182006835938 -14.0124998092651
-705 0 0 -4.01556015014648 -14.0076999664307
-704 0 0 -4.00929021835327 -14.0029001235962
-703 0 0 -4.00302982330322 -13.9980001449585
-702 0 0 -3.99675989151001 -13.9931001663208
-701 0 0 -3.9904899597168 -13.9883003234863
-700 37 4 -3.98421001434326 -13.9834003448486
-699 0 0 -3.97794008255005 -13.9785003662109
-698 0 0 -3.97165989875793 -13.97350025177
-697 0 0 -3.96538996696472 -13.9686002731323
-696 0 0 -3.95911002159119 -13.9636001586914
-695 0 0 -3.95283007621765 -13.9586000442505
-694 0 0 -3.94654011726379 -13.9535999298096
-693 0 0 -3.94025993347168 -13.9485998153687
-692 0 0 -3.93396997451782 -13.9435997009277
-691 0 0 -3.92769002914429 -13.9385004043579
-690 0 0 -3.92140007019043 -13.933500289917
-689 0 0 -3.91511011123657 -13.9284000396729
-688 0 0 -3.90880990028381 -13.9232997894287
-687 0 0 -3.90251994132996 -13.9181995391846
-686 0 0 -3.89621996879578 -13.9130001068115
-685 0 0 -3.8899199962616 -13.9078998565674
-684 0 0 -3.88363003730774 -13.9027004241943
-683 0 0 -3.87732005119324 -13.897500038147
-682 0 0 -3.87102007865906 -13.8922996520996
-681 0 0 -3.86472010612488 -13.8870000839233
-680 0 0 -3.8584098815918 -13.881799697876
-679 0 0 -3.85209989547729 -13.8765001296997
-678 0 0 -3.84578990936279 -13.8711996078491
-677 0 0 -3.83947992324829 -13.8659000396729
-676 0 0 -3.83315992355347 -13.8606004714966
-675 0 0 -3.82684993743896 -13.855299949646
-674 0 0 -3.82052993774414 -13.8499002456665
-673 0 0 -3.81420993804932 -13.8444995880127
-672 0 0 -3.80788993835449 -13.8390998840332
-671 0 0 -3.80156993865967 -13.8337001800537
-670 0 0 -3.79523992538452 -13.8283004760742
-669 0 0 -3.7889199256897 -13.8227996826172
-668 0 0 -3.78258991241455 -13.8172998428345
-667 0 0 -3.7762598991394 -13.8118000030518
-666 0 0 -3.76992988586426 -13.806300163269
-665 0 0 -3.76359009742737 -13.8007001876831
-664 0 0 -3.75726008415222 -13.7952003479004
-663 0 0 -3.75092005729675 -13.7896003723145
-662 0 0 -3.74458003044128 -13.7840003967285
-661 0 0 -3.73824000358582 -13.7784004211426
-660 0 0 -3.73189997673035 -13.7727003097534
-659 0 0 -3.72554993629456 -13.7671003341675
-658 0 0 -3.71920990943909 -13.7614002227783
-657 0 0 -3.71286010742188 -13.7557001113892
-656 0 0 -3.70651006698608 -13.7498998641968
-655 0 0 -3.70015001296997 -13.7441997528076
-654 0 0 -3.69379997253418 -13.7384004592896
-653 0 0 -3.68743991851807 -13.7326002120972
-652 0 0 -3.68109011650085 -13.7267999649048
-651 0 0 -3.67473006248474 -13.7209997177124
-650 36 4 -3.66835999488831 -13.7151002883911
-649 0 0 -3.66199994087219 -13.7091999053955
-648 0 0 -3.65563988685608 -13.7033004760742
-647 0 0 -3.64927005767822 -13.6974000930786
-646 0 0 -3.64289999008179 -13.691499710083
-645 0 0 -3.63652992248535 -13.6855001449585
-644 0 0 -3.63015007972717 -13.6794996261597
-643 0 0 -3.62378001213074 -13.6735000610352
-642 0 0 -3.61739993095398 -13.6674995422363
-641 0 0 -3.6110200881958 -13.6613998413086
-640 0 0 -3.60464000701904 -13.6553001403809
-639 0 0 -3.59825992584229 -13.6492004394531
-638 0 0 -3.59187006950378 -13.6430997848511
-637 0 0 -3.5854799747467 -13.6368999481201
-636 0 0 -3.57909989356995 -13.6307001113892
-635 0 0 -3.57270002365112 -13.6245002746582
-634 0 0 -3.56630992889404 -13.6183004379272
-633 0 0 -3.55992007255554 -13.612099647522
-632 0 0 -3.55351996421814 -13.6057996749878
-631 0 0 -3.54712009429932 -13.5994997024536
-630 0 0 -3.54071998596191 -13.5931997299194
-629 0 0 -3.53431010246277 -13.586799621582
-628 0 0 -3.52790999412537 -13.5804996490479
-627 0 0 -3.52150011062622 -13.5740995407104
-626 0 0 -3.5150899887085 -13.5676002502441
-625 0 0 -3.50868010520935 -13.5612001419067
-624 0 0 -3.50226998329163 -13.5546998977661
-623 0 0 -3.49585008621216 -13.5481996536255
-622 0 0 -3.48942995071411 -13.5417003631592
-621 0 0 -3.48301005363464 -13.5350999832153
-620 0 0 -3.4765899181366 -13.5285997390747
-619 0 0 -3.47017002105713 -13.521900177002
-618 0 0 -3.46374011039734 -13.5152997970581
-617 0 0 -3.45730996131897 -13.5087003707886
-616 0 0 -3.45088005065918 -13.5019998550415
-615 0 0 -3.44444990158081 -13.4953002929688
-614 0 0 -3.4380099773407 -13.4884996414185
-613 0 0 -3.43158006668091 -13.4818000793457
-612 0 0 -3.42513990402222 -13.4750003814697
-611 0 0 -3.4186999797821 -13.4681997299194
-610 0 0 -3.41225004196167 -13.4612998962402
-609 0 0 -3.40581011772156 -13.454400062561
-608 0 0 -3.39935994148254 -13.4475002288818
-607 0 0 -3.39291000366211 -13.4406003952026
-606 0 0 -3.38646006584167 -13.4336004257202
-605 0 0 -3.38000011444092 -13.4266004562378
-604 0 0 -3.3735499382019 -13.4195995330811
-603 0 0 -3.36708998680115 -13.4125995635986
-602 0 0 -3.36063003540039 -13.4055004119873
-601 0 0 -3.35416007041931 -13.3984003067017
-600 35 4 -3.34770011901855 -13.391300201416
-599 0 0 -3.3412299156189 -13.3840999603271
-598 0 0 -3.33475995063782 -13.3768997192383
-597 0 0 -3.32828998565674 -13.3697004318237
-596 0 0 -3.32181000709534 -13.3624000549316
-595 0 0 -3.31534004211426 -13.3550996780396
-594 0 0 -3.30886006355286 -13.3478002548218
-593 0 0 -3.30237007141113 -13.3404998779297
-592 0 0 -3.29589009284973 -13.3331003189087
-591 0 0 -3.28940010070801 -13.3256998062134
-590 0 0 -3.28291010856628 -13.3183002471924
-589 0 0 -3.27642011642456 -13.3107995986938
-588 0 0 -3.26992988586426 -13.3032999038696
-587 0 0 -3.26343011856079 -13.2958002090454
-586 0 0 -3.25693988800049 -13.288200378418
-585 0 0 -3.25043988227844 -13.2805995941162
-584 0 0 -3.24393010139465 -13.2729997634888
-583 0 0 -3.23743009567261 -13.2652997970581
-582 0 0 -3.23092007637024 -13.2575998306274
-581 0 0 -3.22441005706787 -13.2498998641968
-580 0 0 -3.2179000377655 -13.2420997619629
-579 0 0 -3.21138000488281 -13.234299659729
-578 0 0 -3.20485997200012 -13.2264995574951
-577 0 0 -3.19833993911743 -13.2186002731323
-576 0 0 -3.19181990623474 -13.2107000350952
-575 0 0 -3.18530011177063 -13.2027997970581
-574 0 0 -3.17877006530762 -13.1948003768921
-573 0 0 -3.1722400188446 -13.1868000030518
-572 0 0 -3.16569995880127 -13.1787004470825
-571 0 0 -3.15916991233826 -13.1707000732422
-570 0 0 -3.1526300907135 -13.1625995635986
-569 0 0 -3.14609003067017 -13.1543998718262
-568 0 0 -3.13954997062683 -13.1462001800537
-567 0 0 -3.13299989700317 -13.1379995346069
-566 0 0 -3.12646007537842 -13.1296997070313
-565 0 0 -3.11989998817444 -13.1215000152588
-564 0 0 -3.11334991455078 -13.1131000518799
-563 0 0 -3.1068000793457 -13.1048002243042
-562 0 0 -3.10023999214172 -13.0963001251221
-561 0 0 -3.09367990493774 -13.0879001617432
-560 0 0 -3.08711004257202 -13.079400062561
-559 0 0 -3.08054995536804 -13.0708999633789
-558 0 0 -3.07398009300232 -13.0622997283936
-557 0 0 -3.0673999786377 -13.0537004470825
-556 0 0 -3.06083011627197 -13.0451002120972
-555 0 0 -3.05425000190735 -13.0363998413086
-554 0 0 -3.04766988754272 -13.0277004241943
-553 0 0 -3.04109001159668 -13.0188999176025
-552 0 0 -3.03449988365173 -13.0101003646851
-551 0 0 -3.02792000770569 -13.0012998580933
-550 34 4 -3.02133011817932 -12.9924001693726
-549 0 0 -3.01472997665405 -12.9834995269775
-548 0 0 -3.00813007354736 -12.9744997024536
-547 0 0 -3.00153994560242 -12.9654998779297
-546 0 0 -2.99493002891541 -12.9565000534058
-545 0 0 -2.98832988739014 -12.9474000930786
-544 0 0 -2.98171997070313 -12.9383001327515
-543 0 0 -2.97511005401611 -12.9291000366211
-542 0 0 -2.96849989891052 -12.9198999404907
-541 0 0 -2.96187996864319 -12.9105997085571
-540 0 0 -2.95526003837585 -12.9013004302979
-539 0 0 -2.94864010810852 -12.8920001983643
-538 0 0 -2.94200992584229 -12.8825998306274
-537 0 0 -2.93537998199463 -12.8731002807617
-536 0 0 -2.92875003814697 -12.8635997772217
-535 0 0 -2.92212009429932 -12.854100227356
-534 0 0 -2.91547989845276 -12.8444995880127
-533 0 0 -2.90883994102478 -12.8348999023438
-532 0 0 -2.9021999835968 -12.8252000808716
-531 0 0 -2.8955500125885 -12.8155002593994
-530 0 0 -2.8889000415802 -12.8058004379272
-529 0 0 -2.8822500705719 -12.7959995269775
-528 0 0 -2.87559008598328 -12.7861003875732
-527 0 0 -2.86893010139465 -12.7762002944946
-526 0 0 -2.86227011680603 -12.7662000656128
-525 0 0 -2.85560011863708 -12.756199836731
-524 0 0 -2.84893989562988 -12.7461996078491
-523 0 0 -2.84226989746094 -12.7361001968384
-522 0 0 -2.83558988571167 -12.7258996963501
-521 0 0 -2.82891011238098 -12.7157001495361
-520 0 0 -2.82223010063171 -12.7054996490479
-519 0 0 -2.81555008888245 -12.6951999664307
-518 0 0 -2.80886006355286 -12.6848001480103
-517 0 0 -2.80217003822327 -12.6744003295898
-516 0 0 -2.79546999931335 -12.6639003753662
-515 0 0 -2.78877997398376 -12.6534004211426
-514 0 0 -2.78207993507385 -12.6429004669189
-513 0 0 -2.77536988258362 -12.6322002410889
-512 0 0 -2.76866006851196 -12.621600151062
-511 0 0 -2.76195001602173 -12.6107997894287
-510 0 0 -2.75523996353149 -12.6000995635986
-509 0 0 -2.74851989746094 -12.5892000198364
-508 0 0 -2.74180006980896 -12.5783004760742
-507 0 0 -2.73506999015808 -12.5673999786377
-506 0 0 -2.72834992408752 -12.5564002990723
-505 0 0 -2.7216100692749 -12.5452995300293
-504 0 0 -2.71487998962402 -12.5341997146606
-503 0 0 -2.70813989639282 -12.5229997634888
-502 0 0 -2.7014000415802 -12.5117998123169
-501 0 0 -2.69464993476868 -12.5004997253418
-500 33 4 -2.68790006637573 -12.4891004562378
-499 0 0 -2.68114995956421 -12.4777002334595
-498 0 0 -2.67439007759094 -12.4661998748779
-497 0 0 -2.6676299571991 -12.4547004699707
-496 0 0 -2.66087007522583 -12.4430999755859
-495 0 0 -2.65409994125366 -12.4314002990723
-494 0 0 -2.64733004570007 -12.4196996688843
-493 0 0 -2.64054989814758 -12.4078998565674
-492 0 0 -2.63376998901367 -12.3961000442505
-491 0 0 -2.62699007987976 -12.3842000961304
-490 0 0 -2.62019991874695 -12.372200012207
-489 0 0 -2.61340999603271 -12.3601999282837
-488 0 0 -2.60662007331848 -12.3480997085571
-487 0 0 -2.59981989860535 -12.3359003067017
-486 0 0 -2.59301996231079 -12.3236999511719
-485 0 0 -2.58621001243591 -12.3114004135132
-484 0 0 -2.57940006256104 -12.298999786377
-483 0 0 -2.57259011268616 -12.286600112915
-482 0 0 -2.56576991081238 -12.2741003036499
-481 0 0 -2.55894994735718 -12.2615003585815
-480 0 0 -2.55211997032166 -12.2489004135132
-479 0 0 -2.54528999328613 -12.2362003326416
-478 0 0 -2.53846001625061 -12.2234001159668
-477 0 0 -2.53162002563477 -12.2104997634888
-476 0 0 -2.5247700214386 -12.1976003646851
-475 0 0 -2.51793003082275 -12.1845998764038
-474 0 0 -2.51108002662659 -12.1716003417969
-473 0 0 -2.5042200088501 -12.1583995819092
-472 0 0 -2.49735999107361 -12.1451997756958
-471 0 0 -2.49049997329712 -12.1318998336792
-470 0 0 -2.48362994194031 -12.1184997558594
-469 0 0 -2.47674989700317 -12.1050996780396
-468 0 0 -2.46988010406494 -12.0916004180908
-467 0 0 -2.46300005912781 -12.0780000686646
-466 0 0 -2.45611000061035 -12.0642995834351
-465 0 0 -2.4492199420929 -12.0506000518799
-464 0 0 -2.4423201084137 -12.0367002487183
-463 0 0 -2.43542003631592 -12.0228004455566
-462 0 0 -2.42851996421814 -12.0087995529175
-461 0 0 -2.42161011695862 -11.9947996139526
-460 0 0 -2.41470003128052 -11.9806003570557
-459 0 0 -2.40777993202209 -11.9664001464844
-458 0 0 -2.40086007118225 -11.9520998001099
-457 0 0 -2.39392995834351 -11.9377002716064
-456 0 0 -2.38700008392334 -11.9231996536255
-455 0 0 -2.38005995750427 -11.9085998535156
-454 0 0 -2.37312006950378 -11.8938999176025
-453 0 0 -2.36616992950439 -11.8791999816895
-452 0 0 -2.35922002792358 -11.8643999099731
-451 0 0 -2.35226011276245 -11.8493995666504
-450 32 4 -2.34529995918274 -11.834400177002
-449 0 0 -2.33833003044128 -11.819299697876
-448 0 0 -2.33136010169983 -11.8041000366211
-447 0 0 -2.32437992095947 -11.788800239563
-446 0 0 -2.3173999786377 -11.7735004425049
-445 0 0 -2.31042003631592 -11.7580003738403
-444 0 0 -2.3034200668335 -11.7424001693726
-443 0 0 -2.2964301109314 -11.7267999649048
-442 0 0 -2.28941988945007 -11.7110004425049
-441 0 0 -2.28241991996765 -11.6951999664307
-440 0 0 -2.27539992332458 -11.6792001724243
-439 0 0 -2.26837992668152 -11.663200378418
-438 0 0 -2.26135993003845 -11.6470003128052
-437 0 0 -2.25432991981506 -11.6308002471924
-436 0 0 -2.24728989601135 -11.6143999099731
-435 0 0 -2.24025011062622 -11.5979995727539
-434 0 0 -2.23321008682251 -11.5813999176025
-433 0 0 -2.22616004943848 -11.5647001266479
-432 0 0 -2.21909999847412 -11.5480003356934
-431 0 0 -2.21203994750977 -11.5311002731323
-430 0 0 -2.20496988296509 -11.5141000747681
-429 0 0 -2.19789004325867 -11.4970998764038
-428 0 0 -2.19080996513367 -11.4799003601074
-427 0 0 -2.18372011184692 -11.4625997543335
-426 0 0 -2.1766300201416 -11.4450998306274
-425 0 0 -2.16952991485596 -11.4275999069214
-424 0 0 -2.16243004798889 -11.4099998474121
-423 0 0 -2.15531992912292 -11.3922004699707
-422 0 0 -2.14820003509521 -11.374400138855
-421 0 0 -2.14107990264893 -11.3563995361328
-420 0 0 -2.13394999504089 -11.3382997512817
-419 0 0 -2.12682008743286 -11.3200998306274
-418 0 0 -2.11967992782593 -11.3016996383667
-417 0 0 -2.11252999305725 -11.2833003997803
-416 0 0 -2.10537004470825 -11.2646999359131
-415 0 0 -2.09821009635925 -11.246000289917
-414 0 0 -2.09104990959167 -11.2271995544434
-413 0 0 -2.08386993408203 -11.2082004547119
-412 0 0 -2.07668995857239 -11.1891002655029
-411 0 0 -2.06950998306274 -11.1698999404907
-410 0 0 -2.06230998039246 -11.1506004333496
-409 0 0 -2.05510997772217 -11.1310997009277
-408 0 0 -2.04790997505188 -11.111499786377
-407 0 0 -2.04068994522095 -11.0917997360229
-406 0 0 -2.03346991539001 -11.0719995498657
-405 0 0 -2.02624011039734 -11.0520000457764
-404 0 0 -2.01901006698608 -11.0318002700806
-403 0 0 -2.01177000999451 -11.0115995407104
-402 0 0 -2.00451993942261 -10.9912004470825
-401 0 0 -1.99725997447968 -10.9706001281738
-400 31 4 -1.99000000953674 -10.9498996734619
-399 0 0 -1.98273003101349 -10.9291000366211
-398 0 0 -1.97545003890991 -10.9081001281738
-397 0 0 -1.96816003322601 -10.8870000839233
-396 0 0 -1.96087002754211 -10.8656997680664
-395 0 0 -1.95357000827789 -10.8443002700806
-394 0 0 -1.94625997543335 -10.822699546814
-393 0 0 -1.93894994258881 -10.8009996414185
-392 0 0 -1.93162000179291 -10.7791004180908
-391 0 0 -1.92428994178772 -10.7571001052856
-390 0 0 -1.9169499874115 -10.7349004745483
-389 0 0 -1.90960001945496 -10.7125997543335
-388 0 0 -1.90225005149841 -10.6900997161865
-387 0 0 -1.89488995075226 -10.6674003601074
-386 0 0 -1.88750994205475 -10.6445999145508
-385 0 0 -1.88013005256653 -10.621600151062
-384 0 0 -1.87275004386902 -10.59850025177
-383 0 0 -1.86535000801086 -10.5750999450684
-382 0 0 -1.85794997215271 -10.5516996383667
-381 0 0 -1.8505300283432 -10.5279998779297
-380 0 0 -1.8431099653244 -10.5041999816895
-379 0 0 -1.83568000793457 -10.4801998138428
-378 0 0 -1.82824003696442 -10.456000328064
-377 0 0 -1.82079005241394 -10.4315996170044
-376 0 0 -1.81333994865417 -10.4070997238159
-375 0 0 -1.80587005615234 -10.382399559021
-374 0 0 -1.79840004444122 -10.3575000762939
-373 0 0 -1.79091000556946 -10.3324003219604
-372 0 0 -1.78341996669769 -10.3071002960205
-371 0 0 -1.7759200334549 -10.2817001342773
-370 0 0 -1.76840996742249 -10.2559995651245
-369 0 0 -1.76089000701904 -10.2301998138428
-368 0 0 -1.75336003303528 -10.2040996551514
-367 0 0 -1.74582004547119 -10.1779003143311
-366 0 0 -1.73827004432678 -10.15149974823
-365 0 0 -1.73071002960205 -10.1248998641968
-364 0 0 -1.72315001487732 -10.0979995727539
-363 0 0 -1.71556997299194 -10.0710000991821
-362 0 0 -1.70798003673553 -10.0438003540039
-361 0 0 -1.70037996768951 -10.016300201416
-360 0 0 -1.69278001785278 -9.98869037628174
-359 0 0 -1.68516004085541 -9.96082973480225
-358 0 0 -1.67753005027771 -9.93274974822998
-357 0 0 -1.66989004611969 -9.90445995330811
-356 0 0 -1.66224002838135 -9.87594985961914
-355 0 0 -1.65457999706268 -9.84722995758057
-354 0 0 -1.64691996574402 -9.81828022003174
-353 0 0 -1.639240026474 -9.78911018371582
-352 0 0 -1.63154995441437 -9.75971031188965
-351 0 0 -1.62383997440338 -9.73007965087891
-350 30 4 -1.6161299943924 -9.70022964477539
-349 0 0 -1.60841000080109 -9.67014026641846
-348 0 0 -1.60067999362946 -9.63982009887695
-347 0 0 -1.59292995929718 -9.60925960540771
-346 0 0 -1.58517003059387 -9.57845973968506
-345 0 0 -1.57740998268127 -9.54741954803467
-344 0 0 -1.56963002681732 -9.51613998413086
-343 0 0 -1.56184005737305 -9.48460960388184
-342 0 0 -1.55403995513916 -9.45283985137939
-341 0 0 -1.54622995853424 -9.42080974578857
-340 0 0 -1.53840005397797 -9.38854026794434
-339 0 0 -1.5305700302124 -9.35601043701172
-338 0 0 -1.52271997928619 -9.32322025299072
-337 0 0 -1.51486003398895 -9.29016971588135
-336 0 0 -1.5069899559021 -9.25685977935791
-335 0 0 -1.49909996986389 -9.22329044342041
-334 0 0 -1.49120998382568 -9.18945980072021
-333 0 0 -1.48329997062683 -9.15534973144531
-332 0 0 -1.47537994384766 -9.12098026275635
-331 0 0 -1.46745002269745 -9.08633041381836
-330 0 0 -1.45950996875763 -9.05140972137451
-329 0 0 -1.45155000686646 -9.01620960235596
-328 0 0 -1.44358003139496 -8.9807300567627
-327 0 0 -1.43560004234314 -8.94497013092041
-326 0 0 -1.427610039711 -8.9089298248291
-325 0 0 -1.41960000991821 -8.87259960174561
-324 0 0 -1.4115799665451 -8.83598041534424
-323 0 0 -1.40355002880096 -8.79907989501953
-322 0 0 -1.39550995826721 -8.76187992095947
-321 0 0 -1.3874499797821 -8.72439002990723
-320 0 0 -1.37937998771667 -8.68659973144531
-319 0 0 -1.3712899684906 -8.64850997924805
-318 0 0 -1.36319994926453 -8.61011981964111
-317 0 0 -1.3550900220871 -8.57143020629883
-316 0 0 -1.34696996212006 -8.53244018554688
-315 0 0 -1.33882999420166 -8.49312973022461
-314 0 0 -1.33068001270294 -8.45351982116699
-313 0 0 -1.3225200176239 -8.41359996795654
-312 0 0 -1.31435000896454 -8.37337017059326
-311 0 0 -1.30615997314453 -8.33281993865967
-310 0 0 -1.29796004295349 -8.29195976257324
-309 0 0 -1.28973996639252 -8.25078010559082
-308 0 0 -1.28150999546051 -8.20928001403809
-307 0 0 -1.27327001094818 -8.16746044158936
-306 0 0 -1.26502001285553 -8.12532043457031
-305 0 0 -1.25674998760223 -8.08285045623779
-304 0 0 -1.24846994876862 -8.04006004333496
-303 0 0 -1.24017000198364 -7.99695014953613
-302 0 0 -1.23186004161835 -7.95349979400635
-301 0 0 -1.22353994846344 -7.90971994400024
-300 29 4 -1.2152099609375 -7.86562013626099
-299 0 0 -1.20685994625092 -7.82117986679077
-298 0 0 -1.1985000371933 -7.77641010284424
-297 0 0 -1.19011998176575 -7.73130989074707
-296 0 0 -1.18174004554749 -7.68588018417358
-295 0 0 -1.17332994937897 -7.64010000228882
-294 0 0 -1.16491997241974 -7.5939998626709
-293 0 0 -1.15648996829987 -7.54755020141602
-292 0 0 -1.14804995059967 -7.5007700920105
-291 0 0 -1.13960003852844 -7.4536600112915
-290 0 0 -1.13112998008728 -7.40619993209839
-289 0 0 -1.12265002727509 -7.3584098815918
-288 0 0 -1.11415994167328 -7.31027984619141
-287 0 0 -1.10564994812012 -7.26181983947754
-286 0 0 -1.09713995456696 -7.21300983428955
-285 0 0 -1.08861005306244 -7.16386985778809
-284 0 0 -1.08006000518799 -7.11438989639282
-283 0 0 -1.07150995731354 -7.06457996368408
-282 0 0 -1.06294000148773 -7.01443004608154
-281 0 0 -1.0543600320816 -6.96395015716553
-280 0 0 -1.04577004909515 -6.91312980651855
-279 0 0 -1.03716003894806 -6.86197996139526
-278 0 0 -1.02854001522064 -6.81049013137817
-277 0 0 -1.01991999149323 -6.75867986679077
-276 0 0 -1.01127994060516 -6.70654010772705
-275 0 0 -1.00261998176575 -6.6540699005127
-274 0 0 -0.993960976600647 -6.60127019882202
-273 0 0 -0.985285997390747 -6.54815006256104
-272 0 0 -0.976601004600525 -6.49470996856689
-271 0 0 -0.967903971672058 -6.44093990325928
-270 0 0 -0.959195971488953 -6.38685989379883
-269 0 0 -0.95047801733017 -6.33246994018555
-268 0 0 -0.941748976707458 -6.27775001525879
-267 0 0 -0.93300998210907 -6.22273015975952
-266 0 0 -0.924260020256042 -6.16739988327026
-265 0 0 -0.915499985218048 -6.11177015304565
-264 0 0 -0.906731009483337 -6.05583000183105
-263 0 0 -0.897951006889343 -5.99958992004395
-262 0 0 -0.889162003993988 -5.94305992126465
-261 0 0 -0.880362987518311 -5.88622999191284
-260 0 0 -0.871554970741272 -5.82912015914917
-259 0 0 -0.862738013267517 -5.77170991897583
-258 0 0 -0.853911995887756 -5.71402978897095
-257 0 0 -0.845076978206635 -5.65607023239136
-256 0 0 -0.836233973503113 -5.59782981872559
-255 0 0 -0.827382028102875 -5.53931999206543
-254 0 0 -0.818521976470947 -5.48053979873657
-253 0 0 -0.809652984142303 -5.42150020599365
-252 0 0 -0.800777018070221 -5.3621997833252
-251 0 0 -0.791893005371094 -5.302649974823
-250 28 4 -0.783001005649567 -5.24284982681274
-249 0 0 -0.774101972579956 -5.18279981613159
-248 0 0 -0.765196025371552 -5.12250995635986
-247 0 0 -0.756282985210419 -5.0619797706604
-246 0 0 -0.747362017631531 -5.00122022628784
-245 0 0 -0.738434970378876 -4.94023990631104
-244 0 0 -0.729501008987427 -4.87903022766113
-243 0 0 -0.720561027526855 -4.81759977340698
-242 0 0 -0.711614012718201 -4.75595998764038
-241 0 0 -0.702660977840424 -4.69410991668701
-240 0 0 -0.69370299577713 -4.63205003738403
-239 0 0 -0.684737980365753 -4.56979990005493
-238 0 0 -0.675767004489899 -4.50734996795654
-237 0 0 -0.666791021823883 -4.44470977783203
-236 0 0 -0.657809019088745 -4.38188982009888
-235 0 0 -0.648822009563446 -4.31889009475708
-234 0 0 -0.639828979969025 -4.25571012496948
-233 0 0 -0.630831003189087 -4.19236993789673
-232 0 0 -0.621828019618988 -4.12885999679565
-231 0 0 -0.612820029258728 -4.0651798248291
-230 0 0 -0.603806972503662 -4.0013599395752
-229 0 0 -0.594789981842041 -3.93738007545471
-228 0 0 -0.585766971111298 -3.87325000762939
-227 0 0 -0.576740026473999 -3.80897998809814
-226 0 0 -0.567708015441895 -3.74458003044128
-225 0 0 -0.55867201089859 -3.68003988265991
-224 0 0 -0.549630999565125 -3.61538004875183
-223 0 0 -0.540585994720459 -3.55059003829956
-222 0 0 -0.531536996364594 -3.485680103302
-221 0 0 -0.522482991218567 -3.42065000534058
-220 0 0 -0.51342499256134 -3.35552000999451
-219 0 0 -0.504363000392914 -3.29028010368347
-218 0 0 -0.495296001434326 -3.22494006156921
-217 0 0 -0.486225992441177 -3.15949010848999
-216 0 0 -0.47715100646019 -3.09396004676819
-215 0 0 -0.46807199716568 -3.02833008766174
-214 0 0 -0.45898899435997 -2.96262001991272
-213 0 0 -0.44990199804306 -2.89682006835938
-212 0 0 -0.440811008214951 -2.83095002174377
-211 0 0 -0.431715995073318 -2.76499009132385
-210 0 0 -0.422616988420486 -2.698970079422
-209 0 0 -0.413513988256454 -2.63287997245789
-208 0 0 -0.404406994581223 -2.5667200088501
-207 0 0 -0.395294994115829 -2.50049996376038
-206 0 0 -0.386180013418198 -2.4342200756073
-205 0 0 -0.377059996128082 -2.36788988113403
-204 0 0 -0.367935985326767 -2.30150008201599
-203 0 0 -0.358808994293213 -2.23505997657776
-202 0 0 -0.349676996469498 -2.16857004165649
-201 0 0 -0.340539991855621 -2.10204005241394
-200 27 4 -0.331400007009506 -2.0354700088501
-199 0 0 -0.322255998849869 -1.96886003017426
-198 0 0 -0.313107013702393 -1.90220999717712
-197 0 0 -0.303954005241394 -1.83553004264832
-196 0 0 -0.294795989990234 -1.76881003379822
-195 0 0 -0.285634994506836 -1.70206999778748
-194 0 0 -0.276468992233276 -1.63529002666473
-193 0 0 -0.267298012971878 -1.56849002838135
-192 0 0 -0.258123010396957 -1.50167000293732
-191 0 0 -0.248943999409676 -1.43482995033264
-190 0 0 -0.239759996533394 -1.36795997619629
-189 0 0 -0.230572000145912 -1.30107998847961
-188 0 0 -0.221379995346069 -1.23416996002197
-187 0 0 -0.212182000279427 -1.16726005077362
-186 0 0 -0.202980995178223 -1.10032999515533
-185 0 0 -0.193774998188019 -1.03338003158569
-184 0 0 -0.184563994407654 -0.966430008411407
-183 0 0 -0.175347998738289 -0.899465978145599
-182 0 0 -0.166127994656563 -0.832494020462036
-181 0 0 -0.156903997063637 -0.765514016151428
-180 0 0 -0.14767499268055 -0.698527991771698
-179 0 0 -0.138440996408463 -0.63153600692749
-178 0 0 -0.129203006625175 -0.564540028572083
-177 0 0 -0.119960002601147 -0.497541010379791
-176 0 0 -0.110711999237537 -0.430539011955261
-175 0 0 -0.101460002362728 -0.36353400349617
-174 0 0 -0.0922039002180099 -0.296528995037079
-173 0 0 -0.0829427987337112 -0.229522004723549
-172 0 0 -0.0736773014068604 -0.162515997886658
-171 0 0 -0.0644074007868767 -0.0955106019973755
-170 0 0 -0.0551330000162125 -0.0285059995949268
-169 0 0 -0.0458543002605438 0.0384971983730793
-168 0 0 -0.0365713015198708 0.105498999357224
-167 0 0 -0.027284000068903 0.172498002648354
-166 0 0 -0.0179926007986069 0.239493995904922
-165 0 0 -0.00869707018136978 0.306488007307053
-164 0 0 0.000602493004407734 0.373479008674622
-163 0 0 0.00990600045770407 0.440467000007629
-162 0 0 0.0192134007811546 0.507450997829437
-161 0 0 0.028524499386549 0.574432015419006
-160 0 0 0.0378393009305 0.641409993171692
-159 0 0 0.0471576005220413 0.708383977413177
-158 0 0 0.0564793013036251 0.775354027748108
-157 0 0 0.0658043026924133 0.84232097864151
-156 0 0 0.0751323997974396 0.909283995628357
-155 0 0 0.0844634994864464 0.97624397277832
-154 0 0 0.0937974974513054 1.04320001602173
-153 0 0 0.103133998811245 1.11015999317169
-152 0 0 0.112473003566265 1.17710995674133
-151 0 0 0.121815003454685 1.24405002593994
-150 26 4 0.131157994270325 1.31099998950958
-149 0 0 0.140504002571106 1.37794005870819
-148 0 0 0.149850994348526 1.44488000869751
-147 0 0 0.159199997782707 1.51181995868683
-146 0 0 0.168549999594688 1.57876002788544
-145 0 0 0.17790099978447 1.64568996429443
-144 0 0 0.187251999974251 1.71263003349304
-143 0 0 0.196604996919632 1.77955996990204
-142 0 0 0.205956995487213 1.84650003910065
-141 0 0 0.215308994054794 1.91342997550964
-140 0 0 0.224660992622375 1.98036003112793
-139 0 0 0.234013006091118 2.04730010032654
-138 0 0 0.243362993001938 2.11422991752625
-137 0 0 0.25271201133728 2.18116998672485
-136 0 0 0.259099990129471 2.22691011428833
-135 0 0 0.265487998723984 2.27266001701355
-134 0 0 0.271874010562897 2.31840991973877
-133 0 0 0.278259992599487 2.36416006088257
-132 0 0 0.2846440076828 2.40990996360779
-131 0 0 0.291027009487152 2.45566010475159
-130 0 0 0.297408014535904 2.50142002105713
-129 0 0 0.303786993026733 2.54716992378235
-128 0 0 0.310164988040924 2.59293007850647
-127 0 0 0.316540986299515 2.63867998123169
-126 0 0 0.322914987802505 2.68443989753723
-125 0 0 0.329286992549896 2.73020005226135
-124 0 0 0.335655987262726 2.77596998214722
-123 0 0 0.342022985219955 2.82172989845276
-122 0 0 0.348387002944946 2.8675000667572
-121 0 0 0.354748010635376 2.91325998306274
-120 0 0 0.361106991767883 2.95902991294861
-119 0 0 0.367462009191513 3.00481009483337
-118 0 0 0.373813986778259 3.05058002471924
-117 0 0 0.380163013935089 3.09635996818542
-116 0 0 0.386507987976074 3.14212989807129
-115 0 0 0.392848998308182 3.18792009353638
-114 0 0 0.399185985326767 3.23370003700256
-113 0 0 0.405519008636475 3.27948999404907
-112 0 0 0.41184800863266 3.32526993751526
-111 0 0 0.418172985315323 3.37105989456177
-110 0 0 0.424492001533508 3.41686010360718
-109 0 0 0.430806994438171 3.46265006065369
-108 0 0 0.437117010354996 3.50845003128052
-107 0 0 0.443421989679337 3.55425000190735
-106 0 0 0.4497210085392 3.6000599861145
-105 0 0 0.456014007329941 3.64585995674133
-104 0 0 0.462301999330521 3.69166994094849
-103 0 0 0.468582987785339 3.73747992515564
-102 0 0 0.474857985973358 3.78328990936279
-101 0 0 0.481126993894577 3.82910990715027
-100 25 4 0.487388998270035 3.87492990493774
-99 0 0 0.493643999099731 3.92074990272522
-98 0 0 0.499891996383667 3.9665699005127
-97 0 0 0.506133019924164 4.01240015029907
-96 0 0 0.512365996837616 4.05822992324829
-95 0 0 0.518592000007629 4.10405015945435
-94 0 0 0.524809002876282 4.14988994598389
-93 0 0 0.531018018722534 4.19572019577026
-92 0 0 0.537217974662781 4.2415599822998
-91 0 0 0.543410003185272 4.28739023208618
-90 0 0 0.549592018127441 4.33323001861572
-89 0 0 0.555765986442566 4.37906980514526
-88 0 0 0.561930000782013 4.42491006851196
-87 0 0 0.568084001541138 4.47075986862183
-86 0 0 0.57422798871994 4.51660013198853
-85 0 0 0.580362021923065 4.56244993209839
-84 0 0 0.586485981941223 4.60829019546509
-83 0 0 0.592598021030426 4.65413999557495
-82 0 0 0.598699986934662 4.69998979568481
-81 0 0 0.604789972305298 4.74583005905151
-80 0 0 0.610868990421295 4.79167985916138
-79 0 0 0.616936028003693 4.8375301361084
-78 0 0 0.622991025447845 4.88337993621826
-77 0 0 0.629033982753754 4.92922019958496
-76 0 0 0.635064005851746 4.97506999969482
-75 0 0 0.641080975532532 5.02090978622437
-74 0 0 0.647085011005402 5.06676006317139
-73 0 0 0.653074979782104 5.11259984970093
-72 0 0 0.659052014350891 5.15844011306763
-71 0 0 0.665014982223511 5.20427989959717
-70 0 0 0.670962989330292 5.25012016296387
-69 0 0 0.676896989345551 5.29594993591309
-68 0 0 0.682816028594971 5.34178018569946
-67 0 0 0.688719987869263 5.38760995864868
-66 0 0 0.694608986377716 5.43344020843506
-65 0 0 0.700480997562408 5.47925996780396
-64 0 0 0.706337988376617 5.52508020401001
-63 0 0 0.712179005146027 5.57088994979858
-62 0 0 0.71800297498703 5.61670017242432
-61 0 0 0.723810017108917 5.66250991821289
-60 0 0 0.729600012302399 5.7083101272583
-59 0 0 0.735372006893158 5.75409984588623
-58 0 0 0.741127014160156 5.79989004135132
-57 0 0 0.746864020824432 5.84567022323608
-56 0 0 0.752582013607025 5.89143991470337
-55 0 0 0.758282005786896 5.93721008300781
-54 0 0 0.763962984085083 5.98297023773193
-53 0 0 0.769625008106232 6.0287299156189
-52 0 0 0.775268018245697 6.07447004318237
-51 0 0 0.780891001224518 6.12021017074585
-50 24 4 0.786493003368378 6.16593980789185
-49 0 0 0.792075991630554 6.21165990829468
-48 0 0 0.79763799905777 6.25736999511719
-47 0 0 0.803179025650024 6.30307006835938
-46 0 0 0.808699011802673 6.34876012802124
-45 0 0 0.8141970038414 6.39444017410278
-44 0 0 0.819674015045166 6.44010019302368
-43 0 0 0.825128972530365 6.48576021194458
-42 0 0 0.830561995506287 6.53140020370483
-41 0 0 0.835972011089325 6.57704019546509
-40 0 0 0.84135901927948 6.6226601600647
-39 0 0 0.846723973751068 6.66826009750366
-38 0 0 0.852065026760101 6.71386003494263
-37 0 0 0.857381999492645 6.75943994522095
-36 0 0 0.862676024436951 6.80499982833862
-35 0 0 0.867946028709412 6.85055017471313
-34 0 0 0.873190999031067 6.89609003067017
-33 0 0 0.878410995006561 6.94160985946655
-32 0 0 0.883606970310211 6.98711013793945
-31 0 0 0.8887779712677 7.03259992599487
-30 0 0 0.893922984600067 7.07807016372681
-29 0 0 0.899043023586273 7.12351989746094
-28 0 0 0.904137015342712 7.1689600944519
-27 0 0 0.90920501947403 7.21437978744507
-26 0 0 0.91424697637558 7.25977993011475
-25 0 0 0.919261991977692 7.30516004562378
-24 0 0 0.924251019954681 7.35052013397217
-23 0 0 0.929211974143982 7.39587020874023
-22 0 0 0.934147000312805 7.44118976593018
-21 0 0 0.939054012298584 7.48648977279663
-20 0 0 0.943933010101318 7.53177976608276
-19 0 0 0.948785006999969 7.57704019546509
-18 0 0 0.953607976436615 7.62228012084961
-17 0 0 0.958404004573822 7.66750001907349
-16 0 0 0.963171005249023 7.71269989013672
-15 0 0 0.967908978462219 7.75788021087646
-14 0 0 0.972618997097015 7.80303001403809
-13 0 0 0.977299988269806 7.84815979003906
-12 0 0 0.981952011585236 7.89327001571655
-11 0 0 0.986573994159698 7.9383602142334
-10 0 0 0.991167008876801 7.98341989517212
-9 0 0 0.994212985038757 8.01344013214111
-8 0 0 0.996236026287079 8.03345966339111
-7 0 0 0.997581005096436 8.04679012298584
-6 0 0 0.998476982116699 8.05568981170654
-5 0 0 0.999073028564453 8.06161022186279
-4 0 0 0.999471008777618 8.06556034088135
-3 0 0 0.999734997749329 8.06820011138916
-2 0 0 0.999867975711823 8.06951999664307
1 0 0 1 8.07083034515381
1 0 0 1 8.07083034515381
-2 0 0 1.0001300573349 8.07215023040771
-3 0 0 1.00025999546051 8.07347011566162
-4 0 0 1.00053000450134 8.07610034942627
-5 0 0 1.00092995166779 8.08005046844482
-6 0 0 1.00152003765106 8.08598041534424
-7 0 0 1.00241005420685 8.0948600769043
-8 0 0 1.00373995304108 8.10818958282471
-9 0 0 1.00574004650116 8.1281795501709
-10 0 0 1.00872004032135 8.15816020965576
-11 0 0 1.01317000389099 8.20310020446777
-12 0 0 1.01758003234863 8.24800968170166
-13 0 0 1.02197003364563 8.29290962219238
-14 0 0 1.02632999420166 8.33777046203613
-15 0 0 1.03065001964569 8.38261032104492
-16 0 0 1.03494000434875 8.42741966247559
-17 0 0 1.03920996189117 8.47220993041992
-18 0 0 1.04343998432159 8.51696968078613
-19 0 0 1.04763996601105 8.56169986724854
-20 0 0 1.05181002616882 8.60641002655029
-21 0 0 1.05595004558563 8.65108966827393
-22 0 0 1.06006002426147 8.69573974609375
-23 0 0 1.06412994861603 8.74036979675293
-24 0 0 1.0681699514389 8.7849702835083
-25 0 0 1.07219004631042 8.82954025268555
-26 0 0 1.07616996765137 8.87407970428467
-27 0 0 1.08010995388031 8.91860008239746
-28 0 0 1.0840300321579 8.96308040618896
-29 0 0 1.0879100561142 9.00753974914551
-30 0 0 1.09177005290985 9.05196952819824
-31 0 0 1.09558999538422 9.09638023376465
-32 0 0 1.09937000274658 9.14074993133545
-33 0 0 1.1031299829483 9.18509960174561
-34 0 0 1.10685002803802 9.22941970825195
-35 0 0 1.11054003238678 9.27371025085449
-36 0 0 1.11419999599457 9.31797027587891
-37 0 0 1.11783003807068 9.3621997833252
-38 0 0 1.1214200258255 9.40641021728516
-39 0 0 1.12497997283936 9.45059013366699
-40 0 0 1.12850999832153 9.4947395324707
-41 0 0 1.13200998306274 9.53886032104492
-42 0 0 1.13547003269196 9.5829496383667
-43 0 0 1.13891005516052 9.62701988220215
-44 0 0 1.1423100233078 9.67105007171631
-45 0 0 1.14567005634308 9.71506023406982
-46 0 0 1.14900994300842 9.75903987884521
-47 0 0 1.15231001377106 9.80300045013428
-48 0 0 1.15558004379272 9.84692001342773
-49 0 0 1.15882003307343 9.89081954956055
-50 2 4 1.16201996803284 9.93470001220703
-51 0 0 1.16519999504089 9.97854042053223
-52 0 0 1.16833996772766 10.0223999023438
-53 0 0 1.17144000530243 10.0661001205444
-54 0 0 1.17452001571655 10.1099004745483
-55 0 0 1.17755997180939 10.1535997390747
-56 0 0 1.18058001995087 10.1974000930786
-57 0 0 1.18356001377106 10.2410001754761
-58 0 0 1.18649995326996 10.2847003936768
-59 0 0 1.1894199848175 10.3283004760742
-60 0 0 1.19229996204376 10.3718996047974
-61 0 0 1.19516003131866 10.4154996871948
-62 0 0 1.19798004627228 10.4590997695923
-63 0 0 1.20203995704651 10.5228004455566
-64 0 0 1.20605003833771 10.5864000320435
-65 0 0 1.20998001098633 10.6499996185303
-66 0 0 1.2138500213623 10.7135000228882
-67 0 0 1.21765005588531 10.7770004272461
-68 0 0 1.22137999534607 10.8403997421265
-69 0 0 1.22503995895386 10.9038000106812
-70 0 0 1.228639960289 10.9672002792358
-71 0 0 1.2321799993515 11.0305004119873
-72 0 0 1.23564994335175 11.0937004089355
-73 0 0 1.23905003070831 11.1569004058838
-74 0 0 1.24239003658295 11.220100402832
-75 0 0 1.24565994739532 11.2832002639771
-76 0 0 1.24887001514435 11.3463001251221
-77 0 0 1.25200998783112 11.4092998504639
-78 0 0 1.25508999824524 11.4722995758057
-79 0 0 1.25811004638672 11.5353002548218
-80 0 0 1.26105999946594 11.5981998443604
-81 0 0 1.26394999027252 11.6611003875732
-82 0 0 1.26678001880646 11.7239999771118
-83 0 0 1.26954996585846 11.7868003845215
-84 0 0 1.27225005626678 11.8495998382568
-85 0 0 1.27489995956421 11.9124002456665
-86 0 0 1.27748000621796 11.9750995635986
-87 0 0 1.27999997138977 12.0378999710083
-88 0 0 1.28246998786926 12.1005001068115
-89 0 0 1.28487002849579 12.163200378418
-90 0 0 1.28720998764038 12.2258996963501
-91 0 0 1.28949999809265 12.2884998321533
-92 0 0 1.29172003269196 12.3510999679565
-93 0 0 1.29388999938965 12.4137001037598
-94 0 0 1.2960000038147 12.4762001037598
-95 0 0 1.29806005954742 12.538800239563
-96 0 0 1.30006003379822 12.601300239563
-97 0 0 1.30200004577637 12.6639003753662
-98 0 0 1.30387997627258 12.7264003753662
-99 0 0 1.30570995807648 12.7889003753662
-100 3 4 1.30747997760773 12.8514003753662
-101 0 0 1.30920004844666 12.9139003753662
-102 0 0 1.31087005138397 12.9764003753662
-103 0 0 1.31247997283936 13.038800239563
-104 0 0 1.31403994560242 13.101300239563
-105 0 0 1.31554996967316 13.163800239563
-106 0 0 1.31700003147125 13.226300239563
-107 0 0 1.31840002536774 13.288800239563
-108 0 0 1.31974995136261 13.3512001037598
-109 0 0 1.32105004787445 13.4137001037598
-110 0 0 1.32229995727539 13.4762001037598
-111 0 0 1.3235000371933 13.5387001037598
-112 0 0 1.32464003562927 13.6012001037598
-113 0 0 1.32573997974396 13.663800239563
-114 0 0 1.32678997516632 13.726300239563
-115 0 0 1.32779002189636 13.7889003753662
-116 0 0 1.32875001430511 13.8514003753662
-117 0 0 1.32965004444122 13.9139995574951
-118 0 0 1.33051002025604 13.9765996932983
-119 0 0 1.33132004737854 14.0391998291016
-120 0 0 1.33209002017975 14.101900100708
-121 0 0 1.33281004428864 14.1645002365112
-122 0 0 1.33348000049591 14.2271995544434
-123 0 0 1.33411002159119 14.2898998260498
-124 0 0 1.33469998836517 14.3527002334595
-125 0 0 1.33524000644684 14.4153995513916
-126 0 0 1.33573997020721 14.4781999588013
-127 0 0 1.33618998527527 14.5410995483398
-128 0 0 1.33660995960236 14.6038999557495
-129 0 0 1.33697998523712 14.6667995452881
-130 0 0 1.33729994297028 14.729700088501
-131 0 0 1.33758997917175 14.7926998138428
-132 0 0 1.33783996105194 14.8556995391846
-133 0 0 1.33803999423981 14.9187002182007
-134 0 0 1.33820998668671 14.9818000793457
-135 0 0 1.33833003044128 15.0448999404907
-136 0 0 1.3384200334549 15.108099937439
-137 0 0 1.33845996856689 15.1712999343872
-138 4 2 1.33846998214722 15.2180004119873
139 0 0 1.33845996856689 15.2812995910645
140 0 0 1.33840000629425 15.3445997238159
141 0 0 1.33831000328064 15.4079999923706
142 0 0 1.33817994594574 15.4715003967285
143 0 0 1.33800995349884 15.5349998474121
144 0 0 1.33781003952026 15.59850025177
145 0 0 1.33756995201111 15.6620998382568
146 0 0 1.33729994297028 15.725700378418
147 0 0 1.33698999881744 15.7895002365112
148 0 0 1.33665001392365 15.8531999588013
149 0 0 1.33626997470856 15.9169998168945
150 5 4 1.33586001396179 15.980899810791
151 0 0 1.33542001247406 16.044900894165
152 0 0 1.33493995666504 16.1089000701904
153 0 0 1.33443999290466 16.1728992462158
154 0 0 1.333899974823 16.2371006011963
155 0 0 1.33333003520966 16.3013000488281
156 0 0 1.33273005485535 16.36549949646
157 0 0 1.33210003376007 16.4298992156982
158 0 0 1.33143997192383 16.4943008422852
159 0 0 1.33074998855591 16.5587005615234
160 0 0 1.33002996444702 16.6233005523682
161 0 0 1.32928001880646 16.6879005432129
162 0 0 1.32851004600525 16.7525997161865
163 0 0 1.32770001888275 16.8173007965088
164 0 0 1.32686996459961 16.8820991516113
165 0 0 1.32600998878479 16.94700050354
166 0 0 1.32512998580933 17.011999130249
167 0 0 1.32421004772186 17.0771007537842
168 0 0 1.32327997684479 17.1422004699707
169 0 0 1.32230997085571 17.2073993682861
170 0 0 1.32132005691528 17.2726993560791
171 0 0 1.32030999660492 17.3381004333496
172 0 0 1.31927001476288 17.4034996032715
173 0 0 1.31821000576019 17.4689998626709
174 0 0 1.31712996959686 17.5345993041992
175 0 0 1.31602001190186 17.6002998352051
176 0 0 1.3148900270462 17.6660995483398
177 0 0 1.31373000144958 17.7320003509521
178 0 0 1.31255996227264 17.7978992462158
179 0 0 1.31136000156403 17.863899230957
180 0 0 1.31014001369476 17.9300003051758
181 0 0 1.30889999866486 17.9962005615234
182 0 0 1.3076399564743 18.0625
183 0 0 1.3063600063324 18.1289005279541
184 0 0 1.30507004261017 18.1954002380371
185 0 0 1.30375003814697 18.2618999481201
186 0 0 1.30241000652313 18.3285999298096
187 0 0 1.30104994773865 18.395299911499
188 0 0 1.29967999458313 18.4620990753174
189 0 0 1.29829001426697 18.5289993286133
190 0 0 1.29688000679016 18.5960006713867
191 0 0 1.29544997215271 18.6630992889404
192 0 0 1.29401004314423 18.7303009033203
193 0 0 1.29254996776581 18.7975997924805
194 0 0 1.29107999801636 18.8649005889893
195 0 0 1.28959000110626 18.9323997497559
196 0 0 1.28807997703552 18.9999008178711
197 0 0 1.28656005859375 19.0676002502441
198 0 0 1.28503000736237 19.1352996826172
199 0 0 1.28348004817963 19.2031002044678
200 6 4 1.28191995620728 19.2710990905762
201 0 0 1.28033995628357 19.3390998840332
202 0 0 1.27874994277954 19.4071998596191
203 0 0 1.27715003490448 19.4754009246826
204 0 0 1.27552998065948 19.5436992645264
205 0 0 1.27391004562378 19.6121006011963
206 0 0 1.27226996421814 19.6805992126465
207 0 0 1.27061998844147 19.7492008209229
208 0 0 1.26895999908447 19.8178997039795
209 0 0 1.26728999614716 19.8866004943848
210 0 0 1.26560997962952 19.9554996490479
211 0 0 1.26391994953156 20.0244998931885
212 0 0 1.26222002506256 20.0935001373291
213 0 0 1.26050996780396 20.1627006530762
214 0 0 1.25879001617432 20.2320003509521
215 0 0 1.25706994533539 20.3013000488281
216 0 0 1.2553299665451 20.3707008361816
217 0 0 1.25358998775482 20.440299987793
218 0 0 1.25183999538422 20.5098991394043
219 0 0 1.25007998943329 20.5795993804932
220 0 0 1.24830996990204 20.6494998931885
221 0 0 1.24653995037079 20.7194004058838
222 0 0 1.24477005004883 20.789400100708
223 0 0 1.24298000335693 20.8595008850098
224 0 0 1.24118995666504 20.9297008514404
225 0 0 1.23940002918243 21
226 0 0 1.23759996891022 21.0704002380371
227 0 0 1.23579001426697 21.1408004760742
228 0 0 1.23397994041443 21.2113990783691
229 0 0 1.23216998577118 21.2821006774902
230 0 0 1.23035001754761 21.3528003692627
231 0 0 1.22853004932404 21.4237003326416
232 0 0 1.22669994831085 21.4946002960205
233 0 0 1.22486996650696 21.5657005310059
234 0 0 1.22303998470306 21.6368007659912
235 0 0 1.22121000289917 21.7080001831055
236 0 0 1.21937000751495 21.7793006896973
237 0 0 1.21753001213074 21.850700378418
238 0 0 1.21569001674652 21.9221992492676
239 0 0 1.2138500213623 21.9937992095947
240 0 0 1.21201002597809 22.0653991699219
241 0 0 1.21017003059387 22.1371994018555
242 0 0 1.20832002162933 22.2091007232666
243 0 0 1.20648002624512 22.2810001373291
244 0 0 1.20463001728058 22.3530006408691
245 0 0 1.20279002189636 22.4251003265381
246 0 0 1.20094001293182 22.4972991943359
247 0 0 1.19910001754761 22.5695991516113
248 0 0 1.19726002216339 22.6420001983643
249 0 0 1.19541001319885 22.7145004272461
250 7 4 1.19357001781464 22.7870006561279
251 0 0 1.19173002243042 22.8596000671387
252 0 0 1.18990004062653 22.9323997497559
253 0 0 1.18806004524231 23.005199432373
254 0 0 1.18622994422913 23.0779991149902
255 0 0 1.18438994884491 23.1509990692139
256 0 0 1.18255996704102 23.224100112915
257 0 0 1.18073999881744 23.2971992492676
258 0 0 1.17892003059387 23.3703994750977
259 0 0 1.17709004878998 23.4437007904053
260 0 0 1.17527997493744 23.5170993804932
261 0 0 1.17346000671387 23.5905990600586
262 0 0 1.17165994644165 23.6641006469727
263 0 0 1.1698499917984 23.7378005981445
264 0 0 1.16805005073547 23.8115005493164
265 0 0 1.16624999046326 23.8852996826172
266 0 0 1.16445994377136 23.9591007232666
267 0 0 1.16267001628876 24.0331001281738
268 0 0 1.16088998317719 24.1070995330811
269 0 0 1.15910995006561 24.1812000274658
270 0 0 1.15734004974365 24.2553997039795
271 0 0 1.1555700302124 24.3295993804932
272 0 0 1.15381002426147 24.4039993286133
273 0 0 1.15205001831055 24.4783992767334
274 0 0 1.15030002593994 24.5529003143311
275 0 0 1.14855003356934 24.6273994445801
276 0 0 1.14681994915009 24.7021007537842
277 0 0 1.1450799703598 24.7768001556396
278 0 0 1.14336001873016 24.8516006469727
279 0 0 1.14163994789124 24.926399230957
280 0 0 1.13993000984192 25.0013008117676
281 0 0 1.13821995258331 25.0762996673584
282 0 0 1.13652002811432 25.1513996124268
283 0 0 1.13482999801636 25.2266006469727
284 0 0 1.13314998149872 25.3017997741699
285 0 0 1.13146996498108 25.3770999908447
286 0 0 1.12979996204376 25.4524993896484
287 0 0 1.12813997268677 25.5279006958008
288 0 0 1.12647998332977 25.6033992767334
289 0 0 1.12484002113342 25.6790008544922
290 0 0 1.12320005893707 25.7546005249023
291 0 0 1.12156999111176 25.8304004669189
292 0 0 1.11994004249573 25.906099319458
293 0 0 1.11833000183105 25.9820003509521
294 0 0 1.11671996116638 26.0578994750977
295 0 0 1.11512994766235 26.1338996887207
296 0 0 1.11354005336761 26.2099990844727
297 0 0 1.11196005344391 26.2861003875732
298 0 0 1.11038994789124 26.3623008728027
299 0 0 1.10881996154785 26.4386005401611
300 8 4 1.10727000236511 26.5149002075195
301 0 0 1.10572004318237 26.5912990570068
302 0 0 1.10418999195099 26.6678009033203
303 0 0 1.1026599407196 26.7443008422852
304 0 0 1.10114002227783 26.8208999633789
305 0 0 1.09964001178741 26.8974990844727
306 0 0 1.098140001297 26.9743003845215
307 0 0 1.0966500043869 27.0510997772217
308 0 0 1.09517002105713 27.1278991699219
309 0 0 1.09370005130768 27.2047996520996
310 0 0 1.09223997592926 27.2817993164063
311 0 0 1.09079003334045 27.3589000701904
312 0 0 1.08934998512268 27.4360008239746
313 0 0 1.0879100561142 27.5132007598877
314 0 0 1.08649003505707 27.5904006958008
315 0 0 1.08508002758026 27.6676998138428
316 0 0 1.08368003368378 27.7451000213623
317 0 0 1.08229005336761 27.8225002288818
318 0 0 1.08090996742249 27.8999996185303
319 0 0 1.07953000068665 27.9776000976563
320 0 0 1.07816994190216 28.0552005767822
321 0 0 1.07682001590729 28.1329002380371
322 0 0 1.07547998428345 28.210599899292
323 0 0 1.07414996623993 28.2884006500244
324 0 0 1.07282996177673 28.3663005828857
325 0 0 1.07151997089386 28.4442005157471
326 0 0 1.07021999359131 28.5221996307373
327 0 0 1.06893002986908 28.6002998352051
328 0 0 1.06764996051788 28.6784000396729
329 0 0 1.0663800239563 28.7565994262695
330 0 0 1.06511998176575 28.8348007202148
331 0 0 1.06387996673584 28.9130992889404
332 0 0 1.06263995170593 28.9915008544922
333 0 0 1.06140995025635 29.0699005126953
334 0 0 1.06019997596741 29.1483993530273
335 0 0 1.05899000167847 29.226900100708
336 0 0 1.05780005455017 29.3055992126465
337 0 0 1.05662000179291 29.3841991424561
338 0 0 1.05543994903564 29.4629993438721
339 0 0 1.05428004264832 29.5417995452881
340 0 0 1.05313003063202 29.6205997467041
341 0 0 1.05199003219604 29.699499130249
342 0 0 1.05086004734039 29.7784996032715
343 0 0 1.04973995685577 29.8575992584229
344 0 0 1.04862999916077 29.9367008209229
345 0 0 1.04753005504608 30.0158004760742
346 0 0 1.04645001888275 30.0949993133545
347 0 0 1.04536998271942 30.1742992401123
348 0 0 1.04430997371674 30.2537002563477
349 0 0 1.04324996471405 30.3330993652344
350 9 4 1.04220998287201 30.4125995635986
351 0 0 1.04117000102997 30.4920997619629
352 0 0 1.04015004634857 30.5716991424561
353 0 0 1.03913998603821 30.6513004302979
354 0 0 1.03814005851746 30.7311000823975
355 0 0 1.03715002536774 30.8108005523682
356 0 0 1.03617000579834 30.8906993865967
357 0 0 1.03519999980927 30.9706001281738
358 0 0 1.03425002098083 31.050500869751
359 0 0 1.0333000421524 31.1305999755859
360 0 0 1.03236997127533 31.210599899292
361 0 0 1.03144001960754 31.2908000946045
362 0 0 1.03052997589111 31.371000289917
363 0 0 1.029629945755 31.4512996673584
364 0 0 1.02873003482819 31.5316009521484
365 0 0 1.02785003185272 31.6119995117188
366 0 0 1.02698004245758 31.6923999786377
367 0 0 1.02611994743347 31.7730007171631
368 0 0 1.02526998519897 31.8535003662109
369 0 0 1.0244300365448 31.9342002868652
370 0 0 1.02360999584198 32.0149002075195
371 0 0 1.02278995513916 32.0956993103027
372 0 0 1.02198004722595 32.1764984130859
373 0 0 1.0211900472641 32.2574005126953
374 0 0 1.02040994167328 32.3382987976074
375 0 0 1.01962995529175 32.4193992614746
376 0 0 1.01886999607086 32.5004997253418
377 0 0 1.0181200504303 32.581600189209
378 0 0 1.01737999916077 32.6627998352051
379 0 0 1.01663994789124 32.7440986633301
380 0 0 1.01592004299164 32.8254013061523
381 0 0 1.01521003246307 32.9067993164063
382 0 0 1.01452004909515 32.9883003234863
383 0 0 1.01382994651794 33.0698013305664
384 0 0 1.01314997673035 33.1514015197754
385 0 0 1.01248002052307 33.2330017089844
386 0 0 1.01182997226715 33.3148002624512
387 0 0 1.01118004322052 33.3964996337891
388 0 0 1.01054000854492 33.478401184082
389 0 0 1.00992000102997 33.5602989196777
390 0 0 1.00929999351501 33.6422996520996
391 0 0 1.00870001316071 33.7243003845215
392 0 0 1.00811004638672 33.8064002990723
393 0 0 1.00751996040344 33.888599395752
394 0 0 1.0069500207901 33.9707984924316
395 0 0 1.00638997554779 34.0531005859375
396 0 0 1.0058399438858 34.1355018615723
397 0 0 1.00530004501343 34.2178993225098
398 0 0 1.00476002693176 34.3003997802734
399 0 0 1.00424003601074 34.3829002380371
400 10 4 1.00373005867004 34.4655990600586
401 0 0 1.00322997570038 34.5481986999512
402 0 0 1.00274002552032 34.6310005187988
403 0 0 1.0022599697113 34.7137985229492
404 0 0 1.00179994106293 34.7966995239258
405 0 0 1.00134003162384 34.8796005249023
406 0 0 1.00089001655579 34.9626998901367
407 0 0 1.00045001506805 35.0457000732422
408 0 0 1.00002002716064 35.1288986206055
409 0 0 0.999602019786835 35.212100982666
410 0 0 0.999193012714386 35.2953987121582
411 0 0 0.998794972896576 35.3787002563477
412 0 0 0.998407006263733 35.462100982666
413 0 0 0.998028993606567 35.5456008911133
414 0 0 0.997660994529724 35.6291007995605
415 0 0 0.997303009033203 35.7127990722656
416 0 0 0.99695497751236 35.7963981628418
417 0 0 0.996617019176483 35.880199432373
418 0 0 0.996289014816284 35.9640007019043
419 0 0 0.995971024036407 36.0479011535645
420 0 0 0.995662987232208 36.1318016052246
421 0 0 0.995365023612976 36.2158012390137
422 0 0 0.99507600069046 36.2999000549316
423 0 0 0.994798004627228 36.3839988708496
424 0 0 0.994529008865356 36.4682006835938
425 0 0 0.994270026683807 36.5525016784668
426 0 0 0.994020998477936 36.6367988586426
427 0 0 0.993781983852386 36.7212982177734
428 0 0 0.993552029132843 36.8056983947754
429 0 0 0.993332028388977 36.8903007507324
430 0 0 0.993121981620789 36.9748992919922
431 0 0 0.992920994758606 37.0596008300781
432 0 0 0.992730021476746 37.1442985534668
433 0 0 0.992549002170563 37.2290992736816
434 0 0 0.992376983165741 37.3139991760254
435 0 0 0.992214977741241 37.3988990783691
436 0 0 0.992061972618103 37.4838981628418
437 0 0 0.991918981075287 37.5690002441406
438 0 0 0.991784989833832 37.6542015075684
439 0 0 0.991661012172699 37.7393989562988
440 0 0 0.991545975208282 37.8246994018555
441 0 0 0.991441011428833 37.9099998474121
442 0 0 0.9913449883461 37.9953994750977
443 0 0 0.991258978843689 38.0808982849121
444 0 0 0.991182029247284 38.1665000915527
445 0 0 0.991114020347595 38.2521018981934
446 0 0 0.991055011749268 38.3377990722656
447 0 0 0.991006016731262 38.4235000610352
448 0 0 0.990966022014618 38.5093002319336
449 0 0 0.990935981273651 38.5951995849609
450 11 4 0.990913987159729 38.6811981201172
451 0 0 0.990902006626129 38.7672004699707
-452 12 2 0.99089902639389 38.8385009765625
-453 0 0 0.990903973579407 38.9245986938477
-454 0 0 0.990917026996613 39.0108985900879
-455 0 0 0.990939974784851 39.0970993041992
-456 0 0 0.990971982479095 39.1834983825684
-457 0 0 0.991012990474701 39.2699012756348
-458 0 0 0.991062998771667 39.3563995361328
-459 0 0 0.991122007369995 39.4429016113281
-460 0 0 0.991190016269684 39.5294990539551
-461 0 0 0.991267025470734 39.6161994934082
-462 0 0 0.9913529753685 39.7028999328613
-463 0 0 0.991447985172272 39.7896995544434
-464 0 0 0.991551995277405 39.8765983581543
-465 0 0 0.991665005683899 39.9635009765625
-466 0 0 0.991786003112793 40.0505981445313
-467 0 0 0.991916000843048 40.1375999450684
-468 0 0 0.992056012153625 40.2248001098633
-469 0 0 0.992204010486603 40.3120002746582
-470 0 0 0.99235999584198 40.3992004394531
-471 0 0 0.992525994777679 40.4865989685059
-472 0 0 0.992699980735779 40.5740013122559
-473 0 0 0.992883026599884 40.6613998413086
-474 0 0 0.993073999881744 40.7490005493164
-475 0 0 0.993273973464966 40.8366012573242
-476 0 0 0.993483006954193 40.9241981506348
-477 0 0 0.993700981140137 41.0120010375977
-478 0 0 0.993927001953125 41.0998001098633
-479 0 0 0.994161009788513 41.1875991821289
-480 0 0 0.994404017925262 41.2755012512207
-481 0 0 0.994656026363373 41.3634986877441
-482 0 0 0.994916021823883 41.4515991210938
-483 0 0 0.995184004306793 41.5396995544434
-484 0 0 0.995460987091064 41.6278991699219
-485 0 0 0.995747029781342 41.7160987854004
-486 0 0 0.996039986610413 41.8044013977051
-487 0 0 0.99634200334549 41.8927993774414
-488 0 0 0.996653020381927 41.981201171875
-489 0 0 0.996972024440765 42.0696983337402
-490 0 0 0.997299015522003 42.1582984924316
-491 0 0 0.997633993625641 42.246898651123
-492 0 0 0.99797797203064 42.3356018066406
-493 0 0 0.998328983783722 42.4243011474609
-494 0 0 0.998690009117126 42.5130996704102
-495 0 0 0.99905800819397 42.6020011901855
-496 0 0 0.999433994293213 42.6908988952637
-497 0 0 0.999818980693817 42.779899597168
-498 0 0 1.00021004676819 42.8689994812012
-499 0 0 1.00060999393463 42.9580993652344
-500 13 4 1.0010199546814 43.0472984313965
-501 0 0 1.00144004821777 43.1366004943848
-502 0 0 1.00186002254486 43.2258987426758
-503 0 0 1.00230002403259 43.3152008056641
-504 0 0 1.00274002552032 43.4047012329102
-505 0 0 1.00318002700806 43.4940986633301
-506 0 0 1.00364005565643 43.5836982727051
-507 0 0 1.00410997867584 43.6733016967773
-508 0 0 1.00458002090454 43.7630004882813
-509 0 0 1.00505995750427 43.8526992797852
-510 0 0 1.00555002689362 43.9425010681152
-511 0 0 1.00603997707367 44.032299041748
-512 0 0 1.00654995441437 44.122200012207
-513 0 0 1.00706005096436 44.2122001647949
-514 0 0 1.00758004188538 44.3022003173828
-515 0 0 1.0081000328064 44.3922996520996
-516 0 0 1.00864005088806 44.4823989868164
-517 0 0 1.00917994976044 44.5726013183594
-518 0 0 1.00972998142242 44.662899017334
-519 0 0 1.01029002666473 44.7532005310059
-520 0 0 1.01084995269775 44.8436012268066
-521 0 0 1.01143002510071 44.9339981079102
-522 0 0 1.01200997829437 45.0245018005371
-523 0 0 1.01259994506836 45.1150016784668
-524 0 0 1.01319003105164 45.2056007385254
-525 0 0 1.01379001140594 45.2962989807129
-526 0 0 1.0144100189209 45.3870010375977
-527 0 0 1.01502001285553 45.4777984619141
-528 0 0 1.01565003395081 45.5685997009277
-529 0 0 1.01628005504608 45.6595001220703
-530 0 0 1.01691997051239 45.7504005432129
-531 0 0 1.01757001876831 45.8414001464844
-532 0 0 1.01821994781494 45.9323997497559
-533 0 0 1.01889002323151 46.0234985351563
-534 0 0 1.01955997943878 46.1146011352539
-535 0 0 1.02023005485535 46.2057991027832
-536 0 0 1.02092003822327 46.2971000671387
-537 0 0 1.02161002159119 46.3884010314941
-538 0 0 1.02231001853943 46.4798011779785
-539 0 0 1.02301001548767 46.5712013244629
-540 0 0 1.02373003959656 46.6627006530762
-541 0 0 1.02444994449615 46.7541999816895
-542 0 0 1.02516996860504 46.8456993103027
-543 0 0 1.02591001987457 46.9374008178711
-544 0 0 1.02664995193481 47.0289993286133
-545 0 0 1.02740001678467 47.1208000183105
-546 0 0 1.02814996242523 47.2125015258789
-547 0 0 1.02891004085541 47.3044013977051
-548 0 0 1.02968001365662 47.3961982727051
-549 0 0 1.03046000003815 47.4882011413574
-550 14 4 1.03123998641968 47.5801010131836
-551 0 0 1.03202998638153 47.6721992492676
-552 0 0 1.03282999992371 47.7641983032227
-553 0 0 1.0336400270462 47.8563995361328
-554 0 0 1.0344500541687 47.9485015869141
-555 0 0 1.03525996208191 48.0407981872559
-556 0 0 1.03609001636505 48.132999420166
-557 0 0 1.0369199514389 48.2252998352051
-558 0 0 1.03776001930237 48.317699432373
-559 0 0 1.03859996795654 48.410099029541
-560 0 0 1.03945004940033 48.5026016235352
-561 0 0 1.04031002521515 48.595100402832
-562 0 0 1.04118001461029 48.6875991821289
-563 0 0 1.04205000400543 48.780200958252
-564 0 0 1.0429300069809 48.8728981018066
-565 0 0 1.04381000995636 48.9655990600586
-566 0 0 1.04471004009247 49.0583000183105
-567 0 0 1.04560005664825 49.1511001586914
-568 0 0 1.0465099811554 49.2439002990723
-569 0 0 1.04742002487183 49.336799621582
-570 0 0 1.04833996295929 49.4296989440918
-571 0 0 1.04926002025604 49.5225982666016
-572 0 0 1.05018997192383 49.6156005859375
-573 0 0 1.05113005638123 49.7086982727051
-574 0 0 1.05208003520966 49.8017997741699
-575 0 0 1.05303001403809 49.8949012756348
-576 0 0 1.05397999286652 49.9880981445313
-577 0 0 1.05494999885559 50.081298828125
-578 0 0 1.05592000484467 50.1745986938477
-579 0 0 1.05689001083374 50.2678985595703
-580 0 0 1.05787003040314 50.361198425293
-581 0 0 1.05885994434357 50.4546012878418
-582 0 0 1.05985999107361 50.5480003356934
-583 0 0 1.06086003780365 50.6414985656738
-584 0 0 1.06186997890472 50.7350006103516
-585 0 0 1.06288003921509 50.828498840332
-586 0 0 1.06389999389648 50.9221000671387
-587 0 0 1.0649299621582 51.0157012939453
-588 0 0 1.06596004962921 51.1094017028809
-589 0 0 1.06700003147125 51.2030982971191
-590 0 0 1.06804001331329 51.2967987060547
-591 0 0 1.06909000873566 51.3905982971191
-592 0 0 1.07015001773834 51.4844017028809
-593 0 0 1.07121002674103 51.5783004760742
-594 0 0 1.07228004932404 51.6721992492676
-595 0 0 1.07334995269775 51.7661018371582
-596 0 0 1.07444000244141 51.8600997924805
-597 0 0 1.07552003860474 51.9541015625
-598 0 0 1.07661998271942 52.0480995178223
-599 0 0 1.07771003246307 52.1422004699707
-600 15 4 1.07881999015808 52.2363014221191
-601 0 0 1.07992994785309 52.3305015563965
-602 0 0 1.08105003833771 52.4247016906738
-603 0 0 1.08217000961304 52.5189018249512
-604 0 0 1.08329999446869 52.6130981445313
-605 0 0 1.08442997932434 52.7074012756348
-606 0 0 1.08556997776031 52.801700592041
-607 0 0 1.08671998977661 52.8960990905762
-608 0 0 1.08787000179291 52.9905014038086
-609 0 0 1.08903002738953 53.0848999023438
-610 0 0 1.09019005298615 53.1794013977051
-611 0 0 1.0913599729538 53.2738990783691
-612 0 0 1.09254002571106 53.3684005737305
-613 0 0 1.09371995925903 53.4630012512207
-614 0 0 1.0949000120163 53.5575981140137
-615 0 0 1.09609997272491 53.6521987915039
-616 0 0 1.0972900390625 53.7467994689941
-617 0 0 1.09850001335144 53.8414993286133
-618 0 0 1.09970998764038 53.9361991882324
-619 0 0 1.10091996192932 54.0309982299805
-620 0 0 1.10213994979858 54.1258010864258
-621 0 0 1.10336995124817 54.2206001281738
-622 0 0 1.10459995269775 54.3153991699219
-623 0 0 1.10582995414734 54.4103012084961
-624 0 0 1.10707998275757 54.505199432373
-625 0 0 1.10831999778748 54.6001014709473
-626 0 0 1.10958003997803 54.6950988769531
-627 0 0 1.11083996295929 54.7901000976563
-628 0 0 1.11210000514984 54.8851013183594
-629 0 0 1.11336994171143 54.9802017211914
-630 0 0 1.11465001106262 55.0751991271973
-631 0 0 1.11592996120453 55.1702995300293
-632 0 0 1.11721003055573 55.2654991149902
-633 0 0 1.11849999427795 55.3605995178223
-634 0 0 1.11979997158051 55.4557991027832
-635 0 0 1.12109994888306 55.5509986877441
-636 0 0 1.12241005897522 55.6463012695313
-637 0 0 1.12372004985809 55.7416000366211
-638 0 0 1.12504005432129 55.8368988037109
-639 0 0 1.12636995315552 55.932201385498
-640 0 0 1.12768995761871 56.0275001525879
-641 0 0 1.12902998924255 56.1228981018066
-642 0 0 1.13037002086639 56.2182998657227
-643 0 0 1.13171005249023 56.3137016296387
-644 0 0 1.13305997848511 56.4091987609863
-645 0 0 1.13442003726959 56.5046997070313
-646 0 0 1.13577997684479 56.6002006530762
-647 0 0 1.13714003562927 56.6957015991211
-648 0 0 1.13850998878479 56.7911987304688
-649 0 0 1.13988995552063 56.8867988586426
-650 16 4 1.14127004146576 56.9823989868164
-651 0 0 1.1426500082016 57.0779991149902
-652 0 0 1.14403998851776 57.173698425293
-653 0 0 1.14543998241425 57.2692985534668
-654 0 0 1.14683997631073 57.3650016784668
-655 0 0 1.14824998378754 57.4608001708984
-656 0 0 1.14965999126434 57.5564994812012
-657 0 0 1.15106999874115 57.6523017883301
-658 0 0 1.15249001979828 57.7480010986328
-659 0 0 1.15392005443573 57.8437995910645
-660 0 0 1.15534996986389 57.9397010803223
-661 0 0 1.15679001808167 58.0354995727539
-662 0 0 1.15822994709015 58.1314010620117
-663 0 0 1.15966999530792 58.2272987365723
-664 0 0 1.16112995147705 58.3232002258301
-665 0 0 1.16258001327515 58.4191017150879
-666 0 0 1.16403996944427 58.5150985717773
-667 0 0 1.16551005840302 58.6110992431641
-668 0 0 1.16698002815247 58.7070999145508
-669 0 0 1.16844999790192 58.8031005859375
-670 0 0 1.16992998123169 58.8991012573242
-671 0 0 1.17141997814178 58.9952011108398
-672 0 0 1.17290997505188 59.0912017822266
-673 0 0 1.17439997196198 59.1873016357422
-674 0 0 1.17589998245239 59.2834014892578
-675 0 0 1.17741000652313 59.3796005249023
-676 0 0 1.17891001701355 59.475700378418
-677 0 0 1.18043005466461 59.5718994140625
-678 0 0 1.18194997310638 59.668098449707
-679 0 0 1.18347001075745 59.7643013000488
-680 0 0 1.18499994277954 59.8605003356934
-681 0 0 1.18652999401093 59.9567985534668
-682 0 0 1.18807005882263 60.0530014038086
-683 0 0 1.18961000442505 60.149299621582
-684 0 0 1.19115996360779 60.2456016540527
-685 0 0 1.19271004199982 60.3418998718262
-686 0 0 1.19426000118256 60.4382019042969
-687 0 0 1.19581997394562 60.5345993041992
-688 0 0 1.197389960289 60.6310005187988
-689 0 0 1.19895994663239 60.7272987365723
-690 0 0 1.20053005218506 60.8236999511719
-691 0 0 1.20211005210876 60.9201011657715
-692 0 0 1.2036999464035 61.0166015625
-693 0 0 1.20527994632721 61.1129989624023
-694 0 0 1.20687997341156 61.2094993591309
-695 0 0 1.20846998691559 61.3059997558594
-696 0 0 1.21008002758026 61.402400970459
-697 0 0 1.21168005466461 61.4990005493164
-698 0 0 1.21328997612 61.5955009460449
-699 0 0 1.21491003036499 61.6920013427734
-700 17 4 1.2165299654007 61.7886009216309
-701 0 0 1.21815001964569 61.8851013183594
-702 0 0 1.21977996826172 61.9817008972168
-703 0 0 1.22141003608704 62.0783004760742
-704 0 0 1.22304999828339 62.1749000549316
-705 0 0 1.22468996047974 62.2714996337891
-706 0 0 1.2263400554657 62.3681983947754
-707 0 0 1.22799003124237 62.4648017883301
-708 0 0 1.22965002059937 62.5615005493164
-709 0 0 1.23131000995636 62.6581993103027
-710 0 0 1.23296999931335 62.7549018859863
-711 0 0 1.23464000225067 62.8516006469727
-712 0 0 1.23631000518799 62.948299407959
-713 0 0 1.23799002170563 63.0449981689453
-714 0 0 1.23967003822327 63.1417999267578
-715 0 0 1.24135994911194 63.2384986877441
-716 0 0 1.2430499792099 63.3353004455566
-717 0 0 1.24474000930786 63.4320983886719
-718 0 0 1.24644005298615 63.5289001464844
-719 0 0 1.24813997745514 63.6257019042969
-720 0 0 1.24985003471375 63.7224998474121
-721 0 0 1.25155997276306 63.8193016052246
-722 0 0 1.25328004360199 63.9161987304688
-723 0 0 1.25499999523163 64.0130004882813
-724 0 0 1.25671994686127 64.1099014282227
-725 0 0 1.25845003128052 64.2068023681641
-726 0 0 1.26017999649048 64.303596496582
-727 0 0 1.26191997528076 64.4004974365234
-728 0 0 1.26365995407104 64.4974975585938
-729 0 0 1.26540994644165 64.5943984985352
-730 0 0 1.26716005802155 64.6912994384766
-731 0 0 1.26891005039215 64.7882995605469
-732 0 0 1.27067005634308 64.8852005004883
-733 0 0 1.27242994308472 64.9822006225586
-734 0 0 1.27419996261597 65.0791015625
-735 0 0 1.27596998214722 65.1761016845703
-736 0 0 1.27775001525879 65.2731018066406
-737 0 0 1.27953004837036 65.3701019287109
-738 0 0 1.28130996227264 65.4671020507813
-739 0 0 1.28310000896454 65.5642013549805
-740 0 0 1.28489005565643 65.6612014770508
-741 0 0 1.28667998313904 65.7582015991211
-742 0 0 1.28848004341125 65.8553009033203
-743 0 0 1.2902899980545 65.9523010253906
-744 0 0 1.29209005832672 66.0494003295898
-745 0 0 1.29391002655029 66.1464996337891
-746 0 0 1.29571998119354 66.2435989379883
-747 0 0 1.29753994941711 66.3406982421875
-748 0 0 1.2993700504303 66.4377975463867
-749 0 0 1.30119001865387 66.5348968505859
-750 18 4 1.30303001403809 66.6320037841797
-751 0 0 1.30485999584198 66.7291030883789
-752 0 0 1.3066999912262 66.826301574707
-753 0 0 1.30855000019073 66.9234008789063
-754 0 0 1.31040000915527 67.0205993652344
-755 0 0 1.31225001811981 67.1176986694336
-756 0 0 1.31410002708435 67.2148971557617
-757 0 0 1.31596004962921 67.3121032714844
-758 0 0 1.3178299665451 67.4093017578125
-759 0 0 1.31970000267029 67.5065002441406
-760 0 0 1.32157003879547 67.6036987304688
-761 0 0 1.32344996929169 67.7008972167969
-762 0 0 1.32533001899719 67.7981033325195
-763 0 0 1.32720994949341 67.8953018188477
-764 0 0 1.32910001277924 67.9925003051758
-765 0 0 1.33098995685577 68.0897979736328
-766 0 0 1.33289003372192 68.1869964599609
-767 0 0 1.33478999137878 68.2843017578125
-768 0 0 1.33668994903564 68.3815002441406
-769 0 0 1.33860003948212 68.4787979125977
-770 0 0 1.3405100107193 68.5761032104492
-771 0 0 1.34241998195648 68.6733016967773
-772 0 0 1.34433996677399 68.7705993652344
-773 0 0 1.34626996517181 68.8678970336914
-774 0 0 1.34818994998932 68.965202331543
-775 0 0 1.35011994838715 69.0625
-776 0 0 1.3520599603653 69.159797668457
-777 0 0 1.35399997234344 69.2571029663086
-778 0 0 1.35593998432159 69.3544006347656
-779 0 0 1.35789000988007 69.4517974853516
-780 0 0 1.35984003543854 69.5491027832031
-781 0 0 1.36178994178772 69.6464004516602
-782 0 0 1.36374998092651 69.7437973022461
-783 0 0 1.36571002006531 69.8411026000977
-784 0 0 1.36767995357513 69.9384994506836
-785 0 0 1.36965000629425 70.0357971191406
-786 0 0 1.37162005901337 70.1332015991211
-787 0 0 1.37360000610352 70.230598449707
-788 0 0 1.37557995319366 70.3279037475586
-789 0 0 1.3775600194931 70.4253005981445
-790 0 0 1.37954998016357 70.5226974487305
-791 0 0 1.38154995441437 70.6201019287109
-792 0 0 1.38354003429413 70.7174987792969
-793 0 0 1.38554000854492 70.8149032592773
-794 0 0 1.38754999637604 70.9123001098633
-795 0 0 1.38954997062683 71.0096969604492
-796 0 0 1.39155995845795 71.1071014404297
-797 0 0 1.39357995986938 71.2044982910156
-798 0 0 1.39559996128082 71.3019027709961
-799 0 0 1.39761996269226 71.3993988037109
-800 19 4 1.39964997768402 71.4968032836914
-801 0 0 1.40167999267578 71.5942001342773
-802 0 0 1.40371000766754 71.6917037963867
-803 0 0 1.40575003623962 71.7891006469727
-804 0 0 1.40778994560242 71.8865966796875
-805 0 0 1.40983998775482 71.984001159668
-806 0 0 1.4118800163269 72.0814971923828
-807 0 0 1.41393995285034 72.1789016723633
-808 0 0 1.41598999500275 72.2763977050781
-809 0 0 1.41805005073547 72.3738021850586
-810 0 0 1.42012000083923 72.4712982177734
-811 0 0 1.42218005657196 72.5688018798828
-812 0 0 1.42426002025604 72.6662979125977
-813 0 0 1.4263299703598 72.7637023925781
-814 0 0 1.42841005325317 72.861198425293
-815 0 0 1.43049001693726 72.9587020874023
-816 0 0 1.43257999420166 73.0561981201172
-817 0 0 1.43466997146606 73.1537017822266
-818 0 0 1.43675994873047 73.2511978149414
-819 0 0 1.43886005878448 73.3487014770508
-820 0 0 1.44096004962921 73.4461975097656
-821 0 0 1.44306004047394 73.543701171875
-822 0 0 1.44517004489899 73.6411972045898
-823 0 0 1.44728004932404 73.7387008666992
-824 0 0 1.44939994812012 73.8361968994141
-825 0 0 1.45150995254517 73.9337005615234
-826 0 0 1.45363998413086 74.0311965942383
-827 0 0 1.45576000213623 74.1287994384766
-828 0 0 1.45789003372192 74.2263031005859
-829 0 0 1.46002995967865 74.3237991333008
-830 0 0 1.46215999126434 74.4213027954102
-831 0 0 1.46430003643036 74.5188980102539
-832 0 0 1.46644997596741 74.6164016723633
-833 0 0 1.46860003471375 74.7138977050781
-834 0 0 1.47074997425079 74.8115005493164
-835 0 0 1.47290003299713 74.9089965820313
-836 0 0 1.4750599861145 75.0065002441406
-837 0 0 1.47722005844116 75.1041030883789
-838 0 0 1.47939002513885 75.2015991210938
-839 0 0 1.48155999183655 75.299201965332
-840 0 0 1.48372995853424 75.3966979980469
-841 0 0 1.48591005802155 75.4943008422852
-842 0 0 1.48809003829956 75.591796875
-843 0 0 1.4902800321579 75.6893997192383
-844 0 0 1.49246001243591 75.7869033813477
-845 0 0 1.49465000629425 75.8844985961914
-846 0 0 1.49685001373291 75.9820022583008
-847 0 0 1.49905002117157 76.0795974731445
-848 0 0 1.50125002861023 76.1772003173828
-849 0 0 1.50346004962921 76.2746963500977
-850 20 4 1.5056699514389 76.3722991943359
-851 0 0 1.50787997245789 76.4699020385742
-852 0 0 1.51010000705719 76.5673980712891
-853 0 0 1.51232004165649 76.6650009155273
-854 0 0 1.51453995704651 76.7626037597656
-855 0 0 1.51677000522614 76.8600997924805
-856 0 0 1.51900005340576 76.9577026367188
-857 0 0 1.5212299823761 77.0552978515625
-858 0 0 1.52347004413605 77.1529006958008
-859 0 0 1.52570998668671 77.2503967285156
-860 0 0 1.52795994281769 77.3479995727539
-861 0 0 1.53020000457764 77.4456024169922
-862 0 0 1.53245997428894 77.5431976318359
-863 0 0 1.53471004962921 77.6407012939453
-864 0 0 1.53697001934052 77.7382965087891
-865 0 0 1.53922998905182 77.8358993530273
-866 0 0 1.54149997234344 77.9335021972656
-867 0 0 1.54376995563507 78.0310974121094
-868 0 0 1.54604005813599 78.1286010742188
-869 0 0 1.54832005500793 78.2261962890625
-870 0 0 1.55060005187988 78.3237991333008
-871 0 0 1.55288994312286 78.4214019775391
-872 0 0 1.5551700592041 78.5189971923828
-873 0 0 1.5574699640274 78.6166000366211
-874 0 0 1.55975997447968 78.7141036987305
-875 0 0 1.56205999851227 78.8116989135742
-876 0 0 1.56436002254486 78.9093017578125
-877 0 0 1.56666994094849 79.0068969726563
-878 0 0 1.56896996498108 79.1044998168945
-879 0 0 1.57129001617432 79.2021026611328
-880 0 0 1.57360005378723 79.2996978759766
-881 0 0 1.57591998577118 79.3972015380859
-882 0 0 1.57825005054474 79.4947967529297
-883 0 0 1.58056998252869 79.592399597168
-884 0 0 1.58290004730225 79.6900024414063
-885 0 0 1.58524000644684 79.78759765625
-886 0 0 1.58756995201111 79.8852005004883
-887 0 0 1.58991003036499 79.9828033447266
-888 0 0 1.5922600030899 80.0803985595703
-889 0 0 1.59460997581482 80.1779022216797
-890 0 0 1.59695994853973 80.2754974365234
-891 0 0 1.59931004047394 80.3731002807617
-892 0 0 1.60167002677917 80.470703125
-893 0 0 1.60403001308441 80.5682983398438
-894 0 0 1.60640001296997 80.665901184082
-895 0 0 1.60877001285553 80.7633972167969
-896 0 0 1.61114001274109 80.8610000610352
-897 0 0 1.61352002620697 80.9586029052734
-898 0 0 1.61590003967285 81.0561981201172
-899 0 0 1.61828005313873 81.1538009643555
-900 21 4 1.62065994739532 81.2514038085938
-901 0 0 1.62304997444153 81.3488998413086
-902 0 0 1.62545001506805 81.4465026855469
-903 0 0 1.62785005569458 81.5440979003906
-904 0 0 1.63024997711182 81.6417007446289
-905 0 0 1.63265001773834 81.7393035888672
-906 0 0 1.6350599527359 81.836799621582
-907 0 0 1.63747000694275 81.9344024658203
-908 0 0 1.63987994194031 82.0319976806641
-909 0 0 1.64230000972748 82.1296005249023
-910 0 0 1.64471995830536 82.2272033691406
-911 0 0 1.64715003967285 82.3246994018555
-912 0 0 1.64958000183105 82.4223022460938
-913 0 0 1.65200996398926 82.5198974609375
-914 0 0 1.65445005893707 82.6174011230469
-915 0 0 1.65688002109528 82.7149963378906
-916 0 0 1.65933001041412 82.8125991821289
-917 0 0 1.66176998615265 82.9102020263672
-918 0 0 1.6642199754715 83.007698059082
-919 0 0 1.66667997837067 83.1053009033203
-920 0 0 1.66912996768951 83.2029037475586
-921 0 0 1.67158997058868 83.3003997802734
-922 0 0 1.67405998706818 83.3980026245117
-923 0 0 1.67651998996735 83.4954986572266
-924 0 0 1.67900002002716 83.5931015014648
-925 0 0 1.68147003650665 83.6906967163086
-926 0 0 1.68394994735718 83.788200378418
-927 0 0 1.68642997741699 83.8858032226563
-928 0 0 1.68891000747681 83.9832992553711
-929 0 0 1.69140005111694 84.0809020996094
-930 0 0 1.69388997554779 84.1783981323242
-931 0 0 1.69639003276825 84.2760009765625
-932 0 0 1.69888997077942 84.3734970092773
-933 0 0 1.70139002799988 84.4710998535156
-934 0 0 1.70389997959137 84.568603515625
-935 0 0 1.70641005039215 84.6661987304688
-936 0 0 1.70892000198364 84.7637023925781
-937 0 0 1.71143996715546 84.8612976074219
-938 0 0 1.71396005153656 84.9588012695313
-939 0 0 1.71648001670837 85.0562973022461
-940 0 0 1.71900999546051 85.1539001464844
-941 0 0 1.72153997421265 85.2514038085938
-942 0 0 1.72406995296478 85.3488998413086
-943 0 0 1.72660994529724 85.4465026855469
-944 0 0 1.72915005683899 85.5439987182617
-945 0 0 1.73169994354248 85.6415023803711
-946 0 0 1.73424005508423 85.7390975952148
-947 0 0 1.73679995536804 85.8366012573242
-948 0 0 1.73934996128082 85.9340972900391
-949 0 0 1.74190998077393 86.0316009521484
-950 22 4 1.74447000026703 86.1290969848633
-951 0 0 1.74704003334045 86.2266998291016
-952 0 0 1.74960994720459 86.3242034912109
-953 0 0 1.75217998027802 86.4216995239258
-954 0 0 1.75476002693176 86.5192031860352
-955 0 0 1.75733995437622 86.61669921875
-956 0 0 1.75992000102997 86.7142028808594
-957 0 0 1.76250994205475 86.8116989135742
-958 0 0 1.76510000228882 86.9092025756836
-959 0 0 1.7676899433136 87.0066986083984
-960 0 0 1.77029001712799 87.1042022705078
-961 0 0 1.77288997173309 87.2016983032227
-962 0 0 1.77549004554749 87.299201965332
-963 0 0 1.77810001373291 87.3966979980469
-964 0 0 1.78070998191833 87.4942016601563
-965 0 0 1.78332996368408 87.5916976928711
-966 0 0 1.78594994544983 87.6892013549805
-967 0 0 1.78857004642487 87.7865982055664
-968 0 0 1.79120004177094 87.8841018676758
-969 0 0 1.793830037117 87.9815979003906
-970 0 0 1.79646003246307 88.0791015625
-971 0 0 1.79909002780914 88.1764984130859
-972 0 0 1.80173003673553 88.2740020751953
-973 0 0 1.80438005924225 88.3714981079102
-974 0 0 1.80702996253967 88.4689025878906
-975 0 0 1.80967998504639 88.5663986206055
-976 0 0 1.8123300075531 88.6639022827148
-977 0 0 1.81499004364014 88.7612991333008
-978 0 0 1.81764996051788 88.8588027954102
-979 0 0 1.82030999660492 88.9561996459961
-980 0 0 1.82298004627228 89.0537033081055
-981 0 0 1.82565999031067 89.1511001586914
-982 0 0 1.82833003997803 89.2485961914063
-983 0 0 1.83100998401642 89.3460006713867
-984 0 0 1.8336900472641 89.4434967041016
-985 0 0 1.83638000488281 89.540901184082
-986 0 0 1.83906996250153 89.638298034668
-987 0 0 1.84176003932953 89.7358016967773
-988 0 0 1.84446001052856 89.8331985473633
-989 0 0 1.8471599817276 89.9306030273438
-990 0 0 1.84985995292664 90.0279998779297
-991 0 0 1.85257005691528 90.1253967285156
-992 0 0 1.85528004169464 90.222900390625
-993 0 0 1.85800004005432 90.3202972412109
-994 0 0 1.860720038414 90.4177017211914
-995 0 0 1.86344003677368 90.5150985717773
-996 0 0 1.86616003513336 90.6125030517578
-997 0 0 1.86889004707336 90.7098999023438
-998 0 0 1.8716299533844 90.8072967529297
-999 0 0 1.8743599653244 90.9047012329102
-1000 23 9 1.87709999084473 91.0020980834961
