-1000 43 9 -0.971683025360107 -8.7597599029541
-999 0 0 -0.965337991714478 -8.71629047393799
-998 0 0 -0.95897901058197 -8.67241954803467
-997 0 0 -0.952606022357941 -8.62812995910645
-996 0 0 -0.946219027042389 -8.58343982696533
-995 0 0 -0.939818978309631 -8.538330078125
-994 0 0 -0.933404982089996 -8.49279022216797
-993 0 0 -0.926976025104523 -8.44684028625488
-992 0 0 -0.920534014701843 -8.4004602432251
-991 0 0 -0.91407698392868 -8.35365009307861
-990 0 0 -0.90760600566864 -8.30640983581543
-989 0 0 -0.901121020317078 -8.25874042510986
-988 0 0 -0.894621014595032 -8.21061992645264
-987 0 0 -0.888107001781464 -8.16205978393555
-986 0 0 -0.881578981876373 -8.11305999755859
-985 0 0 -0.875036001205444 -8.06361961364746
-984 0 0 -0.868478000164032 -8.01371955871582
-983 0 0 -0.861907005310059 -7.96336984634399
-982 0 0 -0.855319976806641 -7.91256999969482
-981 0 0 -0.848719000816345 -7.86132001876831
-980 0 0 -0.842104017734528 -7.80959987640381
-979 0 0 -0.835474014282227 -7.7574200630188
-978 0 0 -0.828828990459442 -7.70478010177612
-977 0 0 -0.82217001914978 -7.65167999267578
-976 0 0 -0.815496027469635 -7.59812021255493
-975 0 0 -0.808808028697968 -7.54407978057861
-974 0 0 -0.802105009555817 -7.48958015441895
-973 0 0 -0.795387983322144 -7.43461990356445
-972 0 0 -0.788655996322632 -7.37917995452881
-971 0 0 -0.781911015510559 -7.32326984405518
-970 0 0 -0.775151014328003 -7.26690006256104
-969 0 0 -0.768375992774963 -7.21005010604858
-968 0 0 -0.761587977409363 -7.15274000167847
-967 0 0 -0.754786014556885 -7.0949501991272
-966 0 0 -0.74796998500824 -7.0366997718811
-965 0 0 -0.741140007972717 -6.97798013687134
-964 0 0 -0.734296023845673 -6.91878986358643
-963 0 0 -0.727438986301422 -6.85913991928101
-962 0 0 -0.720568001270294 -6.79902982711792
-961 0 0 -0.713684022426605 -6.738450050354
-960 0 0 -0.70678699016571 -6.67742013931274
-959 0 0 -0.699876010417938 -6.61593008041382
-958 0 0 -0.692952990531921 -6.55397987365723
-957 0 0 -0.686017990112305 -6.49158000946045
-956 0 0 -0.679068982601166 -6.42874002456665
-955 0 0 -0.672109007835388 -6.36544990539551
-954 0 0 -0.665135979652405 -6.3017201423645
-953 0 0 -0.658151984214783 -6.23754978179932
-952 0 0 -0.6511549949646 -6.17294979095459
-951 0 0 -0.644147992134094 -6.10792016983032
-950 42 4 -0.637127995491028 -6.04246997833252
-949 0 0 -0.630097985267639 -5.9766001701355
-948 0 0 -0.623057007789612 -5.91030979156494
-947 0 0 -0.616005003452301 -5.84361982345581
-946 0 0 -0.608942985534668 -5.77652978897095
-945 0 0 -0.601870000362396 -5.70904016494751
-944 0 0 -0.594788014888763 -5.6411600112915
-943 0 0 -0.587696015834808 -5.57289981842041
-942 0 0 -0.580594003200531 -5.50426006317139
-941 0 0 -0.573482990264893 -5.43524980545044
-940 0 0 -0.566362977027893 -5.36588001251221
-939 0 0 -0.559234976768494 -5.29615020751953
-938 0 0 -0.552097022533417 -5.22606992721558
-937 0 0 -0.544951021671295 -5.15565013885498
-936 0 0 -0.53779798746109 -5.08489990234375
-935 0 0 -0.530636012554169 -5.0138201713562
-934 0 0 -0.523467004299164 -4.94242000579834
-933 0 0 -0.516290009021759 -4.87070989608765
-932 0 0 -0.509105980396271 -4.79869985580444
-931 0 0 -0.501914978027344 -4.72638988494873
-930 0 0 -0.494717001914978 -4.65380001068115
-929 0 0 -0.48751300573349 -4.58093023300171
-928 0 0 -0.480302006006241 -4.50778007507324
-927 0 0 -0.473084986209869 -4.43438005447388
-926 0 0 -0.46586200594902 -4.36071014404297
-925 0 0 -0.458633005619049 -4.28680992126465
-924 0 0 -0.451398998498917 -4.21265983581543
-923 0 0 -0.444159001111984 -4.13827991485596
-922 0 0 -0.436913013458252 -4.06368017196655
-921 0 0 -0.429663002490997 -3.9888699054718
-920 0 0 -0.422407001256943 -3.91385006904602
-919 0 0 -0.415145993232727 -3.83862996101379
-918 0 0 -0.407880991697311 -3.7632200717926
-917 0 0 -0.400611013174057 -3.68761992454529
-916 0 0 -0.393335998058319 -3.61185002326965
-915 0 0 -0.386056005954742 -3.53590989112854
-914 0 0 -0.378773003816605 -3.45981001853943
-913 0 0 -0.371484994888306 -3.38354992866516
-912 0 0 -0.364192008972168 -3.30714011192322
-911 0 0 -0.356896013021469 -3.23059010505676
-910 0 0 -0.349595010280609 -3.15390992164612
-909 0 0 -0.342290014028549 -3.07710003852844
-908 0 0 -0.334980994462967 -3.0001699924469
-907 0 0 -0.327668994665146 -2.92312002182007
-906 0 0 -0.320351988077164 -2.84596991539001
-905 0 0 -0.313030987977982 -2.768709897995
-904 0 0 -0.305707007646561 -2.69134998321533
-903 0 0 -0.298377990722656 -2.61389994621277
-902 0 0 -0.291045993566513 -2.53636002540588
-901 0 0 -0.283708989620209 -2.45873999595642
-900 41 4 -0.276369005441666 -2.38105010986328
-899 0 0 -0.2690249979496 -2.30328011512756
-898 0 0 -0.261676996946335 -2.22544002532959
-897 0 0 -0.25432500243187 -2.14754009246826
-896 0 0 -0.246968999505043 -2.06959009170532
-895 0 0 -0.239610001444817 -1.99156999588013
-894 0 0 -0.232245996594429 -1.91350996494293
-893 0 0 -0.224877998232841 -1.83539998531342
-892 0 0 -0.217506006360054 -1.75724995136261
-891 0 0 -0.210130006074905 -1.6790599822998
-890 0 0 -0.202750995755196 -1.60082995891571
-889 0 0 -0.195366993546486 -1.52257001399994
-888 0 0 -0.187978997826576 -1.44427001476288
-887 0 0 -0.180586993694305 -1.3659600019455
-886 0 0 -0.173189997673035 -1.28761005401611
-885 0 0 -0.165790006518364 -1.20924997329712
-884 0 0 -0.158384993672371 -1.13085997104645
-883 0 0 -0.150977000594139 -1.05245995521545
-882 0 0 -0.143564000725746 -0.974047005176544
-881 0 0 -0.136145994067192 -0.895618975162506
-880 0 0 -0.128725007176399 -0.817180991172791
-879 0 0 -0.121299996972084 -0.738734006881714
-878 0 0 -0.11387000232935 -0.660279989242554
-877 0 0 -0.106435999274254 -0.581821024417877
-876 0 0 -0.0989983975887299 -0.503358006477356
-875 0 0 -0.0915564000606537 -0.424894005060196
-874 0 0 -0.0841102972626686 -0.346428006887436
-873 0 0 -0.0766602009534836 -0.267964005470276
-872 0 0 -0.0692062005400658 -0.189501002430916
-871 0 0 -0.0617482997477055 -0.111042000353336
-870 0 0 -0.0542865991592407 -0.0325870998203754
-869 0 0 -0.0468210987746716 0.0458626002073288
-868 0 0 -0.0393519997596741 0.124306000769138
-867 0 0 -0.031879398971796 0.202741995453835
-866 0 0 -0.0244033001363277 0.281170010566711
-865 0 0 -0.016923900693655 0.359589010477066
-864 0 0 -0.00944138038903475 0.43799901008606
-863 0 0 -0.00195582001470029 0.516396999359131
-862 0 0 0.00553259020671248 0.59478497505188
-861 0 0 0.0130236996337771 0.673160016536713
-860 0 0 0.0205172002315521 0.751523017883301
-859 0 0 0.0280131008476019 0.829872012138367
-858 0 0 0.0355109982192516 0.908208012580872
-857 0 0 0.043010801076889 0.986527979373932
-856 0 0 0.0505121983587742 1.06482994556427
-855 0 0 0.0580148994922638 1.1431200504303
-854 0 0 0.0655186027288437 1.22140002250671
-853 0 0 0.0730231031775475 1.29964995384216
-852 0 0 0.0805279985070229 1.37788999080658
-851 0 0 0.088033102452755 1.45611000061035
-850 40 4 0.0955379009246826 1.53430998325348
-849 0 0 0.103041999042034 1.61248004436493
-848 0 0 0.110545001924038 1.69063997268677
-847 0 0 0.118046998977661 1.76877999305725
-846 0 0 0.125547006726265 1.84688997268677
-845 0 0 0.133045002818108 1.92498004436493
-844 0 0 0.14054000377655 2.00305008888245
-843 0 0 0.148031994700432 2.08108997344971
-842 0 0 0.155521005392075 2.15910005569458
-841 0 0 0.163004994392395 2.23708009719849
-840 0 0 0.170484006404877 2.31504011154175
-839 0 0 0.177957996726036 2.39297008514404
-838 0 0 0.185426995158195 2.47086000442505
-837 0 0 0.192889004945755 2.54871988296509
-836 0 0 0.200343996286392 2.62654995918274
-835 0 0 0.20779100060463 2.7043399810791
-834 0 0 0.215230002999306 2.78208994865417
-833 0 0 0.222660005092621 2.85981011390686
-832 0 0 0.230079993605614 2.93747997283936
-831 0 0 0.237489998340607 3.01512002944946
-830 0 0 0.244889006018639 3.09270000457764
-829 0 0 0.252276003360748 3.17023992538452
-828 0 0 0.259651005268097 3.2477400302887
-827 0 0 0.267012000083923 3.32518005371094
-826 0 0 0.274358987808228 3.40257000923157
-825 0 0 0.281691014766693 3.47989988327026
-824 0 0 0.289007008075714 3.55716991424561
-823 0 0 0.296306997537613 3.63439011573792
-822 0 0 0.30358898639679 3.71153998374939
-821 0 0 0.310853004455566 3.78863000869751
-820 0 0 0.318096995353699 3.86564993858337
-819 0 0 0.32532200217247 3.94260001182556
-818 0 0 0.332525998353958 4.01948022842407
-817 0 0 0.339706987142563 4.09628009796143
-816 0 0 0.346866011619568 4.1729998588562
-815 0 0 0.354000985622406 4.24963998794556
-814 0 0 0.361111998558044 4.32618999481201
-813 0 0 0.368196994066238 4.40265989303589
-812 0 0 0.375254988670349 4.4790301322937
-811 0 0 0.382286012172699 4.55530977249146
-810 0 0 0.389288008213043 4.6314902305603
-809 0 0 0.396261006593704 4.70757007598877
-808 0 0 0.403203994035721 4.78354978561401
-807 0 0 0.410115987062454 4.85941982269287
-806 0 0 0.416994988918304 4.93518018722534
-805 0 0 0.423840999603271 5.01081991195679
-804 0 0 0.430653989315033 5.08634996414185
-803 0 0 0.437431007623672 5.16174983978271
-802 0 0 0.444171994924545 5.2370400428772
-801 0 0 0.450877010822296 5.31219005584717
-800 39 4 0.45754399895668 5.38720989227295
-799 0 0 0.464172005653381 5.4621000289917
-798 0 0 0.470761001110077 5.53685998916626
-797 0 0 0.477310001850128 5.61147022247314
-796 0 0 0.483817994594574 5.68593978881836
-795 0 0 0.490283995866776 5.76027011871338
-794 0 0 0.496706992387772 5.83444023132324
-793 0 0 0.503086984157562 5.90846014022827
-792 0 0 0.50942200422287 5.98232984542847
-791 0 0 0.515712976455688 6.05603981018066
-790 0 0 0.521956980228424 6.12959003448486
-789 0 0 0.528155982494354 6.20298004150391
-788 0 0 0.53430700302124 6.27619981765747
-787 0 0 0.540410995483398 6.34924983978271
-786 0 0 0.546465992927551 6.42213010787964
-785 0 0 0.55247300863266 6.49484014511108
-784 0 0 0.558429002761841 6.56737995147705
-783 0 0 0.564336001873016 6.63973999023438
-782 0 0 0.570191979408264 6.7119197845459
-781 0 0 0.575996994972229 6.78391981124878
-780 0 0 0.581750988960266 6.85574007034302
-779 0 0 0.587451994419098 6.92737007141113
-778 0 0 0.593101978302002 6.99881982803345
-777 0 0 0.598698019981384 7.0700798034668
-776 0 0 0.604241013526917 7.1411600112915
-775 0 0 0.609730005264282 7.21203994750977
-774 0 0 0.615166008472443 7.28274011611938
-773 0 0 0.620548009872437 7.35325002670288
-772 0 0 0.625874996185303 7.42356014251709
-771 0 0 0.631147027015686 7.49368000030518
-770 0 0 0.636364996433258 7.5636100769043
-769 0 0 0.641528010368347 7.63334989547729
-768 0 0 0.646634995937347 7.70288991928101
-767 0 0 0.651687026023865 7.77224016189575
-766 0 0 0.65668398141861 7.84140014648438
-765 0 0 0.661625027656555 7.91035985946655
-764 0 0 0.666510999202728 7.97912979125977
-763 0 0 0.671339988708496 8.04771041870117
-762 0 0 0.676114022731781 8.11608982086182
-761 0 0 0.680832982063293 8.18428039550781
-760 0 0 0.685495972633362 8.25228023529053
-759 0 0 0.690102994441986 8.3200798034668
-758 0 0 0.694653987884521 8.38770008087158
-757 0 0 0.699150025844574 8.45512962341309
-756 0 0 0.703589975833893 8.52235984802246
-755 0 0 0.70797598361969 8.58940982818604
-754 0 0 0.712305009365082 8.65627002716064
-753 0 0 0.716579973697662 8.72294998168945
-752 0 0 0.72079998254776 8.7894401550293
-751 0 0 0.72496497631073 8.85575008392334
-750 38 4 0.729075014591217 8.92187976837158
-749 0 0 0.733130991458893 8.98781967163086
-748 0 0 0.737133026123047 9.05358982086182
-747 0 0 0.74108099937439 9.11917018890381
-746 0 0 0.744974970817566 9.18459033966064
-745 0 0 0.748816013336182 9.2498197555542
-744 0 0 0.752602994441986 9.31488037109375
-743 0 0 0.756336987018585 9.37977981567383
-742 0 0 0.76001900434494 9.44449996948242
-741 0 0 0.763647973537445 9.5090503692627
-740 0 0 0.767224013805389 9.5734395980835
-739 0 0 0.770748972892761 9.63766002655029
-738 0 0 0.774223029613495 9.7017297744751
-737 0 0 0.777644991874695 9.76562976837158
-736 0 0 0.781015992164612 9.82936954498291
-735 0 0 0.784335970878601 9.8929500579834
-734 0 0 0.78760701417923 9.95637989044189
-733 0 0 0.790826976299286 10.019700050354
-732 0 0 0.79399698972702 10.082799911499
-731 0 0 0.797118008136749 10.1457996368408
-730 0 0 0.800190985202789 10.2086000442505
-729 0 0 0.803214013576508 10.2713003158569
-728 0 0 0.806189000606537 10.3338003158569
-727 0 0 0.809117019176483 10.3962001800537
-726 0 0 0.81199699640274 10.4584999084473
-725 0 0 0.814828991889954 10.5206003189087
-724 0 0 0.8176149725914 10.5825996398926
-723 0 0 0.820353984832764 10.6444997787476
-722 0 0 0.823046982288361 10.7061996459961
-721 0 0 0.825694978237152 10.7678003311157
-720 0 0 0.828297019004822 10.8292999267578
-719 0 0 0.830853998661041 10.890700340271
-718 0 0 0.833365976810455 10.9518995285034
-717 0 0 0.83583402633667 11.0129995346069
-716 0 0 0.838258028030396 11.0740003585815
-715 0 0 0.840638995170593 11.1349000930786
-714 0 0 0.842975974082947 11.1956996917725
-713 0 0 0.845270991325378 11.2562999725342
-712 0 0 0.847522974014282 11.3169002532959
-711 0 0 0.849732995033264 11.3773002624512
-710 0 0 0.851902008056641 11.4377002716064
-709 0 0 0.85402899980545 11.4979000091553
-708 0 0 0.856114983558655 11.5579996109009
-707 0 0 0.858160972595215 11.6181001663208
-706 0 0 0.860166013240814 11.6780004501343
-705 0 0 0.862132012844086 11.7378997802734
-704 0 0 0.864058017730713 11.7975997924805
-703 0 0 0.865944981575012 11.8572998046875
-702 0 0 0.867793023586273 11.9167995452881
-701 0 0 0.869602978229523 11.976300239563
-700 37 4 0.871375024318695 12.0356998443604
-699 0 0 0.873108983039856 12.0950002670288
-698 0 0 0.874805986881256 12.1542997360229
-697 0 0 0.876465976238251 12.213399887085
-696 0 0 0.878090023994446 12.272500038147
-695 0 0 0.879676997661591 12.3315000534058
-694 0 0 0.881228029727936 12.3903999328613
-693 0 0 0.882743000984192 12.4492998123169
-692 0 0 0.884223997592926 12.5080995559692
-691 0 0 0.885668992996216 12.5668001174927
-690 0 0 0.887081027030945 12.6253995895386
-689 0 0 0.888457000255585 12.6840000152588
-688 0 0 0.889801025390625 12.7425003051758
-687 0 0 0.891110002994537 12.8009996414185
-686 0 0 0.892386972904205 12.8593997955322
-685 0 0 0.893630027770996 12.9176998138428
-684 0 0 0.894841015338898 12.9759998321533
-683 0 0 0.896019995212555 13.0341997146606
-682 0 0 0.897167026996613 13.092399597168
-681 0 0 0.898283004760742 13.1505002975464
-680 0 0 0.899367988109589 13.2086000442505
-679 0 0 0.900421023368835 13.2665996551514
-678 0 0 0.901444017887115 13.3246002197266
-677 0 0 0.902436971664429 13.3824996948242
-676 0 0 0.903400003910065 13.4404001235962
-675 0 0 0.904334008693695 13.4982004165649
-674 0 0 0.905237972736359 13.5559997558594
-673 0 0 0.906113028526306 13.6138000488281
-672 0 0 0.906960010528564 13.6715002059937
-671 0 0 0.907778024673462 13.7292003631592
-670 0 0 0.908568978309631 13.7868003845215
-669 0 0 0.909331977367401 13.8444995880127
-668 0 0 0.910067021846771 13.9020004272461
-667 0 0 0.910775005817413 13.9596004486084
-666 0 0 0.911455988883972 14.0171003341675
-665 0 0 0.912110984325409 14.0746002197266
-664 0 0 0.912739992141724 14.1319999694824
-663 0 0 0.913343012332916 14.1893997192383
-662 0 0 0.913919985294342 14.2468004226685
-661 0 0 0.914471983909607 14.3042001724243
-660 0 0 0.914999008178711 14.3615999221802
-659 0 0 0.915500998497009 14.4188995361328
-658 0 0 0.915978014469147 14.4762001037598
-657 0 0 0.916432023048401 14.5334997177124
-656 0 0 0.916862010955811 14.5907001495361
-655 0 0 0.917267978191376 14.6479997634888
-654 0 0 0.917649984359741 14.7052001953125
-653 0 0 0.918009996414185 14.7623996734619
-652 0 0 0.918347001075745 14.8196001052856
-651 0 0 0.918660998344421 14.8767995834351
-650 36 4 0.918953001499176 14.9340000152588
-649 0 0 0.91922402381897 14.9911003112793
-648 0 0 0.919471979141235 15.0482997894287
-647 0 0 0.919700026512146 15.1054000854492
-646 0 0 0.91990602016449 15.1625003814697
-645 0 0 0.920090973377228 15.2195997238159
-644 0 0 0.92025500535965 15.2767000198364
-643 0 0 0.920400023460388 15.3338003158569
-642 0 0 0.920524001121521 15.3908996582031
-641 0 0 0.920628011226654 15.4479999542236
-640 0 0 0.920713007450104 15.5051002502441
-639 0 0 0.92077898979187 15.5621995925903
-638 0 0 0.920825004577637 15.6192998886108
-637 0 0 0.920853018760681 15.6763000488281
636 35 2 0.920862019062042 15.7334003448486
635 0 0 0.920861005783081 15.7498998641968
634 0 0 0.920846998691559 15.8069000244141
633 0 0 0.920814990997314 15.8640003204346
632 0 0 0.920764982700348 15.9210996627808
631 0 0 0.920696973800659 15.978099822998
630 0 0 0.920612990856171 16.0352001190186
629 0 0 0.92051100730896 16.0923004150391
628 0 0 0.920392990112305 16.149299621582
627 0 0 0.920257985591888 16.2063999176025
626 0 0 0.920107007026672 16.263500213623
625 0 0 0.919938981533051 16.3206005096436
624 0 0 0.91975599527359 16.3777008056641
623 0 0 0.919557988643646 16.4347991943359
622 0 0 0.919344007968903 16.4918994903564
621 0 0 0.919115006923676 16.548999786377
620 0 0 0.918871998786926 16.6061000823975
619 0 0 0.918613016605377 16.663200378418
618 0 0 0.918340981006622 16.7203998565674
617 0 0 0.918053984642029 16.7775001525879
616 0 0 0.917752981185913 16.8346996307373
615 0 0 0.917437970638275 16.8917999267578
614 0 0 0.917110025882721 16.9489994049072
613 0 0 0.916769027709961 17.0062007904053
612 0 0 0.916414976119995 17.0634002685547
611 0 0 0.916047990322113 17.1205997467041
610 0 0 0.91566801071167 17.1777992248535
609 0 0 0.915275990962982 17.2350006103516
608 0 0 0.914871990680695 17.292200088501
607 0 0 0.914454996585846 17.3495006561279
606 0 0 0.914026975631714 17.4067993164063
605 0 0 0.913587987422943 17.4640007019043
604 0 0 0.913137018680573 17.5212993621826
603 0 0 0.912675023078918 17.5785999298096
602 0 0 0.912202000617981 17.6359004974365
601 0 0 0.911718010902405 17.6933002471924
600 34 4 0.911224007606506 17.7506008148193
599 0 0 0.910718977451324 17.8080005645752
598 0 0 0.910205006599426 17.8652992248535
597 0 0 0.909680008888245 17.922700881958
596 0 0 0.909146010875702 17.9801006317139
595 0 0 0.908601999282837 18.0375003814697
594 0 0 0.908048987388611 18.0949993133545
593 0 0 0.907486975193024 18.1523990631104
592 0 0 0.906915009021759 18.2098999023438
591 0 0 0.90633499622345 18.2674007415771
590 0 0 0.90574699640274 18.3248996734619
589 0 0 0.90514999628067 18.3824005126953
588 0 0 0.9045450091362 18.4398994445801
587 0 0 0.903931975364685 18.4974994659424
586 0 0 0.903311014175415 18.5550003051758
585 0 0 0.9026820063591 18.6126003265381
584 0 0 0.902046024799347 18.6702003479004
583 0 0 0.90140300989151 18.7278003692627
582 0 0 0.900752007961273 18.7854995727539
581 0 0 0.900093972682953 18.8430995941162
580 0 0 0.899429976940155 18.9008007049561
579 0 0 0.898759007453918 18.9584999084473
578 0 0 0.89808201789856 19.0161991119385
577 0 0 0.897399008274078 19.0739002227783
576 0 0 0.896709024906158 19.1315994262695
575 0 0 0.896013021469116 19.1893997192383
574 0 0 0.895312011241913 19.247200012207
573 0 0 0.894604980945587 19.3050003051758
572 0 0 0.893893003463745 19.3628005981445
571 0 0 0.893175005912781 19.4206008911133
570 0 0 0.892452001571655 19.4785003662109
569 0 0 0.891723990440369 19.5363006591797
568 0 0 0.890991985797882 19.5942001342773
567 0 0 0.890254974365234 19.652099609375
566 0 0 0.88951301574707 19.7099990844727
565 0 0 0.888767004013062 19.7679996490479
564 0 0 0.888015985488892 19.8258991241455
563 0 0 0.887261986732483 19.8838996887207
562 0 0 0.886502981185913 19.9419002532959
561 0 0 0.885740995407104 19.9999008178711
560 0 0 0.884975016117096 20.0580005645752
559 0 0 0.884205996990204 20.1159992218018
558 0 0 0.883433997631073 20.1741008758545
557 0 0 0.882658004760742 20.2322006225586
556 0 0 0.881878972053528 20.2903003692627
555 0 0 0.881097018718719 20.3484992980957
554 0 0 0.880312025547028 20.4066009521484
553 0 0 0.879525005817413 20.4647998809814
552 0 0 0.878733992576599 20.5230007171631
551 0 0 0.877942025661469 20.5811996459961
550 33 4 0.877147018909454 20.6394004821777
549 0 0 0.876349985599518 20.6975994110107
548 0 0 0.875550985336304 20.7558994293213
547 0 0 0.874750018119812 20.8141994476318
546 0 0 0.873947978019714 20.8724994659424
545 0 0 0.873143017292023 20.9307994842529
544 0 0 0.872336983680725 20.989200592041
543 0 0 0.871529996395111 21.0475006103516
542 0 0 0.870720982551575 21.105899810791
541 0 0 0.869911015033722 21.1643009185791
540 0 0 0.869099020957947 21.2227993011475
539 0 0 0.868287026882172 21.2812004089355
538 0 0 0.867474019527435 21.3397006988525
537 0 0 0.866659998893738 21.398099899292
536 0 0 0.865845024585724 21.456600189209
535 0 0 0.865029990673065 21.5151996612549
534 0 0 0.86421400308609 21.5736999511719
533 0 0 0.863398015499115 21.6322994232178
532 0 0 0.862581014633179 21.6909008026123
531 0 0 0.861765027046204 21.7495002746582
530 0 0 0.860948026180267 21.8080997467041
529 0 0 0.860131025314331 21.86669921875
528 0 0 0.859314024448395 21.9253997802734
527 0 0 0.858497977256775 21.9841003417969
526 0 0 0.8576819896698 22.0428009033203
525 0 0 0.856866002082825 22.1014995574951
524 0 0 0.85605001449585 22.1602993011475
523 0 0 0.855234980583191 22.2189998626709
522 0 0 0.854421019554138 22.2777996063232
521 0 0 0.853608012199402 22.3365993499756
520 0 0 0.852795004844666 22.3953990936279
519 0 0 0.85198301076889 22.4542999267578
518 0 0 0.851171970367432 22.5132007598877
517 0 0 0.850362002849579 22.5720996856689
516 0 0 0.849552989006042 22.6310005187988
515 0 0 0.848746001720428 22.6898994445801
514 0 0 0.847939014434814 22.7488994598389
513 0 0 0.847133994102478 22.8078994750977
512 0 0 0.846331000328064 22.8668994903564
511 0 0 0.845529019832611 22.9258995056152
510 0 0 0.844727993011475 22.984899520874
509 0 0 0.84392899274826 23.0440006256104
508 0 0 0.843132019042969 23.103099822998
507 0 0 0.842335999011993 23.1622009277344
506 0 0 0.841543018817902 23.2213001251221
505 0 0 0.840750992298126 23.2805004119873
504 0 0 0.839960992336273 23.3397006988525
503 0 0 0.839173018932343 23.3988990783691
502 0 0 0.838387012481689 23.4580993652344
501 0 0 0.837603986263275 23.5174007415771
500 32 4 0.836821973323822 23.5767002105713
499 0 0 0.836043000221252 23.6359996795654
498 0 0 0.83526599407196 23.6952991485596
497 0 0 0.834492027759552 23.7546005249023
496 0 0 0.833720028400421 23.8139991760254
495 0 0 0.832949995994568 23.8733997344971
494 0 0 0.832183003425598 23.9328002929688
493 0 0 0.831418991088867 23.9923000335693
492 0 0 0.830657005310059 24.051700592041
491 0 0 0.829897999763489 24.1112003326416
490 0 0 0.829141020774841 24.1707992553711
489 0 0 0.828387975692749 24.2303009033203
488 0 0 0.827637016773224 24.2898998260498
487 0 0 0.826888978481293 24.3495006561279
486 0 0 0.826143980026245 24.4090995788574
485 0 0 0.825402021408081 24.4687995910645
484 0 0 0.824662983417511 24.5284996032715
483 0 0 0.823926985263824 24.5881996154785
482 0 0 0.823194026947021 24.6478996276855
481 0 0 0.822465002536774 24.7077007293701
480 0 0 0.821738004684448 24.7674999237061
479 0 0 0.821015000343323 24.827299118042
478 0 0 0.820294976234436 24.8871994018555
477 0 0 0.819577991962433 24.94700050354
476 0 0 0.81886500120163 25.0069007873535
475 0 0 0.818154990673065 25.0669002532959
474 0 0 0.817448019981384 25.1268005371094
473 0 0 0.816744983196259 25.1868000030518
472 0 0 0.816044986248016 25.2469005584717
471 0 0 0.815348982810974 25.3069000244141
470 0 0 0.814656019210815 25.367000579834
469 0 0 0.813966989517212 25.4270992279053
468 0 0 0.813282012939453 25.4873008728027
467 0 0 0.812600016593933 25.5475006103516
466 0 0 0.811922013759613 25.6077003479004
465 0 0 0.811246991157532 25.6679000854492
464 0 0 0.810576975345612 25.7282009124756
463 0 0 0.809909999370575 25.7884998321533
462 0 0 0.809246003627777 25.8488006591797
461 0 0 0.80858701467514 25.909200668335
460 0 0 0.807932019233704 25.9696006774902
459 0 0 0.807280004024506 26.0300998687744
458 0 0 0.806631982326508 26.0905990600586
457 0 0 0.805988013744354 26.1511001586914
456 0 0 0.805348992347717 26.2115993499756
455 0 0 0.804713010787964 26.2721996307373
454 0 0 0.80408102273941 26.332799911499
453 0 0 0.803453028202057 26.3934993743896
452 0 0 0.802829027175903 26.4542007446289
451 0 0 0.80220901966095 26.5149002075195
450 31 4 0.801593005657196 26.5755996704102
449 0 0 0.800981998443604 26.6364002227783
448 0 0 0.80037397146225 26.6972999572754
447 0 0 0.799771010875702 26.7581005096436
446 0 0 0.799171984195709 26.8190994262695
445 0 0 0.798577010631561 26.8799991607666
444 0 0 0.797985970973969 26.9409999847412
443 0 0 0.79739898443222 27.0020008087158
442 0 0 0.796817004680634 27.0631008148193
441 0 0 0.796239018440247 27.1242008209229
440 0 0 0.79566502571106 27.1854000091553
439 0 0 0.795095980167389 27.2465000152588
438 0 0 0.794530987739563 27.3078002929688
437 0 0 0.793969988822937 27.3691005706787
436 0 0 0.793412983417511 27.4304008483887
435 0 0 0.792860984802246 27.49169921875
434 0 0 0.792312979698181 27.5531005859375
433 0 0 0.791769981384277 27.6145992279053
432 0 0 0.791230022907257 27.6760005950928
431 0 0 0.790696024894714 27.7376003265381
430 0 0 0.790166020393372 27.7992000579834
429 0 0 0.789640009403229 27.8607997894287
428 0 0 0.789117991924286 27.922399520874
427 0 0 0.788601994514465 27.9841003417969
426 0 0 0.788088977336884 28.0459003448486
425 0 0 0.787581026554108 28.1077003479004
424 0 0 0.787078022956848 28.1695003509521
423 0 0 0.786579012870789 28.2313995361328
422 0 0 0.786083996295929 28.293399810791
421 0 0 0.785594999790192 28.3554000854492
420 0 0 0.785108983516693 28.4174003601074
419 0 0 0.784627974033356 28.4794998168945
418 0 0 0.784151971340179 28.5415992736816
417 0 0 0.783680975437164 28.6037998199463
416 0 0 0.783213973045349 28.6660003662109
415 0 0 0.782751023769379 28.7283000946045
414 0 0 0.782293021678925 28.790599822998
413 0 0 0.781840026378632 28.8530006408691
412 0 0 0.781391024589539 28.9153995513916
411 0 0 0.780947029590607 28.9778995513916
410 0 0 0.780507981777191 29.0405006408691
409 0 0 0.78007298707962 29.1030006408691
408 0 0 0.779642999172211 29.1657009124756
407 0 0 0.779218018054962 29.2283992767334
406 0 0 0.778796970844269 29.2910995483398
405 0 0 0.778380990028381 29.3539009094238
404 0 0 0.777969002723694 29.4167995452881
403 0 0 0.777562975883484 29.479700088501
402 0 0 0.777161002159119 29.5426998138428
401 0 0 0.776763021945953 29.6056995391846
400 30 4 0.776371002197266 29.6688003540039
399 0 0 0.775982975959778 29.7318992614746
398 0 0 0.775600016117096 29.7950992584229
397 0 0 0.775220990180969 29.8584003448486
396 0 0 0.774847984313965 29.9216995239258
395 0 0 0.77447897195816 29.9850006103516
394 0 0 0.774115025997162 30.0485000610352
393 0 0 0.773755013942719 30.1119003295898
392 0 0 0.773400008678436 30.175500869751
391 0 0 0.773050010204315 30.2390995025635
390 0 0 0.772705018520355 30.3027992248535
389 0 0 0.772364974021912 30.3665008544922
388 0 0 0.772028982639313 30.4302997589111
387 0 0 0.771697998046875 30.4941005706787
386 0 0 0.771372020244598 30.5580005645752
385 0 0 0.771050989627838 30.6219997406006
384 0 0 0.770735025405884 30.6860008239746
383 0 0 0.770422995090485 30.7500991821289
382 0 0 0.770115971565247 30.8143005371094
381 0 0 0.769814014434814 30.8784999847412
380 0 0 0.769517004489899 30.9428005218506
379 0 0 0.769223988056183 31.0072002410889
378 0 0 0.768936991691589 31.0715999603271
377 0 0 0.768653988838196 31.136100769043
376 0 0 0.768375992774963 31.2007007598877
375 0 0 0.768103003501892 31.2653007507324
374 0 0 0.767835021018982 31.3299999237061
373 0 0 0.767570972442627 31.3946990966797
372 0 0 0.767313003540039 31.4594993591309
371 0 0 0.767059028148651 31.5244007110596
370 0 0 0.76680999994278 31.5893993377686
369 0 0 0.766565978527069 31.6543998718262
368 0 0 0.766327023506165 31.7194995880127
367 0 0 0.766093015670776 31.7847003936768
366 0 0 0.765863001346588 31.8500003814697
365 0 0 0.765639007091522 31.9153003692627
364 0 0 0.765419006347656 31.9806995391846
363 0 0 0.765204012393951 32.0461006164551
362 0 0 0.764994978904724 32.1115989685059
361 0 0 0.764789998531342 32.1772003173828
360 0 0 0.764589011669159 32.2429008483887
359 0 0 0.764393985271454 32.3087005615234
358 0 0 0.764204025268555 32.3745002746582
357 0 0 0.764017999172211 32.4403991699219
356 0 0 0.763837993144989 32.5064010620117
355 0 0 0.763661980628967 32.5723991394043
354 0 0 0.763490974903107 32.638500213623
353 0 0 0.763324975967407 32.7047004699707
352 0 0 0.76316499710083 32.7709999084473
351 0 0 0.763009011745453 32.8373985290527
350 29 4 0.762857019901276 32.9038009643555
349 0 0 0.762710988521576 32.9702987670898
348 0 0 0.762570023536682 33.0368995666504
347 0 0 0.762434005737305 33.1035995483398
346 0 0 0.762301981449127 33.1702995300293
345 0 0 0.762175977230072 33.2370986938477
344 0 0 0.762054026126862 33.3040008544922
343 0 0 0.761937022209167 33.3709983825684
342 0 0 0.761825978755951 33.4380989074707
341 0 0 0.761718988418579 33.505199432373
340 0 0 0.761617004871368 33.5723991394043
339 0 0 0.761520028114319 33.6397018432617
338 0 0 0.761427998542786 33.7070999145508
337 0 0 0.761340975761414 33.774600982666
336 0 0 0.761259019374847 33.8422012329102
335 0 0 0.761182010173798 33.9098014831543
334 0 0 0.761110007762909 33.9775009155273
333 0 0 0.761043012142181 34.0452995300293
332 0 0 0.760981023311615 34.1132011413574
331 0 0 0.760923981666565 34.1811981201172
330 0 0 0.76087099313736 34.2491989135742
329 0 0 0.760824024677277 34.3174018859863
328 0 0 0.76078200340271 34.3856010437012
327 0 0 0.760743975639343 34.4538993835449
326 0 0 0.760712027549744 34.5223007202148
325 0 0 0.760684013366699 34.5908012390137
324 0 0 0.760662019252777 34.6594009399414
323 0 0 0.760644972324371 34.728099822998
322 0 0 0.76063197851181 34.7967987060547
321 0 0 0.760625004768372 34.8656997680664
-320 28 2 0.760622024536133 34.9346008300781
-319 0 0 0.760622978210449 34.9802017211914
-318 0 0 0.760628998279572 35.0493011474609
-317 0 0 0.760640025138855 35.1184997558594
-316 0 0 0.760655999183655 35.1876983642578
-315 0 0 0.760676026344299 35.2570991516113
-314 0 0 0.760702013969421 35.3264999389648
-313 0 0 0.760733008384705 35.3959999084473
-312 0 0 0.760769009590149 35.4656982421875
-311 0 0 0.760810017585754 35.535400390625
-310 0 0 0.76085501909256 35.6052017211914
-309 0 0 0.760905981063843 35.6750984191895
-308 0 0 0.760962009429932 35.7450981140137
-307 0 0 0.761022984981537 35.8152008056641
-306 0 0 0.761089026927948 35.8852996826172
-305 0 0 0.761160016059875 35.9556007385254
-304 0 0 0.761236011981964 36.0260009765625
-303 0 0 0.761316001415253 36.0964012145996
-302 0 0 0.761402010917664 36.1669998168945
-301 0 0 0.761493027210236 36.2375984191895
-300 27 4 0.761588990688324 36.3083992004395
-299 0 0 0.761690974235535 36.3791999816895
-298 0 0 0.76179701089859 36.4500999450684
-297 0 0 0.761907994747162 36.5211982727051
-296 0 0 0.762023985385895 36.5923004150391
-295 0 0 0.762144982814789 36.663501739502
-294 0 0 0.762270987033844 36.7347984313965
-293 0 0 0.762403011322021 36.8063011169434
-292 0 0 0.762539029121399 36.877799987793
-291 0 0 0.762679994106293 36.9494018554688
-290 0 0 0.762826979160309 37.0210990905762
-289 0 0 0.76297801733017 37.0928993225098
-288 0 0 0.763135015964508 37.1647987365723
-287 0 0 0.763297021389008 37.2368011474609
-286 0 0 0.763463020324707 37.3088989257813
-285 0 0 0.763634979724884 37.3810997009277
-284 0 0 0.763812005519867 37.4533996582031
-283 0 0 0.763993978500366 37.5257987976074
-282 0 0 0.76418000459671 37.5983009338379
-281 0 0 0.764371991157532 37.6708984375
-280 0 0 0.764568984508514 37.7435989379883
-279 0 0 0.764771997928619 37.8163986206055
-278 0 0 0.764979004859924 37.8893013000488
-277 0 0 0.76519101858139 37.9622993469238
-276 0 0 0.765407979488373 38.035400390625
-275 0 0 0.765631020069122 38.1086006164551
-274 0 0 0.765857994556427 38.181999206543
-273 0 0 0.766090989112854 38.2554016113281
-272 0 0 0.766328990459442 38.3288993835449
-271 0 0 0.76657098531723 38.4025001525879
-270 0 0 0.766819000244141 38.4762001037598
-269 0 0 0.767072021961212 38.5499992370605
-268 0 0 0.7673299908638 38.6239013671875
-267 0 0 0.767593026161194 38.6980018615723
-266 0 0 0.767861008644104 38.7720985412598
-265 0 0 0.768135011196136 38.8462982177734
-264 0 0 0.768413007259369 38.9207000732422
-263 0 0 0.768696010112762 38.9950981140137
-262 0 0 0.768984973430634 39.0695991516113
-261 0 0 0.769279003143311 39.1442985534668
-260 0 0 0.769577026367188 39.2190017700195
-259 0 0 0.769881010055542 39.2938995361328
-258 0 0 0.770190000534058 39.3688011169434
-257 0 0 0.770503997802734 39.4439010620117
-256 0 0 0.770823001861572 39.519100189209
-255 0 0 0.771147012710571 39.5942993164063
-254 0 0 0.771476984024048 39.6697006225586
-253 0 0 0.771811008453369 39.7452011108398
-252 0 0 0.772150993347168 39.82080078125
-251 0 0 0.772494971752167 39.8964996337891
-250 26 4 0.772844970226288 39.9723014831543
-249 0 0 0.77319997549057 40.0481986999512
-248 0 0 0.773559987545013 40.1241989135742
-247 0 0 0.773925006389618 40.2002983093262
-246 0 0 0.774294972419739 40.2765007019043
-245 0 0 0.774671018123627 40.3527984619141
-244 0 0 0.77505099773407 40.42919921875
-243 0 0 0.775436997413635 40.5057983398438
-242 0 0 0.775826990604401 40.5824012756348
-241 0 0 0.776223003864288 40.6590995788574
-240 0 0 0.776624023914337 40.7360000610352
-239 0 0 0.777029991149902 40.8129005432129
-238 0 0 0.777441024780273 40.8899993896484
-237 0 0 0.777857005596161 40.967098236084
-236 0 0 0.778277993202209 41.0443992614746
-235 0 0 0.77870500087738 41.1217994689941
-234 0 0 0.779136002063751 41.1992988586426
-233 0 0 0.779573023319244 41.2769012451172
-232 0 0 0.780013978481293 41.3544998168945
-231 0 0 0.780461013317108 41.432300567627
-230 0 0 0.78091299533844 41.5102005004883
-229 0 0 0.781369984149933 41.5882987976074
-228 0 0 0.781831979751587 41.6664009094238
-227 0 0 0.782299995422363 41.7445983886719
-226 0 0 0.78277200460434 41.8228988647461
-225 0 0 0.783249020576477 41.9012985229492
-224 0 0 0.783731997013092 41.9799003601074
-223 0 0 0.784219980239868 42.0584983825684
-222 0 0 0.784712016582489 42.1372985839844
-221 0 0 0.785210013389587 42.2160987854004
-220 0 0 0.785713016986847 42.2951011657715
-219 0 0 0.786221027374268 42.3740997314453
-218 0 0 0.786733984947205 42.4533004760742
-217 0 0 0.787253022193909 42.532600402832
-216 0 0 0.787775993347168 42.6119995117188
-215 0 0 0.788303971290588 42.6913986206055
-214 0 0 0.788838028907776 42.7709999084473
-213 0 0 0.789376974105835 42.850700378418
-212 0 0 0.789919972419739 42.9305000305176
-211 0 0 0.790468990802765 43.0103988647461
-210 0 0 0.791023015975952 43.0904006958008
-209 0 0 0.791581988334656 43.1705017089844
-208 0 0 0.792146027088165 43.2507019042969
-207 0 0 0.792715013027191 43.3310012817383
-206 0 0 0.793289005756378 43.4114990234375
-205 0 0 0.793869018554688 43.492000579834
-204 0 0 0.794453024864197 43.5726013183594
-203 0 0 0.795041978359222 43.6533012390137
-202 0 0 0.795637011528015 43.7341995239258
-201 0 0 0.796235978603363 43.8151016235352
-200 25 4 0.796841025352478 43.8960990905762
-199 0 0 0.797451019287109 43.9772987365723
-198 0 0 0.798065006732941 44.0584983825684
-197 0 0 0.798685014247894 44.1399002075195
-196 0 0 0.799310028553009 44.2212982177734
-195 0 0 0.79993999004364 44.3028984069824
-194 0 0 0.800575017929077 44.3844985961914
-193 0 0 0.801214993000031 44.4663009643555
-192 0 0 0.801859974861145 44.5480995178223
-191 0 0 0.802510023117065 44.6301002502441
-190 0 0 0.803165018558502 44.712100982666
-189 0 0 0.8038250207901 44.7943000793457
-188 0 0 0.804489970207214 44.8765983581543
-187 0 0 0.805159986019135 44.9589004516602
-186 0 0 0.805835008621216 45.0414009094238
-185 0 0 0.806514978408813 45.1239013671875
-184 0 0 0.807200014591217 45.206600189209
-183 0 0 0.807891011238098 45.2892990112305
-182 0 0 0.808586001396179 45.372200012207
-181 0 0 0.809285998344421 45.4551010131836
-180 0 0 0.809991002082825 45.538200378418
-179 0 0 0.810701012611389 45.6212997436523
-178 0 0 0.81141597032547 45.7046012878418
-177 0 0 0.812137007713318 45.787899017334
-176 0 0 0.812861979007721 45.8713989257813
-175 0 0 0.81359201669693 45.9548988342285
-174 0 0 0.814327001571655 46.0386009216309
-173 0 0 0.815066993236542 46.1222991943359
-172 0 0 0.815811991691589 46.2061004638672
-171 0 0 0.816561996936798 46.2900009155273
-170 0 0 0.817315995693207 46.3740997314453
-169 0 0 0.818076014518738 46.4581985473633
-168 0 0 0.818840980529785 46.5424003601074
-167 0 0 0.819609999656677 46.6267013549805
-166 0 0 0.820384979248047 46.7111015319824
-165 0 0 0.821164011955261 46.7956008911133
-164 0 0 0.821949005126953 46.880199432373
-163 0 0 0.822737991809845 46.964900970459
-162 0 0 0.823531985282898 47.0495986938477
-161 0 0 0.824331998825073 47.1344985961914
-160 0 0 0.825136005878448 47.2195014953613
-159 0 0 0.825944006443024 47.304500579834
-158 0 0 0.826758027076721 47.3897018432617
-157 0 0 0.827576994895935 47.4748992919922
-156 0 0 0.828400015830994 47.5601997375488
-155 0 0 0.82922899723053 47.6455993652344
-154 0 0 0.830061972141266 47.7310981750488
-153 0 0 0.830900013446808 47.8166999816895
-152 0 0 0.831743001937866 47.902400970459
-151 0 0 0.832590997219086 47.9882011413574
-150 24 4 0.833442986011505 48.0741004943848
-149 0 0 0.834300994873047 48.1599998474121
-148 0 0 0.835162997245789 48.2461013793945
-147 0 0 0.836030006408691 48.3321990966797
-146 0 0 0.836902022361755 48.418399810791
-145 0 0 0.837777972221375 48.5046997070313
-144 0 0 0.838660001754761 48.5910987854004
-143 0 0 0.839546024799347 48.6776008605957
-142 0 0 0.840436995029449 48.7641983032227
-141 0 0 0.841332018375397 48.8507995605469
-140 0 0 0.842233002185822 48.9375
-139 0 0 0.843137979507446 49.0243988037109
-138 0 0 0.844048023223877 49.1113014221191
-137 0 0 0.844963014125824 49.1982002258301
-136 0 0 0.845881998538971 49.2853012084961
-135 0 0 0.84680700302124 49.372501373291
-134 0 0 0.847734987735748 49.4597015380859
-133 0 0 0.848668992519379 49.5470008850098
-132 0 0 0.849606990814209 49.6343994140625
-131 0 0 0.8505499958992 49.7219009399414
-130 0 0 0.851498007774353 49.8095016479492
-129 0 0 0.852450013160706 49.8970985412598
-128 0 0 0.853407979011536 49.9849014282227
-127 0 0 0.854368984699249 50.0727005004883
-126 0 0 0.855336010456085 50.1604995727539
-125 0 0 0.856307029724121 50.2485008239746
-124 0 0 0.857281982898712 50.336498260498
-123 0 0 0.85826301574707 50.4247016906738
-122 0 0 0.859247028827667 50.5129013061523
-121 0 0 0.860237002372742 50.6011009216309
-120 0 0 0.861231029033661 50.6894989013672
-119 0 0 0.862230002880096 50.7779006958008
-118 0 0 0.863232970237732 50.8664016723633
-117 0 0 0.864241003990173 50.9550018310547
-116 0 0 0.86525297164917 51.043701171875
-115 0 0 0.866270005702972 51.1324005126953
-114 0 0 0.867291986942291 51.2211990356445
-113 0 0 0.868318021297455 51.3101005554199
-112 0 0 0.869349002838135 51.3991012573242
-111 0 0 0.870383977890015 51.4880981445313
-110 0 0 0.8714240193367 51.5772018432617
-109 0 0 0.872467994689941 51.6664009094238
-108 0 0 0.873516976833344 51.7555999755859
-107 0 0 0.87457001209259 51.844898223877
-106 0 0 0.875627994537354 51.9342994689941
-105 0 0 0.876689970493317 52.0237998962402
-104 0 0 0.877757012844086 52.1133003234863
-103 0 0 0.87882798910141 52.2028999328613
-102 0 0 0.879903018474579 52.2925987243652
-101 0 0 0.880982995033264 52.3823013305664
-100 23 4 0.882067978382111 52.4720993041992
-99 0 0 0.883157014846802 52.5620002746582
-98 0 0 0.884249985218048 52.6519012451172
-97 0 0 0.8853480219841 52.7419013977051
-96 0 0 0.886449992656708 52.8320007324219
-95 0 0 0.88755601644516 52.9221992492676
-94 0 0 0.888666987419128 53.0124015808105
-93 0 0 0.889782011508942 53.1026992797852
-92 0 0 0.890901982784271 53.193000793457
-91 0 0 0.892026007175446 53.2834014892578
-90 0 0 0.89315402507782 53.3739013671875
-89 0 0 0.89428699016571 53.4644012451172
-88 0 0 0.895424008369446 53.5550003051758
-87 0 0 0.896565020084381 53.6456985473633
-86 0 0 0.897710978984833 53.736400604248
-85 0 0 0.898860991001129 53.8272018432617
-84 0 0 0.900014996528625 53.9179992675781
-83 0 0 0.901174008846283 54.0088996887207
-82 0 0 0.902336001396179 54.0998992919922
-81 0 0 0.903503000736237 54.1908988952637
-80 0 0 0.904675006866455 54.2820014953613
-79 0 0 0.905849993228912 54.3731994628906
-78 0 0 0.907029986381531 54.4644012451172
-77 0 0 0.908213973045349 54.5555992126465
-76 0 0 0.909402012825012 54.6469993591309
-75 0 0 0.910594999790192 54.7383003234863
-74 0 0 0.911791026592255 54.8297996520996
-73 0 0 0.912992000579834 54.9212989807129
-72 0 0 0.914197027683258 55.0127983093262
-71 0 0 0.915405988693237 55.1044998168945
-70 0 0 0.916619002819061 55.1960983276367
-69 0 0 0.917837023735046 55.287899017334
-68 0 0 0.919058978557587 55.3796005249023
-67 0 0 0.92028397321701 55.4715003967285
-66 0 0 0.921513974666595 55.5634002685547
-65 0 0 0.922748029232025 55.6553001403809
-64 0 0 0.92398601770401 55.7472991943359
-63 0 0 0.925229012966156 55.839298248291
-62 0 0 0.926474988460541 55.9314994812012
-61 0 0 0.92772501707077 56.0236015319824
-60 0 0 0.928979992866516 56.1157989501953
-59 0 0 0.930238008499146 56.2080993652344
-58 0 0 0.931500971317291 56.3003997802734
-57 0 0 0.932766973972321 56.3927001953125
-56 0 0 0.934037983417511 56.4851989746094
-55 0 0 0.935312986373901 56.5775985717773
-54 0 0 0.936591029167175 56.6701011657715
-53 0 0 0.937874019145966 56.7626991271973
-52 0 0 0.939161002635956 56.8553009033203
-51 0 0 0.940451979637146 56.9480018615723
-50 22 4 0.94174599647522 57.040699005127
-49 0 0 0.943045020103455 57.1333999633789
-48 0 0 0.944347977638245 57.2262001037598
-47 0 0 0.945653975009918 57.3190994262695
-46 0 0 0.946964979171753 57.4119987487793
-45 0 0 0.948279023170471 57.5049018859863
-44 0 0 0.949598014354706 57.597900390625
-43 0 0 0.950919985771179 57.6908988952637
-42 0 0 0.952246010303497 57.7840003967285
-41 0 0 0.953576028347015 57.8771018981934
-40 0 0 0.954909980297089 57.9702987670898
-39 0 0 0.956247985363007 58.0634994506836
-38 0 0 0.957589983940125 58.1567993164063
-37 0 0 0.958935976028442 58.2500991821289
-36 0 0 0.960285007953644 58.3433990478516
-35 0 0 0.961638987064362 58.4367980957031
-34 0 0 0.962996006011963 58.530200958252
-33 0 0 0.964357018470764 58.6236991882324
-32 0 0 0.965722024440765 58.7172012329102
-31 0 0 0.967091023921967 58.8107986450195
-30 0 0 0.968463003635406 58.9043998718262
-29 0 0 0.969839990139008 58.9980010986328
-28 0 0 0.971220016479492 59.0917015075684
-27 0 0 0.972603976726532 59.1853981018066
-26 0 0 0.973990976810455 59.2792015075684
-25 0 0 0.97538298368454 59.3728981018066
-24 0 0 0.976777970790863 59.4668006896973
-23 0 0 0.978177011013031 59.5606994628906
-22 0 0 0.979579985141754 59.654598236084
-21 0 0 0.980985999107361 59.7485008239746
-20 0 0 0.982396006584167 59.8424987792969
-19 0 0 0.983810007572174 59.9365005493164
-18 0 0 0.985228002071381 60.0306015014648
-17 0 0 0.986648976802826 60.124698638916
-16 0 0 0.988074004650116 60.2187995910645
-15 0 0 0.989503026008606 60.3129997253418
-14 0 0 0.990935027599335 60.4071998596191
-13 0 0 0.992371022701263 60.5013999938965
-12 0 0 0.993811011314392 60.5956993103027
-11 0 0 0.995254993438721 60.689998626709
-10 0 0 0.996702015399933 60.7844009399414
-9 0 0 0.997875988483429 60.8608016967773
-8 0 0 0.998660981655121 60.9118003845215
-7 0 0 0.999185025691986 60.94580078125
-6 0 0 0.999534010887146 60.9684982299805
-5 0 0 0.999767005443573 60.9836006164551
-4 0 0 0.999882996082306 60.9911003112793
-3 0 0 0.999942004680634 60.9948997497559
-2 0 0 0.999970972537994 60.9967994689941
1 0 0 1 60.9986991882324
1 0 0 1 60.9986991882324
-2 0 0 1.00003004074097 61.0005989074707
-3 0 0 1.00005996227264 61.002498626709
-4 0 0 1.00012004375458 61.0061988830566
-5 0 0 1.00022995471954 61.013801574707
-6 0 0 1.0004700422287 61.0289001464844
-7 0 0 1.00082004070282 61.0516014099121
-8 0 0 1.00134003162384 61.0856018066406
-9 0 0 1.00213003158569 61.1366004943848
-10 0 0 1.00331997871399 61.2131004333496
-11 0 0 1.00478005409241 61.3077011108398
-12 0 0 1.00625002384186 61.4021987915039
-13 0 0 1.00773000717163 61.4967994689941
-14 0 0 1.0092099905014 61.5914993286133
-15 0 0 1.01068997383118 61.6861000061035
-16 0 0 1.01216995716095 61.7807998657227
-17 0 0 1.01365995407104 61.8755989074707
-18 0 0 1.01514995098114 61.9702987670898
-19 0 0 1.01664996147156 62.0651016235352
-20 0 0 1.01814997196198 62.1599006652832
-21 0 0 1.01964998245239 62.2547988891602
-22 0 0 1.02116000652313 62.3496017456055
-23 0 0 1.02267003059387 62.4445991516113
-24 0 0 1.02418005466461 62.5395011901855
-25 0 0 1.02569997310638 62.6344985961914
-26 0 0 1.02722001075745 62.7294998168945
-27 0 0 1.02874004840851 62.8245010375977
-28 0 0 1.0302699804306 62.9194984436035
-29 0 0 1.03180003166199 63.0145988464355
-30 0 0 1.0333399772644 63.1096992492676
-31 0 0 1.03487002849579 63.2048988342285
-32 0 0 1.03641998767853 63.2999992370605
-33 0 0 1.03796005249023 63.3951988220215
-34 0 0 1.03951001167297 63.4903984069824
-35 0 0 1.04105997085571 63.5857009887695
-36 0 0 1.04261004924774 63.6809005737305
-37 0 0 1.0441700220108 63.7761993408203
-38 0 0 1.04574000835419 63.8716011047363
-39 0 0 1.04729998111725 63.9668998718262
-40 0 0 1.04886996746063 64.0623016357422
-41 0 0 1.05043995380402 64.1576995849609
-42 0 0 1.05201995372772 64.2530975341797
-43 0 0 1.05359995365143 64.348503112793
-44 0 0 1.05517995357513 64.4440002441406
-45 0 0 1.05675995349884 64.5394973754883
-46 0 0 1.05834996700287 64.6350021362305
-47 0 0 1.05994999408722 64.730598449707
-48 0 0 1.06154000759125 64.8261032104492
-49 0 0 1.0631400346756 64.9216995239258
-50 2 4 1.06473994255066 65.0173034667969
-51 0 0 1.06634998321533 65.1129989624023
-52 0 0 1.06796002388 65.2086029052734
-53 0 0 1.06956994533539 65.3042984008789
-54 0 0 1.07118999958038 65.4000015258789
-55 0 0 1.07281005382538 65.4956970214844
-56 0 0 1.07442998886108 65.5914993286133
-57 0 0 1.07605004310608 65.6873016357422
-58 0 0 1.07767999172211 65.7829971313477
-59 0 0 1.07931995391846 65.8788986206055
-60 0 0 1.08095002174377 65.9747009277344
-61 0 0 1.08258998394012 66.0705032348633
-62 0 0 1.08422994613647 66.1663970947266
-63 0 0 1.08588004112244 66.2622985839844
-64 0 0 1.08753001689911 66.3582000732422
-65 0 0 1.08917999267578 66.4542007446289
-66 0 0 1.09082996845245 66.5501022338867
-67 0 0 1.09248995780945 66.6461029052734
-68 0 0 1.09414994716644 66.7421035766602
-69 0 0 1.09581995010376 66.8380966186523
-70 0 0 1.09748995304108 66.9340972900391
-71 0 0 1.09915995597839 67.0301971435547
-72 0 0 1.10082995891571 67.1261978149414
-73 0 0 1.10250997543335 67.222297668457
-74 0 0 1.10418999195099 67.3183975219727
-75 0 0 1.10588002204895 67.4145965576172
-76 0 0 1.10757005214691 67.5106964111328
-77 0 0 1.10925996303558 67.6069030761719
-78 0 0 1.11094999313354 67.7030029296875
-79 0 0 1.11265003681183 67.799201965332
-80 0 0 1.11434996128082 67.8954010009766
-81 0 0 1.11605000495911 67.99169921875
-82 0 0 1.11775994300842 68.0878982543945
-83 0 0 1.11947000026703 68.184196472168
-84 0 0 1.12118005752563 68.2805023193359
-85 0 0 1.12290000915527 68.3768005371094
-86 0 0 1.12461996078491 68.4730987548828
-87 0 0 1.12634003162384 68.5693969726563
-88 0 0 1.1280699968338 68.6657028198242
-89 0 0 1.12979996204376 68.7621002197266
-90 0 0 1.13153004646301 68.8584976196289
-91 0 0 1.1332700252533 68.9549026489258
-92 0 0 1.13499999046326 69.0513000488281
-93 0 0 1.13674998283386 69.1476974487305
-94 0 0 1.13848996162415 69.2441024780273
-95 0 0 1.14023995399475 69.3405990600586
-96 0 0 1.14198994636536 69.4369964599609
-97 0 0 1.14374005794525 69.5335006713867
-98 0 0 1.14549994468689 69.629997253418
-99 0 0 1.14725995063782 69.7265014648438
-100 3 4 1.14902997016907 69.822998046875
-101 0 0 1.15078997612 69.9196014404297
-102 0 0 1.15255999565125 70.0160980224609
-103 0 0 1.1543300151825 70.1127014160156
-104 0 0 1.15611004829407 70.2092971801758
-105 0 0 1.15788996219635 70.3059005737305
-106 0 0 1.15966999530792 70.4024963378906
-107 0 0 1.16146004199982 70.4990997314453
-108 0 0 1.16324996948242 70.595703125
-109 0 0 1.16504001617432 70.6923980712891
-110 0 0 1.16682994365692 70.7890014648438
-111 0 0 1.16863000392914 70.8856964111328
-112 0 0 1.17042994499207 70.9823989868164
-113 0 0 1.17223000526428 71.0791015625
-114 0 0 1.17403995990753 71.1757965087891
-115 0 0 1.17585003376007 71.2724990844727
-116 0 0 1.17765998840332 71.3692016601563
-117 0 0 1.17947995662689 71.4658966064453
-118 0 0 1.18130004405975 71.5626983642578
-119 0 0 1.18312001228333 71.6595001220703
-120 0 0 1.18494999408722 71.7562026977539
-121 0 0 1.18676996231079 71.8529968261719
-122 0 0 1.18859994411469 71.9497985839844
-123 0 0 1.19044005870819 72.0466003417969
-124 0 0 1.19228005409241 72.1435012817383
-125 0 0 1.19412004947662 72.2403030395508
-126 0 0 1.19596004486084 72.3370971679688
-127 0 0 1.19781005382538 72.4339981079102
-128 0 0 1.19965994358063 72.5307998657227
-129 0 0 1.20150995254517 72.6277008056641
-130 0 0 1.2033599615097 72.7246017456055
-131 0 0 1.20521998405457 72.8215026855469
-132 0 0 1.20708000659943 72.9184036254883
-133 0 0 1.20895004272461 73.0152969360352
-134 0 0 1.2108199596405 73.1121978759766
-135 0 0 1.21268999576569 73.2091979980469
-136 0 0 1.21456003189087 73.3060989379883
-137 0 0 1.21643996238708 73.4030990600586
-138 0 0 1.21832001209259 73.5
-139 0 0 1.22019994258881 73.5970001220703
-140 0 0 1.22207999229431 73.6940002441406
-141 0 0 1.22397005558014 73.7910003662109
-142 0 0 1.22585999965668 73.8880004882813
-143 0 0 1.22775995731354 73.9850006103516
-144 0 0 1.22966003417969 74.0820007324219
-145 0 0 1.23155999183655 74.1790008544922
-146 0 0 1.23345994949341 74.2760009765625
-147 0 0 1.23537003993988 74.3731002807617
-148 0 0 1.23728001117706 74.470100402832
-149 0 0 1.23918998241425 74.5671997070313
-150 4 4 1.24109995365143 74.6642990112305
-151 0 0 1.24302005767822 74.7612991333008
-152 0 0 1.24494004249573 74.8583984375
-153 0 0 1.24687004089355 74.9554977416992
-154 0 0 1.24880003929138 75.0525970458984
-155 0 0 1.25073003768921 75.1496963500977
-156 0 0 1.25266003608704 75.2468032836914
-157 0 0 1.25459003448486 75.3439025878906
-158 0 0 1.25653004646301 75.4411010742188
-159 0 0 1.25847995281219 75.538200378418
-160 0 0 1.26041996479034 75.6352996826172
-161 0 0 1.26236999034882 75.7324981689453
-162 0 0 1.26432001590729 75.8296966552734
-163 0 0 1.26627004146576 75.9268035888672
-164 0 0 1.26822996139526 76.0240020751953
-165 0 0 1.27019000053406 76.1212005615234
-166 0 0 1.27215003967285 76.2182998657227
-167 0 0 1.27411997318268 76.3154983520508
-168 0 0 1.27609002590179 76.4126968383789
-169 0 0 1.27805995941162 76.5099029541016
-170 0 0 1.28003001213074 76.6072006225586
-171 0 0 1.28200995922089 76.7043991088867
-172 0 0 1.28399002552032 76.8015975952148
-173 0 0 1.28596997261047 76.8988037109375
-174 0 0 1.28796005249023 76.9961013793945
-175 0 0 1.28995001316071 77.0932998657227
-176 0 0 1.29193997383118 77.1905975341797
-177 0 0 1.29393994808197 77.2878036499023
-178 0 0 1.29594004154205 77.3851013183594
-179 0 0 1.29794001579285 77.4822998046875
-180 0 0 1.29993999004364 77.5795974731445
-181 0 0 1.30194997787476 77.6769027709961
-182 0 0 1.30395996570587 77.7742004394531
-183 0 0 1.30596995353699 77.8713989257813
-184 0 0 1.30798995494843 77.9686965942383
-185 0 0 1.30999994277954 78.0660018920898
-186 0 0 1.3120299577713 78.1632995605469
-187 0 0 1.31404995918274 78.2606964111328
-188 0 0 1.3160799741745 78.3580017089844
-189 0 0 1.31810998916626 78.4552993774414
-190 0 0 1.32014000415802 78.5525970458984
-191 0 0 1.3221800327301 78.64990234375
-192 0 0 1.3242199420929 78.7472991943359
-193 0 0 1.32625997066498 78.844596862793
-194 0 0 1.32829999923706 78.9420013427734
-195 0 0 1.33035004138947 79.0392990112305
-196 0 0 1.33239996433258 79.1367034912109
-197 0 0 1.33445000648499 79.234001159668
-198 0 0 1.33650994300842 79.3313980102539
-199 0 0 1.33856999874115 79.4287033081055
-200 5 4 1.34063005447388 79.5261001586914
-201 0 0 1.34270000457764 79.6234970092773
-202 0 0 1.3447699546814 79.7209014892578
-203 0 0 1.34684002399445 79.8181991577148
-204 0 0 1.34890997409821 79.9156036376953
-205 0 0 1.35099005699158 80.0130004882813
-206 0 0 1.35307002067566 80.1103973388672
-207 0 0 1.35514998435974 80.2078018188477
-208 0 0 1.35723996162415 80.3051986694336
-209 0 0 1.35933005809784 80.4026031494141
-210 0 0 1.36142003536224 80.5
-211 0 0 1.36351001262665 80.5975036621094
-212 0 0 1.36561000347137 80.6949005126953
-213 0 0 1.3677099943161 80.7922973632813
-214 0 0 1.36980998516083 80.8897018432617
-215 0 0 1.37191998958588 80.9870986938477
-216 0 0 1.37402999401093 81.084602355957
-217 0 0 1.37613999843597 81.181999206543
-218 0 0 1.37825000286102 81.2794036865234
-219 0 0 1.38037002086639 81.3768997192383
-220 0 0 1.38249003887177 81.4742965698242
-221 0 0 1.38461995124817 81.5718002319336
-222 0 0 1.38673996925354 81.6691970825195
-223 0 0 1.38887000083923 81.7667007446289
-224 0 0 1.39101004600525 81.8640975952148
-225 0 0 1.39313995838165 81.9616012573242
-226 0 0 1.39528000354767 82.0590972900391
-227 0 0 1.39742004871368 82.1565017700195
-228 0 0 1.39955997467041 82.2539978027344
-229 0 0 1.40171003341675 82.3515014648438
-230 0 0 1.4038599729538 82.4488983154297
-231 0 0 1.40601003170013 82.5464019775391
-232 0 0 1.4081699848175 82.6438980102539
-233 0 0 1.41033005714417 82.7414016723633
-234 0 0 1.41249001026154 82.8388977050781
-235 0 0 1.41464996337891 82.9363021850586
-236 0 0 1.41682004928589 83.0337982177734
-237 0 0 1.41899001598358 83.1313018798828
-238 0 0 1.42115998268127 83.2287979125977
-239 0 0 1.42333996295929 83.326301574707
-240 0 0 1.4255199432373 83.4237976074219
-241 0 0 1.42770004272461 83.5213012695313
-242 0 0 1.42989003658295 83.6187973022461
-243 0 0 1.43207001686096 83.7163009643555
-244 0 0 1.43427002429962 83.8137969970703
-245 0 0 1.43646001815796 83.9113006591797
-246 0 0 1.43866002559662 84.0087966918945
-247 0 0 1.44085001945496 84.1063003540039
-248 0 0 1.44306004047394 84.2039031982422
-249 0 0 1.4452600479126 84.301399230957
-250 6 4 1.44746994972229 84.3989028930664
-251 0 0 1.44967997074127 84.4963989257813
-252 0 0 1.45190000534058 84.5939025878906
-253 0 0 1.45411002635956 84.6913986206055
-254 0 0 1.45632994174957 84.7890014648438
-255 0 0 1.4585599899292 84.8864974975586
-256 0 0 1.4607800245285 84.984001159668
-257 0 0 1.46300995349884 85.0814971923828
-258 0 0 1.46524000167847 85.1791000366211
-259 0 0 1.46747994422913 85.2766036987305
-260 0 0 1.46970999240875 85.3740997314453
-261 0 0 1.4719500541687 85.4717025756836
-262 0 0 1.47420001029968 85.5691986083984
-263 0 0 1.47643995285034 85.6667022705078
-264 0 0 1.47869002819061 85.7642974853516
-265 0 0 1.48094999790192 85.8618011474609
-266 0 0 1.4831999540329 85.9593963623047
-267 0 0 1.48546004295349 86.0569000244141
-268 0 0 1.48772001266479 86.1544036865234
-269 0 0 1.4899799823761 86.2519989013672
-270 0 0 1.49224996566772 86.3495025634766
-271 0 0 1.49451994895935 86.4470977783203
-272 0 0 1.49679005146027 86.5446014404297
-273 0 0 1.49907004833221 86.6421966552734
-274 0 0 1.50135004520416 86.7397003173828
-275 0 0 1.50363004207611 86.8371963500977
-276 0 0 1.50592005252838 86.9347991943359
-277 0 0 1.50820004940033 87.0323028564453
-278 0 0 1.51048994064331 87.1298980712891
-279 0 0 1.5127899646759 87.2274017333984
-280 0 0 1.51507997512817 87.3249969482422
-281 0 0 1.51737999916077 87.4225006103516
-282 0 0 1.51969003677368 87.5201034545898
-283 0 0 1.52198994159698 87.6175994873047
-284 0 0 1.5242999792099 87.715202331543
-285 0 0 1.52661001682281 87.8126983642578
-286 0 0 1.52892005443573 87.9103012084961
-287 0 0 1.53123998641968 88.0078964233398
-288 0 0 1.53356003761292 88.1054000854492
-289 0 0 1.53588998317719 88.2030029296875
-290 0 0 1.53821003437042 88.3004989624023
-291 0 0 1.54053997993469 88.3981018066406
-292 0 0 1.54287004470825 88.4955978393555
-293 0 0 1.54521000385284 88.5932006835938
-294 0 0 1.54754996299744 88.6906967163086
-295 0 0 1.54989004135132 88.7882995605469
-296 0 0 1.55223000049591 88.8858032226563
-297 0 0 1.55457997322083 88.9833984375
-298 0 0 1.55692994594574 89.0810012817383
-299 0 0 1.55928003787994 89.1784973144531
-300 7 4 1.56164002418518 89.2761001586914
-301 0 0 1.56400001049042 89.3735961914063
-302 0 0 1.56635999679565 89.4711990356445
-303 0 0 1.56871998310089 89.5687026977539
-304 0 0 1.57108998298645 89.6662979125977
-305 0 0 1.57345998287201 89.763801574707
-306 0 0 1.57583999633789 89.8613967895508
-307 0 0 1.57820999622345 89.9589004516602
-308 0 0 1.58059000968933 90.0565032958984
-309 0 0 1.58298003673553 90.1540985107422
-310 0 0 1.58536005020142 90.2516021728516
-311 0 0 1.58774995803833 90.3491973876953
-312 0 0 1.59013998508453 90.4467010498047
-313 0 0 1.59254002571106 90.5442962646484
-314 0 0 1.59493005275726 90.6417999267578
-315 0 0 1.59733998775482 90.7394027709961
-316 0 0 1.59974002838135 90.8368988037109
-317 0 0 1.60214996337891 90.9345016479492
-318 0 0 1.60456001758575 91.0319976806641
-319 0 0 1.60696995258331 91.1296005249023
-320 0 0 1.60939002037048 91.2270965576172
-321 0 0 1.61179995536804 91.3246994018555
-322 0 0 1.61423003673553 91.4222030639648
-323 0 0 1.61664998531342 91.5197982788086
-324 0 0 1.61907994747162 91.617301940918
-325 0 0 1.62151002883911 91.7147979736328
-326 0 0 1.62395000457764 91.8124008178711
-327 0 0 1.62637996673584 91.9098968505859
-328 0 0 1.62881994247437 92.0074996948242
-329 0 0 1.6312700510025 92.1050033569336
-330 0 0 1.63371002674103 92.2024993896484
-331 0 0 1.63616001605988 92.3001022338867
-332 0 0 1.63862001895905 92.3975982666016
-333 0 0 1.64107000827789 92.4952011108398
-334 0 0 1.64353001117706 92.5926971435547
-335 0 0 1.64599001407623 92.6902008056641
-336 0 0 1.64846003055573 92.7878036499023
-337 0 0 1.6509200334549 92.8852996826172
-338 0 0 1.65339004993439 92.9828033447266
-339 0 0 1.65586996078491 93.0803985595703
-340 0 0 1.65834999084473 93.1779022216797
-341 0 0 1.66083002090454 93.2753982543945
-342 0 0 1.66331005096436 93.3730010986328
-343 0 0 1.6657999753952 93.4704971313477
-344 0 0 1.66828000545502 93.568000793457
-345 0 0 1.67077994346619 93.6654968261719
-346 0 0 1.67326998710632 93.7630004882813
-347 0 0 1.67577004432678 93.8606033325195
-348 0 0 1.67826998233795 93.9580993652344
-349 0 0 1.68078005313873 94.0556030273438
-350 8 4 1.68329000473022 94.1530990600586
-351 0 0 1.68579995632172 94.250602722168
-352 0 0 1.6883100271225 94.3481979370117
-353 0 0 1.69082999229431 94.4457015991211
-354 0 0 1.69334995746613 94.5431976318359
-355 0 0 1.69587004184723 94.6407012939453
-356 0 0 1.69840002059937 94.7381973266602
-357 0 0 1.7009299993515 94.8357009887695
-358 0 0 1.70345997810364 94.9331970214844
-359 0 0 1.7059999704361 95.0307006835938
-360 0 0 1.70852994918823 95.1281967163086
-361 0 0 1.71107995510101 95.225700378418
-362 0 0 1.71361994743347 95.3231964111328
-363 0 0 1.71616995334625 95.4207000732422
-364 0 0 1.71871995925903 95.5182037353516
-365 0 0 1.72127997875214 95.6156997680664
-366 0 0 1.72382998466492 95.7132034301758
-367 0 0 1.72639000415802 95.8106994628906
-368 0 0 1.72896003723145 95.908203125
-369 0 0 1.73152995109558 96.0055999755859
-370 0 0 1.73409998416901 96.1031036376953
-371 0 0 1.73667001724243 96.2005996704102
-372 0 0 1.73924994468689 96.2981033325195
-373 0 0 1.74182999134064 96.3955993652344
-374 0 0 1.74441003799438 96.4929962158203
-375 0 0 1.74698996543884 96.5904998779297
-376 0 0 1.74958002567291 96.6880035400391
-377 0 0 1.75217998027802 96.7854995727539
-378 0 0 1.75477004051208 96.8828964233398
-379 0 0 1.75736999511719 96.9804000854492
-380 0 0 1.75996994972229 97.0779037475586
-381 0 0 1.762580037117 97.1753005981445
-382 0 0 1.76517999172211 97.2727966308594
-383 0 0 1.76779997348785 97.3702011108398
-384 0 0 1.77040994167328 97.4676971435547
-385 0 0 1.77303004264832 97.5652008056641
-386 0 0 1.77565002441406 97.66259765625
-387 0 0 1.77827000617981 97.7601013183594
-388 0 0 1.78090000152588 97.8574981689453
-389 0 0 1.78352999687195 97.9549026489258
-390 0 0 1.78617000579834 98.0523986816406
-391 0 0 1.78880000114441 98.1498031616211
-392 0 0 1.7914400100708 98.2472991943359
-393 0 0 1.79409003257751 98.3447036743164
-394 0 0 1.79673004150391 98.4421005249023
-395 0 0 1.79937994480133 98.5395965576172
-396 0 0 1.80203998088837 98.6370010375977
-397 0 0 1.80469000339508 98.7343978881836
-398 0 0 1.80735003948212 98.831901550293
-399 0 0 1.81000995635986 98.9292984008789
-400 9 4 1.81268000602722 99.0267028808594
-401 0 0 1.81535005569458 99.1240997314453
-402 0 0 1.81801998615265 99.2214965820313
-403 0 0 1.82070004940033 99.3189010620117
-404 0 0 1.82337999343872 99.4162979125977
-405 0 0 1.8260600566864 99.5137023925781
-406 0 0 1.82874000072479 99.611198425293
-407 0 0 1.83142995834351 99.7086029052734
-408 0 0 1.83413004875183 99.8059997558594
-409 0 0 1.83682000637054 99.9033966064453
-410 0 0 1.83951997756958 100.000999450684
-411 0 0 1.84221994876862 100.097999572754
-412 0 0 1.84493005275726 100.195999145508
-413 0 0 1.8476300239563 100.292999267578
-414 0 0 1.85035002231598 100.389999389648
-415 0 0 1.85306000709534 100.487998962402
-416 0 0 1.85578000545502 100.584999084473
-417 0 0 1.8585000038147 100.681999206543
-418 0 0 1.8612300157547 100.779998779297
-419 0 0 1.86395001411438 100.876998901367
-420 0 0 1.8666900396347 100.974998474121
-421 0 0 1.86942005157471 101.071998596191
-422 0 0 1.87215995788574 101.168998718262
-423 0 0 1.87489998340607 101.266998291016
-424 0 0 1.87764000892639 101.363998413086
-425 0 0 1.88039004802704 101.460998535156
-426 0 0 1.8831399679184 101.55899810791
-427 0 0 1.88590002059937 101.65599822998
-428 0 0 1.88865995407104 101.752998352051
-429 0 0 1.89142000675201 101.850997924805
-430 0 0 1.89418005943298 101.947998046875
-431 0 0 1.89695000648499 102.044998168945
-432 0 0 1.89971995353699 102.142997741699
-433 0 0 1.9025000333786 102.23999786377
-434 0 0 1.90527999401093 102.33699798584
-435 0 0 1.90805995464325 102.434997558594
-436 0 0 1.91084003448486 102.531997680664
-437 0 0 1.91363000869751 102.628997802734
-438 0 0 1.91641998291016 102.726997375488
-439 0 0 1.91921997070313 102.823997497559
-440 0 0 1.92200994491577 102.920997619629
-441 0 0 1.92481994628906 103.018997192383
-442 0 0 1.92762005329132 103.115997314453
-443 0 0 1.93043005466461 103.212997436523
-444 0 0 1.9332400560379 103.309997558594
-445 0 0 1.93605995178223 103.407997131348
-446 0 0 1.93887996673584 103.504997253418
-447 0 0 1.94169998168945 103.601997375488
-448 0 0 1.94451999664307 103.699996948242
-449 0 0 1.947350025177 103.796997070313
-450 10 4 1.95018005371094 103.893997192383
-451 0 0 1.95301997661591 103.990997314453
-452 0 0 1.95586001873016 104.088996887207
-453 0 0 1.95869994163513 104.185997009277
-454 0 0 1.96154999732971 104.282997131348
-455 0 0 1.96440005302429 104.379997253418
-456 0 0 1.96724998950958 104.477996826172
-457 0 0 1.97011005878448 104.574996948242
-458 0 0 1.9729700088501 104.671997070313
-459 0 0 1.97582995891571 104.768997192383
-460 0 0 1.97870004177094 104.866996765137
-461 0 0 1.98157000541687 104.963996887207
-462 0 0 1.98443996906281 105.060997009277
-463 0 0 1.98731994628906 105.157997131348
-464 0 0 1.99020004272461 105.255996704102
-465 0 0 1.99308001995087 105.352996826172
-466 0 0 1.99597001075745 105.449996948242
-467 0 0 1.99886000156403 105.546997070313
-468 0 0 2.00174999237061 105.643997192383
-469 0 0 2.0046501159668 105.741996765137
-470 0 0 2.00755000114441 105.838996887207
-471 0 0 2.01045989990234 105.935997009277
-472 0 0 2.01337003707886 106.032997131348
-473 0 0 2.01627993583679 106.129997253418
-474 0 0 2.01919007301331 106.227996826172
-475 0 0 2.02210998535156 106.324996948242
-476 0 0 2.02503991127014 106.421997070313
-477 0 0 2.02796006202698 106.518997192383
-478 0 0 2.03088998794556 106.615997314453
-479 0 0 2.03382992744446 106.712997436523
-480 0 0 2.03676009178162 106.810997009277
-481 0 0 2.03970003128052 106.907997131348
-482 0 0 2.04264998435974 107.004997253418
-483 0 0 2.04558992385864 107.101997375488
-484 0 0 2.04854011535645 107.198997497559
-485 0 0 2.05150008201599 107.295997619629
-486 0 0 2.05446004867554 107.393997192383
-487 0 0 2.05742001533508 107.490997314453
-488 0 0 2.06037998199463 107.587997436523
-489 0 0 2.0633499622345 107.684997558594
-490 0 0 2.06631994247437 107.781997680664
-491 0 0 2.06929993629456 107.878997802734
-492 0 0 2.07227993011475 107.975997924805
-493 0 0 2.07525992393494 108.072998046875
-494 0 0 2.07824993133545 108.170997619629
-495 0 0 2.08123993873596 108.267997741699
-496 0 0 2.08422994613647 108.36499786377
-497 0 0 2.08722996711731 108.46199798584
-498 0 0 2.09022998809814 108.55899810791
-499 0 0 2.0932400226593 108.65599822998
-500 11 4 2.09625005722046 108.752998352051
-501 0 0 2.09926009178162 108.849998474121
-502 0 0 2.10226988792419 108.946998596191
-503 0 0 2.10528993606567 109.043998718262
-504 0 0 2.10831999778748 109.140998840332
-505 0 0 2.11134004592896 109.237998962402
-506 0 0 2.11437010765076 109.334999084473
-507 0 0 2.1174099445343 109.432998657227
-508 0 0 2.1204400062561 109.529998779297
-509 0 0 2.12349009513855 109.626998901367
-510 0 0 2.12652993202209 109.723999023438
-511 0 0 2.12958002090454 109.820999145508
-512 0 0 2.13263010978699 109.917999267578
-513 0 0 2.13568997383118 110.014999389648
-514 0 0 2.13875007629395 110.111999511719
-515 0 0 2.14180994033813 110.208999633789
-516 0 0 2.14488005638123 110.305999755859
-517 0 0 2.14794993400574 110.40299987793
-518 0 0 2.15102005004883 110.5
-519 0 0 2.15409994125366 110.59700012207
-520 0 0 2.15718007087708 110.694000244141
-521 0 0 2.16026997566223 110.791000366211
-522 0 0 2.16336011886597 110.888000488281
-523 0 0 2.16645002365112 110.985000610352
-524 0 0 2.1695499420166 111.082000732422
-525 0 0 2.17265009880066 111.179000854492
-526 0 0 2.17575001716614 111.276000976563
-527 0 0 2.17885994911194 111.373001098633
-528 0 0 2.18196988105774 111.470001220703
-529 0 0 2.18509006500244 111.567001342773
-530 0 0 2.18821001052856 111.66300201416
-531 0 0 2.19132995605469 111.76000213623
-532 0 0 2.19445991516113 111.857002258301
-533 0 0 2.19759011268616 111.954002380371
-534 0 0 2.20073008537292 112.051002502441
-535 0 0 2.20386004447937 112.148002624512
-536 0 0 2.20701003074646 112.245002746582
-537 0 0 2.21015000343323 112.342002868652
-538 0 0 2.21329998970032 112.439002990723
-539 0 0 2.21645998954773 112.536003112793
-540 0 0 2.21960997581482 112.633003234863
-541 0 0 2.22277998924255 112.730003356934
-542 0 0 2.22593998908997 112.825996398926
-543 0 0 2.2291100025177 112.922996520996
-544 0 0 2.23228001594543 113.019996643066
-545 0 0 2.23546004295349 113.116996765137
-546 0 0 2.23864006996155 113.213996887207
-547 0 0 2.2418200969696 113.310997009277
-548 0 0 2.2450098991394 113.407997131348
-549 0 0 2.24819993972778 113.504997253418
-550 12 4 2.25139999389648 113.600997924805
-551 0 0 2.25460004806519 113.697998046875
-552 0 0 2.25780010223389 113.794998168945
-553 0 0 2.26100993156433 113.891998291016
-554 0 0 2.26421999931335 113.988998413086
-555 0 0 2.2674400806427 114.085998535156
-556 0 0 2.27065992355347 114.181999206543
-557 0 0 2.27388000488281 114.278999328613
-558 0 0 2.27711009979248 114.375999450684
-559 0 0 2.28033995628357 114.472999572754
-560 0 0 2.28358006477356 114.569999694824
-561 0 0 2.28680992126465 114.666000366211
-562 0 0 2.29006004333496 114.763000488281
-563 0 0 2.29329991340637 114.860000610352
-564 0 0 2.29655003547668 114.957000732422
-565 0 0 2.29980993270874 115.054000854492
-566 0 0 2.30307006835938 115.150001525879
-567 0 0 2.30632996559143 115.247001647949
-568 0 0 2.30960011482239 115.34400177002
-569 0 0 2.31287002563477 115.44100189209
-570 0 0 2.31613993644714 115.537002563477
-571 0 0 2.31942009925842 115.634002685547
-572 0 0 2.32270002365112 115.731002807617
-573 0 0 2.32598996162415 115.828002929688
-574 0 0 2.32927989959717 115.924003601074
-575 0 0 2.33258008956909 116.021003723145
-576 0 0 2.33588004112244 116.11799621582
-577 0 0 2.33917999267578 116.213996887207
-578 0 0 2.34248995780945 116.310997009277
-579 0 0 2.34579992294312 116.407997131348
-580 0 0 2.34910988807678 116.504997253418
-581 0 0 2.35243010520935 116.600997924805
-582 0 0 2.35575008392334 116.697998046875
-583 0 0 2.35908007621765 116.794998168945
-584 0 0 2.36241006851196 116.890998840332
-585 0 0 2.3657500743866 116.987998962402
-586 0 0 2.36908006668091 117.084999084473
-587 0 0 2.37243008613586 117.180999755859
-588 0 0 2.37578010559082 117.27799987793
-589 0 0 2.3791298866272 117.374000549316
-590 0 0 2.38247990608215 117.471000671387
-591 0 0 2.38583993911743 117.568000793457
-592 0 0 2.38920998573303 117.664001464844
-593 0 0 2.39257001876831 117.761001586914
-594 0 0 2.39595007896423 117.858001708984
-595 0 0 2.39931988716125 117.954002380371
-596 0 0 2.40269994735718 118.051002502441
-597 0 0 2.40609002113342 118.147003173828
-598 0 0 2.40948009490967 118.244003295898
-599 0 0 2.41286993026733 118.341003417969
-600 13 4 2.41626000404358 118.436996459961
-601 0 0 2.41967010498047 118.533996582031
-602 0 0 2.42306995391846 118.629997253418
-603 0 0 2.42648005485535 118.726997375488
-604 0 0 2.42988991737366 118.822998046875
-605 0 0 2.43331003189087 118.919998168945
-606 0 0 2.4367299079895 119.015998840332
-607 0 0 2.44016003608704 119.112998962402
-608 0 0 2.44358992576599 119.209999084473
-609 0 0 2.44702005386353 119.305999755859
-610 0 0 2.4504599571228 119.40299987793
-611 0 0 2.45391011238098 119.499000549316
-612 0 0 2.45735001564026 119.596000671387
-613 0 0 2.46079993247986 119.692001342773
-614 0 0 2.46426010131836 119.789001464844
-615 0 0 2.46772003173828 119.88500213623
-616 0 0 2.4711799621582 119.982002258301
-617 0 0 2.47464990615845 120.078002929688
-618 0 0 2.47813010215759 120.174003601074
-619 0 0 2.48160004615784 120.271003723145
-620 0 0 2.4850800037384 120.366996765137
-621 0 0 2.48856997489929 120.463996887207
-622 0 0 2.49205994606018 120.559997558594
-623 0 0 2.49554991722107 120.656997680664
-624 0 0 2.49904990196228 120.752998352051
-625 0 0 2.50254988670349 120.849998474121
-626 0 0 2.50605988502502 120.945999145508
-627 0 0 2.50956988334656 121.041999816895
-628 0 0 2.51308989524841 121.138999938965
-629 0 0 2.51660990715027 121.235000610352
-630 0 0 2.52012991905212 121.332000732422
-631 0 0 2.5236599445343 121.428001403809
-632 0 0 2.52718997001648 121.524002075195
-633 0 0 2.53073000907898 121.621002197266
-634 0 0 2.53427004814148 121.717002868652
-635 0 0 2.5378201007843 121.813003540039
-636 0 0 2.54136991500854 121.910003662109
-637 0 0 2.54491996765137 122.005996704102
-638 0 0 2.54848003387451 122.101997375488
-639 0 0 2.55205011367798 122.198997497559
-640 0 0 2.55561995506287 122.294998168945
-641 0 0 2.55919003486633 122.390998840332
-642 0 0 2.56276988983154 122.487998962402
-643 0 0 2.56634998321533 122.583999633789
-644 0 0 2.56993007659912 122.680000305176
-645 0 0 2.57351994514465 122.777000427246
-646 0 0 2.57712006568909 122.873001098633
-647 0 0 2.58071994781494 122.96900177002
-648 0 0 2.58432006835938 123.065002441406
-649 0 0 2.58792996406555 123.162002563477
-650 14 4 2.59154009819031 123.258003234863
-651 0 0 2.59516000747681 123.353996276855
-652 0 0 2.59877991676331 123.449996948242
-653 0 0 2.60241007804871 123.546997070313
-654 0 0 2.60604000091553 123.642997741699
-655 0 0 2.60966992378235 123.738998413086
-656 0 0 2.61331009864807 123.834999084473
-657 0 0 2.61695003509521 123.931999206543
-658 0 0 2.62059998512268 124.02799987793
-659 0 0 2.62425994873047 124.124000549316
-660 0 0 2.62790989875793 124.220001220703
-661 0 0 2.63158011436462 124.31600189209
-662 0 0 2.63524007797241 124.412002563477
-663 0 0 2.63891005516052 124.509002685547
-664 0 0 2.64259004592896 124.605003356934
-665 0 0 2.64627003669739 124.700996398926
-666 0 0 2.64995002746582 124.796997070313
-667 0 0 2.65364003181458 124.892997741699
-668 0 0 2.65734004974365 124.988998413086
-669 0 0 2.66104006767273 125.084999084473
-670 0 0 2.66474008560181 125.181999206543
-671 0 0 2.66845011711121 125.27799987793
-672 0 0 2.67215991020203 125.374000549316
-673 0 0 2.67587995529175 125.470001220703
-674 0 0 2.67960000038147 125.56600189209
-675 0 0 2.68333005905151 125.662002563477
-676 0 0 2.68706011772156 125.758003234863
-677 0 0 2.69078993797302 125.853996276855
-678 0 0 2.69453001022339 125.949996948242
-679 0 0 2.69828009605408 126.045997619629
-680 0 0 2.70202994346619 126.141998291016
-681 0 0 2.70578002929688 126.237998962402
-682 0 0 2.70953989028931 126.333999633789
-683 0 0 2.71331000328064 126.430000305176
-684 0 0 2.71707010269165 126.526000976563
-685 0 0 2.72084999084473 126.622001647949
-686 0 0 2.72463011741638 126.718002319336
-687 0 0 2.72841000556946 126.814002990723
-688 0 0 2.73219990730286 126.910003662109
-689 0 0 2.73599004745483 127.005996704102
-690 0 0 2.73978996276855 127.101997375488
-691 0 0 2.74359011650085 127.197998046875
-692 0 0 2.74739003181458 127.293998718262
-693 0 0 2.75120997428894 127.389999389648
-694 0 0 2.75501990318298 127.486000061035
-695 0 0 2.75884008407593 127.582000732422
-696 0 0 2.76267004013062 127.678001403809
-697 0 0 2.7664999961853 127.774002075195
-698 0 0 2.77032995223999 127.870002746582
-699 0 0 2.774169921875 127.966003417969
-700 15 4 2.77801990509033 128.061996459961
-701 0 0 2.78186988830566 128.156997680664
-702 0 0 2.78572010993958 128.253005981445
-703 0 0 2.78958010673523 128.348999023438
-704 0 0 2.79345011711121 128.445007324219
-705 0 0 2.79731011390686 128.541000366211
-706 0 0 2.80118989944458 128.636993408203
-707 0 0 2.80506992340088 128.733001708984
-708 0 0 2.80894994735718 128.828002929688
-709 0 0 2.8128399848938 128.92399597168
-710 0 0 2.81673002243042 129.020004272461
-711 0 0 2.82063007354736 129.115997314453
-712 0 0 2.82453989982605 129.212005615234
-713 0 0 2.82843995094299 129.307006835938
-714 0 0 2.83236002922058 129.40299987793
-715 0 0 2.83627009391785 129.498992919922
-716 0 0 2.84019994735718 129.595001220703
-717 0 0 2.84413003921509 129.690002441406
-718 0 0 2.84805989265442 129.785995483398
-719 0 0 2.85199999809265 129.88200378418
-720 0 0 2.85594010353088 129.977996826172
-721 0 0 2.85988998413086 130.072998046875
-722 0 0 2.86384010314941 130.169006347656
-723 0 0 2.86779999732971 130.264999389648
-724 0 0 2.87175989151001 130.360992431641
-725 0 0 2.87573003768921 130.455993652344
-726 0 0 2.87969994544983 130.552001953125
-727 0 0 2.88368010520935 130.647994995117
-728 0 0 2.88766002655029 130.74299621582
-729 0 0 2.89164996147156 130.839004516602
-730 0 0 2.89563989639282 130.934005737305
-731 0 0 2.89964008331299 131.029998779297
-732 0 0 2.90364003181458 131.126007080078
-733 0 0 2.90764999389648 131.220993041992
-734 0 0 2.91166996955872 131.317001342773
-735 0 0 2.91567993164063 131.412994384766
-736 0 0 2.91970992088318 131.507995605469
-737 0 0 2.92373991012573 131.60400390625
-738 0 0 2.92776989936829 131.699005126953
-739 0 0 2.93180990219116 131.794998168945
-740 0 0 2.93584990501404 131.889999389648
-741 0 0 2.93989992141724 131.985992431641
-742 0 0 2.94395995140076 132.082000732422
-743 0 0 2.94801998138428 132.177001953125
-744 0 0 2.9520800113678 132.272994995117
-745 0 0 2.95615005493164 132.36799621582
-746 0 0 2.96023011207581 132.464004516602
-747 0 0 2.96430993080139 132.559005737305
-748 0 0 2.96838998794556 132.654998779297
-749 0 0 2.97248005867004 132.75
-750 16 4 2.97657990455627 132.845993041992
-751 0 0 2.98067998886108 132.940994262695
-752 0 0 2.98478007316589 133.035995483398
-753 0 0 2.98889994621277 133.13200378418
-754 0 0 2.9930100440979 133.227005004883
-755 0 0 2.99712991714478 133.322998046875
-756 0 0 3.00126004219055 133.417999267578
-757 0 0 3.00538992881775 133.514007568359
-758 0 0 3.00953006744385 133.608993530273
-759 0 0 3.01367998123169 133.703994750977
-760 0 0 3.01781988143921 133.800003051758
-761 0 0 3.02198004722595 133.895004272461
-762 0 0 3.02613997459412 133.990005493164
-763 0 0 3.03029990196228 134.085998535156
-764 0 0 3.03447008132935 134.180999755859
-765 0 0 3.03865003585815 134.276000976563
-766 0 0 3.04282999038696 134.371994018555
-767 0 0 3.04700994491577 134.466995239258
-768 0 0 3.0511999130249 134.561996459961
-769 0 0 3.05539989471436 134.658004760742
-770 0 0 3.05960011482239 134.753005981445
-771 0 0 3.06381011009216 134.848007202148
-772 0 0 3.06802010536194 134.942993164063
-773 0 0 3.07224011421204 135.039001464844
-774 0 0 3.07645988464355 135.134002685547
-775 0 0 3.08068990707397 135.22900390625
-776 0 0 3.08491992950439 135.324005126953
-777 0 0 3.08915996551514 135.419998168945
-778 0 0 3.0934100151062 135.514999389648
-779 0 0 3.09766006469727 135.610000610352
-780 0 0 3.10191988945007 135.705001831055
-781 0 0 3.10617995262146 135.800003051758
-782 0 0 3.11044001579285 135.89599609375
-783 0 0 3.11472010612488 135.990997314453
-784 0 0 3.11898994445801 136.085998535156
-785 0 0 3.12328004837036 136.180999755859
-786 0 0 3.12756991386414 136.276000976563
-787 0 0 3.13186001777649 136.371002197266
-788 0 0 3.13615989685059 136.466003417969
-789 0 0 3.14047002792358 136.561004638672
-790 0 0 3.144779920578 136.656997680664
-791 0 0 3.14910006523132 136.751998901367
-792 0 0 3.15341997146606 136.84700012207
-793 0 0 3.15774989128113 136.942001342773
-794 0 0 3.16208004951477 137.037002563477
-795 0 0 3.16641998291016 137.13200378418
-796 0 0 3.17075991630554 137.227005004883
-797 0 0 3.17511010169983 137.322006225586
-798 0 0 3.17947006225586 137.417007446289
-799 0 0 3.18383002281189 137.511993408203
-800 17 4 3.18819999694824 137.606994628906
-801 0 0 3.19256997108459 137.701995849609
-802 0 0 3.19694995880127 137.796997070313
-803 0 0 3.20132994651794 137.891998291016
-804 0 0 3.20571994781494 137.986999511719
-805 0 0 3.21011996269226 138.082000732422
-806 0 0 3.21451997756958 138.177001953125
-807 0 0 3.21893000602722 138.27099609375
-808 0 0 3.22334003448486 138.365997314453
-809 0 0 3.22776007652283 138.460998535156
-810 0 0 3.23218011856079 138.555999755859
-811 0 0 3.2366099357605 138.651000976563
-812 0 0 3.24105000495911 138.746002197266
-813 0 0 3.24549007415771 138.841003417969
-814 0 0 3.24993991851807 138.936004638672
-815 0 0 3.254390001297 139.029998779297
-816 0 0 3.25885009765625 139.125
-817 0 0 3.26330995559692 139.220001220703
-818 0 0 3.2677800655365 139.315002441406
-819 0 0 3.27225995063782 139.410003662109
-820 0 0 3.27674007415771 139.503997802734
-821 0 0 3.28122997283936 139.598999023438
-822 0 0 3.28572010993958 139.694000244141
-823 0 0 3.29022002220154 139.789001464844
-824 0 0 3.29472994804382 139.882995605469
-825 0 0 3.29924011230469 139.977996826172
-826 0 0 3.30376005172729 140.072998046875
-827 0 0 3.3082799911499 140.167007446289
-828 0 0 3.31280994415283 140.261993408203
-829 0 0 3.31733989715576 140.356994628906
-830 0 0 3.32188010215759 140.451995849609
-831 0 0 3.32643008232117 140.546005249023
-832 0 0 3.33098006248474 140.641006469727
-833 0 0 3.33554005622864 140.735000610352
-834 0 0 3.34011006355286 140.830001831055
-835 0 0 3.34468007087708 140.925003051758
-836 0 0 3.34925007820129 141.018997192383
-837 0 0 3.35384011268616 141.113998413086
-838 0 0 3.35841989517212 141.207992553711
-839 0 0 3.3630199432373 141.302993774414
-840 0 0 3.36761999130249 141.397994995117
-841 0 0 3.372230052948 141.492004394531
-842 0 0 3.37684011459351 141.587005615234
-843 0 0 3.38145995140076 141.680999755859
-844 0 0 3.38608002662659 141.776000976563
-845 0 0 3.39071011543274 141.869995117188
-846 0 0 3.39534997940063 141.964996337891
-847 0 0 3.39999008178711 142.059005737305
-848 0 0 3.40463995933533 142.154006958008
-849 0 0 3.40930008888245 142.248001098633
-850 18 4 3.41395998001099 142.341995239258
-851 0 0 3.41862988471985 142.436996459961
-852 0 0 3.42330002784729 142.531005859375
-853 0 0 3.42797994613647 142.626007080078
-854 0 0 3.43266010284424 142.720001220703
-855 0 0 3.43736004829407 142.813995361328
-856 0 0 3.44204998016357 142.908996582031
-857 0 0 3.44675993919373 143.003005981445
-858 0 0 3.45146989822388 143.098007202148
-859 0 0 3.45619010925293 143.192001342773
-860 0 0 3.4609100818634 143.285995483398
-861 0 0 3.4656400680542 143.380004882813
-862 0 0 3.470370054245 143.475006103516
-863 0 0 3.47512006759644 143.569000244141
-864 0 0 3.47986006736755 143.662994384766
-865 0 0 3.48462009429932 143.757995605469
-866 0 0 3.4893798828125 143.852005004883
-867 0 0 3.49414992332458 143.945999145508
-868 0 0 3.49891996383667 144.039993286133
-869 0 0 3.50370001792908 144.134994506836
-870 0 0 3.50848007202148 144.22900390625
-871 0 0 3.51327991485596 144.322998046875
-872 0 0 3.51806998252869 144.417007446289
-873 0 0 3.52288007736206 144.511001586914
-874 0 0 3.52768993377686 144.604995727539
-875 0 0 3.53251004219055 144.699996948242
-876 0 0 3.53732991218567 144.794006347656
-877 0 0 3.54216003417969 144.888000488281
-878 0 0 3.54699993133545 144.981994628906
-879 0 0 3.55184006690979 145.07600402832
-880 0 0 3.55668997764587 145.169998168945
-881 0 0 3.56154990196228 145.264007568359
-882 0 0 3.56641006469727 145.358001708984
-883 0 0 3.57128000259399 145.451995849609
-884 0 0 3.57614994049072 145.546005249023
-885 0 0 3.5810399055481 145.639999389648
-886 0 0 3.58592009544373 145.733993530273
-887 0 0 3.59082007408142 145.828002929688
-888 0 0 3.59572005271912 145.921997070313
-889 0 0 3.60063004493713 146.016006469727
-890 0 0 3.60554003715515 146.110000610352
-891 0 0 3.61046004295349 146.203994750977
-892 0 0 3.61539006233215 146.298004150391
-893 0 0 3.62032008171082 146.391998291016
-894 0 0 3.6252601146698 146.485992431641
-895 0 0 3.63020992279053 146.580001831055
-896 0 0 3.63516998291016 146.673004150391
-897 0 0 3.64013004302979 146.766998291016
-898 0 0 3.64509010314941 146.860992431641
-899 0 0 3.65006995201111 146.955001831055
-900 19 4 3.65505003929138 147.04899597168
-901 0 0 3.66002988815308 147.143005371094
-902 0 0 3.66503000259399 147.235992431641
-903 0 0 3.67003011703491 147.330001831055
-904 0 0 3.67502999305725 147.42399597168
-905 0 0 3.68004989624023 147.518005371094
-906 0 0 3.6850700378418 147.610992431641
-907 0 0 3.69008994102478 147.705001831055
-908 0 0 3.69513010978699 147.79899597168
-909 0 0 3.70017004013062 147.891998291016
-910 0 0 3.70521998405457 147.985992431641
-911 0 0 3.71026992797852 148.080001831055
-912 0 0 3.71532988548279 148.173004150391
-913 0 0 3.72040009498596 148.266998291016
-914 0 0 3.72547006607056 148.360992431641
-915 0 0 3.73055005073547 148.453994750977
-916 0 0 3.73564004898071 148.548004150391
-917 0 0 3.74074006080627 148.641998291016
-918 0 0 3.74584007263184 148.735000610352
-919 0 0 3.75095009803772 148.828994750977
-920 0 0 3.75605988502502 148.921997070313
-921 0 0 3.76117992401123 149.016006469727
-922 0 0 3.76630997657776 149.108993530273
-923 0 0 3.77145004272461 149.203002929688
-924 0 0 3.77659010887146 149.296005249023
-925 0 0 3.78173995018005 149.389999389648
-926 0 0 3.78690004348755 149.483001708984
-927 0 0 3.79205989837646 149.576995849609
-928 0 0 3.79723000526428 149.669998168945
-929 0 0 3.80240988731384 149.763000488281
-930 0 0 3.80759000778198 149.856994628906
-931 0 0 3.81278991699219 149.949996948242
-932 0 0 3.81798005104065 150.044006347656
-933 0 0 3.82318997383118 150.136993408203
-934 0 0 3.8283998966217 150.229995727539
-935 0 0 3.83362007141113 150.324005126953
-936 0 0 3.8388500213623 150.417007446289
-937 0 0 3.84407997131348 150.509994506836
-938 0 0 3.84931993484497 150.602996826172
-939 0 0 3.85456991195679 150.697006225586
-940 0 0 3.8598198890686 150.789993286133
-941 0 0 3.86508989334106 150.882995605469
-942 0 0 3.87035989761353 150.975997924805
-943 0 0 3.87562990188599 151.070007324219
-944 0 0 3.88091993331909 151.162994384766
-945 0 0 3.8862099647522 151.255996704102
-946 0 0 3.8914999961853 151.348999023438
-947 0 0 3.89681005477905 151.442001342773
-948 0 0 3.9021201133728 151.535995483398
-949 0 0 3.9074399471283 151.628997802734
-950 20 4 3.91277003288269 151.72200012207
-951 0 0 3.91810011863708 151.815002441406
-952 0 0 3.92343997955322 151.908004760742
-953 0 0 3.92879009246826 152.001007080078
-954 0 0 3.93413996696472 152.093994140625
-955 0 0 3.93951010704041 152.186996459961
-956 0 0 3.94488000869751 152.279998779297
-957 0 0 3.95024991035461 152.373001098633
-958 0 0 3.95564007759094 152.466003417969
-959 0 0 3.96103000640869 152.559005737305
-960 0 0 3.96642994880676 152.651992797852
-961 0 0 3.97182989120483 152.744995117188
-962 0 0 3.97725009918213 152.837997436523
-963 0 0 3.98267006874084 152.930999755859
-964 0 0 3.98810005187988 153.024002075195
-965 0 0 3.99353003501892 153.115997314453
-966 0 0 3.9989800453186 153.208999633789
-967 0 0 4.00442981719971 153.302001953125
-968 0 0 4.00988006591797 153.395004272461
-969 0 0 4.01534986495972 153.488006591797
-970 0 0 4.02082014083862 153.580993652344
-971 0 0 4.02629995346069 153.673004150391
-972 0 0 4.03178977966309 153.766006469727
-973 0 0 4.03729009628296 153.858993530273
-974 0 0 4.04278993606567 153.951995849609
-975 0 0 4.04829978942871 154.044006347656
-976 0 0 4.05382013320923 154.136993408203
-977 0 0 4.05934000015259 154.229995727539
-978 0 0 4.06487989425659 154.322006225586
-979 0 0 4.0704197883606 154.414993286133
-980 0 0 4.07596015930176 154.507995605469
-981 0 0 4.08152008056641 154.600006103516
-982 0 0 4.08708000183105 154.692993164063
-983 0 0 4.09264993667603 154.785003662109
-984 0 0 4.09822988510132 154.878005981445
-985 0 0 4.10381984710693 154.970993041992
-986 0 0 4.10940980911255 155.063003540039
-987 0 0 4.11500978469849 155.156005859375
-988 0 0 4.12061977386475 155.248001098633
-989 0 0 4.12623977661133 155.341003417969
-990 0 0 4.13185977935791 155.432998657227
-991 0 0 4.13748979568481 155.526000976563
-992 0 0 4.14312982559204 155.61799621582
-993 0 0 4.14877986907959 155.710006713867
-994 0 0 4.15443992614746 155.802993774414
-995 0 0 4.16009998321533 155.895004272461
-996 0 0 4.16577005386353 155.988006591797
-997 0 0 4.17145013809204 156.080001831055
-998 0 0 4.17714023590088 156.171997070313
-999 0 0 4.18282985687256 156.264999389648
-1000 21 9 4.18852996826172 156.356994628906
